-0.18558930325008718
-0.136584991197232
0.2537399066847525
-0.25403921523187484
0.17004953057669392
0.07802360421550901
-0.014182774459422717
-0.28965278110713255
0.49802444671926693
-0.750137533413778
0.6385518927835797
-0.11108340564881342
-0.0819519825014334
-0.0652234775731006
0.07812077991410186
0.03249085604120874
-0.0904260783885012
0.11711757680976152
-0.09828832818483586
0.01546222602830532
0.019887537265630802
0.038875936643982305
0.0018478531922327505
-0.18984678013171746
0.1935148062200037
0.002928867376428751
-0.07946836619928715
0.01260182974385059
-0.020702382668706023
0.12158126705004307
-0.10836718320824962
0.023199958701716407
0.07136119687349668
-0.2294793915418166
0.2128725261002864
-0.02812120525867668
-0.05280247535743642
0.06067026683805629
-0.009474166770011406
-0.10218379565214669
0.1680241177162797
-0.18168986126654305
0.2020598845499094
-0.21682262992002987
0.19496751767693402
-0.2084515602847595
0.08945225721857922
0.22823299017171045
-0.3022465442085234
0.07164743783447924
-0.038913600422624095
0.32205364283095916
-0.30248521515408694
-0.15692140049999026
0.1353311807904604
0.397229397066763
-0.5420693599753679
0.3706425392260125
-0.18244041024166455
-0.07369404371903755
0.16081484834949333
-0.007528029630939459
0.009408433107048478
-0.279774882326287
0.19729247271875544
0.28825203845296266
-0.45213808360833635
0.24094689553254456
-0.1865941388437801
0.4183993960914406
-0.3021719943772877
-0.24654573654572653
0.35934185682745867
-0.05854770401529487
-0.07140268435632316
0.09492317125251261
-0.02133432004791955
-0.18259502358278012
0.22448214948907486
-0.09725929892530948
0.038287020725526
-0.06326090419193518
0.02738553155331674
0.06503778899332123
-0.10880444409366616
0.13409360129705672
-0.106913512300707
0.002439729085483986
0.006547735432199777
0.06540151682119663
-0.08399970174848644
0.12290985056074115
-0.04147284802872733
-0.23099850109455455
0.24059079604215242
0.03502075555918785
-0.13282208798317208
0.049394005049110803
-0.041577305313225996
0.10566077043165584
-0.14769482340132056
0.13801441682998092
-0.1438526672331513
0.25223955080745186
-0.16315268850333817
-0.16676874986999993
0.21743047450483913
-0.062029353574725526
-0.08265106112265005
0.3407519307682184
-0.2930282744857863
-0.14721295041494198
0.2110162696257517
0.12043386013055417
-0.21647802684964176
0.08743253865923065
-0.008535754256016615
-0.007661029481301871
0.050359263031840615
-0.12240231108378441
0.13431674012304623
-0.12444517482117728
0.06473666418071196
0.08698628962536029
-0.10204439520873233
-0.043188099121911815
0.06561206624473025
0.028563464217635226
-0.055486974243615546
0.06709935102402441
-0.012993468946952597
-0.16677519391465176
0.1467315398789651
0.07193552101581757
-0.1484837838346938
0.14574638651362873
-0.06442321209674562
-0.14218349140412162
0.1559474132140027
0.024980043675677327
-0.12156849318136106
0.08678405255058881
-0.10341503308070782
0.30362259875160424
-0.2038904264214138
-0.31500420990320277
0.3662352450792346
0.071139954029086
-0.19884038673259097
0.0528756282723443
0.07469485102772733
-0.1712191164308321
0.2325912433900176
-0.311442297306696
0.2547089296535636
-0.07812520872293899
0.008215425856345914
0.04591047783983557
0.0638202049647309
-0.3957970769059619
0.45298547072771106
-0.23760990363114448
0.1367953332486718
-0.1418832608324434
0.13713018574960467
-0.11837742471525936
0.10896420702079063
-0.08877833889568412
0.05929378709627998
-0.11824573194394598
0.010944552549023732
0.3605466001703516
-0.35202343741434416
-0.013827151695564227
0.1833380862039955
-0.246233077499752
0.14925113471557286
0.14928716284088542
-0.2213543477773623
0.09271965855613111
-0.023447670187588376
-0.029275999461443297
-0.020194325680586205
0.1582735151524782
-0.2205203977905768
0.25655429860370305
-0.17527813965108688
-0.009923657987257702
0.11024942619039649
-0.16136895220715497
0.10752997402056341
0.021763329428170906
-0.1346299797801983
0.25743954627258214
-0.2611808318835073
0.17045915585324511
-0.07554222313640731
-0.017606619597955737
0.05439197096567422
-0.10903165453427101
0.03615456506116489
0.2047133800904672
-0.20110880825763772
0.029733631482636164
0.15698776602555045
-0.4374683937400437
0.4326285050956248
-0.15740178781005124
0.0037293439882293755
0.0526644638132159
-0.050527628281894305
0.004778833481314075
0.04312926932621083
-0.09012270469864286
0.10119770007735422
-0.09653003920433109
0.03210005548255837
0.06209273599209281
-0.1552630876398205
0.27013767647903775
-0.2511497290535589
0.1826597106417882
-0.05510993890617742
-0.27695534209562045
0.23056919329102757
0.29520263190430535
-0.3671566957336163
-0.037408252621446245
0.16353058068129978
-0.05483958544871878
-0.0032540802908446013
0.110696703159702
-0.026505381054878468
-0.3276192039875755
0.3525605093782556
-0.021917481712335568
-0.12411042928199174
0.012229150625016325
-0.06731687625769434
0.387813507468428
-0.36039830513443893
-0.03645195600457732
0.17785323053395624
-0.09819189600741066
0.03874078680541935
0.033153334356919875
-0.015498514202017267
-0.08175457770228994
0.1215039939299672
-0.1257746898500503
0.059545800134199495
0.04606366870801676
-0.16489652323245652
0.28525152203131754
-0.31288815070019316
0.35005942132349377
-0.1952294113449315
-0.23292592109369087
0.33951915888207945
-0.07295898804308615
0.037771983381711574
-0.2832815331717756
0.308515179741705
-0.08507812388530146
0.0254985240581797
-0.15743813788294675
0.1784880689363498
-0.050899415562095804
0.061526837350058226
-0.20576879428938125
0.24612369204916942
-0.22659680408683242
0.12584854729824274
0.040078271254600714
-0.1297745927484615
0.20077264216124024
-0.131272961866425
-0.08103885983791087
0.1793446511688883
-0.1790520596147591
0.14968087518131104
-0.10090345481404375
0.043725883614955635
0.02955595407923832
-0.07721007971288779
0.0727637217409707
-0.10783849437331154
0.21235847636709276
-0.19241501346998371
0.07989547853940829
0.0020211780331404697
-0.11602466233770166
0.07465035095782899
0.17284998330660353
-0.241228340653075
0.07012966074358346
-0.09806642269572675
0.36240513877575925
-0.4131591568644359
0.2399816667529106
-0.15616723902319934
0.19720589848542613
-0.14523291418925785
-0.03613133278291155
0.06793867891877223
0.05748533552881366
-0.09379153081197851
0.034236014615413986
-0.005345860058320973
0.03662486032953807
0.0028096462171110985
-0.10972063125784504
0.12846569933683658
-0.11480083071474395
0.003707467908045047
0.22140100721228867
-0.30126508801435053
0.25490646620894886
-0.19530382794897563
0.13782159810149097
-0.08272074473885098
-0.0013785238986750055
-0.006135295756202022
0.09166591523865344
-0.11747395351135641
0.14069460550098167
-0.04961055269984822
-0.16972696662279077
0.23836771239979626
-0.19373237446354133
0.11376308729956107
0.013754220761556434
-0.05849667570563296
0.025294083567227284
0.009466691873146107
-0.014713951257653507
0.0601472066536385
-0.17156855266963844
0.15551213289989835
-0.04134665532645064
-0.06314437128482982
0.18606460126580462
-0.19903759079295072
0.13982381417209455
-0.08893812041346277
-0.014962467346671504
-0.06349532313798911
0.2891216624406372
-0.4079181184774875
0.5461014789867851
-0.4325120347135331
-0.03952062007746626
0.11620702605752528
0.2752764273840002
-0.33979088616748715
0.021485936154943916
0.018001619778313813
0.238216607830974
-0.3130649004298589
0.2140733179973893
-0.16151964807967467
0.15236212915849887
-0.1423045425573937
0.1101920502536398
-0.09256811018036348
0.16169283139775215
-0.09156284636439158
-0.17611473127355148
0.17665019306559712
0.0533142904517806
-0.1969053610736719
0.3352474484210625
-0.30214836078713253
0.018525132591542523
0.020223238207542238
0.2784770917185565
-0.278128258140175
-0.1122592742375267
0.1505407438533721
0.19888181177333022
-0.25859902760560394
0.08275267333496586
0.05280293325472289
-0.2132025515779131
0.17145306510630545
0.05442737703508629
-0.1813616997787109
0.23645014927527291
-0.19550552151794934
0.11186327264585239
0.004552020335645819
-0.23233321178815616
0.23382862383962238
0.0419879076000247
-0.08754908530007813
-0.09622375007603694
0.1338831382258796
-0.08316937377264377
-0.03362152598859011
0.24836888595053924
-0.29807939059109384
0.18719611195328928
-0.11378704368830095
0.09548000881678646
-0.04607644490080454
-0.07353439508356388
0.09858564545185851
0.02637081954314759
0.006017530660851866
-0.22639392873862327
0.2614848457818591
-0.11628775566369923
0.019690114417279452
-0.014252409684534981
-0.03727934811727208
0.22846675155353835
-0.1769472827062987
-0.17612232888749332
0.23843169151496824
-0.005709658092384093
-0.08620016984041094
0.039691494076244525
-0.02704765055055781
0.0352671714338956
-0.02627427920829787
0.060171196445490974
0.007341303876195344
-0.23823360838117538
0.23762259185271425
-0.01765555189384025
-0.06681025618471015
0.10126854388286395
-0.011703619793492662
-0.28019670287585563
0.289324346867292
0.01886950899336283
-0.11845955429264843
0.0028471071937905407
-0.010206711957317835
0.08638545755240044
-0.1819464018971201
0.36985466268306666
-0.3301674853279228
0.044201528063606554
0.07313017313796151
-0.020257348271170178
0.020067003795125042
-0.06634723454255446
0.07768210481870447
-0.09508961981080813
0.0497240144240697
0.09967803028042578
-0.09890540797550924
-0.05795853241578609
0.12019874130704675
-0.078695519976216
0.05965120101957797
-0.09556399981732897
0.04115670811584626
0.10053231299113144
-0.16147102755512938
0.1732596071338619
-0.11931940935711141
0.01897688523708323
0.0360829454198679
-0.12097103149483512
0.06148578205001423
0.2254784153635296
-0.25065801191202813
-0.05303447213653292
0.07700744597293438
0.1977653504906032
-0.26718985063671563
0.1515931883876901
-0.060206107713865684
0.005674047005827541
0.04092978142837102
-0.086140873492645
0.04304904918869184
-0.021402843228203582
-0.12150837304455969
0.5389013908829853
-0.4846620272978052
-0.09255408927569467
0.26114568865183163
-0.06969250527994036
-0.046540969190315376
0.14549633077074764
-0.09493363533434723
-0.09860098850552154
0.1881122158341618
-0.2066557276941536
0.1538590543438511
-0.03253279173571282
-0.041733364658372026
0.08978893134188107
-0.1067039856654057
0.06161033980027626
-0.08765838817337343
0.21924091672824247
-0.22861344089219857
0.11027711555534642
-0.08987261212240245
0.11578489665071692
-0.18421122832315204
0.3338677287821873
-0.2930163831667069
0.12647875873716571
0.04397873285891467
-0.315475568627923
0.31494144693928555
0.021631198695132636
-0.08286560095720984
-0.1397307645993625
0.16777051068861018
-0.05601964907402355
-0.09486719484030101
0.3231189426594016
-0.39838327861416895
0.28716815851379307
-0.27045047704331787
0.3952056246050758
-0.34279185367188575
0.11862228039436763
-0.0002954524441414518
-0.03926184323839453
0.023612284529982347
0.023224833949717343
-0.05184889568790286
0.12572994126823503
-0.05468167500817751
-0.19915319925842043
0.26575361648300017
-0.12861013143239755
0.09048898776069189
-0.1592766964755613
0.14465368878771323
-0.07396525989872375
-0.005266525837709161
0.12479517272813714
-0.14336229226875558
0.041237206047816395
-0.019189745290829133
0.10294354144940603
-0.09806792735051245
-0.005951675498716155
0.01981536449885745
0.02583101451901136
-0.07974370415117826
0.1824612395837705
