-0.09226518287444875
0.1527919782309368
-0.09733186672703092
-0.11616940519638089
0.14568876175580944
0.011518183398068947
-0.07541707302066351
0.041467869131645754
-0.025212555988491366
0.06407153913401091
-0.030273868958638137
-0.11759783370952998
0.11545498185380727
0.037892213496547526
-0.0922370310743251
0.06851222090348198
-0.01826173949056909
-0.046882142597398896
0.08985698286658612
-0.14135303466246685
0.1097658108736391
-0.003694951410776054
-0.04671928315167774
0.07018123130492132
-0.021571770661847
-0.07538314012652636
0.1440950301608216
-0.22117856049404114
0.16696046681231833
-0.035486141718862295
-0.08468157068474512
0.29561117278199234
-0.24170877624224588
-0.1490844478210801
0.2459309895618224
0.009199233869586418
-0.011962024041736095
-0.24693620517827314
0.30921678463543056
-0.24267297369055862
0.12194058090081725
0.12151845608809263
-0.13890336309191997
-0.09760455317074279
0.15894232401971686
-0.04829731908415985
0.019059678424233797
-0.05012786907715729
0.1045984809984723
-0.1716137372341665
0.2047977714075797
-0.24564804827573405
0.18747593965665466
-0.03462201011495783
-0.0228386201851554
0.05789071055910103
0.012295826860706904
-0.25615832072303324
0.24321735572359815
0.019827520158534992
-0.13445283485603537
0.16486326460346315
-0.11376512398682502
-0.08529225869670892
0.07368424775377612
0.1735124811547872
-0.2348275976504525
0.12640513342399629
-0.06304198914716533
0.018592902578278895
-0.025338798324173968
0.08075301150130469
-0.07258385188752764
0.07661555704500132
0.012595054422623153
-0.29489653985600633
0.2684611037892707
0.12548804870233704
-0.23290557267654824
0.02311601189830377
-0.006368626108358007
0.19024660274672436
-0.2626289452946229
0.2257398461654639
-0.2192192667159393
0.2265422191304407
-0.23388770961888858
0.26637811941506845
-0.21928638167178377
0.0919625946232881
-0.01267516317943555
-0.012852728720305698
0.04149490645520812
-0.09825960735959316
0.09789979536220764
0.0010724734060970319
-0.003585590590465138
-0.14864879711446177
0.12179222564499043
0.10786038382791077
-0.1564722563488866
0.05852061706838452
0.019589066143487446
-0.14667061421728825
0.1342765005238003
0.0978486463053992
-0.07662253088593003
-0.22344007136231886
0.28112122837022746
-0.15813487721158942
0.020079025115959694
0.1885193024806879
-0.19641534049405163
0.00015831231347880614
0.09881788922074392
-0.08448033915608695
0.10842313767739423
-0.1937785035676734
0.17755162303269978
-0.07992990622062927
0.007812583212651766
0.07389659930825039
-0.061718312193835
-0.0476158954369494
0.07953479233198595
-0.06440118089484471
0.021141639604714636
0.08052510923629448
-0.08013539104347603
-0.03616364174357904
0.07927408310432561
-0.014146140157729532
0.021033164850341533
-0.1587073031531216
0.1239887646583395
0.12681624907270742
-0.19301650883896598
0.022206094331887617
-0.010207917358833023
0.2375619556222906
-0.2185330924786903
-0.10601123692300468
0.15299830680573823
0.09003898365165192
-0.17250689222453688
0.09958208996693724
-0.072824775857934
0.0772320827050295
-0.0809821366942379
0.1258126315185916
-0.09012449690562735
-0.056399787357662906
0.056765043523173915
0.07593079157754282
-0.16323858911839417
0.22247927916225638
-0.2395410382056591
0.2003606035088889
-0.20156343409030728
0.23593286394492535
-0.22142086753025744
0.22630178832023193
-0.12903948415781588
-0.14842996400302694
0.16397469454064903
0.10815704847946231
-0.17454366174993524
0.040851379415480484
0.03834723688283434
-0.023026311745692987
0.056145132522926064
-0.2079565058607913
0.13899873978390814
0.14006409561205418
-0.26204497043484726
0.3132563247828507
-0.22973048373423122
-0.07848455694231055
0.10387507789527328
0.19099871937364943
-0.21475659049969673
0.021248347306920864
0.13674975365334774
-0.33237085274148404
0.3238604854765533
-0.07486282564687158
0.008321980846798215
-0.1246034411649638
0.1272566697222074
-0.08422999119704824
-0.017851552798873634
0.2685260572226512
-0.24020778643796004
-0.07477905014396578
0.1754830595474554
-0.12075028502160687
0.009695982003767782
0.20436544931366266
-0.2567923956888958
0.12636708002636027
-0.12552228486943126
0.21764498377884084
-0.2697600796903846
0.3869867251490817
-0.2882714439489417
-0.11284100821060351
0.16612653617562134
0.14614815097591208
-0.23666296718521818
0.1355027676315032
-0.0699678339942135
-0.020433222813288382
-0.0034471485224851703
0.18780633378383554
-0.1697611832765588
-0.035205395258586396
0.16455036598716793
-0.19623160674344747
0.194307480292725
-0.2920153888805785
0.13673872536775908
0.39398855707881036
-0.454654266906812
0.0014771810980516997
0.13701746522137626
0.07980830585714319
-0.11728161043685839
-0.07107805187945354
0.04556488433801659
0.16645190185065353
-0.2806184563933478
0.37731930231804034
-0.3114988812580647
0.013071363089461538
0.043006341174593926
0.1856641434903198
-0.18371438547359945
-0.0156569493744678
0.12453194224932372
-0.23675918566404264
0.15719147082565166
0.16423753154565088
-0.21577060881151275
0.023027783883030103
0.09391646050372777
-0.17258238044452084
0.16356021414987848
-0.062453256115883315
0.04016417355344572
-0.034415419112989495
0.07980428186573182
-0.2593367331290414
0.16691336600490547
0.17949290685706717
-0.36733042259112575
0.4240345823237558
-0.3701809988907003
0.2724657330956473
-0.08720241182594742
-0.19554648523202509
0.28702499031988704
-0.27861496104285666
0.13079026169931668
0.18605988318403546
-0.2627572811911474
0.15435566666363565
-0.010104296552744061
-0.2041363512771632
0.27599056198869476
-0.21544110024366162
0.2136856352001964
-0.19746797727818988
0.2704282426603552
-0.49751132421963756
0.43901238215437804
-0.14876820199863824
-0.07963524909327423
0.3096872875486097
-0.32770387247817845
0.1371868869130168
-0.038279322959670396
0.01415768620567803
0.0002803761283264911
0.0053835975890729314
0.03607246650758589
-0.06362230995842065
0.1223512169483554
-0.3168355077615875
0.2004548237933565
0.22522810728708126
-0.4155458704493653
0.4411745055369565
-0.35983470161679154
0.12777827721680646
-0.055122507249785874
0.19892997008956417
-0.1891747150769291
-0.06836664701012786
0.05737169232037184
0.3077811785045483
-0.3373608681860975
-0.024503837201785464
0.11049414224897908
0.10421175721528905
-0.12607287735516706
-0.04842331226665628
0.15032909088068672
-0.13349529744929078
0.18897534175488678
-0.40113087281887644
0.37407311546856725
-0.04717626654616931
-0.012156635529863574
-0.20472268189946202
0.2504228769154448
-0.1605258229904527
0.06451435798843118
0.07989423649913155
-0.11452437855708719
-0.003314047283866431
-0.01903342432487303
0.19793776494320403
-0.2364451920001137
0.16097025325028125
-0.09086545920640732
-0.009406108258613391
0.02203181543752714
0.0817515617718823
-0.07407081921464698
-0.04716269739359735
0.08892726078528759
-0.06814152505831249
0.027223375630163697
0.025149002398804174
-0.059043660836643475
0.09184959960682756
-0.06606376045747302
-0.004653425819236983
0.06129579469116797
-0.12665113765057698
0.13152866164282612
-0.05072929509672492
0.036690875958856374
-0.12173638912880824
0.09900813133724091
0.05871776043255007
-0.108636544746877
0.029488999181986233
-0.05472591366838375
0.15832649407292848
-0.22537649876509488
0.29527493503317936
-0.2305146117424984
0.07327127396601683
0.061074966355692414
-0.23540828148377396
0.21464713370726304
0.00487578792485685
-0.1068471166549076
0.083165128754395
-0.07060863368374493
0.12239353186482319
-0.051741744408874045
-0.14343642699034587
0.1865373469563521
-0.16493852907798612
0.024128138594317217
0.32219694465774207
-0.37666976176397426
0.08317128910730232
-0.04158661230238923
0.2757279837492236
-0.3161711525513924
0.1702427232423797
-0.07551802517881231
0.05930937021553093
-0.011558095674517653
-0.10702097660392387
0.0736653820616637
0.07921467325654152
-0.1822291151787203
0.31850726432613763
-0.2836461576605663
-0.031112037706847534
0.05026598974015331
0.3269097313508228
-0.29693227436464037
-0.1375018802406199
0.32124192667338763
-0.2984796982454907
0.20728330441266604
-0.06448953607002583
-0.0560416099486988
0.1620800777526031
-0.20019397182620416
0.19939409456478702
-0.1483323379802363
0.04504712662699073
-0.0009819095597888355
0.016386802630879986
-0.059852222794699886
0.027954879429678024
-0.11457856479610315
0.4944796948924178
-0.38912408203865484
-0.2990368878455648
0.4693224994589279
-0.08853277849952483
-0.03140814585656397
-0.149553493877585
0.13599023188471293
0.08367328997209926
-0.16061424715182526
0.1008384610687815
-0.05592756165303278
0.05850226324836841
-0.01808546181961691
-0.12621924378146795
0.10667139567072163
0.10935170395863153
-0.14202221080612798
-0.018007404032915203
0.10773133331760854
-0.05725635785082449
0.12462600375949257
-0.39330861707885617
0.3499803580087786
0.004284392954538321
-0.18994922341805653
0.18375525355948386
-0.1853269167176192
0.3144176069464279
-0.185356583088195
-0.2852121389690726
0.35561021581158286
-0.05243919709121951
-0.10122478930601851
0.15581012441567066
-0.10540108376418675
-0.04697541989637239
0.12165941786305773
-0.1431285402291172
0.11478086288909689
-0.04860320442042415
0.012399928579804764
0.031735510316815846
0.013549346244450238
-0.13296501543756137
0.16897110246624825
-0.23069975881849797
0.11736505356345389
0.278588303146201
-0.2767838217878762
-0.12573241288757686
0.2831218217160546
-0.23968018598507201
0.1525095134407593
-0.02299227096871044
-0.051630613239488074
0.07054181724796399
-0.0584722667644243
0.06216065992401795
0.020172314005390424
-0.21997167520896582
0.2738751972632856
-0.15549130600983777
0.12073276378842883
-0.20789271355008548
0.14777943945979086
0.037894977018464844
-0.15395446139946675
0.22593181087725872
-0.1876201005018331
0.09123913190134275
0.04637714137915168
-0.27220661780312805
0.30851389233497933
-0.17030043343103318
0.10362294251000913
-0.06354559338605367
0.10049361989202567
-0.23939566071967378
0.24984294542472343
-0.13922921200901237
0.06569140744632972
-0.029956000464087435
0.000175799901918141
0.031414976329386265
-0.03500614803870038
0.009187827764409703
0.007805328042876951
0.003689039102454898
0.012451556678522343
-0.07370442775755974
0.045953506611893
0.022016169725683724
-0.10048716762196407
0.2956413002616663
-0.24631112211766595
-0.15386542145806403
0.18482716038076746
0.1941304281159436
-0.24620014095775938
0.03994145788482427
0.1324195888308901
-0.37076872777681147
0.3450612866081376
0.005422350809084389
-0.08257021075361815
-0.1261587183235073
0.14431178471781458
-0.06581102022181355
-0.05944337949838083
0.3617249313232332
-0.256266997207915
-0.23345858240536496
0.4536544104698787
-0.5448951775136724
0.3911811239514528
0.08976237802561286
-0.1850681763222385
-0.09029804611162323
0.2019008963644432
-0.21320274591157368
0.1507095481320823
0.06365021863794215
-0.0702197508962407
-0.22431436859248766
0.2289054136407181
0.10826142916279767
-0.12291846757132252
-0.12447677712354875
0.3196547750882426
-0.5173684354569998
0.5015353101931774
-0.3009666450005557
0.13585217326990012
0.02103563112319267
-0.09206880277619858
0.07979898451037407
-0.11223565381400036
0.14211379705761823
-0.21713749599403614
0.40121980175077737
-0.38651794793945876
0.12510569852075434
-0.04466495930537444
0.20754796511734402
-0.16668201765484916
-0.12142310838760288
