-0.011486292432465045
-0.007797829717595996
-0.004130162283767052
-0.0005888886137522382
0.004694194857475368
0.011289998017292472
0.01474113935178731
0.014863703129196507
0.013494422104963592
0.009446377552059923
0.005809912316810706
0.002733356928848728
-0.0023574555410411846
-0.008829919742078977
-0.012279571205607916
-0.012608092836602152
-0.01148658240021267
-0.007765385808307223
-0.004686627997085167
-0.0023929538381683635
0.0017255204064520278
0.0069987836994993054
0.009944419159064922
0.010547972236622665
0.010013003798184381
0.00744669583433354
0.005564643534132287
0.004474380872828334
0.002054980821452307
-0.0011292425203841842
-0.0034391825864909507
-0.0049747495742884194
-0.006136357646232238
-0.006536090299107561
-0.00769515122182852
-0.009665884921890754
-0.011369888709040812
-0.013135226382465419
-0.01351024284940668
-0.012232284694746647
-0.01021226652694465
-0.007001710170143291
-0.003153107506242021
0.001288810615425838
0.007014791889781454
0.013935950512490369
0.01800545767877577
0.018947932516906935
0.01864215088893372
0.015984262168862524
0.01351975908586655
0.011395861999495934
0.007376588462263691
0.0019795828923142135
-0.001532361855499931
-0.0031491193508344185
-0.004091965208100121
-0.003541038419150273
-0.0039941869449657335
-0.005583313750289871
-0.006375744167712757
-0.00691129449547001
-0.007342493912909632
-0.0074564147850469465
-0.007550525258798623
-0.007601656469350547
-0.0070252521059137605
-0.005821644110775228
-0.004239616539274729
-0.0021397949777657967
-0.0007211158930004022
-9.735554367392301e-05
0.0004157849083290158
0.0004936782857504511
0.0007813288482212446
0.001346855475609977
0.0015934792646376704
0.0016647659931689142
0.002117047675558949
0.002925065176487409
0.003921412494915721
0.005237238317732294
0.006407012672467882
0.007409457568043166
0.008583465830020095
0.00982712675069561
0.00988394969129667
0.008660639603417928
0.006671895141362834
0.003560056403694496
0.00012880734222977706
-0.0036029103233005924
-0.008363689589102132
-0.014008552348994938
-0.01692110316568893
-0.016850085843888973
-0.015419270657393996
-0.011630575624545796
-0.007788940805605095
-0.004006670093361703
0.0017504888633399181
0.009026707571889454
0.012989063447852197
0.013446043308947223
0.012401483582449144
0.008574675037861629
0.0053261401213525565
0.002825089972788681
-0.0017138167067894494
-0.007596267540822354
-0.01048969959493329
-0.010326326773923833
-0.008699033039658043
-0.004484873256769772
-0.0009336739919959666
0.001816447103852365
0.006353797970738157
0.012005338030685419
0.014847514155621333
0.014812888302202398
0.013305571652191558
0.009299188966090458
0.005753690284206655
0.002779453632627091
-0.00199267632166544
-0.007959858509863558
-0.011515957175152707
-0.01260599573248936
-0.012540175053401466
-0.010381900241170182
-0.008865770652714744
-0.00810438259946557
-0.005925415293319434
-0.0028941014175360978
-0.0006640393044756645
0.000876860867392781
0.0021410092695796417
0.0027445599998679716
0.00423581456738737
0.006676156265296821
0.008983118056863967
0.011497295076130867
0.012170424192208408
0.010684864050574207
0.008245790550399186
0.004236740254490349
-0.0004382908913333288
-0.005714118613518047
-0.012606270626343494
-0.02095667364305806
-0.024908866563444102
-0.024051976874514602
-0.02107349992127085
-0.014364341873267218
-0.007600518597972083
-0.000978263612969879
0.008754632653587429
0.020863037055771166
0.027407799509920262
0.02805644455439739
0.026101539008241588
0.019429752950620136
0.013521409347197933
0.008644350535111629
0.00022773532734201912
-0.01060485293059536
-0.01664261699479674
-0.017773398500643856
-0.016678202336223663
-0.01149300941687383
-0.007622711513538122
-0.005308024409009498
-0.0002529163159721903
0.006415921935736762
0.00995106096161489
0.010416227296287797
0.009303986087466042
0.005419715058054858
0.002654540364117669
0.0011495962857108145
-0.0020544016775533927
-0.006144139265577037
-0.00813692328114218
-0.008086164588026544
-0.006847805989997189
-0.003665652703404741
-0.0010532367471111936
0.0009192527294861421
0.004158653785649677
0.008150356423230675
0.009861583423855722
0.00921875578635221
0.007307280654298699
0.0033218359071755243
-0.00046443987194011584
-0.003975543300904955
-0.00905347629906432
-0.01524338595886898
-0.018227546021506818
-0.017815727953572006
-0.015751867710693146
-0.010873915542972144
-0.006187270220832061
-0.0018193607116877054
0.0047501313709844605
0.012917681653326659
0.01752235944346736
0.018390413573669356
0.017576016804021013
0.013714893834586376
0.010486066644786733
0.008058817766590426
0.0034140482854918015
-0.0026923796637470946
-0.006406198608591961
-0.007739371022878354
-0.008023856424305567
-0.006286778768058195
-0.00557653704328355
-0.00602652271498085
-0.005291942362767897
-0.004018561709232583
-0.002930773543146776
-0.001819311582320669
-0.0007775667243484796
7.113161343683396e-05
0.0017661905723649943
0.004327667174735653
0.007155119938699211
0.010484308968646603
0.01213091761708391
0.011836930108682538
0.010811542804280734
0.008429695067275499
0.005806424339034314
0.003027605910007311
-0.001019024833997676
-0.006114699754508065
-0.009347561048234782
-0.010601418006786777
-0.011127969246248053
-0.01016226153225112
-0.009695000024282589
-0.009840864286728146
-0.008951273520602324
-0.007445615959834654
-0.005852227440528204
-0.004007141508306034
-0.0019315381840749953
0.00029830342358891495
0.0034275760600690256
0.0074910755211891325
0.012081194191725052
0.017381514771614492
0.019423414129978514
0.017790269965219204
0.014495605148361176
0.008403372800230537
0.0017178326895832914
-0.005435949883052533
-0.015178646513680968
-0.027090656644036943
-0.0328927428659725
-0.0320829935961938
-0.028327111630581554
-0.019372579445952512
-0.010598977283282782
-0.0022813530168661546
0.010242012196606951
0.025887464324831938
0.03431538989502195
0.03513953096677327
0.03256024371133199
0.02383703725070124
0.01621956288480059
0.010052466614889736
-0.0006597234773847241
-0.014428396036810894
-0.022070062777700947
-0.023457737164970814
-0.02196395042045013
-0.015216810684388259
-0.010145637546322401
-0.0070518556711977555
-0.00044218959484702597
0.008240680927031719
0.01299023304923461
0.013893690158362428
0.012828600297878658
0.008285361402421356
0.0052060437147068905
0.003769472591623731
0.0002244734944778019
-0.004395105120058694
-0.00671698171955375
-0.006849266142885146
-0.005682696187736155
-0.0023763393525706128
0.00011877671843529968
0.0017234751698214665
0.004630586415698512
0.008230889506723927
0.00951954814454194
0.008451774337550474
0.006030520618066058
0.0014618900456504155
-0.002923812596275079
-0.007060007109090074
-0.012808585590521037
-0.01970554267307648
-0.02262071404062361
-0.021281043099011722
-0.017804318953781005
-0.010791232370477619
-0.0037222810009805802
0.0032603767313467646
0.013132617154833494
0.02520694332232105
0.031134463425462805
0.030492606097700038
0.02679107059910228
0.017774654354015013
0.009095192011374332
0.0010140775584896085
-0.011267798928279331
-0.026612404598048596
-0.034523822491042175
-0.0346078907089239
-0.031097863971853826
-0.021205748451216925
-0.012312957806473512
-0.004759480240937133
0.00756275990708241
0.023144593024974503
0.031562876301339145
0.032583124787425026
0.030150527021599677
0.021541865080556413
0.014437933395335039
0.009172954480343562
-0.00043783259103194754
-0.012809413406073958
-0.019661676034460708
-0.020959257583567467
-0.019571061417149115
-0.01337478770592596
-0.008825332964691918
-0.0061804678595292605
-0.000399642680820745
0.007174466509714046
0.011095151086423302
0.011439204273535123
0.009881127603023605
0.005046230336313895
0.0014350733337645603
-0.0007995010263975509
-0.005078944836817686
-0.010468031166126195
-0.013270223717115
-0.013525133855195978
-0.012346060083047589
-0.008789418260307949
-0.005912343070646698
-0.003805717251330861
-0.0001285271084040811
0.004493516862379504
0.007632548358708215
0.00933482506259438
0.010333440414772153
0.010019864233091366
0.010443617626022045
0.011676529184973755
0.012178413241641229
0.012379083175838575
0.011718750671595599
0.009955852049170833
0.007639256017416494
0.00455030575313969
0.0005913372975977841
-0.004229434295977074
-0.010083736136764212
-0.017022035005142187
-0.020584318092412443
-0.020388124514882526
-0.01859818579645362
-0.013969428729256349
-0.009148135402398444
-0.0042867088764950954
0.003038815874574007
0.012305389000540026
0.017531597508964797
0.018476935430509517
0.017652627289503908
0.013476733713941003
0.010078817842100726
0.007675635980111563
0.0028410358079655144
-0.0035674729900364273
-0.0075567633425720985
-0.009178622268310907
-0.009762300485188972
-0.008313697770923846
-0.008058615902702897
-0.009137673306623906
-0.00910602109689352
-0.008652074848325596
-0.007827969445546437
-0.006351810044281604
-0.004667131016131945
-0.00270511538064542
0.00020732427352179755
0.004067169799766085
0.00862868198738739
0.014056970264824208
0.016530742511451344
0.01568170826246254
0.013449126314126009
0.008757382179881255
0.0037639627710214095
-0.0013950397139060257
-0.008750929408155474
-0.01787896892701124
-0.02266903168165418
-0.022813950334389474
-0.020945117461058958
-0.015423331503863283
-0.010338437332620746
-0.005901113481756054
0.0013570993348411573
0.010600296897096023
0.01626028289118883
0.018251199069959513
0.01867019476541249
0.01608252316149368
0.014648130787147518
0.01456171835303696
0.012521512661035643
0.009400547456312518
0.006913070313324487
0.004815482712699075
0.002874726955440646
0.0014492914837033093
-0.0013349646089991095
-0.005543124762201051
-0.009968727513114218
-0.015034356493312407
-0.017582277748829006
-0.017192771765843183
-0.015666343251478695
-0.012081892004947987
-0.007966383826588477
-0.0034378161009340764
0.003093332725697838
0.011337073950399271
0.016058600956773517
0.01699450434506331
0.016462036815571315
0.013066550312265984
0.010281238994829436
0.008306608223206264
0.004205317557763021
-0.0012997282505207899
-0.005164125990258491
-0.007477606595161259
-0.009213860357406449
-0.009636361609010288
-0.011290403928474637
-0.014295390294829038
-0.016775381589982458
-0.019286057932608874
-0.01976510974761482
-0.017796033094971363
-0.014735232034811094
-0.009931375272110543
-0.0040916125610281195
0.0027211123690651967
0.011467316007027708
0.022041406162446188
0.027864651617498497
0.028466426687301552
0.026924347493704277
0.02143504402864253
0.016090805908982136
0.011126684293924492
0.0029180093344889357
-0.007708358660480389
-0.014006607946541254
-0.01581755730948387
-0.015816464616108077
-0.012256087748327704
-0.010027272150919395
-0.009380647361213714
-0.006383995790260882
-0.002068171074749326
0.000710079742250741
0.0021611614764827872
0.0029502662792781817
0.002416454663433485
0.003250362551332921
0.005548407165513218
0.007432130254681361
0.009488122823147089
0.01027079257651672
0.009442980141195956
0.008103428826680243
0.005794095058276553
0.0028685422351907605
-0.0006051273680288405
-0.0052231385515893805
-0.010929832919258777
-0.014023934959191612
-0.01425697178571664
-0.013366452508681619
-0.010347869737247554
-0.007508842054293865
-0.004990342988996101
-0.0007660316827974113
0.004690641404179677
0.007709751137675998
0.008205903159377524
0.007612787644209626
0.0049772164153381385
0.0029637898098205133
0.0017017039446628347
-0.0009559086702406929
-0.004452142487541767
-0.006046041098255142
-0.005734610946153838
-0.004441313505265242
-0.001464393397812934
0.0010435236280176888
0.003001988178275548
0.006088141791583363
0.009856694672932566
0.011481043531693423
0.010883410826901299
0.009097705114428254
0.005371977946519039
0.001788139830461775
-0.0015816990879146044
-0.006437322166472286
-0.012362687474932356
-0.015236059675069968
-0.01486977234898212
-0.012941164544387184
-0.008339599757915669
-0.0039175647074500865
0.0002025066892154002
0.006419714913173348
0.014161470111141333
