0.0786841809159651
-0.07905868009134637
0.05955464957028741
-0.010027234547782893
-0.006569756623857978
-0.02129122761340478
0.012432771433990079
0.04205704092557632
-0.053491526309510186
0.020380950572011655
-0.010556746901341762
0.02070424906343855
-0.02650875673409712
0.033290633178968076
-0.026118911837373276
0.012501291323294469
-0.0055553709872323866
-0.018789087352166382
-0.009122458220165587
0.09648644151025498
-0.1131744516235165
0.08499968705818417
-0.03766594912875499
-0.05811674011721096
0.06266899523237102
0.03834729383817296
-0.05961573882348472
0.0050492961608267165
0.010238818535455668
-0.010923470457800405
-0.022340641935998606
0.10490478305069209
-0.11013258731107403
0.04084747923512932
0.010310329291139344
-0.026635420818768366
0.062143573670931165
-0.14021902627481483
0.13381095252254535
-0.04434381975099685
0.00056443394162847
0.008275950018963668
-0.0028818036807825597
-0.019251433803792236
0.021988018526153872
-0.007470277870432568
-0.008277875809023522
0.014305452472401954
-0.027812297397426043
0.06888841846527931
-0.05242144858215077
-0.027791463084828355
0.05513256787528162
-0.037216946183764164
0.024819619973687077
-0.009440809982829482
0.01816532907002748
-0.043009921479466064
0.05603310804719919
-0.08135697255247883
0.05392637974182169
0.03933550218086414
-0.06317847002348037
0.01093017993843294
0.012474212723092473
0.022199508069459157
-0.0002977283428534615
-0.12077467611220158
0.11192934043937958
0.048917681894182816
-0.08016142289274539
-0.011985914325834672
0.05712989700743962
-0.06198390693111834
0.05302916291160501
-0.031649778778780835
0.006503900749668775
0.005722064590953363
-0.0329968559668433
0.10080028373620104
-0.08867746961800872
-0.00948664109942475
0.04620173600748015
-0.022331521842685317
0.01099755541501276
-0.01820066710799584
0.009068620576504554
0.022820365263072198
-0.031249005139719368
0.010173724030693589
-0.011799781632326839
0.03547453696161139
-0.03992772487824918
0.036922555072729756
-0.015313323918745887
-0.024564831005327248
0.03339962894112576
-0.035634309020209504
0.0017704560817351995
0.08816766983583063
-0.09606725033991327
0.01977144060493347
0.014530000466550999
-0.006922297031373622
0.010845337499757288
-0.02835710486869105
0.03778340267534035
-0.028158092674789907
0.03384353694836783
-0.07433007761444907
0.05974278658429155
0.018353415736945978
-0.03961302238623648
0.00910434699100654
0.007523682742146638
-0.02110116629003871
0.018456315901703643
0.017583596893116664
-0.011151841927527259
-0.05256860480787638
0.0545693075636293
0.005640068158796453
-0.028848113733033864
0.026049707999012232
-0.015357674950650478
-0.017431029389442666
0.012055636668933757
0.03830188032543114
-0.04641399948997182
0.016488032270758013
0.002519506310677296
-0.018150157401253402
0.019889776843796357
0.0035146838439783197
-0.001588942125392216
-0.04462005522773397
0.041039513100058204
0.030774551464097275
-0.031657844227681704
-0.0402802390073318
0.06220131116200064
-0.0479845672146462
0.023032274971188947
0.023797662380051578
-0.029395970073043738
-0.004111203317291029
0.016115735699219536
-0.01943134559535727
0.004042643302046679
0.03839982938232249
-0.04064203237468928
0.008640557300208471
0.013516894498365555
-0.03674778765575309
0.03571729045004057
0.001156832625802632
-0.0036796867238775934
-0.03738246061722732
0.036472865619253274
0.007603952858789122
-0.027055581190732123
0.028614518193193668
-0.03285352943420358
0.008428865922177235
-0.0270743691449763
0.13994331164605678
-0.10884344750111803
-0.08867762881998269
0.13466604574386798
-0.046183044808959677
-0.013394513767074095
0.05311864590571968
-0.05045709877768205
0.025373312625364727
0.01978273904415474
-0.09966830680492543
0.11584184189618947
-0.05862867536818592
0.03339312674659301
-0.0559671078054192
0.017174994231878606
0.05906955205760362
-0.11501057941890627
0.21115603672496824
-0.16912556458838046
-0.06327085048493646
0.10430667816998616
0.07798375709689323
-0.09223756346628885
-0.058139554759800365
0.11873741754476658
-0.11379727901069812
0.07732659461489934
0.0035348492013535723
-0.034376493743846846
-0.01895442021681363
0.021780535547284305
0.11824078329980656
-0.05723158910842613
-0.2948649428178494
0.3037518433234676
0.05298912420860584
-0.17700075287412512
0.06498436649611447
-0.017652530586665247
0.06693348383914262
-0.02970120594726373
-0.1168970955416526
0.14545429848587593
-0.05661965236968373
0.013175681643473746
-0.01927527405100606
0.008936469010266996
0.016780988907635495
-0.01814395647635866
0.012856739311276934
0.024641727249827883
-0.09199070147758882
0.11547938447387138
-0.13215766568963838
0.09205356444579721
0.04560342784115769
-0.05077746331682279
-0.09538206968680628
0.12319224648367112
-0.04373976430255216
0.006719210952326466
0.025656493437384117
0.003566138918231438
-0.12136022697611805
0.11228369599314639
-0.007840385328578059
-0.08158819051590138
0.15180181850186522
-0.10648318869541064
0.14765570984273707
0.06509039227459777
-0.8348338921190002
0.7296444909875033
0.4227497970295674
-0.6721011382532701
-0.008072942363542446
0.234016525620113
-0.01337321008758309
-0.07595531196827061
-0.016414441517085043
0.023264329086935705
0.17624104097989063
-0.061690670403147796
-0.38229018787987673
0.47452394215288607
-0.39022538258532813
0.09756046385239284
0.5231327195782441
-0.5803862418547978
0.15089548173629333
0.15439826926471173
-0.4188155487078421
0.4161138262582561
-0.19376175199174098
0.05226774247408967
0.11333063195561982
-0.03581982822910145
-0.3148891177884366
0.405013675517197
-0.23941968232017885
0.10165899469975526
-0.04942258051992241
-0.11983041804715995
0.4139965252073534
-0.5291680125922048
0.5148061388856546
-0.4084589291146416
0.21942527697735315
-0.09671710763434255
0.006856022917202883
0.0080398291402711
0.07878280871040214
-0.08463418057262374
-0.029278182921548792
0.02838116428389216
0.12709519991385745
-0.134972844846023
-0.02186684960713422
0.05413972095260151
0.025645501672486422
-0.07451254789324432
0.10066962305195942
-0.09209913434209031
0.06837462406956947
-0.026351170815783937
-0.05213100680597727
0.058234692622282584
0.0015164754023471415
-0.03306575691775911
0.05300330336710946
-0.04051560304116732
-0.014420322557668194
0.024850542441729708
0.010048900760281556
-0.019344713908515592
0.013260428907742094
-0.0024377644937397785
-0.02819060296569663
0.016827093354466756
0.04463228933079455
-0.06609884393732596
0.03106988176299263
-0.029522833042839182
0.094699668249758
-0.07108341308270602
-0.06445772859530453
0.0908056436050049
1.136467650263498e-05
-0.03041537182248172
-0.01233091264343165
0.011165755443177203
0.04806680700596598
-0.04855502272886325
-0.011158556227380528
0.033815321611646
-0.025787800768192683
0.016800559340565638
0.004250303585100053
-0.006092744252696624
-0.030114143104034503
0.017070155641641455
0.05740093642046873
-0.06916749790901441
0.019899060515916
0.004452172249294493
-0.006684788182359425
0.007115562364532479
-0.003089948373956511
0.0017046039226619133
-0.007938735401511068
-0.0010811106581620992
0.021081736678100038
-0.03249383215046453
0.04830301238901863
-0.034908312447284484
-0.012734654531636014
0.025452777734074755
-0.005379770962071396
-0.008848967621353506
0.0150328981576322
-0.024501371948236816
0.03546254818399893
-0.03829017870951235
0.04076007539315335
-0.024042880085741857
-0.010768595242211049
0.030408077309498675
-0.040274313944555926
0.038869196202172274
-0.019080202706345126
0.01291453157198478
-0.03393521965915613
0.018870499586774177
0.040538078413334656
-0.05670764591438981
0.02533071359320175
-0.015107465044079643
0.035681606289104446
-0.028473761626758357
-0.015944700781917936
0.023506561416462866
0.011386740097771986
-0.017106129171252586
-0.009320225970435702
0.015681776317209125
-0.0017822264496575881
-0.002031466178490973
-0.002902188784124917
0.007323619408965141
-0.012166157636016339
0.014066225627859471
-0.01360115635650894
0.014167095613284376
-0.015695771496485645
0.02097511372491706
-0.018788399834033964
0.027654290388600997
-0.0659028491596753
0.05058660925613926
0.024616629750137113
-0.05127701633881908
0.028663530700970233
-0.02006458663039172
0.028364310611010017
-0.020713823791809735
0.0043205408280526224
0.011833600171970046
-0.03572389137098344
0.02756463939613046
0.00530087469931634
-0.03365430962992488
0.06445753259775619
-0.06744005161053973
0.046767590661048575
-0.03166724369326917
0.011198230527350753
-0.009176667587942876
0.04106329524886014
-0.02866391661881229
-0.03363224230764971
0.04912718805335709
-0.027324360679594956
0.006513458529045189
0.026465456981117023
-0.027811447895319454
-0.01924275084069195
0.021163535924855603
0.04320472214865345
-0.039331783554103245
-0.047851118680306684
0.06394952897372357
-0.0034581086725766243
-0.01190133698793194
-0.016329221154992444
0.02561434811466298
-0.024671521420747404
0.01541759485678584
0.015519127091819063
-0.012234765932466711
-0.03510308877839632
0.03843597261955884
0.002509610698671434
-0.019124942973859593
0.01594296645476597
-0.010682352202453036
-0.0015275804232557687
0.0018070060844448017
0.013905084070493371
-0.013112739288071766
-0.004344286008034583
0.011584597521316877
-0.00967996256899086
0.0064878357460005955
-0.00440075999599091
0.0007554092602397419
0.012140988931778667
-0.011330940176566738
-0.01642775698042031
0.010101274586623587
0.040613127288469206
-0.045333852147303684
0.003470052889933007
0.013411072401537296
-0.008540329559114459
0.004354709536906268
0.0031485731429618646
-0.0030906486642168943
-0.0077930250766873686
0.0036039353742705186
0.009436394801612884
-0.021103820477760958
0.04201364667581671
-0.03232792334581461
-0.008811403439473273
0.026328392353832997
-0.02579928848483267
0.020179198339486063
-0.003160057121749595
0.0007574429652052804
-0.024644359333136596
0.022511362399186347
0.026473480596333164
-0.02240458472018495
-0.05409609605797233
0.05300208447283102
0.02676384461297003
-0.057643717316988204
0.04779344656843852
-0.03146019643493702
0.007360885212042038
0.005128851331983568
-0.007679496612586635
0.008479609831283449
-0.008092105591504563
0.009304690952885364
-0.0061166376744092865
0.010392669535665514
-0.03012269373028297
0.023469315760454506
0.010298985455417634
-0.02592900828250711
0.023218025991851438
-0.020787511468501853
0.02466820633149344
-0.016373591112001023
-0.012121800300825814
0.018193101605531933
0.009995833230660164
-0.006428704922082333
-0.042597423455047176
0.044529393978031316
0.010710750239581584
-0.020743970659568855
-0.01955880003005836
0.026402318386886763
0.0005822200627783655
-0.011432059657816981
0.00748934250734306
-0.006289743520776259
0.003989614667616154
-0.005300721669391726
0.019061494298075483
-0.013048287735292248
-0.019764228682781482
0.02147088716153851
0.0058848891896690365
-0.01954262336959542
0.023507031500410763
-0.017043378508264262
0.006243408795204385
0.0042542163139064875
-0.02958459207990269
0.02145824817725646
0.03511952881192897
-0.03879888438020966
-0.01487855502891791
0.025960478244938922
0.0035836804475560067
-0.026832104974860795
0.03398561142472327
-0.05469778996000341
0.09167041689116277
-0.08891582049255646
0.07524566998876557
-0.027760802248816926
-0.08699453477335568
0.09169702081329806
0.023842283941080324
-0.053550992231379435
0.004664507947567016
0.02537674920896845
-0.038339988786809207
0.039095952716484354
-0.036753220131756095
0.017434743496232315
0.019583109138387785
-0.034800592003487806
0.03124602763096023
-0.018875288046055445
0.003498820642338211
0.02023342683071951
-0.048156042392345465
0.06362777810146056
-0.08156868225011027
