-0.005442654412870147
-0.006694007203019226
-0.008153391279409576
-0.009836270666814742
-0.011609480698535133
-0.013517618411574424
-0.01469699570277959
-0.015047474338441736
-0.015007783192289445
-0.014325552749811564
-0.013468373657103008
-0.01245900143323859
-0.010834034080042835
-0.008678411408297271
-0.00666664330598016
-0.0047875554448914845
-0.0027619133964427614
-0.0007478681285703337
0.001787224797820039
0.004886897574700662
0.00816317071837987
0.01174319398036618
0.014419012225429254
0.016031889426457387
0.017245055113903486
0.017702977181325748
0.018017090138446205
0.01822644832556885
0.017703368088567546
0.01656081181974662
0.01582342329692458
0.015486680259961562
0.015119624876653684
0.014968168926795622
0.01425160520438455
0.012908632792425656
0.011523176194416925
0.009912517476655064
0.008563843718399848
0.007584200201574969
0.006608080922728707
0.005787280896919106
0.004969898628226475
0.004129185976947416
0.0034778938982875742
0.002987004270042203
0.002075668679712767
0.0007260458613773868
-0.0007985868953255842
-0.0026457051017696833
-0.004421233610585494
-0.006095629262564583
-0.007987594870614751
-0.010009238578444846
-0.011648281745816766
-0.01288997933370998
-0.013912788455725241
-0.014578810581815399
-0.015258662384126933
-0.015961264871629775
-0.016378468451489346
-0.016581344662985133
-0.01681679642851201
-0.017064674130668447
-0.01724900839586043
-0.017423071290846116
-0.017351170963626546
-0.017017175938093022
-0.016577554970305025
-0.015975496773259917
-0.01519669412666835
-0.014250457292471295
-0.01309765501911684
-0.011732939549623664
-0.01019482236521378
-0.00847366025150774
-0.006541601315102505
-0.0044008444163963776
-0.0020016552089155257
0.0006680940573004471
0.003588362885836025
0.006777866380245487
0.010225486114552585
0.013935683293434637
0.01793444495828805
0.0222247299263974
0.025183610303478963
0.026653223920421878
0.027399985420726813
0.026957271729425806
0.026269279279490097
0.025374963163493795
0.023379098019249825
0.020455359039216747
0.017769967593667946
0.015292487721599447
0.012557426947163943
0.009834901552400015
0.006175676562665599
0.0015040217419639748
-0.003499462823380541
-0.00906197193013626
-0.013032628178681283
-0.0151320302798259
-0.016543128129902943
-0.01663495621797226
-0.016499955077921364
-0.01620995427388174
-0.014648837458034573
-0.012020350185715248
-0.010142654804501551
-0.009009071027020933
-0.007858801912166312
-0.007129522436034188
-0.005438144252805462
-0.00267803453699937
0.00011340533127153968
0.0032583591285866927
0.005508683558609018
0.006633327195801971
0.007457279966074806
0.007598105487403566
0.007541906604106321
0.007341578046993549
0.006406540366829953
0.004825046138315413
0.0038988685806663373
0.003648971079733174
0.003494488244360887
0.003757100352830705
0.003510612953906334
0.002681051163017944
0.0019904418799153085
0.0012256958064270343
0.0006936817175640207
0.0005037499069674218
0.0003570694972837744
0.0003615942731773948
0.0005060462622371882
0.0007719719152675427
0.0012662015606278037
0.0019910064931363517
0.0024415059091818475
0.002596169266106494
0.0027051191629594083
0.0026401880567452803
0.002726256794460621
0.0029928955392794433
0.00317322040887638
0.0033419353363023613
0.0032122308387567897
0.002723627772452861
0.002063408498065722
0.0011392758187162586
5.40350428533463e-05
-0.0011845773117151728
-0.002714850458753849
-0.004521990907696791
-0.006289603426414981
-0.008015150570900425
-0.009847619796906076
-0.011711395559596839
-0.013835846844108936
-0.01624316623859347
-0.018760378233327005
-0.021443249047721838
-0.023067486319940708
-0.023491337637169374
-0.023330481021722676
-0.022226306047133267
-0.020845071373002615
-0.019217150657718257
-0.016682222888690885
-0.013360189646148466
-0.010205497878766238
-0.007200795734746476
-0.00394964266940188
-0.0006747987045567264
0.003380772139000682
0.008280038411271846
0.013474086817274113
0.019144609783341746
0.023252960856503965
0.025541721453969612
0.027105610053951328
0.027346530907752506
0.027319896696060855
0.0270887138809334
0.025583368869068288
0.022998478688911587
0.021022584458182798
0.019643106591563368
0.018154305923143904
0.016959350857220362
0.014759529481450984
0.01145239902675798
0.008003208845103835
0.0041068383213946616
0.0009642026260779591
-0.001208839281252256
-0.0032050958276619527
-0.00465995660761429
-0.006053057087195014
-0.0074384574102223195
-0.008247245587054077
-0.008569573504038475
-0.009650936043740399
-0.011513723452199842
-0.01360880032595578
-0.016246214788346584
-0.018543143899838025
-0.02043241623625263
-0.022607246117978833
-0.02486709960326252
-0.026060044014323342
-0.026144658025190424
-0.025515497518606302
-0.02385693786058744
-0.021990201318021967
-0.019928666816964015
-0.016976294795021277
-0.013285098740013775
-0.009414644690547515
-0.005314440373678706
-0.0008010345424254547
0.004009170467101936
0.009658153887733032
0.016189138272608962
0.023251279058625215
0.03097991280116102
0.035892748991625145
0.037612030932757355
0.037878505951540235
0.03568452778840923
0.03296277590097267
0.029808802591231573
0.024344231862904093
0.01692643610661064
0.010199465766262517
0.004116366843195873
-0.002397113333605535
-0.008719610769377812
-0.016950119040050986
-0.027254046982683428
-0.038101482772084826
-0.049989967508349234
-0.05725410269706091
-0.059172612901273146
-0.05877688457463862
-0.054399984456466655
-0.048963153790065383
-0.042634212142509884
-0.03243806859214045
-0.018907622499948342
-0.006717297186481127
0.004175325677603535
0.015733850502286623
0.02684779686428451
0.041125699525392204
0.05885885132298596
0.07737813802577412
0.09753691904141525
0.1106571891847012
0.11559649203640239
0.11706356899627222
0.11249454824613736
0.10629051226750977
0.0987115678625664
0.08522511264424715
0.06663054807956471
0.05022709323298355
0.03596149539396236
0.02074573252346515
0.006317500176182604
-0.012925766262894461
-0.03743904887579642
-0.0630660046188544
-0.09113121049565376
-0.11081721931411254
-0.1206201215288279
-0.12660766672388485
-0.1255707780354566
-0.12281924947861765
-0.11870363605313075
-0.10765424587253468
-0.09064074486881789
-0.07710086648533669
-0.06701159876093418
-0.05635079129986814
-0.04738542469293546
-0.03297677703691829
-0.012552764148664658
0.008534313823355606
0.03195962606150353
0.048899348986647356
0.05792437313750345
0.06442431554376687
0.06573876718327486
0.06576018301914453
0.06481921756898523
0.05855296812372005
0.0476713087874024
0.04064383208024002
0.03753757907881681
0.03465242879254534
0.03405612707604068
0.029552439113886313
0.02064720969479989
0.012087105163093415
0.0024344877225633767
-0.004741587343238015
-0.008583857831854794
-0.011825506211593907
-0.013323109280962014
-0.014061598478425339
-0.014218089344100213
-0.01225211942625682
-0.008330049052416563
-0.00689308835644503
-0.00806894340326806
-0.009788271204177253
-0.01316536386756427
-0.015180031131445606
-0.015581854433827211
-0.016786244496760083
-0.01810238427105642
-0.018787306484092114
-0.019037112783163165
-0.018703776279022786
-0.01764354868382527
-0.01683996693530037
-0.01627974786379475
-0.015355152496243932
-0.01426555076825289
-0.012579918698149034
-0.010196372700048055
-0.007455873144531963
-0.004223575349219478
-0.0005689471870104379
0.003486734274561233
0.00810084642006798
0.013264154098841218
0.0169812954195538
0.01908482036929007
0.02051495501296952
0.020712382333870762
0.020869386912982152
0.021045947497211424
0.020147810019494804
0.018405537040642718
0.017169331497269
0.016405232345349505
0.01560259770527465
0.015079153063415921
0.013734621043846741
0.011492040299037784
0.009149891627712663
0.006452198799361304
0.004212484059485513
0.002589114405952179
0.0010077276131861637
-0.00028386475998371506
-0.001576242985859053
-0.002911940755204168
-0.003923650208828201
-0.004667998994588861
-0.006029082207371277
-0.008029037903898648
-0.010275579068323416
-0.01299175478267999
-0.015565979373117777
-0.01795340314862809
-0.020643247587863397
-0.023498856232335066
-0.02493104851309954
-0.0248335867457068
-0.023853756261840452
-0.02154516672945258
-0.01893549394510544
-0.01605275596820223
-0.011978697763531354
-0.006902752618505041
-0.0017807409172230734
0.003437411176255317
0.009106165132963537
0.015013518351967618
0.021997744905234328
0.03012603081292145
0.038823977432658835
0.048296360562616214
0.05445129020009004
0.05682620892489751
0.05749905241464065
0.055280575088097424
0.052403725760500855
0.04898215170224636
0.04282157837180316
0.03433312507444067
0.02668761711431387
0.01983512430248919
0.012475485862663383
0.005355472049214117
-0.004025696207795018
-0.01586681811465809
-0.028339480452005145
-0.04203656948429896
-0.051793908319638586
-0.05691392753638415
-0.06026677756967545
-0.060327545772581155
-0.05966816306393059
-0.058457318833626815
-0.0540269052198223
-0.0468503850686489
-0.041365365420349125
-0.03755737452619421
-0.03354899411362794
-0.030406297921258794
-0.02476216762123965
-0.0163503141805406
-0.007693706562028392
0.0019960656601887006
0.00921954110410832
0.013370133991498275
0.01667792273334272
0.018080340863609774
0.019031892872705503
0.019674435415699475
0.01831641948460033
0.015224089753878527
0.013909861847649613
0.014418769705632372
0.015201670765677574
0.01712310065314994
0.017654284764401253
0.016595178093447276
0.01590433527045817
0.014999113039106712
0.014181886134432022
0.013692111383018664
0.012961769727650996
0.012127049905549164
0.011458726751471315
0.010913896406023282
0.010486266274530004
0.01023299995285319
0.009166648880372486
0.007214435657270555
0.0048941690167874944
0.0019430581539900068
-0.0010763440610175492
-0.004113991991673405
-0.007673339148399417
-0.011631823946690094
-0.014389362704777524
-0.015850390657749517
-0.01668438665528493
-0.016450919370466523
-0.016193698738170236
-0.015952513315007803
-0.014813518150573402
-0.012978089037268924
-0.011392880066402026
-0.010015464617424882
-0.008512100296938786
-0.007099259863576797
-0.004959277313351769
-0.002035805675555172
0.0010969540775296325
0.0046316251804771605
0.0072145759370568635
0.00865772781106852
0.00974329722376164
0.010073379778605559
0.010301499758013633
0.010478931629820276
0.009921231722498945
0.00875235653856926
0.008159541094755574
0.008145896770855024
0.0082113193795284
0.008645107933378679
0.008561924146051702
0.007895381753271407
0.007319495528088879
0.00663054248529084
0.00596898603834172
0.005419260418619457
0.004765668756059853
0.004064226459021711
0.003387298228503288
0.002717610332150269
0.002070697840985499
0.0014612000742449745
0.0005290406985136113
-0.0007509275400632696
-0.002194760219667268
-0.0038982787539384167
-0.00565262444271018
-0.007440466319390276
-0.009447547691654914
-0.011628876727421668
-0.013031264407757662
-0.013582284748430382
-0.013699003133189865
-0.013113378226287477
-0.012418907612937735
-0.011637561500843054
-0.010231357511009056
-0.008311736530616884
-0.006490411714782657
-0.00474388593155798
-0.0028418729140094216
-0.0009241236193392134
0.0015262750842842763
0.0045485556413031635
0.007778500172502166
0.011339682025637565
0.013769811895718487
0.014888407956355081
0.015476031042546362
0.015105258656707556
0.014538920860937112
0.013822592650614193
0.012188273051702468
0.009777395463086645
0.007782907998077658
0.006194758071851098
0.004517300606191129
0.0030351935609292313
0.0008281153991379319
-0.0021759216805432545
-0.005293676888751154
-0.008741152831603895
-0.011158353238112078
-0.012339986622080561
-0.013085513145061133
-0.012988274912996464
-0.012679192582746196
-0.012206270720753639
-0.010884855055855163
-0.008830267180120184
-0.00728849837434423
-0.00626357357514877
-0.005217440255245023
-0.004452110138790391
-0.003042200804333328
-0.0009138432436382898
0.0012308941657539056
0.0036077714874558076
