0.3094529215671682
0.3245846492416669
0.15640566011360935
-0.2834481345484775
-0.47107315712576364
-0.41865609006434706
-0.1305316323857785
0.528917117287013
0.5511585296433951
-0.09204775568379217
-0.30517103988842254
-0.2684453102524907
-0.03876521299326151
0.5814748496386829
0.37278386118566914
-0.7019243365046667
-0.5476655776833894
0.6967840400256035
0.592501025057221
-0.6042748893219693
-0.5947498499792875
0.31276040365339297
0.3077930557001323
-0.3147081959406238
-0.12110113696050437
0.6819536418583814
0.4382289405648954
-0.7245768991180909
-0.6572485590738253
0.4597983813648709
0.4931773585072281
-0.27036618446692007
-0.32365900102449136
0.04475852046658167
0.09501172064684632
0.022687367400447665
0.11461241239221759
0.2908780386463558
0.22149608098893286
-0.08355476503371265
-0.3762773619503481
-0.7217690032164655
-0.32718961024016013
0.9220224979115658
0.7856544214660776
-0.6819601501945616
-0.7701255845914984
0.2075250341605481
0.5114657786482488
0.5472570591401256
0.19091973358227557
-0.8417768103184298
-0.6472830366597232
0.79208062478798
0.7513566688676823
-0.518536404637038
-0.6596788866595227
-0.05043838839703465
0.16031717007901825
0.31203148579438517
0.26841236524485745
-0.13090590471777433
-0.15853345613312933
0.14629157042896576
-0.03452882895529918
-0.6107542258678195
-0.42993688093704063
0.4465393938786022
0.7031400254934012
0.4971298663280053
0.1036577214457094
-0.7314024423907468
-0.6867778543487223
0.3130738178595048
0.46045065374062405
-0.028394236301729416
-0.1697243579927014
-0.24295701355251656
-0.1763127108820987
0.1643533809174685
0.30115993850737277
0.26872297218499225
0.04335424200241102
-0.48562941442115404
-0.3184119885987413
0.5797350207296693
0.4858744077047021
-0.48193915291845185
-0.5392411767471228
0.08288436907787547
0.18339940968476162
0.01327745532252807
0.11214715700541995
0.3308879240145163
0.1764619477208249
-0.32389058320259445
-0.4094463058459468
-0.1316396045887328
0.017762455426184
0.1736218940981789
0.23743002754746773
0.1355410371457592
-0.045698427999587114
-0.3608544307114858
-0.1521135370443921
0.6379659919663082
0.4905726249014744
-0.5357047476289611
-0.6146302019983032
0.05144671569388058
0.22605157597670153
0.1818898519048436
0.09633710516608929
-0.21324650314592153
-0.23131853834001326
0.05336111031203763
0.17838474046202762
0.23889622849497794
0.027128441527263934
-0.5533378940338346
-0.2669528373485872
0.9045185414290312
0.6056746029925236
-1.0531022997088189
-0.8364668860962973
0.9911485271303575
0.8529366918425806
-0.8567292635068072
-0.7501447520605465
0.7300152203572491
0.7049783657770146
-0.4048538347862184
-0.5346347478804533
-0.060594314855426
0.16129001945762486
0.4273490219523558
0.16812663321374496
-0.763594716220472
-0.5466983272938487
0.7760677592523246
0.7315385541760457
-0.45475312968529835
-0.5384732887370264
0.14374803303538358
0.22627239193515716
0.016980006642317937
-0.12702583754593963
-0.3922618529881457
-0.04019839756030194
1.013219918741339
0.6160204524860011
-1.2066113193374417
-0.9597888895461191
1.1303172778681192
1.047059647248283
-0.7696967148054548
-0.9403740729425816
-0.0042570975794054035
0.2561194726667542
0.318705939399489
0.29371796312190057
-0.06013679976381128
-0.10595242177602368
0.13713899246668787
-0.03843503028531375
-0.5487150509951539
-0.28978991958389905
0.7003316665756661
0.5145194263003046
-0.7514388814905194
-0.6772394485513061
0.5037266455190323
0.6657224511460673
0.14070337985897682
-0.08495751659724139
-0.3279119890301777
-0.3209814552805572
0.07491809255893264
0.19047484607137127
0.09656022828747317
-0.011240893935774437
-0.25387803788408503
-0.16867318975766055
0.2811839839194018
0.2977983492056037
-0.05563805181596773
-0.08409653162486812
0.09769958729705393
-0.07544873210805554
-0.5291227352553759
-0.3098067535201873
0.5591407824944675
0.5775599156903013
-0.15117621884573548
-0.2731685452809292
-0.012323669543018695
-0.012500512606530984
-0.08283112237099505
-0.005841771652839883
0.15865697681001653
0.11402323540828592
-0.13455619530827326
-0.07323054571668325
0.2678206279495901
0.09712511277646496
-0.5395021824654557
-0.3541294964121442
0.5883590907767179
0.4588959416508931
-0.6041175426390843
-0.6020708220743584
0.23322215497396853
0.5238458731268357
0.563205591264968
0.18307550798008182
-0.8640145979869671
-0.652253034055944
0.8417161568023188
0.8037713980251758
-0.5131684124490579
-0.7231683404080468
-0.22534185583188876
0.051027873397932785
0.4641115668319934
0.4347896510554685
-0.17151291804154778
-0.28487487126788424
-0.01802370903795673
0.01452433271774279
-0.020601671751303688
-0.038544071480829376
-0.11323624904196297
0.11144633235196294
0.6614809579687742
0.4108075991250398
-0.6450892375327192
-0.8032839874574079
-0.2059973279244414
0.04362168992676117
0.22877499931314435
0.4932844873077235
0.6972381554743046
0.24204247430875345
-0.9603098867119273
-0.8322854412008514
0.6152835527118382
0.6852283333959359
-0.3270637475365225
-0.4343851338243571
-0.021409598468402652
0.07055161393177518
0.10697638574728549
0.17902538221185924
0.19361178256113407
0.09815991739095696
-0.1280283506552488
-0.26806072086367855
-0.33045883326616965
-0.09107435610900229
0.5282416984893757
0.3832654667777474
-0.536674384328881
-0.4707548886479415
0.4385525348655004
0.4670093772647307
-0.15028441185035085
-0.19577874181994198
0.09932732382735111
-0.0025188961695531316
-0.3564711629415838
-0.20674897604038
0.38935950425824223
0.3866372758814385
-0.13633741398313307
-0.19590325146108395
0.0579405326262438
-0.005965964098395379
-0.2583752761262906
-0.15780063806137676
0.24111914632664228
0.3247730275580433
0.1567987188861544
0.03993333232587929
-0.13314302385393062
-0.2968552116015062
-0.41774518011530837
-0.1784259591462224
0.4863263332819409
0.49137556061016985
-0.14713277665489793
-0.2898768097390173
-0.11201200146295216
0.08490924145435845
0.490541467248543
0.34428002315261297
-0.4167126311522778
-0.5953093387485848
-0.3089308990281045
-0.04226048347763281
0.4210292823454171
0.5347406366730456
0.22456215551077222
-0.025620694410316506
-0.35176910793274435
-0.396931632201766
-0.06948440949587682
0.09489854740979381
0.18729031928508758
0.1423031463432531
-0.14101942336404782
-0.19079544726844788
-0.030199500595538546
0.20761894927475824
0.6235673840365799
0.38549987982543044
-0.5731325225498565
-0.8135051929598709
-0.4544439393006742
-0.11484449984204823
0.4746867993696062
0.7586017784691442
0.6541491669063524
0.13517497175753732
-0.9917785828548599
-0.8631666778357234
0.591343855683973
0.707844362203347
-0.2334879086056229
-0.3545526850758854
-0.04685822974457696
0.05291357002899687
0.19607551781817564
0.0699243250556506
-0.41114363173790025
-0.3536420455728002
0.20934790510441917
0.4806547205564115
0.6062525643505945
0.25127395797947494
-0.7608116565192736
-0.7897787343464774
0.14522803487401736
0.32704734463119683
0.020359401320231955
0.1184214355238282
0.3811848967442098
0.14651585620761923
-0.5277034416137334
-0.49119978676957066
0.2105115869520676
0.18033197414561478
-0.42591786376519974
-0.03756107437242845
1.201635336696886
0.7008559268043211
-1.4404584222177277
-1.138335534349542
1.3503613165216384
1.2674097113949248
-0.8723688284592976
-1.107612329522991
-0.08456963244649764
0.2580469602547658
0.487882426819563
0.3670976775148996
-0.3790345314877387
-0.40045511592285943
0.24445536751825706
0.2965376674755811
-0.04073975279257081
-0.08948619658321655
-0.020056732107056358
-0.042938729088907855
-0.07728956550085349
-0.034314995644814265
0.07430430308145222
0.0835081684294469
-0.00170870266384002
-0.05769303605902658
-0.1157439258921854
-0.0011235686755747243
0.3212467648229875
0.18194858763208768
-0.4203004507598505
-0.35279238866232776
0.3140168514295289
0.2570508493543649
-0.3821276717057803
-0.16994734191576072
0.7472139374692052
0.5144247842566324
-0.7337635991153035
-0.7435284494144522
0.2663801695641759
0.37769316849736057
-0.09288281928061987
-0.05103076393525312
0.24792860612371742
0.1522507740479602
-0.22898501265548044
-0.23664436689643456
0.06461732232753613
0.13502197364567065
0.07219436553473847
-0.02947709775298741
-0.25910723898294885
-0.16445107832105477
0.28120542947644733
0.29907548514586585
-0.052904789415962716
-0.09009666612083372
0.07360941050962862
-0.05355631579008441
-0.3923004903764717
-0.20347216795402628
0.4909380005453282
0.4100933082494748
-0.37923329494969016
-0.3531513555039206
0.3226904205775467
0.2813783025092902
-0.28137946976071065
-0.21233662359036384
0.32747007069358375
0.2005365470694948
-0.46930705958041025
-0.32433428472785636
0.519086670603225
0.41381553698480716
-0.48920076724794476
-0.42425592414688723
0.4087232477717258
0.36862350195092797
-0.3248623290899498
-0.3095052021312884
0.21029390515501487
0.25839874848746325
0.010289418829524156
-0.0333235001757739
-0.004257545533849189
-0.09270676533943249
-0.2447886959803777
-0.10534384645852042
0.3334579936928914
0.26428800564981947
-0.2893030833253432
-0.2758190117411653
0.20011842774548305
0.232060563347999
-0.03668836946388342
-0.08619016157528553
-0.040480549753763105
-0.028641548260186642
0.017855659690055252
0.01027867726104095
-0.06336516111338196
-0.0040899542581657455
0.17998840331913538
0.07681022015538869
-0.30535645136630074
-0.2081299064912495
0.3352136622512619
0.22300770195623654
-0.4638375189089238
-0.20730388448476106
0.8841987059354833
0.6395002920690843
-0.7968272511312703
-0.895021973951813
0.073251165340398
0.29276581107834976
0.13858269015741223
0.21122005302998287
0.2643046500606023
0.058436505677334515
-0.3857013782454792
-0.37504237056013984
0.09500685373551802
0.11838771848368947
-0.20002222063938396
0.011155878052612533
0.6472780013253174
0.3451581603479691
-0.8457490344959294
-0.5758061257025566
1.0375359019626327
0.9092171877052488
-0.6833968087344979
-0.9500599407283639
-0.31686575579019094
0.08511163025752601
0.6925136977000687
0.5490975653588728
-0.5316661677364054
-0.5629273157539081
0.30507397820448234
0.41817500049878653
0.06962230988933221
-0.033642032762915455
-0.12289640828664693
-0.18531161078707825
-0.13951973685107977
0.01145680294446401
0.30667649069139336
0.1884170618887669
-0.3755578908058554
-0.30104878237055677
0.3503814633556283
0.2884946145685667
-0.3517364617786065
-0.33736497524517256
0.17045009664066588
0.32919274484859945
0.3125678914305363
0.14156070783055758
-0.3265365579138739
-0.38583444496770275
-0.03118391453049791
0.15022003036510762
0.29247682086218457
0.05967166621950262
-0.6708999062990089
-0.5381191023518567
0.4399990507757583
0.679410529457397
0.3832626319530757
-0.01471734377393235
-0.7995495898936795
-0.48797188420700144
1.0412411629918583
0.8856245940866473
-0.7811444667109199
-0.9781425716931338
-0.10873345036364368
0.18586431116457616
0.3515060323205252
0.3679183692818458
0.007997553531080904
-0.19818317661247759
-0.3107694214223195
-0.08575734864447104
0.6060292484536651
0.4025409231546491
-0.69701282744205
-0.5967603542862187
0.5421452416265027
0.4988624998606112
-0.4587649300654974
-0.35857616497775785
0.5243043457234374
