-0.01373157581563726
-0.014037924943445515
-0.014349759903398008
-0.01466729221287813
-0.014988474753586459
-0.015313942730057518
-0.015589069033512797
-0.015808028123733227
-0.015996829117720778
-0.016139520128838798
-0.0162669042744352
-0.0163800879836845
-0.01644904965700145
-0.01647924389797686
-0.01651063120406597
-0.016542058477794955
-0.01655705876930202
-0.016564748701628544
-0.01653249871441603
-0.016457473810257705
-0.016362791833147594
-0.01624047453613666
-0.016127171846010736
-0.01602846552483675
-0.015920845088922397
-0.01581499596544513
-0.015694343875210313
-0.015556933590105161
-0.015420436901411216
-0.015281396204902431
-0.015103638669758982
-0.014886340144485817
-0.014644581522802225
-0.01436913101698793
-0.014085472449701188
-0.013795159546008837
-0.01347771900975603
-0.013138659183852356
-0.012819826216170668
-0.012522992874171066
-0.012232296308707457
-0.011959115881976191
-0.011674240983592443
-0.011376783231058396
-0.01109147382878756
-0.01081267472073984
-0.010517410397056092
-0.010207002444985418
-0.0098890678055539
-0.009558434855589194
-0.009235748576127132
-0.008922383576945922
-0.008604110390085188
-0.008285806223238802
-0.007931621639492275
-0.007536716751636433
-0.007121667339779415
-0.0066759910968090174
-0.006217238561670911
-0.005746791547426434
-0.00524648013096824
-0.004719667019815089
-0.004197359743025709
-0.0036796304367827824
-0.0031535271937834022
-0.002626617593826177
-0.0020757389199919595
-0.0014991902985828592
-0.0009146211031667691
-0.0003167234594870142
0.00020885339282787597
0.0006514441416867459
0.0010549728918583666
0.0013940774231956665
0.0017137218634496398
0.002015909974135611
0.0022548831409739426
0.002438530532720362
0.0026349596804586743
0.0028429265551181415
0.0030335421444516804
0.0032226064490073255
0.003356262826224163
0.0034298115981433036
0.003482151071730096
0.003500212059458136
0.003536197357940824
0.003598730437700468
0.0036530941836952027
0.0037146873525314024
0.0037612561467950134
0.003789942724614321
0.003825442278292535
0.0038631277138743416
0.0038490027985753094
0.003781671990358649
0.003684030926308763
0.003542268861730936
0.0033939893307581006
0.0032415496196133826
0.0030545814564227622
0.0028412247770489467
0.002674232990359439
0.0025573201718708666
0.002461938628109555
0.002408067060476641
0.002346284353695663
0.0022750545296839507
0.002236941418324
0.0022224949225287225
0.0021900963099536026
0.0021419505210574924
0.0020924248462595068
0.0020321371238002425
0.001997926182465289
0.001992367776487381
0.001989975644608339
0.001999505870159642
0.0019609938104404273
0.0018662246868954137
0.0017501121829923126
0.0015951334372143492
0.0014303777899093769
0.00125826921205869
0.0010485997635886763
0.0008070029223875095
0.0005862120821868438
0.0003864991912871698
0.00018585120548466846
-2.779336408616267e-06
-0.0002184750104279654
-0.0004640387162116352
-0.0007094753866459016
-0.0009636722171738753
-0.0011740526903327904
-0.0013319819429467973
-0.0014684793215075085
-0.00156746166626199
-0.0016520266088387073
-0.0017236898917875373
-0.0017560602954237864
-0.0017530303071431634
-0.0017635386663001984
-0.0017875034975789392
-0.0018030665784372372
-0.001821849206732822
-0.0018071739743203146
-0.0017557534864575044
-0.0016948964544551918
-0.0016157768273966288
-0.0015435076906748326
-0.0014831554862334792
-0.001416139325815899
-0.0013500803438014543
-0.0012761339303978534
-0.0011927530239909064
-0.00111109867411411
-0.0010293049414156696
-0.0009176931001205679
-0.0007752062053222482
-0.000614866660910727
-0.00042899436817247355
-0.00023754809406757092
-4.1809241310026654e-05
0.00017467644459964428
0.00040762195034370596
0.000602554583797345
0.0007559827125035926
0.0008905499389616123
0.0009911059914142844
0.0010930982083972684
0.0011977307838578193
0.0012736889449298213
0.0013276906172762914
0.0013930435773986214
0.0014682719252252245
0.0015412952677224022
0.0016196880961642784
0.0016747423617929748
0.001704363798632112
0.00172863465105378
0.0017407166459682331
0.0017827646511129264
0.001860759098309198
0.001949628422391215
0.002061722611542456
0.002177023607438036
0.0022937511506462382
0.0024329398053430816
0.002590687672036659
0.002728945441331085
0.0028473945148700546
0.002961991133455972
0.0030633347121046058
0.003179350896493405
0.0033120174779577177
0.0034397447656185957
0.0035688457907665223
0.003671953567609499
0.003743881688763882
0.003801957579720766
0.0038376143162001026
0.0038614168677428384
0.003874192550135302
0.003862699478354519
0.003828618373009078
0.003799596042228902
0.0037757573736144014
0.0037443918628799907
0.0037121011786352687
0.003658623113279798
0.003582074652799392
0.0034976919473039413
0.0034005846889862412
0.003301791341766284
0.003203849715824392
0.0030978121202527766
0.002987078886167081
0.0028684012492170437
0.0027409889357872287
0.0026094552112960506
0.0024730685791734637
0.0023172907178733737
0.0021414667341805704
0.0019520578959233274
0.0017452406927788518
0.001530486443609161
0.0013083731530380844
0.0010708993867262807
0.0008200542532773658
0.0005878232581725314
0.0003764134733162613
0.00017212727042443155
-1.6115537670332228e-05
-0.0002087727974791139
-0.0004066068863371586
-0.0005913967230608387
-0.0007670345239311687
-0.0009537353881415944
-0.001150719711352589
-0.001350560765662258
-0.0015579036099841047
-0.0017555981241053305
-0.0019424074433359783
-0.002130455158729941
-0.0023156827714079418
-0.00252219819208044
-0.0027535148138585906
-0.002995208373554144
-0.0032543792178771256
-0.003519761464243386
-0.0037903572750259875
-0.004078159031507957
-0.004380995911732419
-0.004676904327694564
-0.0049657062291205084
-0.005256689694506937
-0.005544443396045543
-0.005845080719399294
-0.006159773283086223
-0.006476090804480655
-0.006797696705624635
-0.00706891675731264
-0.007282673972496379
-0.007467641064445403
-0.007607271907534619
-0.007730521705935821
-0.0078386579654811
-0.007901985417635848
-0.007925538013288595
-0.007953909737210978
-0.00798628353378897
-0.008003623068897686
-0.008016253584832711
-0.007988935239962146
-0.007918547812899373
-0.007830509235192493
-0.007716238136819255
-0.007609503232709151
-0.007515878332297601
-0.007412781631492408
-0.007310153010193007
-0.007193595063725356
-0.007061211770162989
-0.006928936322514292
-0.006793742757871564
-0.0066204959513854415
-0.006408239380793272
-0.006171828005184262
-0.005902242462022976
-0.00562386081019124
-0.005338174593009074
-0.005025413087201319
-0.004690820832744938
-0.00438293388683327
-0.004104257540462036
-0.0038355883227074554
-0.0035902454826137894
-0.003335329570626311
-0.0030697747532153034
-0.0028219159913027165
-0.002585438609777465
-0.002332326147669195
-0.002063998960878791
-0.001790131516567161
-0.0015043740086268878
-0.0012313884525786156
-0.0009728731448235001
-0.0007116850961281927
-0.00045365975768618883
-0.00015892263768400343
0.0001780369771653595
0.0005340180411049092
0.0009207011292544562
0.001318831429947958
0.0017268289715145508
0.0021647832053920315
0.0026289926582662225
0.0030843795778878785
0.0035307894289665145
0.0039829227855500155
0.004432186826615722
0.004904620260060241
0.005402122383090449
0.005904760783085849
0.006418481736571193
0.006858424094031683
0.007213735962053364
0.00752841749116077
0.007777258486620332
0.008004212552809186
0.008211278907656645
0.008353320399083106
0.008438010875973756
0.008533724811933546
0.00863929710811892
0.008725554894348555
0.008808379005254366
0.008833923919564722
0.008797461148210952
0.008737950856743082
0.008642320633420518
0.00856148866477659
0.008503960396216882
0.008435618766721479
0.008371496199841202
0.008290080801367092
0.008188545190068558
0.008090882316071668
0.00799260160246586
0.007840552442033253
0.007633308451330635
0.007393432764517427
0.007107306498871378
0.006811828241250432
0.006509297377754028
0.006169841431745271
0.005801429271662659
0.005477732240359537
0.005202597856151677
0.004946913132925239
0.004730924519982963
0.00450478185449626
0.004266905142041042
0.004060309586369493
0.003875458314582306
0.0036698684379419806
0.003445731148785013
0.0032177738581193943
0.0029763970399035882
0.002759060804941877
0.002568381353127763
0.002378382202607321
0.002197956462175232
0.001966728562260949
0.0016763838153453245
0.0013621229302563512
0.0010062865494959879
0.0006380775197993796
0.00025992962973876824
-0.00015855210813952612
-0.0006117222832789168
-0.0010463789537061476
-0.0014622471963783481
-0.0018815698781173382
-0.0022912843324997944
-0.0027308109763790616
-0.0032029890569580726
-0.0036775717509368376
-0.004163530848345124
-0.004579312411539947
-0.004913278130620666
-0.005210059335740364
-0.005445129906665665
-0.005658120212910746
-0.005851115644919036
-0.0059817213444021125
-0.006056760357893627
-0.006146061278292623
-0.006248897263778808
-0.006334846881482005
-0.006420281487884294
-0.006451363697799057
-0.006423315264472073
-0.006375558405343882
-0.006295064738052791
-0.006226731521867279
-0.006178596996093074
-0.0061194640650113164
-0.006062710983179106
-0.00599046244155416
-0.005900120197116
-0.005812414141239658
-0.005723593337012517
-0.005584601803612818
-0.005393950948799789
-0.005172718039813644
-0.004908279301972634
-0.0046342711215233805
-0.004352804647223938
-0.004036446476537709
-0.003692439137200435
-0.0033971815559803655
-0.0031550638250110083
-0.002935177230296468
-0.002758625149671051
-0.0025745884329345286
-0.002381396914941928
-0.0022233449839108186
-0.0020907433976625196
-0.001938324442457775
-0.0017682607277864418
-0.0015965703250833659
-0.0014129871514155217
-0.0012569922498369384
-0.0011313911577361317
-0.0010086805791303622
-0.0008982411366091268
-0.000739012990460174
-0.0005224691441207516
-0.0002845069798144
-7.248089624036026e-06
0.0002800213235026418
0.0005747980080156458
0.0009077075176457553
0.0012730752326365017
0.0016165428853581333
0.001937761404301724
0.0022595002142033875
0.002568382593493801
0.0029045324740972697
0.0032708268136938863
0.003636391973325029
0.004010339786528545
0.004318669754682249
0.004550426691333015
0.004746790147131304
0.004885395272929347
0.005001369348250857
0.005096629284869905
0.005132992133812006
0.005116453632479158
0.005111627504382297
0.005117952973951108
0.00510706267933638
0.005094132063702981
0.00502963865993606
0.004909150583006079
0.004769029172987237
0.00459728486667494
0.004433495764289498
0.0042849017049294705
0.004123611140046655
0.003961441724434521
0.0037829523128371212
0.0035857964105774007
0.0033881017948326287
0.0031866048378948295
0.0029373147833650576
0.0026388234133587073
0.002310077800475824
0.001939725150363966
0.0015577648514146071
0.0011660642488827032
0.0007400549057180208
0.0002861726266548777
-0.00012416348395015978
-0.0004867429328493012
-0.0008307099426440313
-0.001136317066923456
-0.0014508315604568954
-0.0017758442252154977
-0.0020700526042381944
-0.0023424738702451657
-0.0026358381073693505
-0.0029481644911877754
-0.0032642600345324214
-0.0035938418110067335
-0.0038998109806225863
-0.004179534544095013
-0.0044589280868442376
-0.004729189479389413
-0.005046970529289636
-0.005420236651649343
-0.0058156196693472575
-0.006249727156603804
-0.006695493740333092
-0.007150604168646543
-0.0076434472189628126
-0.00816879026639978
-0.008676061772142507
-0.009164935228175708
-0.009656635152887555
-0.01013872207469836
-0.010648511171896144
-0.011188692165509724
-0.011730560134136056
-0.012282597950296521
-0.012762284990778307
-0.013158030585811671
-0.013514549008443935
-0.013807055973462056
-0.014076074576222926
-0.014323660333226887
-0.014506727328628842
-0.014632249183455515
-0.01477016320154843
-0.014919644229912637
-0.015050289091315996
-0.015178452396671399
-0.015249986343696542
-0.015260071786075026
-0.015248241130974841
-0.015201366096279575
-0.01516568453784523
-0.015149344761229677
-0.015120417002731926
-0.01509263863429402
-0.015047340368548922
-0.014981846430783569
-0.01491758496116762
-0.014850626297272811
-0.014730859421887163
-0.014556777669969332
-0.014349831210700983
-0.014097119937739756
-0.013833052245551498
-0.013559765001229383
-0.013249197887471142
-0.01290874758954348
