-0.033327090085518145
-0.03358817766346825
-0.01005320119553367
0.048384522056510205
0.045071234380328555
-0.02139058369986474
-0.02780212561689896
0.011097366586312267
0.006448359444217871
-0.024779881367705828
-0.016869637010342525
0.020997619873262225
0.027320801185741556
0.009762892582819354
-0.0008254578841135477
-0.014586177481880562
-0.021262462632718252
-0.016569472494235828
-0.005429165590214084
0.016508538241485442
0.025137320604661346
0.019272211391707907
0.003374415836904476
-0.02934008892094874
-0.025280244431868857
0.01839891430867434
0.02164615010806477
-0.007422908744138863
-0.014912200173718861
-0.012987862707770213
-0.007150390985748967
0.01059914535884435
0.020212041491539465
0.022082880853504867
0.007914342896418436
-0.028183014383934127
-0.029542801596522977
0.00399759286303508
0.0123153644858256
0.004952075344679081
0.005197345845004044
0.004019156822523613
0.0001628128685331604
-0.004674957411333034
-0.007112594397697687
-0.006602040086956978
-0.001944918511894417
0.008322069810350436
0.01012794810265866
0.0032205750942211966
6.84975977772365e-05
-0.0020715927713392756
-0.0066106940563856464
-0.011975740123814874
-0.004050477255451997
0.018431492515585336
0.013204227068088941
-0.019325207391077237
-0.01683384107259447
0.015518191714157156
0.01639596085051087
-0.005941832416365063
-0.008378192637606183
0.000778930916738823
0.001515822480965498
-0.0004814870850640782
-0.0008589598932667239
-0.0019262232476740073
-0.00016072388189916729
0.0049667539503619445
0.002128042614488211
-0.008658391359838043
-0.0036698856644357724
0.016390026489549615
0.011383473919149832
-0.016561600757033224
-0.017363163525038493
0.004046954071613974
0.006235231026726466
-0.003718245227997106
0.0022743670706468666
0.019283476021656892
0.011687144677343194
-0.018781817325660647
-0.020198934635053442
0.0035416327396697324
0.010469330513166323
0.0086998492040603
0.0013116973631523763
-0.0187113574303189
-0.012014207540560665
0.022690007027064116
0.018050867485486958
-0.021404540025797177
-0.018830926439943788
0.017415000699625167
0.016510353990691527
-0.011819434961810907
-0.012319646876136221
0.005976999064720318
0.008039749417816667
0.0010705078529237493
-0.001453878017674726
-0.004288613068812288
-0.003816841916946932
0.0017363906149921707
0.0022089678102859512
-0.001636157030250817
0.0010900139062356643
0.009172220562733036
0.006399184573307635
-0.006498824387156585
-0.012541862925357288
-0.014172645823838509
-0.006239970249637495
0.015193688340232612
0.020497458959730794
0.010200852204518635
0.0016346228171250864
-0.01125266063529078
-0.016891803396061326
-0.012653587342553157
-0.00026991216418771917
0.02455000148595602
0.016999959460676957
-0.025450094757734937
-0.022093677734426824
0.02155216371542373
0.019785318486310457
-0.016821425410345602
-0.017139989288461346
0.007867550679432773
0.014156088149946398
0.011394483171288425
0.004671504068616052
-0.012843863870108075
-0.01688846239893688
-0.006987435417448638
0.000595077203069186
0.010953110563594489
0.011709370074850747
-4.8938439614236396e-05
-0.0052855465395809376
-0.006942704546943222
-0.0018393579951962444
0.013884027797179385
0.010352691544271844
-0.012549509492861348
-0.014847121835362036
-0.0007010180088662654
0.0030853330001819413
0.002597111478545932
0.006235870310203586
0.010620888572189104
0.0038560302546955974
-0.014572795684183943
-0.014655330027355227
0.0029090442426693763
0.004450448099775391
-0.005494395190932423
0.004003151780171595
0.029229562474739828
0.017078801319472335
-0.031141907101600804
-0.03261428949364523
0.006852246455565806
0.013732615023781791
0.0004556300526049738
0.0036324478716916212
0.013211740902220874
0.0057524658540145605
-0.016041026496834674
-0.016653534743425645
0.002069860320024817
0.0047496215752513785
-0.003213453593241204
0.004723955079361768
0.024357079980080416
0.01353154278846521
-0.026789698991441638
-0.027012590388912076
0.00854784679067284
0.0140505326769577
-0.00016083828391723652
-0.0009011913518896339
0.0024621965428380235
0.0014461145329347914
-0.00037305626797489474
-0.0019287691699609564
-0.003883948446219799
-0.0007286046910310218
0.00819025725234752
0.0027375195454414285
-0.017270576012232412
-0.012632048000340212
0.01496081506896625
0.01881336359881996
0.004151012630552961
-0.0026864218803262676
-0.009194205513588306
-0.011757581389158372
-0.006644384886494167
-0.002074954719550844
0.0039031614112494686
0.011959172474691387
0.021139448595572367
0.008875162861165615
-0.027422930510476156
-0.024110772609824322
0.017506145214788563
0.01942425158417942
-0.009382004380368243
-0.01294954772513078
-0.0023580114595402333
-0.00031385487992640205
0.0006502764122938245
0.007396168631337624
0.01800482202575731
0.008446876263557494
-0.02257566965042984
-0.021144549079799083
0.01071566525794235
0.013413128809782475
-0.005263655918905796
-0.003960710397173141
0.009197958339047673
0.007486894064339233
-0.004510383977435601
-0.009258871199018073
-0.01021601920585604
-0.0023969301078363226
0.017873139954525524
0.013848094083624383
-0.014918176073113099
-0.012416382960150298
0.01671726916238476
0.009153656489288533
-0.028566690946232293
-0.021469075447700242
0.023902044629600303
0.02749401282809722
-0.0013167102959347335
-0.010189128283411184
-0.01116266348117414
-0.007221296963820264
0.009586636907110629
0.008283740169306147
-0.01117496348882297
-0.0042210782958098155
0.025376559385306235
0.019816881503556656
-0.016489294089158474
-0.02674540666193492
-0.018989842126314355
-0.0038161020664343693
0.029248557675246627
0.02481034260606843
-0.020203299376128768
-0.024034838702397504
0.004909516760424619
0.015445983487236784
0.020322699465295056
0.009415824377658215
-0.025801808644284864
-0.023782275242027036
0.014690614240325682
0.018899558580114037
-0.0019950788126012965
-0.010055361358177535
-0.016040731648893608
-0.007665092806487171
0.02127161742550729
0.02012695815476145
-0.00982146492606805
-0.011363183313893613
0.008187297663562016
0.0034071327516778382
-0.018431046501478338
-0.012513295669927711
0.01683270227571662
0.016506090608915936
-0.008511696849928056
-0.012648124970693028
-0.0034776352926581015
0.0071550888331392655
0.02673387495330696
0.016273499538812148
-0.027644218207638734
-0.03064624678030093
0.0023729621056623393
0.010467425112044352
0.005294323557360975
0.006488573811012053
0.005384859137065086
-0.0005670176873410347
-0.01052321975453883
-0.007272880022050723
0.01032227348862666
0.008435174626859469
-0.010896335813160884
-0.008928056096234573
0.010046164121484626
0.007772514924168876
-0.011164837798701173
-0.00654697959781728
0.01744366542507337
0.013417556337060682
-0.014386810346208975
-0.016734962318847284
0.00036191655060433794
0.005721398392246044
0.0067222857362872835
0.004710076347230587
-0.004998888966326358
-0.004151588636484099
0.007176697223587714
0.0023100452308994854
-0.01663145049294975
-0.010494466059069441
0.018467927917212353
0.0181331652235605
-0.007059557609691924
-0.007751239446350447
0.008934242127772067
0.0002754160711904353
-0.028127059987514715
-0.01737160240864528
0.029477725987695283
0.028426347955197644
-0.014125566355629364
-0.01865044136369448
0.0029666406646785544
0.008327137608674439
0.008909067644484557
0.0039022953433388097
-0.012679763832470067
-0.014787318469349655
-0.002852815183277221
-0.00046446870140842385
-0.0032591713681181674
0.01263620150513641
0.0455254298371297
0.026309737940693887
-0.04618798851762756
-0.05345308434111812
-0.0034345076247433086
0.013154758239035296
0.01566105758740459
0.019121470434495434
0.01028564166594797
-0.003229838097992764
-0.023086721325805738
-0.015474059907940194
0.023669334355924332
0.02037764253791692
-0.021230826798218312
-0.018887346987638904
0.017646919675980435
0.0165799434025095
-0.011759858988723015
-0.013943392301777015
0.0008159347618679942
0.003474570065624672
0.0012628556104201986
0.0037748966176155757
0.00754455895088362
0.0031350105557729413
-0.009375944515113458
-0.00989297575497738
0.0008880375647816923
0.0035938914350992185
0.001478640752597473
0.00428479843608279
0.009400315143708048
0.006240359889490206
-0.004889562079661192
-0.01354602122753683
-0.021571511836584376
-0.010292580615603168
0.0241079175485365
0.026564398644444272
-0.0012565307467044032
-0.010232824011296587
-0.009641027179996983
-0.006002722942962276
0.008587055883408126
0.008094954077539128
-0.007907778246446126
-0.007102277645976584
0.006648698113642063
0.006002655776227258
-0.0050045384016999565
-0.004574263525910378
0.003985338318846258
0.005382070798009125
0.0024604385911892426
-0.0012275663017648625
-0.008139253586818438
-0.0016690908446070367
0.01961868682427444
0.005445577212174939
-0.04399607156838254
-0.030641448640458663
0.04166419299199553
0.042866895001001534
-0.015073948408966953
-0.02436944320265174
-0.0037915188329665987
0.00594657632759155
0.020758212739997086
0.013933749231494028
-0.02049331963150405
-0.023300800362515944
0.0014379143000302543
0.007960195147383624
0.005583745334177175
0.0038667217886078306
-0.003927415179990032
-0.005880543726408455
-0.0014960559400954876
0.004224210437558881
0.014084598395941486
0.008971290139583896
-0.012865067826310009
-0.014540296406343498
0.001507507753923677
0.0072421159604636924
0.00866141647562855
-0.0006560186034873108
-0.025933278639144082
-0.01862122323335573
0.021771663718985406
0.02860117619954097
0.008677056627062208
-0.0028786241127790597
-0.017253659198485215
-0.016815513044431536
0.004043248929925047
0.009576699710481678
0.0037390008508566275
0.0007273532154811075
-0.005518921539419353
-0.004570391497427485
0.005357404809914536
0.00435191059552739
-0.005969646601122442
-0.006848330728973145
-0.0009389734429425384
0.004782342142248633
0.013424110197082435
0.005489591217956494
-0.021335722713660635
-0.01275065363705609
0.030183624458973456
0.024280442552770235
-0.024490151764396118
-0.02828382249456004
0.001944033076195385
0.009760524418091283
0.008044347098524715
0.0062536891484231
-0.0036394210649846053
-0.005056628393167102
0.0023775547741193897
0.00047366775042037205
-0.008141560343571027
-0.006281564662023227
0.004231649886273788
0.00888312573992283
0.010085374924771476
0.003604109766122708
-0.013779251509637849
-0.010206531847710561
0.014688076100148816
0.01432718473703206
-0.0070791893432899525
-0.017098902894253573
-0.023051652205127372
-0.013537815538736744
0.01773983614987926
0.03237756354240521
0.0328775011670912
0.01070999815254925
-0.04406748285409936
-0.043785410672875814
0.012630136016983077
0.023168623479301712
0.0020970354658083512
0.0006090700078637381
0.003522530118295085
0.0011250344621675829
-0.0012138663598930113
-0.005878492637357649
-0.013476826419619026
-0.007392837943434695
0.01331466985279653
0.01652736690024871
0.004112802694106415
-0.002924761044388392
-0.010331657786712653
-0.008957868691264092
0.0048436559425577294
0.005681654339142904
-0.004672998416544023
-0.0036225197510804533
0.0052086396972704
0.002388519040467734
-0.009724727164416868
-0.0016943375782158894
0.025232625496948442
0.018349406683119452
-0.020108001902524156
-0.026836413143888994
-0.00889869509788622
0.004077037326724119
0.022887235689816113
0.017596856115839485
-0.017360342113243516
-0.015179133039157565
0.01993504394887655
0.010476346775487776
-0.035432969848324565
-0.025410344537318483
0.03273359934058685
0.033226526110479535
-0.012964840349297894
-0.019383388130878188
-0.0009286067157508221
0.0045398073364732415
0.009403274833331069
0.00584616748475169
-0.011188392939132097
-0.009196706026688517
0.010658200694816853
0.011223701935378323
-0.003095366399030585
-0.010774521442499357
-0.017569551046035452
-0.008165923154759426
0.021975302225760114
0.023412339567077403
-0.002320655311878861
-0.0065049284989329905
0.0030779236028494793
-0.006731201647122239
-0.030035868804785728
-0.01613475229400818
0.03388695274099899
0.03295904093878525
-0.013994780286907909
