-0.0003501171885870117
0.0004269404192056176
0.0021383956742344473
0.004918248890499921
0.008365817842988161
0.012719858172269935
0.012875477807553761
0.008337071164326429
0.0017316694988387983
-0.00837512451056832
-0.01504696354084992
-0.017673260275782282
-0.02085525261913841
-0.02283701863507014
-0.018752533034380528
-0.008363111896960552
0.007526920941451837
0.030417742879025537
0.03931628012121017
0.03270246230700617
0.022030564201152365
0.0017881535473095425
-0.007812708430551348
-0.004689788639372675
-0.003251002537275706
0.0016288574293170028
-0.002630188263688967
-0.018348970299545953
-0.03543796058345559
-0.05747816132234567
-0.05746442924059593
-0.031933718778996846
0.0033918094820187495
0.05628551363154508
0.07790243305327542
0.06339381857593056
0.042892258426308796
0.003379006804070916
-0.018829459691555316
-0.019183809688187385
-0.026176940977491684
-0.03055057766071007
-0.02698726938939941
-0.017449079594875766
0.002983942967534051
0.035617865072874906
0.04587127278981232
0.032220492325104766
0.01264216279862427
-0.021530504316640758
-0.03773848351557027
-0.03259679064991866
-0.028965649648519935
-0.01852572997302337
-0.009157286087461924
-0.003188621195120977
0.009971584710736075
0.028256027140600597
0.03401987697022346
0.02713413051845108
0.014540971203809547
-0.008167231866238623
-0.018670773754378964
-0.015243088570468712
-0.01239115325534403
-0.004560294277926766
0.00035498058780954807
0.0007168910418066871
0.0048342501483388325
0.01066746366923228
0.011409067326745691
0.0074523511034407346
0.0005142542459349928
-0.011009107911155473
-0.014654819379691769
-0.009554704939644542
-0.0030480466072076297
0.008029864737763053
0.012433100023525193
0.008788576602735642
0.005092639081796364
-0.0016263051511869685
-0.005752238830362462
-0.0062201988174360795
-0.008177015721961391
-0.010105155334658314
-0.00879484285343298
-0.004446100940200438
0.0026473884842253426
0.013312221048993537
0.016578552874831745
0.011697028391630547
0.004658791734057148
-0.007388462402917295
-0.01203031774062692
-0.007968247677048877
-0.003555644973673222
0.004442216090273722
0.007269860843696966
0.003585584965347041
0.00023955209322271478
-0.00513753281562299
-0.00688191318733729
-0.003900532054382114
-0.0008308943143788641
0.0039540905938430316
0.005920644418579611
0.004278450773938184
0.002554845475060108
-0.000535786971133878
-0.002097793628512103
-0.00161245600289432
-0.001551418860982581
-0.0011194760419979727
-0.0006725808316173942
-0.000463856916723142
0.0003296171777992647
0.0015848320544438544
0.0017364044949606725
0.0007724304721106927
-0.0006474341862283876
-0.002907196377221182
-0.0037648724963037575
-0.0030240624529704763
-0.002080100685560253
-0.00035285769149063465
0.00026811956394363976
-0.0004634812159420661
-0.0011622640055025623
-0.002329884745741191
-0.00017669822784687248
0.00577885780920669
0.013342027219703897
0.02360236282703267
0.02468966626486831
0.015409534358827427
0.0023341923798087345
-0.017823344114627916
-0.029381212126186197
-0.03080981591714225
-0.03248692889469418
-0.030357118684651192
-0.023314996615401807
-0.01177688381536774
0.007193069945196575
0.034156486483739826
0.04650803050846148
0.04304625910933085
0.03531167177272032
0.01748664263301824
0.004962149689712428
-0.0008110139742456588
-0.012263699771571077
-0.025794816929976455
-0.031504143630680326
-0.0297418584456976
-0.022503823377002095
-0.007250200189287327
0.002621911524597574
0.0066056644494454485
0.013512989881509218
0.020317633407269768
0.01828582558873815
0.0072431202679107
-0.011036147248457145
-0.0390599209992451
-0.04668363497017658
-0.03174473311443777
-0.010975708686535494
0.02348179731244557
0.04606828378799131
0.05403682850480029
0.06634840961310891
0.07657407589824611
0.06875815240108506
0.04278831478536938
0.0009412508245525671
-0.06138781472579704
-0.09952147360938839
-0.11085328896466952
-0.12121696299607031
-0.11945434836157141
-0.09482903098409597
-0.04700457586262382
0.02858255695899918
0.13612134720679683
0.1820031060647386
0.16027828882498443
0.12017934845309308
0.037294049880125364
-0.014595906681232255
-0.028271549117606903
-0.06025125484882968
-0.0926451536251633
-0.10076214058885019
-0.0873921788825901
-0.05026537511768119
0.01701531020339043
0.048531027762080015
0.04165399597424962
0.03428565146562316
0.010617042134651863
0.0023344862068118122
0.014202535116180685
0.0182169918706482
0.022380982852782224
0.021192793524678524
0.011007970357128331
0.00048114606525013126
-0.012751778839976935
-0.022758879458460255
-0.028015880927666607
-0.03345665006671367
-0.03716314015266293
-0.029361875687540596
-0.009267927506686344
0.02032950666868713
0.06242299284912698
0.0700108554887878
0.0392149815314052
-0.00482897516914654
-0.07480295796139037
-0.09590636321337757
-0.060794708851098986
-0.016084636556964994
0.058030143618967064
0.0880888363277257
0.06507709647175632
0.04073982399383206
-0.004449937456557726
-0.027773384920108307
-0.021858309107075986
-0.023354291696598778
-0.020734674421379478
-0.016555883797019312
-0.014456737422802537
-0.0038684842949459706
0.014033943034496923
0.018247949093033327
0.008741239754544789
-0.0052052029129558
-0.028604711954477686
-0.03253854835497113
-0.0142853174335732
0.00821946564895212
0.04256967393965949
0.048110227245974045
0.020077523632538237
-0.01587779470643276
-0.07089631129600954
-0.07479359034568528
-0.019717367556553712
0.05153752353398074
0.15823534300102945
0.18218118261324018
0.1105432860819307
0.01598883127468955
-0.13361615682646408
-0.1986032473012889
-0.1631132364437997
-0.12125963506061119
-0.03595294722821844
0.01576260350805404
0.021418630281244105
0.04906257072918008
0.07866459286556345
0.0896158247054245
0.08690107115723314
0.06454033973298057
0.018054084556682927
-0.01019153623986279
-0.019840038100512363
-0.03570886311390798
-0.04846157002850182
-0.05096769335261913
-0.04411914057973805
-0.02402168588697069
0.011648076499494557
0.028532458717488513
0.0254723072076948
0.021555554414419306
0.008547302323002302
0.0013376837580130652
0.002068066280045573
-0.003146749661808332
-0.01071331385771016
-0.012193408512029918
-0.00846857668084189
-0.0009352009419122435
0.012294419749537005
0.015479470321281004
0.00764377829947559
-0.002063918361918783
-0.01759084005399656
-0.02254085089879475
-0.01495403126546558
-0.005892239454875723
0.009045121733378642
0.016775723585424947
0.01544748909091763
0.01500552800092006
0.01194695922313857
0.006902547981592731
0.0006461603296454039
-0.01006055657857121
-0.025093624600936854
-0.026431658055189506
-0.013022502614352338
0.0065419047975833694
0.037042206319420914
0.04476495786261942
0.026602880392628335
0.0027545577186971278
-0.03571777220722944
-0.04989806100310165
-0.03535059921775631
-0.01819978839157804
0.011909155463904642
0.02402660903360153
0.01374255404960112
0.00448970713961452
-0.012047481281824323
-0.014255756273677119
0.001722467234713566
0.018770195149235246
0.04301074837787891
0.04624380393042936
0.02443109489905244
-0.003947508248460145
-0.04692815852578444
-0.06195880994585592
-0.044240606338255446
-0.02098473846987235
0.01932105486138153
0.036414869331499504
0.025299911707326716
0.014996426499132565
-0.005131703695436932
-0.012813904713718923
-0.003906803591016941
0.0021944628759338982
0.011619503698572762
0.015275205165072992
0.010467210995985857
0.006485369075095381
0.0004784203344748507
-0.006014170512799396
-0.011976062253853857
-0.020576786119617153
-0.03126190964932564
-0.029173458986846104
-0.013308917644854671
0.00976411004299957
0.04413804280634825
0.052093956698235175
0.030285784742784302
0.00027455410064864414
-0.04802958609315801
-0.06344247341390746
-0.04055119558065776
-0.012381158932148625
0.034660519049443665
0.05452854376295532
0.04121346623578809
0.028109305177784722
0.0029246974645623703
-0.010840135076352352
-0.008678000071262494
-0.012021119850418491
-0.01447300322129426
-0.015173415875781665
-0.01619513586157792
-0.012814270271126351
-0.0051910179872226275
-0.00032475388314594526
0.002203515447209775
0.005758582775780149
0.008953415222203694
0.010995274138474957
0.011975381487337497
0.011233574331441782
0.008467574531083516
0.005409116074779745
0.0018829148098040175
-0.0033407255797143266
-0.010016095613937242
-0.013613919062073295
-0.013881136998689645
-0.01286000328501966
-0.009333571275271665
-0.005413359771853277
-0.001184338043569016
0.005488457539942556
0.014239522683058113
0.017835679173609023
0.015919397439996274
0.011738626878675797
0.003376350133824387
-0.0010871052725770144
-0.0010179893251084711
-0.001989511880845173
-0.0020336318528785535
-0.004648804814253634
-0.010608138230077922
-0.016696678964924012
-0.023916046184142694
-0.02300081741220046
-0.012701557118386336
0.0018160015247325485
0.02328779409698013
0.031698533577201496
0.025155680789775318
0.01564194454592664
-0.002181801759212067
-0.012341043480029169
-0.01295966599763679
-0.016262763543161668
-0.018199661124367408
-0.013054117329446707
-0.0012732331791747919
0.01772368091466761
0.045532482735217115
0.050428892471847765
0.030200106642803228
0.0014915828827775526
-0.044078091987575486
-0.06051453308012166
-0.04329248562526205
-0.021542186045753677
0.016845557266987013
0.03399591184017149
0.02494690856873422
0.01796308991848781
0.0030480088269917625
-0.0060957903144697725
-0.006052579921027994
-0.011583069628102212
-0.018871546824380473
-0.018864958351131902
-0.012441963794898297
-0.0009177058899562146
0.01778835325290268
0.0249096619807599
0.019291525012330852
0.011728719729663897
-0.00249892339816499
-0.010549572053018434
-0.010816105195478883
-0.013382614118498348
-0.014982445994249104
-0.011299697363097041
-0.002784080132889229
0.01115605931483089
0.03168702864383695
0.03431018156808288
0.017314431093438172
-0.006520731835817396
-0.04367977257011855
-0.05177413615547545
-0.02663006421110178
0.006021319737482122
0.057513588585902074
0.0719325968230638
0.04295528371097117
0.006805043557090381
-0.051571582734862564
-0.07270739349184113
-0.04918849624498634
-0.022068654272386006
0.024656885436535554
0.043887005671006604
0.02871735030125384
0.015032001748294901
-0.009899952765932966
-0.02002591786674178
-0.01016878792292304
-0.003272528504358582
0.007982141612138496
0.01213449272285622
0.005976245401741354
0.0009551659317262395
-0.006460943008034388
-0.009430922990096301
-0.006198919471595619
-0.0029819022924998146
0.0023397025595862093
0.0042472458196022855
0.0017169933829373192
-0.000799799034390885
-0.004880606211156664
-0.004909027887289483
-4.112155862365546e-06
0.0058441588051478645
0.01423168473551809
0.015457415560570526
0.008353396496882307
-0.0011221284791577317
-0.015672008617742525
-0.019782492328780717
-0.01177928594992623
-0.001376854986586606
0.015610709646545115
0.021684243234102406
0.014779715650216227
0.006797702954472372
-0.006934118820917233
-0.014919228833004254
-0.015393085660738175
-0.017771092355949196
-0.01900346069160437
-0.01603334333510619
-0.009368767904244351
0.0020464495816293277
0.01902973474448297
0.026871355231651416
0.024796560179425865
0.020666038165496548
0.010755094037614847
0.0031704763243238635
-0.0012065565143996692
-0.009452888548619701
-0.01968982792585535
-0.022280348919809272
-0.017107212433986375
-0.00736174887923291
0.009486293361419124
0.016518665189536704
0.01254650548205076
0.00793610177582142
-0.0015567355547922335
-0.0064099744184205444
-0.005208602627441451
-0.006008894480443323
-0.006355127405458325
-0.005420018117017712
-0.003914424574773978
-0.00029186662028119164
0.005546622726109407
0.008071029070624848
0.007170036201225265
0.005625514568484391
0.002112400385728079
-0.0005806731635121978
-0.0021465464238444505
-0.005029605604215454
-0.00858435662490744
-0.0077970965702673445
-0.002455707456611997
0.005546549466746402
0.017572992776811694
