step, usd->oil, oil->usd
Band: usd 0 oil 0
Linear p-values:
1, 7.37072709995179e-20, 1.0954262381738923e-06
2, 0.9420382305667707, 0.0017265811420267819
3, 0.94554971060717, 0.2679315207561847
4, 0.984444473774575, 0.29841752743741423
5, 0.9573955818470552, 0.6160651890984666
6, 0.993568447405578, 0.29947473746587494
Nonlinear p-values:
1, 0.03658, 0.39909
2, 0.03062, 0.33334
3, 0.02617, 0.25622
4, 0.02281, 0.21341
5, 0.01918, 0.19005
6, 0.01584, 0.1835
Band: usd 0 oil 1
Linear p-values:
1, 0.7401944711298771, 0.07622530739365199
2, 0.8235774971347744, 0.75905430341424
3, 0.9894782031355568, 0.9533240386280238
4, 0.9946619527588341, 0.9825273649372175
5, 0.9995105528194775, 0.9964557051957306
6, 0.999146594244085, 0.9982534744845937
Nonlinear p-values:
1, 0.99127, 0.88372
2, 0.9882, 0.87281
3, 0.98927, 0.87359
4, 0.99273, 0.85179
5, 0.99635, 0.83032
6, 0.998, 0.80454
Band: usd 0 oil 2
Linear p-values:
1, 0.7839820217599184, 0.1853216291830695
2, 0.8784703902440889, 0.2845545765019179
3, 0.9876224969645537, 0.673985492328818
4, 0.9901685042233407, 0.7952984012645558
5, 0.9956929472758811, 0.8591959853500566
6, 0.9904927924688826, 0.808217458051322
Nonlinear p-values:
1, 1.0, 0.77686
2, 1.0, 0.76096
3, 1.0, 0.74365
4, 1.0, 0.763
5, 1.0, 0.73373
6, 1.0, 0.63311
Band: usd 0 oil 3
Linear p-values:
1, 0.9755796843686866, 0.9310365350940611
2, 0.98351308324558, 0.8385002185471278
3, 0.9973798365779337, 0.9617218804500063
4, 0.9996206402876062, 0.9885218758076981
5, 0.9991110528911374, 0.9923253527088591
6, 0.9992162422264975, 0.9940998761521951
Nonlinear p-values:
1, 0.99999, 0.98247
2, 0.99999, 0.98572
3, 0.99998, 0.98603
4, 0.99958, 0.98306
5, 0.99908, 0.98435
6, 0.99845, 0.98652
Band: usd 0 oil 4
Linear p-values:
1, 0.9852708051031387, 0.9451063600994645
2, 0.9999745577107435, 0.6686492079397841
3, 0.9987999627408627, 0.7733610051954359
4, 0.9994783672603623, 0.8896156132347192
5, 0.9999067040935571, 0.9302081777906203
6, 0.9997009439386948, 0.9811754772087042
Nonlinear p-values:
1, 1.0, 0.96956
2, 1.0, 0.97846
3, 0.99995, 0.97882
4, 0.99959, 0.98028
5, 0.99913, 0.98268
6, 0.99907, 0.98189
Band: usd 0 oil 5
Linear p-values:
1, 0.9990595559639236, 0.861749545921371
2, 0.9878703807121304, 0.47048031828461034
3, 0.5516511155070156, 0.23844829403946075
4, 0.9279401933640518, 0.4073532241285137
5, 0.8178145102286911, 0.30404100025512626
6, 0.9752101618447029, 0.408482255907973
Nonlinear p-values:
1, 1.0, 0.9888
2, 1.0, 0.98644
3, 1.0, 0.98165
4, 1.0, 0.98152
5, 1.0, 0.97448
6, 1.0, 0.96706
Band: usd 0 oil 6
Linear p-values:
1, 0.9996723521853558, 0.9968840037493953
2, 0.9999867701041163, 0.9955230906897664
3, 0.9896109209982035, 0.9988353169477384
4, 0.98598078292796, 0.9997020994246464
5, 0.9221003652537068, 0.9986737968037905
6, 0.878899824395488, 0.9978472144852399
Nonlinear p-values:
1, 1.0, 0.99138
2, 1.0, 0.99187
3, 1.0, 0.9921
4, 1.0, 0.99234
5, 1.0, 0.99287
6, 1.0, 0.99359
Band: usd 1 oil 0
Linear p-values:
1, 0.00017531943218230221, 0.2194949835812334
2, 0.15575435846991825, 0.5427609181201981
3, 0.5892363650280965, 0.9273260651399082
4, 0.5550053583088316, 0.8644580323036632
5, 0.46694331929840616, 0.6460110512882176
6, 0.4991688836978344, 0.6949069883566598
Nonlinear p-values:
1, 0.57437, 0.12485
2, 0.60374, 0.12773
3, 0.62698, 0.10032
4, 0.61671, 0.09451
5, 0.59925, 0.09466
6, 0.63234, 0.09051
Band: usd 1 oil 1
Linear p-values:
1, 0.0011514078309277282, 0.00028668490192133687
2, 0.4426792955584168, 0.3499530082174762
3, 0.8335410971406505, 0.6772733634795189
4, 0.8358149938611216, 0.6855374910600296
5, 0.9032278775907125, 0.8043480486068392
6, 0.9272417130041084, 0.8639963664911641
Nonlinear p-values:
1, 0.78305, 0.79517
2, 0.80535, 0.74504
3, 0.84077, 0.64921
4, 0.86978, 0.65618
5, 0.9124, 0.65022
6, 0.94349, 0.64317
Band: usd 1 oil 2
Linear p-values:
1, 0.7441421420025454, 0.400820496967085
2, 0.908243521002638, 0.8983726091928904
3, 0.9904416313538708, 0.9835762045129856
4, 0.9964561651888224, 0.9958731356787394
5, 0.9992986871888708, 0.9988563252901252
6, 0.9965144573865231, 0.9992436477927311
Nonlinear p-values:
1, 0.98791, 0.80955
2, 0.99341, 0.81226
3, 0.99626, 0.7532
4, 0.99628, 0.78648
5, 0.99703, 0.73607
6, 0.99896, 0.51877
Band: usd 1 oil 3
Linear p-values:
1, 0.7467879111213604, 0.2522700162908565
2, 0.7972887163155697, 0.8678092509731207
3, 0.9488838517416635, 0.9883872452757849
4, 0.943752297700522, 0.9909132155502112
5, 0.9151063791355261, 0.901499122678033
6, 0.8832999832534025, 0.7630714255035659
Nonlinear p-values:
1, 0.99963, 0.88061
2, 0.99975, 0.90959
3, 0.99988, 0.93714
4, 0.9997, 0.9499
5, 0.99965, 0.95227
6, 0.99926, 0.96133
Band: usd 1 oil 4
Linear p-values:
1, 0.978213314432288, 0.7474481390126055
2, 0.9886972104371223, 0.442045309015351
3, 0.9982592127016076, 0.6615386672209278
4, 0.9609348259354636, 0.7553735163210342
5, 0.9780975837671309, 0.8167067875129875
6, 0.868682072550387, 0.9475336383579841
Nonlinear p-values:
1, 0.99992, 0.99273
2, 0.99992, 0.99056
3, 0.99883, 0.97851
4, 0.99612, 0.97517
5, 0.99464, 0.97181
6, 0.99424, 0.96624
Band: usd 1 oil 5
Linear p-values:
1, 0.9998955736767604, 0.8775480958153725
2, 0.9971065563529047, 0.6468784388198461
3, 0.9899127863893927, 0.6966887055079041
4, 0.9781796345871757, 0.8745818369958596
5, 0.9946225221156825, 0.904874147220282
6, 0.9860775717824432, 0.9165797316826287
Nonlinear p-values:
1, 1.0, 0.97378
2, 1.0, 0.97985
3, 0.99995, 0.98581
4, 0.9999, 0.99115
5, 0.99979, 0.99366
6, 0.99989, 0.99342
Band: usd 1 oil 6
Linear p-values:
1, 0.9999388779642947, 0.9778946322955915
2, 0.9998477580667913, 0.9488013750812362
3, 0.9760468076806836, 0.97749435686229
4, 0.9488189313673976, 0.9917582169182261
5, 0.975830129758688, 0.9947086083266734
6, 0.9776416555450206, 0.9988508178902413
Nonlinear p-values:
1, 0.99984, 0.95851
2, 0.99981, 0.97233
3, 0.99987, 0.96626
4, 0.99984, 0.963
5, 0.99987, 0.96439
6, 0.99992, 0.95962
Band: usd 2 oil 0
Linear p-values:
1, 0.018771243074837258, 0.720694133573796
2, 0.33891144722134303, 0.618047350592707
3, 0.8987498738879466, 0.9065028192150612
4, 0.5819592184815185, 0.7808047903802924
5, 0.4728818837917236, 0.7578785243229024
6, 0.5311957956325326, 0.7984392839672287
Nonlinear p-values:
1, 0.69092, 0.01881
2, 0.7253, 0.01826
3, 0.74838, 0.01779
4, 0.76468, 0.02972
5, 0.78797, 0.02529
6, 0.81876, 0.04538
Band: usd 2 oil 1
Linear p-values:
1, 0.003448954053168222, 0.0653258325479245
2, 0.7275301218872869, 0.35309752334938327
3, 0.9847142872167827, 0.7354831840789695
4, 0.9820922098447099, 0.8222305969037095
5, 0.9948762177052164, 0.8737865652403032
6, 0.9941561529126297, 0.7129047890154603
Nonlinear p-values:
1, 0.85056, 0.87071
2, 0.88192, 0.86712
3, 0.92702, 0.83071
4, 0.95725, 0.57463
5, 0.96889, 0.40687
6, 0.97991, 0.1757
Band: usd 2 oil 2
Linear p-values:
1, 0.6486385100139885, 0.49111309594755304
2, 0.829763410986107, 0.7785004928587995
3, 0.981375593286509, 0.9494411530491963
4, 0.9851053866167919, 0.9765161955931634
5, 0.9950642883281887, 0.9700364953917394
6, 0.9783148084709619, 0.919863532596071
Nonlinear p-values:
1, 0.99824, 0.96077
2, 0.9991, 0.91543
3, 0.99945, 0.7901
4, 0.99957, 0.69677
5, 0.9997, 0.56636
6, 0.99961, 0.40868
Band: usd 2 oil 3
Linear p-values:
1, 0.8660117898903168, 0.7659903364353897
2, 0.9800878635365786, 0.9918535422923054
3, 0.998371541797098, 0.9998812380300695
4, 0.9994234274815619, 0.9999801653968651
5, 0.999964489252998, 0.9999820073692871
6, 0.999984842764923, 0.9999223624845086
Nonlinear p-values:
1, 0.99988, 0.99196
2, 0.9999, 0.99201
3, 0.99992, 0.99257
4, 0.99967, 0.98695
5, 0.99955, 0.99001
6, 0.99936, 0.97966
Band: usd 2 oil 4
Linear p-values:
1, 0.8349729013770761, 0.43762398831673277
2, 0.8823978443193707, 0.782270655329242
3, 0.9557347600046996, 0.9446211651078875
4, 0.7815267109290784, 0.6426396052515768
5, 0.8439933724608156, 0.7749737477687876
6, 0.9414128069829895, 0.7939546990509991
Nonlinear p-values:
1, 0.9995, 0.97591
2, 0.99878, 0.97492
3, 0.99438, 0.97499
4, 0.99093, 0.96256
5, 0.99169, 0.94803
6, 0.99063, 0.9206
Band: usd 2 oil 5
Linear p-values:
1, 0.9485159347292585, 0.838477966533322
2, 0.9589285800851408, 0.7084555384296622
3, 0.6815768568834004, 0.5811558398864861
4, 0.9595947325588017, 0.6986079743217555
5, 0.8334093428508438, 0.7874788845642581
6, 0.7170451420270028, 0.8740083394739779
Nonlinear p-values:
1, 0.99999, 0.98748
2, 0.99996, 0.97928
3, 0.99972, 0.97479
4, 0.99969, 0.9339
5, 0.99936, 0.85453
6, 0.99942, 0.76096
Band: usd 2 oil 6
Linear p-values:
1, 0.9970980969574371, 0.9946809190755567
2, 0.9999742482878841, 0.9940542616786823
3, 0.9987916727099466, 0.9987751979200344
4, 0.9987270515714867, 0.9996348033360621
5, 0.9984065816087895, 0.9996941008999324
6, 0.9991007572507955, 0.9999536928796434
Nonlinear p-values:
1, 0.99984, 0.97838
2, 0.99987, 0.97814
3, 0.99987, 0.9759
4, 0.99987, 0.95466
5, 0.99985, 0.94402
6, 0.99986, 0.83209
Band: usd 3 oil 0
Linear p-values:
1, 0.5714916985234709, 0.9672493765856818
2, 0.036724710320572264, 0.9182923048286805
3, 0.08051723685610514, 0.9558027839811931
4, 0.12301513132788548, 0.9818348982135326
5, 0.08066449428274783, 0.8361145816613771
6, 0.04026065454754668, 0.736844037525768
Nonlinear p-values:
1, 0.94121, 0.16877
2, 0.98001, 0.19461
3, 0.97475, 0.45177
4, 0.94627, 0.47523
5, 0.92133, 0.25556
6, 0.88119, 0.21605
Band: usd 3 oil 1
Linear p-values:
1, 0.32858282154901897, 0.6800275471928221
2, 0.003676871370952647, 0.6381310007202805
3, 0.04002340648651216, 0.8745527437084516
4, 0.0429538756374584, 0.8078502292916765
5, 0.04359516250273317, 0.821334805791412
6, 0.010864935529042876, 0.7452586467926063
Nonlinear p-values:
1, 0.98605, 0.72667
2, 0.99067, 0.72386
3, 0.98675, 0.52196
4, 0.98185, 0.43775
5, 0.97891, 0.46517
6, 0.98561, 0.66307
Band: usd 3 oil 2
Linear p-values:
1, 0.09795457096487815, 0.4049608205562062
2, 0.8892257744511911, 0.5377154807639595
3, 0.9553371820476622, 0.817189486950379
4, 0.9809004287455046, 0.7334466034784155
5, 0.9945456479181521, 0.9164830250533185
6, 0.9974089948062884, 0.8678119906217252
Nonlinear p-values:
1, 0.94039, 0.99465
2, 0.93808, 0.97462
3, 0.89678, 0.83429
4, 0.84549, 0.67303
5, 0.77283, 0.6032
6, 0.65202, 0.65458
Band: usd 3 oil 3
Linear p-values:
1, 0.26035772063449025, 0.4250713057693929
2, 0.5677793039096773, 0.7595276010466935
3, 0.7338489824654386, 0.9480371255560314
4, 0.6040616746267122, 0.8905518200026863
5, 0.7592048545563912, 0.9820921776873148
6, 0.7273300718226867, 0.9497312650146248
Nonlinear p-values:
1, 0.99562, 0.53507
2, 0.9949, 0.59549
3, 0.9967, 0.35109
4, 0.99897, 0.2997
5, 0.99814, 0.22455
6, 0.99509, 0.22735
Band: usd 3 oil 4
Linear p-values:
1, 0.5407525314468506, 0.5071921768861032
2, 0.740625162320676, 0.7936862428073185
3, 0.8942782923817364, 0.9459022079894572
4, 0.9538817779476434, 0.8819990870828306
5, 0.9844039175652242, 0.9591190170948436
6, 0.9318222652373349, 0.9765186385248573
Nonlinear p-values:
1, 0.99998, 0.99678
2, 0.99998, 0.99772
3, 1.0, 0.99324
4, 0.99996, 0.99348
5, 0.9999, 0.99146
6, 0.99984, 0.98943
Band: usd 3 oil 5
Linear p-values:
1, 0.9678191614059835, 0.857473923852801
2, 0.9877245762623751, 0.770358955757327
3, 0.9990401962311203, 0.9123802309341871
4, 0.9951957181719364, 0.9695366381554633
5, 0.9982385146464899, 0.9597619930888986
6, 0.9897471191401466, 0.9857267247691647
Nonlinear p-values:
1, 0.99585, 0.87585
2, 0.96972, 0.91586
3, 0.98742, 0.82722
4, 0.99251, 0.66575
5, 0.99567, 0.63373
6, 0.99724, 0.73547
Band: usd 3 oil 6
Linear p-values:
1, 0.9502807760906362, 0.9449640082607265
2, 0.9944334896874725, 0.8747990650622467
3, 0.6846317997688478, 0.9329998690751357
4, 0.6378462475930368, 0.929322637169364
5, 0.8014483849003403, 0.915230153816248
6, 0.9594813103932308, 0.9753880285913951
Nonlinear p-values:
1, 0.99882, 0.97114
2, 0.99893, 0.93818
3, 0.9954, 0.73911
4, 0.99375, 0.61841
5, 0.99546, 0.57241
6, 0.99528, 0.7143
Band: usd 4 oil 0
Linear p-values:
1, 0.9834687674620668, 0.9958776785025856
2, 0.6868794800621945, 0.9996939868697374
3, 0.7630637541804585, 0.9993373917107498
4, 0.8771857543768208, 0.9992978967809117
5, 0.9156819526506497, 0.9998478261177262
6, 0.9741011213421242, 0.9998708376963719
Nonlinear p-values:
1, 0.67212, 0.70605
2, 0.58716, 0.79948
3, 0.50398, 0.69717
4, 0.38378, 0.73612
5, 0.37375, 0.76145
6, 0.28965, 0.73479
Band: usd 4 oil 1
Linear p-values:
1, 0.4340035956029743, 0.8871201144034889
2, 0.6455219414784061, 0.8039820476985851
3, 0.7687996969063171, 0.7476994334313571
4, 0.2815985716549107, 0.1292146681401443
5, 0.22337776340830443, 0.10320557895752948
6, 0.655551159460528, 0.2712545096607461
Nonlinear p-values:
1, 0.96542, 0.94563
2, 0.95265, 0.8814
3, 0.9143, 0.83964
4, 0.94114, 0.92131
5, 0.96146, 0.90946
6, 0.97251, 0.89335
Band: usd 4 oil 2
Linear p-values:
1, 0.22557781200500265, 0.8726863033620984
2, 0.02128573608018045, 0.755988550653507
3, 0.09077324560985549, 0.8376578420217009
4, 0.0386446204560943, 0.25669007287001133
5, 0.046498227970412774, 0.2767138531008145
6, 0.1809474937903701, 0.06481785518062472
Nonlinear p-values:
1, 0.42104, 0.8425
2, 0.26741, 0.60648
3, 0.17403, 0.4452
4, 0.14622, 0.53924
5, 0.18066, 0.42853
6, 0.16394, 0.33361
Band: usd 4 oil 3
Linear p-values:
1, 0.44306253384524075, 0.6598682789217098
2, 0.997423959930185, 0.7475659811559696
3, 0.9998471716056406, 0.8873419424214811
4, 0.9929088199200623, 0.954490581176572
5, 0.9987597068246765, 0.9788688979009221
6, 0.9995747302423188, 0.9893683027987351
Nonlinear p-values:
1, 0.98065, 0.16937
2, 0.95807, 0.10276
3, 0.96041, 0.04186
4, 0.98818, 0.0712
5, 0.98839, 0.07442
6, 0.99483, 0.08848
Band: usd 4 oil 4
Linear p-values:
1, 0.8674398118926903, 0.812659001542388
2, 0.7092343205160008, 0.7988580166926733
3, 0.854045377830432, 0.9072510498673217
4, 0.9170784331328821, 0.9269382791896621
5, 0.9595016323378012, 0.9441642015926768
6, 0.9886534214725887, 0.9564995833455583
Nonlinear p-values:
1, 0.97541, 0.8062
2, 0.96328, 0.48603
3, 0.98779, 0.50457
4, 0.97931, 0.55914
5, 0.98492, 0.46636
6, 0.98852, 0.36466
Band: usd 4 oil 5
Linear p-values:
1, 0.8436019757559732, 0.5821959220234553
2, 0.9249679973872242, 0.8375755709994677
3, 0.8980509395283833, 0.9357646873454115
4, 0.7467638124211085, 0.9522723859102084
5, 0.7314290016780954, 0.9573565166853629
6, 0.6988143013537895, 0.9014233176330291
Nonlinear p-values:
1, 0.68186, 0.10815
2, 0.95576, 0.17422
3, 0.80345, 0.23375
4, 0.83213, 0.38579
5, 0.86184, 0.33498
6, 0.89333, 0.29725
Band: usd 4 oil 6
Linear p-values:
1, 0.8913211227765827, 0.7378285503225963
2, 0.9308541456479889, 0.5492070617952535
3, 0.6112325635075386, 0.7734858006894902
4, 0.6814592585461096, 0.8750469241017735
5, 0.7855546641810922, 0.9243673094198213
6, 0.6430549673430106, 0.9665003356361891
Nonlinear p-values:
1, 0.9661, 0.92014
2, 0.80843, 0.77193
3, 0.6249, 0.45039
4, 0.73562, 0.55978
5, 0.79327, 0.56183
6, 0.80773, 0.53605
Band: usd 5 oil 0
Linear p-values:
1, 0.9481674924989424, 0.9830666568220028
2, 0.2982639266786334, 0.9988250235569501
3, 0.15132698172809703, 0.9859463423181828
4, 0.2752037279587406, 0.8908676404513036
5, 0.4800021517119796, 0.9536805670431148
6, 0.3077071268883189, 0.396627672594311
Nonlinear p-values:
1, 0.84337, 0.00867
2, 0.79454, 0.00998
3, 0.92496, 0.00856
4, 0.9468, 0.0088
5, 0.98403, 0.01159
6, 0.97568, 0.01199
Band: usd 5 oil 1
Linear p-values:
1, 0.9474052030539132, 0.9918808510433791
2, 0.6755628696237952, 0.9999251180474051
3, 0.720063646118306, 0.9965382642614108
4, 0.8579636742729502, 0.9977492082628672
5, 0.958691809563579, 0.9995119110935561
6, 0.9519708169764498, 0.9898164007970206
Nonlinear p-values:
1, 0.99214, 0.9985
2, 0.99635, 0.99123
3, 0.99863, 0.98307
4, 0.99939, 0.9888
5, 0.99957, 0.98132
6, 0.99962, 0.98909
Band: usd 5 oil 2
Linear p-values:
1, 0.9966866323396013, 0.9823491369457571
2, 0.9543037507399743, 0.9952731624435754
3, 0.9892337937146186, 0.9947825600426674
4, 0.9990803784909355, 0.9993843678136245
5, 0.9996682243531103, 0.9994758996756078
6, 0.999808898944035, 0.9980798330120068
Nonlinear p-values:
1, 0.99281, 0.99655
2, 0.99388, 0.99077
3, 0.99427, 0.98826
4, 0.99541, 0.98752
5, 0.99543, 0.95089
6, 0.99686, 0.93142
Band: usd 5 oil 3
Linear p-values:
1, 0.7310491123379403, 0.9719351952882314
2, 0.7169137623255136, 0.9843401141918334
3, 0.8115875497744796, 0.9742510967594659
4, 0.9057296801270007, 0.8989288751216654
5, 0.9574718930547241, 0.9609863547433999
6, 0.9898338568624022, 0.9850649977023576
Nonlinear p-values:
1, 0.99518, 0.97623
2, 0.99694, 0.96917
3, 0.99784, 0.96818
4, 0.9973, 0.97355
5, 0.99796, 0.94049
6, 0.99831, 0.94786
Band: usd 5 oil 4
Linear p-values:
1, 0.255853047322042, 0.3981853677808844
2, 0.9203365063335014, 0.46507599013447387
3, 0.8243498255956262, 0.5577376648614378
4, 0.9168506069320997, 0.9033448456540102
5, 0.8876884751484551, 0.5875690433189924
6, 0.9991841777404858, 0.7442221926514808
Nonlinear p-values:
1, 0.99856, 0.9998
2, 0.99929, 0.99959
3, 0.99964, 0.99961
4, 0.9995, 0.99979
5, 0.99783, 0.99933
6, 0.9965, 0.99734
Band: usd 5 oil 5
Linear p-values:
1, 0.7050856828984098, 0.4705889722759491
2, 0.8495811241201422, 0.7595446802264395
3, 0.9419887376489853, 0.8259206710709115
4, 0.9992293839808526, 0.922777093465682
5, 0.8894346637193467, 0.9530479197797653
6, 0.8775913404120245, 0.908016248529891
Nonlinear p-values:
1, 0.99962, 0.98857
2, 0.99949, 0.98715
3, 0.99742, 0.96972
4, 0.98832, 0.95452
5, 0.98691, 0.94549
6, 0.99351, 0.94959
Band: usd 5 oil 6
Linear p-values:
1, 0.42977262198053634, 0.5029149980684359
2, 0.6729808255669747, 0.7758074170387556
3, 0.7162630647967266, 0.7695535613418236
4, 0.950711528740378, 0.9918566892602106
5, 0.9576134283810268, 0.9799709629188273
6, 0.9293214782338596, 0.9751021247300132
Nonlinear p-values:
1, 0.99913, 0.99809
2, 0.9996, 0.99907
3, 0.99976, 0.98841
4, 0.99966, 0.98553
5, 0.99971, 0.96399
6, 0.99974, 0.95965
Band: usd 6 oil 0
Linear p-values:
1, 0.9771376200076247, 0.9929561067744278
2, 0.7277684882220239, 0.9999603535403297
3, 0.506509852470076, 0.7036123415847889
4, 0.3215649654295684, 0.46970163820141875
5, 0.2126545457680353, 0.7945505786681786
6, 0.2649498253232877, 0.6629550223741452
Nonlinear p-values:
1, 0.94047, 0.20603
2, 0.90437, 0.36422
3, 0.93162, 0.45562
4, 0.9627, 0.39576
5, 0.95636, 0.37343
6, 0.94052, 0.4277
Band: usd 6 oil 1
Linear p-values:
1, 0.9814075633142549, 0.9816571028449768
2, 0.8985956117861078, 0.9983286522439395
3, 0.8654083064580332, 0.7176154460894891
4, 0.7112415579810067, 0.4238730322708334
5, 0.5824094516562239, 0.7786856302152834
6, 0.6039268035406233, 0.9346285447005238
Nonlinear p-values:
1, 0.99465, 0.99781
2, 0.98712, 0.9915
3, 0.99008, 0.99253
4, 0.97002, 0.98408
5, 0.95072, 0.97961
6, 0.95943, 0.97904
Band: usd 6 oil 2
Linear p-values:
1, 0.9479749165536316, 0.9897856834451919
2, 0.8465399866521743, 0.9947077549998339
3, 0.8849754675258278, 0.9618321300182892
4, 0.8628773880632342, 0.9289907586935097
5, 0.9290393163619086, 0.9133510163044712
6, 0.92825590521465, 0.9572877924184255
Nonlinear p-values:
1, 0.90444, 0.62573
2, 0.65916, 0.43172
3, 0.67567, 0.32276
4, 0.56773, 0.34805
5, 0.47397, 0.24702
6, 0.3438, 0.17438
Band: usd 6 oil 3
Linear p-values:
1, 0.9499533235920273, 0.9701131236244014
2, 0.9430911190986335, 0.998335305346401
3, 0.9708374892062028, 0.9460445887064153
4, 0.9510539871789017, 0.9215094162362143
5, 0.9833855783374253, 0.9829987797398787
6, 0.9925547957110118, 0.9944763859990776
Nonlinear p-values:
1, 0.76598, 0.12156
2, 0.52692, 0.13006
3, 0.69512, 0.14418
4, 0.37311, 0.15984
5, 0.27643, 0.18153
6, 0.27875, 0.15708
Band: usd 6 oil 4
Linear p-values:
1, 0.8119603617726404, 0.8244339763451242
2, 0.707713250758643, 0.9734169340369648
3, 0.7839957649106596, 0.9825287286601287
4, 0.7168700086539784, 0.9369127178260703
5, 0.5570957062413101, 0.8572776452260318
6, 0.8808084227935884, 0.8640784968402037
Nonlinear p-values:
1, 0.40927, 0.31409
2, 0.93298, 0.17814
3, 0.99567, 0.12581
4, 0.99983, 0.16307
5, 0.99974, 0.22761
6, 0.99985, 0.20096
Band: usd 6 oil 5
Linear p-values:
1, 0.5587829708700136, 0.7036386205794019
2, 0.7860551028217655, 0.9236981382838626
3, 0.9256308742278243, 0.7032785707795208
4, 0.957117942141261, 0.7035759318779465
5, 0.9602084692113506, 0.6570125594337655
6, 0.9985069858987456, 0.8569688126844475
Nonlinear p-values:
1, 0.86012, 0.87636
2, 0.89215, 0.74847
3, 0.93631, 0.61955
4, 0.92499, 0.80222
5, 0.92317, 0.80146
6, 0.9865, 0.82831
Band: usd 6 oil 6
Linear p-values:
1, 0.46488736855775237, 0.13219266193930812
2, 0.7699601878848258, 0.20484399283646948
3, 0.1953709344226806, 0.4217185464303552
4, 0.1520318908982847, 0.11084833585424876
5, 0.35427965212502865, 0.5296373262074909
6, 0.3274853723663354, 0.4476220244833702
Nonlinear p-values:
1, 0.51806, 0.25378
2, 0.91537, 0.40855
3, 0.90602, 0.43009
4, 0.93599, 0.60662
5, 0.97044, 0.62134
6, 0.99056, 0.68516
