0.0013151668566469344
0.0014746529163881977
0.0016353265894976587
0.0017964427920259013
0.001967334247314745
0.00214541740292613
0.0022788263499071005
0.002363334720303781
0.0024214102201314007
0.00243827560425316
0.002445946822275403
0.0024454044412857323
0.0024072008364774008
0.0023371724268414075
0.002269230386414334
0.002201972059182442
0.002122250348848582
0.0020377005685171573
0.0019195115422757933
0.0017653169856350045
0.0015951806088911804
0.0014020809364494106
0.0012249024035779637
0.0010691666091448943
0.0009110682849111514
0.0007618995196860276
0.0006032402304863042
0.0004332056730238873
0.00027096941724681053
0.00011277836244141276
-7.761464628128763e-05
-0.0003007850973353593
-0.0005417302406097522
-0.0008095825447748966
-0.0010782571090355744
-0.0013460921926843868
-0.0016336933053058022
-0.0019353307954114408
-0.0021788173521566953
-0.0023591630757801214
-0.0025061583770645537
-0.002599494621802932
-0.002685620728340736
-0.0027658687573079593
-0.0027986239973341567
-0.0027924683608800934
-0.002791904859771922
-0.0027947873533831526
-0.0027845057388257363
-0.0027710146402177864
-0.002715684199750116
-0.002615453871922528
-0.002496995824926063
-0.0023509230781468366
-0.002234124498321666
-0.002154449073951557
-0.0020777773493294255
-0.002020612814227254
-0.001955524039518923
-0.001879882465670316
-0.001822002057732381
-0.001776356247794306
-0.0016912254442122267
-0.0015659619081198636
-0.0014219225750241999
-0.001246162574163982
-0.0010762753200976736
-0.0009147133248354196
-0.0007320239602558658
-0.0005365327105620014
-0.00037548429501188334
-0.0002503344001843419
-0.0001448160353452134
-7.173128120587267e-05
3.193869261886533e-06
8.068560082929797e-05
0.000132139967427447
0.00016405992103141605
0.00019982317383960207
0.00023754813961205404
0.00026984193745859696
0.0003017325652513497
0.0003109675612219489
0.0002959620825801388
0.000271459999914606
0.00023205926734875862
0.00022091174552498356
0.00024344437876400014
0.000275102774278763
0.0003283204392348561
0.00038120187688378467
0.0004319409420340225
0.0005025141262777667
0.000588578498986606
0.0006534225934588735
0.0006968772245351156
0.0007338978988393778
0.0007554215319884245
0.0007887882780325707
0.0008358340819768702
0.0008755151239409649
0.0009139708796988618
0.0009506103433267733
0.000983050934789801
0.0010159572054393219
0.0010485669206879017
0.0010761891014982124
0.0010991060768750932
0.0011188510665664734
0.001134390921766724
0.0011537840871176555
0.001177714207750503
0.001201504846661855
0.0012272793226699211
0.001250774624255953
0.0012714815581887022
0.001293284702659699
0.0013151943878360929
0.0013295362377501352
0.0013360229919733052
0.0013375635605499532
0.0013320935335876633
0.0013248925520137835
0.0013161300762125298
0.0013013394222952937
0.0012815446959666035
0.0012604473895431573
0.0012377664231058693
0.001212343868040584
0.0011849864769276554
0.0011522305893659705
0.001113841801940356
0.00107214374491813
0.0010263066434846291
0.0009810202480404976
0.0009369355764111835
0.0008911970167982903
0.0008451603431952641
0.0007966030059895923
0.0007452977529094011
0.0006935498916682282
0.000640905518839487
0.0005831207562133268
0.0005201366269588975
0.0004537004195125501
0.0003827460618151469
0.0003103427589724312
0.00023668622562593957
0.00015936074457609852
7.90418802068825e-05
-6.062086735381481e-06
-9.641945847095476e-05
-0.00019072514707201433
-0.0002895838291655797
-0.0003925717654406058
-0.0004996453643130396
-0.0006115963670624711
-0.0007283902636185372
-0.0008478930480840641
-0.0009700856464503573
-0.001096029166748415
-0.0012252212733150658
-0.0013591847471999651
-0.0014980868451502144
-0.001640788503006615
-0.0017876722583614123
-0.0019016248711416152
-0.0019787323123534807
-0.0020366488378478578
-0.0020645579215530017
-0.00208348840502497
-0.0020942119262540976
-0.0020763145610252698
-0.0020335411442376342
-0.00199304175731883
-0.001954051384728259
-0.0019054276926602286
-0.001853381723403066
-0.00177576880405494
-0.0016706886739792106
-0.00155386586877949
-0.001419904071000273
-0.0012940004850986958
-0.001179998021238104
-0.0010618195991019506
-0.0009468276364944226
-0.0008236279672538083
-0.000690910170591938
-0.0005608548995357275
-0.0004311084762830961
-0.00027692844887917056
-9.778492143166798e-05
9.597563920398715e-05
0.00031064482549161224
0.0005287278506181204
0.0007491320081631836
0.0009858540188711952
0.001235089386673188
0.0014307408708723684
0.0015677142656788815
0.0016743268576661784
0.0017318571484609977
0.0017816842055060863
0.0018251050817864878
0.0018244579544778928
0.0017873613682914797
0.0017563353757739572
0.001729588392512491
0.0016908872349353276
0.001649826537168459
0.001570148153878715
0.0014489524735222217
0.0013115118573754467
0.0011490362907345126
0.001011670223026586
0.0009065233267680781
0.0008031426565376881
0.0007161215086951466
0.0006216698512475058
0.0005174398035594826
0.00042824208951625656
0.0003492840279679466
0.00023423584032587202
8.245255631320873e-05
-8.683077834295178e-05
-0.00028522899424644006
-0.0004792267226001637
-0.0006666282072500429
-0.0008737609635423452
-0.001093207941103197
-0.0012607230512688193
-0.0013727532218967262
-0.0014541568535061775
-0.0014870888849161385
-0.0015147912214282305
-0.0015383523821238772
-0.0015200414528917573
-0.0014679142138161946
-0.0014186348346699918
-0.0013700293571243909
-0.00130905148699111
-0.0012437819682386262
-0.0011413625471726656
-0.0009992572302277983
-0.000839799216657842
-0.0006549881737530402
-0.0004983172736231395
-0.00037688285898336945
-0.0002592224137006828
-0.00016079414568381052
-5.522558733858708e-05
5.988770377718066e-05
0.00015768608810314336
0.00024346880310024355
0.0003646582993151182
0.000521728321744078
0.000695233548842097
0.0008969995651703424
0.0010922728408087731
0.0012787834655169075
0.0014836164429330658
0.001699052498551582
0.00186338886530462
0.0019733711332465616
0.00205241687002362
0.002083403142456371
0.0021082528306124704
0.002127939783396393
0.002106026438621408
0.002050299223651278
0.001995322383931682
0.0019389100069476981
0.0018688503692438235
0.0017927013870941183
0.0016791670082223309
0.0015258075965902584
0.0013537450224722673
0.0011553237403215263
0.000982931077805144
0.0008434105643958355
0.0007060575942693445
0.0005859696109552961
0.0004571070966291932
0.00031709526689245056
0.0001922859903230048
7.742155440245984e-05
-7.370667629558015e-05
-0.00026156500896731605
-0.00046729386718953305
-0.0007024322140419362
-0.0009331039731265324
-0.0011571301793906693
-0.001400939775549635
-0.0016570309744973033
-0.001860069876797752
-0.002006372358826203
-0.0021212260321758062
-0.0021864459870824075
-0.0022459102001590823
-0.0023006933017778357
-0.002312415376710907
-0.0022892204158967435
-0.002268580406361325
-0.002248272012668361
-0.0022148782216409924
-0.002176644297839386
-0.002099999766836921
-0.0019823228113381264
-0.001846405823286771
-0.0016840544096173814
-0.0015499987335938308
-0.0014514767480110098
-0.0013562749442633873
-0.0012801933348488136
-0.001196202584639798
-0.0011018212651459284
-0.001024526761484333
-0.0009588708310277297
-0.0008562913297047719
-0.0007162821013169279
-0.0005587236226326173
-0.00037148980847054737
-0.00019013427440137584
-1.695857183252399e-05
0.00017578383580534913
0.00038021293123291185
0.0005419256323260218
0.0006585114798943208
0.0007498798573024958
0.0008010699477851534
0.0008500191237625662
0.0008975780763594345
0.0009113023307893639
0.000898299672210137
0.0008877118373496125
0.0008775230506671824
0.0008578199570575996
0.0008349405740073441
0.0007820287227544673
0.0006970590813023092
0.0005980419520315715
0.0004784281224356349
0.0003858873184238935
0.00032655398902712066
0.0002728304625431225
0.00023845606530563715
0.00019953592103513784
0.00015398102620351836
0.00012589612102430458
0.00011049478633912187
6.634656127122858e-05
-6.8719452496515584e-06
-9.225924397063127e-05
-0.0002001112545339908
-0.0002998550791360862
-0.0003894859354516037
-0.0004927198293040461
-0.000602745208295944
-0.0006793146318470057
-0.0007209662213198097
-0.0007417007481060825
-0.0007305133597607791
-0.0007161916868206925
-0.0006992857187968509
-0.0006554855984805703
-0.0005901782371773195
-0.0005237243362542772
-0.0004544926471983042
-0.00037579798031008217
-0.0002919856331827886
-0.0001837502016678919
-4.963101107126928e-05
9.763775957025671e-05
0.0002627982602694725
0.0004092742955595642
0.0005324978836344436
0.0006534565325161775
0.0007616551519270941
0.0008757044308342229
0.0009972161087474455
0.0011076187884690235
0.0012106620214856869
0.001337737737873532
0.001489076139287756
0.001651973300719404
0.0018342381869536444
0.0020126498917372167
0.002185716110121111
0.0023714529792199196
0.002564704097853483
0.0027062376071613796
0.0027920049402978256
0.002846062801906664
0.0028517126761881885
0.0028472471215066834
0.002833651268699282
0.0027766096066856646
0.0026831337864374315
0.0025892936194685167
0.002493212536814158
0.002381391808427108
0.0022618203318731287
0.0021028980416123565
0.0019020527333825715
0.0016809168574146108
0.001431746292769103
0.0012020690662879236
0.0009983152546605995
0.0007919974230867138
0.000596837173610519
0.0003896699546230762
0.0001682356381182144
-4.379228206808346e-05
-0.0002511379991579848
-0.000496911379061106
-0.0007817021248842853
-0.0010878453693716045
-0.0014261789491830648
-0.0017654378116454162
-0.0021036529461688626
-0.00246542431625011
-0.0028438823742016443
-0.0031396944865087406
-0.003345533774958842
-0.003503082189615237
-0.0035842491647354014
-0.0036520072739403575
-0.003708181965365768
-0.0036957957811391195
-0.0036264115246065196
-0.0035626229208211772
-0.003501555861977181
-0.003419478474956299
-0.0033304129714237193
-0.003180427272128611
-0.002965172810624852
-0.002721975704359808
-0.0024377022322643045
-0.002189520387533309
-0.001988161321705789
-0.0017870104426558836
-0.0016084496089062456
-0.0014154479203132544
-0.0012043661092179681
-0.0010134913168222748
-0.0008353225826859757
-0.0005990933411639163
-0.00030382259022143534
2.1269835347400677e-05
0.0003939475202664899
0.0007629689800455593
0.001125033093671614
0.0015204239199855891
0.0019378370447228222
0.0022688196868372898
0.0025069186713415482
0.002694975523338657
0.0028027529826957485
0.0029022819286947284
0.0029954615879751664
0.003018959178182714
0.002986169657269567
0.002960584581455997
0.002938686425218246
0.0028975340605212653
0.0028512004615731824
0.002743400769569536
0.0025697655874132672
0.0023687693940234547
0.0021267266169526142
0.0019326289409925266
0.0017984312363395556
0.0016715206533685165
0.0015776535122069611
0.0014732537901412776
0.0013543054547636845
0.0012653886949480927
0.0011977531993313875
0.0010719504706941064
0.0008871426671533696
0.0006759962947986705
0.00041868939270586986
0.00017333275848474878
-5.626518990266239e-05
-0.00031543539917688423
-0.000591269836419796
-0.0008169173656538541
-0.0009906858390182237
-0.0011347575650787925
-0.0012310894601804548
-0.0013290105059473951
-0.0014294571633672421
-0.0014915996422767426
-0.00152478777610157
-0.0015607450614247011
-0.0015966500713560509
-0.0016227776856284103
-0.0016458537334176435
-0.0016350250561264594
-0.0015880918826298152
-0.0015252507518631704
-0.0014389737352848305
-0.0013918896475533186
-0.001391720234308594
-0.0014030344072376779
-0.0014438250004070782
-0.001482004855830593
-0.0015149415401066939
-0.0015746152375325712
-0.001654636022084826
-0.0017021560973657516
-0.001716948254594421
-0.0017204264284855534
-0.0016995350158499649
-0.0016936935913580131
-0.0017055148281608487
-0.0017046528816177292
-0.0016999402151702892
-0.0016874602022912532
-0.0016634481730931864
-0.0016360325705427172
-0.0016032097102718175
-0.0015599355669975148
-0.0015066569512749025
-0.001443884752589473
-0.001370418182010791
-0.001300003798637104
-0.0012335356848111236
-0.001163374835228871
-0.0010930487902911104
-0.0010146161883221967
-0.0009271680741317425
-0.000837532669443319
-0.0007438272516743432
-0.0006369396549857449
-0.0005167332836449811
-0.00038610946396132204
-0.00024264421539482638
-9.303439072523508e-05
6.260494737159362e-05
0.00022978576114979452
0.0004072412404573006
0.0005916058667111345
0.0007833528287389436
0.0009833632283647645
0.0011909945401671128
0.001409892274166074
0.0016403343379300002
0.001880096376610804
0.0021301018015409483
