-0.0006844406070704288
-0.005244734935712133
-0.009652167600234511
-0.014022716975644047
-0.01892601165549227
-0.024089990320289623
-0.022347209355481505
-0.012969997549155515
0.0009001095997114269
0.021379434353566564
0.03364262909494487
0.036522239732415335
0.039055449561988566
0.03744198224953097
0.029509800895705426
0.015351266240471043
-0.00730055760521383
-0.039410914162292726
-0.05658112413766228
-0.057482466072860415
-0.05492045402683381
-0.04265019222865063
-0.028949987147611548
-0.014644107499522732
0.009707143877490318
0.04256855320266745
0.06159185252704974
0.06621325948541955
0.06629936399463722
0.0561996342988922
0.03811602579177923
0.01179647184944606
-0.028950666462319675
-0.08454822373744993
-0.10128743630859356
-0.07563094541773754
-0.03408081893217824
0.03771102129544802
0.06645367012841717
0.04550901704878274
0.022432170099895316
-0.02158322770407711
-0.036857742636528246
-0.015958631815606344
0.0018884664493342912
0.029966820781835716
0.03714324159241224
0.017118909567485418
-0.004528197770359521
-0.03688688361807803
-0.04367468165071908
-0.01944972937547487
0.010881207807346726
0.05762580151409998
0.07070945868165585
0.0441148465065015
0.0105189764884171
-0.04373010042446676
-0.06820195747251874
-0.056595075288155834
-0.044582292182326885
-0.01871188499638206
-0.0011513331013754944
0.0037648337226743175
0.017903507417107455
0.03543893786477044
0.04186303449833444
0.038299263359442955
0.02714677594678087
0.004952349944810552
-0.0071189123901405854
-0.008132735794094847
-0.011372090910676888
-0.011888419898301038
-0.015781996650191463
-0.02454442957021836
-0.031372783783629524
-0.037902465496322146
-0.0330301413787434
-0.014704444131131358
0.010696747133714648
0.04672878059411897
0.06440695749778041
0.06107943843260009
0.05383515386007978
0.03494717549423602
0.021876868168782718
0.01669011766507359
0.004319492345474009
-0.011061093624330897
-0.036982642366011356
-0.07597474134930376
-0.12148801984619778
-0.17621326729118184
-0.16829626194695987
-0.09015330874245822
0.02200981594114698
0.18883987917824968
0.2564598101306774
0.21099095148241367
0.14422955922127373
0.015459908384236058
-0.05391436636008441
-0.049486486274367636
-0.06412720483080969
-0.06696981006363024
-0.07197694374164351
-0.08839089634606424
-0.0848404027311058
-0.0658674916452708
-0.042082980143802774
-0.00878764446882884
0.03647705967421404
0.09345655000421402
0.11676985901904055
0.10250702490129074
0.07281220947062068
0.014983007310521908
-0.017072488666332902
-0.019013246630785723
-0.028140010927798546
-0.031266768637193444
-0.03923849869586667
-0.055923025937470366
-0.06564345950709687
-0.07143011385389185
-0.059967433317050435
-0.027389977675717995
0.01810189126191538
0.08146743972741717
0.10798104712576052
0.09271383552162672
0.06646984000622957
0.014473369554791383
-0.016220544287059192
-0.02077446552852947
-0.03462436842847273
-0.046128449392784376
-0.04835777066333768
-0.04368503322771227
-0.026146935930923154
0.005997825553176986
0.021746508952116175
0.02046604472134842
0.019026382725684902
0.010179443176420323
0.007481126230935569
0.012899813472680727
0.014085931310504778
0.014363161946779758
0.012712112679373203
0.007547044220052779
0.0017677835850072017
-0.00536487508552825
-0.015186734148108129
-0.027515743146930186
-0.04245951360819323
-0.060334303372964665
-0.05750682022080937
-0.03174666257472464
0.005558265348825209
0.06112801604051776
0.08553260950562236
0.07442242237136047
0.05738077437387331
0.021404362760001475
-0.0011688855985098538
-0.006321588981884553
-0.020653309134674537
-0.036130484224807
-0.043592672944116194
-0.04479781197831926
-0.03785208462812116
-0.020621961633314662
-0.0067942468604638255
0.0038898749326344174
0.020197559310430335
0.03943460512244143
0.04300195948789833
0.029921759308784802
0.007094760701387388
-0.030671785652464527
-0.04524453622393494
-0.03376766046207494
-0.01919903226933367
0.008193548659637423
0.02407054397783117
0.025163523229864898
0.031255177755759964
0.03613238682724325
0.030642976889422517
0.015704707944015683
-0.009321701757951002
-0.04683376927987134
-0.05892355619088894
-0.043193777099929304
-0.02001442139809098
0.02041686434779459
0.03731436015827505
0.026462234086207535
0.01568779210774452
-0.0055481756833485165
-0.013741408313171529
-0.004865253890331472
0.0011974518105691999
0.010810345708711724
0.014549876588237311
0.009678866011182357
0.005818148167895052
4.410980172423219e-05
-0.006616617875865992
-0.013150796582793153
-0.02253228271309634
-0.03433557124702013
-0.033047081881173494
-0.017615557027104076
0.004964865889528362
0.03894862186100453
0.05066573123455052
0.03716179324346359
0.01823929490588599
-0.015005108712305017
-0.029456916872364146
-0.02136211881932676
-0.014121269689971157
0.0008848719698144116
0.008568431666293204
0.005895549382135376
0.007161430301514846
0.008267975565527106
0.0074760781837339375
0.006143061247854413
0.001849557330293827
-0.005556078448151812
-0.009516633830559467
-0.01006041847943332
-0.010511232739483766
-0.009393480057177312
-0.0068222711273916905
-0.0029022838940729622
0.0036307086478165325
0.012882695912106673
0.015111748992440556
0.009725664059680846
0.0015566158750196914
-0.01196579519051912
-0.017430849540439983
-0.013594824271548506
-0.009088730888428468
-0.0004450103968745337
0.0068374527147853
0.011804493889561007
0.020000384658047727
0.030067389903821223
0.02871497856138637
0.015313357262118975
-0.004873332986180437
-0.03545601730153352
-0.04553591031076961
-0.0325431234025205
-0.014415333465720388
0.016975081217726878
0.029954252754828638
0.020979867037166228
0.012084667117338993
-0.005001888456446508
-0.012531033000884283
-0.007370397064268474
-0.0048138108229447835
-4.673521703159252e-05
0.0024388755397756695
0.0007771174556368871
0.0009948041263958774
0.0016085163707028277
0.0012195064771197562
0.00044386479699555666
-0.001258420953103708
-0.004052473878349453
-0.005121321170470423
-0.004392443155308066
-0.0033314556826263093
-0.0012646279830970538
0.0018626108725731498
0.006032014426027221
0.011793997299937674
0.019241119607062224
0.018972572435285058
0.010227188192833024
-0.002421679813247365
-0.021572290971484553
-0.028576589246087435
-0.02174808695651525
-0.012265410366071408
0.004798317503602963
0.012444944138416947
0.008674126876303085
0.00579378042968045
-0.0006154316593775331
-0.0022042212983600664
0.0027295747357946975
0.006599107304949071
0.011734901739908755
0.011794187291530648
0.005401670824718127
-0.002568049837953905
-0.014071036278484612
-0.018042375498312262
-0.013153537233494007
-0.006379042346569457
0.005337250194147974
0.009965624252662468
0.0061139786136083845
0.002158454447808994
-0.005069325698207878
-0.006933553942483011
-0.0020649209960071206
0.0028036965504627575
0.010038867611245374
0.011425074649777225
0.005639245812222967
-0.0014698996127792854
-0.012252460305550104
-0.014005054046638191
-0.005179360248260274
0.0061815477503503425
0.023591027590811036
0.02886413783312175
0.01994610631102328
0.00850236867977826
-0.010381781522900618
-0.021992219282496474
-0.02443703550726026
-0.02894317997349021
-0.031682541759604825
-0.026398130259289155
-0.013327380933019595
0.007746988301030674
0.038644577829120313
0.04788038017330955
0.0333014515628222
0.011684665922408946
-0.025226258680856744
-0.04119139116418533
-0.03257850394279504
-0.02378628371305854
-0.005460501116299952
0.010639925301773802
0.02195716480354178
0.04190555451015194
0.0675361871311421
0.06641928045261611
0.037183149120599154
-0.0069711946703562185
-0.07470710774467444
-0.09839042412303993
-0.07235756236743454
-0.03650111505351434
0.02689163340724869
0.054841861084825805
0.04003047078300176
0.027546085904897443
0.0009898222530154053
-0.012487958314803012
-0.007124157745051219
-0.009342992222772867
-0.011709742173233784
-0.010433495042687937
-0.00803689174268803
-0.0004483265859155804
0.012718792882323911
0.017444162850926783
0.013532141333422301
0.008076886560902215
-0.0022211831788541392
-0.007343483010494095
-0.006158063275118777
-0.00615012485586167
-0.004783751619436554
-0.003925796054796859
-0.004371390844063976
-0.003196094472125682
-0.00095981948595477
-0.0007575774851107404
-0.002442861003522735
-0.004945415677990118
-0.008966156075479374
-0.006934540478965967
0.0018361212164351261
0.013185850147387605
0.02917117274918695
0.03209994501019377
0.020187727412540588
0.003592823078400526
-0.02252909489519421
-0.029243947706444975
-0.0135666756966048
0.006548495991840542
0.038855972111983404
0.054058943333403414
0.04866136400231729
0.043234673729058884
0.03003446191997774
-0.00025537183255918555
-0.04739632659514335
-0.1136287362784635
-0.20201878002955126
-0.20535670425108907
-0.11497396285013264
0.015253597463157057
0.21468094634756907
0.2786443670798636
0.18809352078413255
0.06621276596888309
-0.14128941210043824
-0.2310109107675085
-0.17927359278141547
-0.12931211360348216
-0.027760642612818548
0.05887981213398482
0.11507864850645945
0.2170769875661442
0.34765047021829737
0.3382244446460024
0.18231282702108018
-0.05312812120714287
-0.41302292146940606
-0.5270985986707993
-0.3643657062247524
-0.14092171226329187
0.2405466676468091
0.3905418120501793
0.2652324266926328
0.13307097645596164
-0.10817812607375314
-0.2131475803894533
-0.14154181517058076
-0.09510755459477857
-0.0074485452590996835
0.03957650311719018
0.020625869321262234
0.02886529093084197
0.03950482959586707
0.04345365161758979
0.050626707451857295
0.04535441764597296
0.027986253525929622
0.013381100679581804
-0.0006751963148515376
-0.021076581073811544
-0.0456079717944549
-0.0548242919245716
-0.0474979223117983
-0.031573688158591205
-0.0016083943233710161
0.012586904282190416
0.008874221759202673
0.006507204693448863
-0.0018703364677507845
-4.131704867718187e-05
0.014774867499024161
0.028915007725905047
0.046772924634143925
0.043722359870266334
0.016026598028443886
-0.0211932084309386
-0.07522313614255118
-0.08440755238351352
-0.04248248690523037
0.014851791556753063
0.10446691110206228
0.13111384907282073
0.08487674045898023
0.025669194452853383
-0.07196081678321244
-0.11242299369926105
-0.08403047276758058
-0.05392200327952314
0.0033219163495454445
0.036507771398952796
0.03655308778648708
0.049124911824634035
0.060541251579456806
0.042481763974130934
-0.0033693334640345447
-0.07465983044216536
-0.1787669426265775
-0.1977728435795072
-0.12300972262183532
-0.017358618730743004
0.1504159279544341
0.22589506544095675
0.1937446285564782
0.1545439817431261
0.0679863180390648
0.009209515429924441
-0.009509854682083044
-0.05799044871234689
-0.11717732292159184
-0.1396306664258267
-0.12863561405632298
-0.09214902719508326
-0.018668972638422956
0.024589059999868164
0.03488152278663673
0.055007797488683584
0.06946787213008893
0.06944750876083147
0.05708837665816382
0.024334584051731334
-0.03160908038988414
-0.05385965707355828
-0.04031935698149854
-0.021493156791372037
0.016515941931361914
0.029547638806167162
0.012515035392624772
-0.001987759063090556
-0.02526510851886788
-0.03156627834310214
-0.015771634885319748
0.0008201014517624398
0.025645659630559384
0.03344997441294592
0.020131114149817754
0.003938501658534608
-0.022336791362976855
-0.031055924091510412
-0.01855090859810105
-0.004163583063194339
0.019634733608165898
0.029104344974506573
0.020834332231491056
0.012474164916905329
-0.0024230844071153937
-0.008007859001572352
-0.001527706735113604
0.004099537920678349
0.013267010298361423
0.009301065779736762
-0.010508869593787233
-0.03466009685333557
-0.06799335413901784
-0.07112806345270287
-0.039667027375113746
0.0035726088632331045
0.06958295879933067
0.09460694336068154
0.0721478066716042
0.042156312611119684
-0.01235389486957792
