-0.005547588799446131
-0.005712965476878764
-0.005882587398927195
-0.006056695448638302
-0.006232837054979817
-0.006411755716545631
-0.006570569625720073
-0.006706670122845658
-0.006831300554805341
-0.006937740878028635
-0.007038526844217567
-0.00713415252182045
-0.007212188040535456
-0.007274845865998044
-0.007339468823212757
-0.007405637099111554
-0.0074661142867529
-0.007524886618042154
-0.00756798860518516
-0.007594205411942562
-0.007613514926480295
-0.007622514086164661
-0.007635975283162853
-0.00765622344716022
-0.007673647892466617
-0.007692575953809057
-0.007706477938711199
-0.007714558644823083
-0.007723888894933781
-0.007733108910936785
-0.007727367155388026
-0.007706307862346088
-0.007676166495477174
-0.00763315007243391
-0.007587674778568457
-0.007540383654780087
-0.007482892632734313
-0.007417455190082278
-0.007362392902975394
-0.007318552745907206
-0.007278883478728589
-0.007248389540249544
-0.007214434097020738
-0.007176630045374807
-0.007145757866150128
-0.0071193890299304004
-0.007087280236615568
-0.007050000713933505
-0.007011010607307814
-0.0069680033540320575
-0.00693012311547762
-0.006897993174970647
-0.0068653019177418555
-0.006834216147006286
-0.00678930291118786
-0.0067284662501138895
-0.006660620304761653
-0.00658125432239518
-0.0064978954674352
-0.006411151991994738
-0.006313222720681011
-0.006205557219916842
-0.006101601721771455
-0.0060014049156642815
-0.005899353073822121
-0.005798737650172041
-0.005689550068660217
-0.005571063623771871
-0.0054509299675677934
-0.005326863877032487
-0.0051954896012135834
-0.00505727099239806
-0.004912118929043624
-0.004759235974579724
-0.004602318030450444
-0.004441287034585192
-0.004273580492805374
-0.0040998910107669295
-0.00391974577524375
-0.0037327681609167357
-0.0035395944603404954
-0.003339974490711889
-0.0031333451810734167
-0.002919667191261815
-0.00269893741883611
-0.002470963525058226
-0.0022408369924911695
-0.002008969517258873
-0.0017727542534164856
-0.001533578190315331
-0.0012884075122949162
-0.0010370080939816973
-0.0007820902271726047
-0.0005230114588756869
-0.0002560748766714661
1.8716355082234505e-05
0.00030002999666729096
0.0005887945211709607
0.0008821730322898151
0.0011800289104256258
0.0014845590715268152
0.0017951580212714497
0.0021131081531158
0.0024388065999980347
0.002771246545530161
0.003110883015110815
0.0034575601860065194
0.0038112571542525736
0.004172498392728248
0.004541303150234608
0.004916066044697554
0.005296779086521531
0.00568428431103107
0.006078214031245564
0.006479712454415386
0.006888923673119044
0.007305010400136196
0.007728272938888551
0.008158890717998853
0.008596825051341593
0.009042243829255827
0.009495206454930624
0.009955483383345141
0.01042313021988978
0.010898338325318554
0.011381097401395802
0.011871723762306535
0.012370300372915444
0.012876704904088838
0.0133910604087878
0.013913300522626477
0.014443458070050064
0.014981702694836329
0.01552805760914791
0.01600627829652815
0.016408579169221994
0.01677065344490608
0.017070331231883853
0.01735133937462499
0.017615196735305177
0.017819745175597073
0.01797276741066352
0.0181289391359085
0.018286561525250544
0.01842331716090599
0.018551647392483654
0.018626593072267227
0.01864427876404001
0.018636452430741857
0.01859212232542727
0.018563518244166962
0.01855848182966322
0.018543802009822117
0.01853468980047407
0.018507291972362755
0.01845886581244053
0.018414705397972797
0.018369853287590537
0.018273317180790304
0.018123995750895825
0.017943109548975912
0.017717671326206136
0.017483740692277684
0.017243528959751148
0.016968148179610492
0.016665411852537275
0.016392064860715854
0.016150396185764804
0.0159191489262817
0.01571373028083584
0.015494272328810385
0.015259596367098248
0.015043346254213955
0.014837829143605789
0.014612308091494393
0.014368622617519228
0.014116871731827761
0.013850161258094143
0.013596287566391125
0.013357099570439544
0.013113506554315198
0.012872084272158087
0.012583754175110767
0.012241940514301457
0.011874745052029371
0.01146783437528934
0.011045335406662119
0.010609143423587576
0.010134356199997073
0.009625605395844688
0.009125199435274848
0.008633231021181806
0.008132063687365703
0.007632025488592382
0.007101491251399116
0.006538149263128305
0.005966097704097609
0.005378095374355815
0.004855039432028369
0.004407785720955055
0.0039932182939142954
0.003635468211583235
0.0032937747083361165
0.002966100153066568
0.0026949838811469503
0.002473309440980495
0.0022339425135081627
0.0019777626843490268
0.00173362676586598
0.0014858323491820217
0.0012866256843558743
0.001140570544918727
0.001009559970358542
0.0009062194868682797
0.0007839904441812099
0.0006347932048347835
0.0004902866780021774
0.0003366315907798426
0.00019289447415382546
6.166099450823335e-05
-7.882403890903451e-05
-0.000224609186315074
-0.0003261339941734536
-0.00038203200711790374
-0.0004135339872926473
-0.00040795077164004653
-0.00039956641705376193
-0.00039057015461451615
-0.00035319568151134453
-0.0002948746087166735
-0.0002878359221339627
-0.0003360584709818606
-0.00041076600937911507
-0.0005318849155355712
-0.0006509787754252289
-0.000766531142941885
-0.0009206033281856491
-0.001103978682359784
-0.0012745866717776182
-0.0014345786989328226
-0.0015987324849064666
-0.0017575614817049842
-0.0019480698029710843
-0.0021729034407231393
-0.0024064274858649217
-0.002657464379650736
-0.002867572924429012
-0.0030286944984471713
-0.0031750986360901423
-0.0032897159714816633
-0.003400776891965289
-0.003510701946482838
-0.003590140458034865
-0.0036445919144625777
-0.0037258695847219377
-0.0038343147950739326
-0.003948311524171471
-0.004080628270327958
-0.004193016595023609
-0.004282769143048427
-0.004379349979868434
-0.004474097451472533
-0.004567526193985721
-0.004662896221569992
-0.004753722436660235
-0.004840942651781067
-0.004931183593328238
-0.005023991589746978
-0.005117037182781658
-0.00521172535040936
-0.005296717847181872
-0.0053709740854931
-0.005440983611569195
-0.00550370250440639
-0.005564993188576054
-0.005625497022115936
-0.0056797201114417595
-0.00572896851924802
-0.005783559143083629
-0.005843785979059571
-0.005905664474941662
-0.005971908568319194
-0.0060352618777117055
-0.006095420259914618
-0.006158365117334485
-0.006222626379646845
-0.0062832031857886226
-0.0063404075611426585
-0.006395683803080593
-0.006447886991328318
-0.006501582539182062
-0.006557007204286102
-0.0066109828270192825
-0.0066645463122528455
-0.006702267952050371
-0.006722269593520845
-0.006732543339429655
-0.006728556688123908
-0.00671840521494239
-0.006702494445606016
-0.006672643975318452
-0.0066303072869474825
-0.0065875900986729
-0.006544289563937854
-0.006495331852019468
-0.006443544380387362
-0.0063793907125977
-0.006302068083430719
-0.006218507201133186
-0.006126416456113259
-0.006034309014059585
-0.0059436629354054195
-0.005848709484868644
-0.005751982397621321
-0.005650007871411632
-0.005542321917813343
-0.005432903252958004
-0.005321038116765524
-0.005197737528603714
-0.0050627647815446
-0.004919979473160084
-0.004767087517321108
-0.004610326206899556
-0.0044501018000338965
-0.004281381067571258
-0.004105523135150043
-0.003966500995324814
-0.00386822168983357
-0.0037910510038079263
-0.003747603570449707
-0.003711444566359249
-0.003681715261510955
-0.0036831271374502235
-0.00371089310418525
-0.0037352712738779018
-0.0037573679215455623
-0.003788935593662577
-0.003823245133819086
-0.0038852400649709356
-0.003977000246272315
-0.004081051677453827
-0.004203474935034904
-0.004312547097691911
-0.004403660933851367
-0.004496511734350372
-0.00458187306744604
-0.004674556976973713
-0.004776143183399002
-0.004871093462871648
-0.00496244325850047
-0.005080272409765885
-0.005225118829710422
-0.00538449756594794
-0.005566014421005547
-0.005748157508824636
-0.005929570194438432
-0.006127326427057348
-0.006336720638819505
-0.006528335751938753
-0.0067011909396886395
-0.0068658145118164265
-0.007014255892177177
-0.0071676458875211835
-0.007326535598985661
-0.007473278624333671
-0.007611939343392612
-0.007757640735739141
-0.00790932886216524
-0.008062194556119848
-0.00821957422486706
-0.00836743108049414
-0.008504824573850513
-0.008641247325754362
-0.008773352850787652
-0.008927408755327855
-0.009106831841880532
-0.009296686171331215
-0.00950460338982296
-0.009717469057610404
-0.009934249991174116
-0.010168318455175499
-0.010417130986491637
-0.010658283285681368
-0.010891725166096934
-0.011126712967196146
-0.011357764154217399
-0.011601643445761891
-0.011859545862807314
-0.012118674939546648
-0.012382849330150356
-0.012597180206308397
-0.012754658233373904
-0.012883718973127683
-0.012968058104544739
-0.013036112201899121
-0.0130891698320034
-0.013098033170270161
-0.013067664907246231
-0.013042201736186518
-0.013020879508612011
-0.012984868160296455
-0.012944412683968086
-0.01286473144404836
-0.012742765955010293
-0.012603667333721078
-0.012438986899714056
-0.012281515805792339
-0.012136730852216743
-0.011982632507912117
-0.011828896926871203
-0.011661673852069359
-0.011479132170960202
-0.011296712280271716
-0.011111515985122111
-0.01088927750247106
-0.010629067303475145
-0.010345422628034394
-0.010029556737940037
-0.009705238836592259
-0.009373942516899433
-0.009016407294843
-0.008637759765802498
-0.008284983847227142
-0.007960500214891374
-0.0076457646817477114
-0.007353674932959878
-0.007052373703089039
-0.006740843192423842
-0.006446527356243238
-0.006163320388209964
-0.005864184153544024
-0.005550510906162242
-0.005231639857689884
-0.0049014549249993145
-0.004583801325627802
-0.004280331170864427
-0.003974497398635586
-0.003671951906048031
-0.003334113448232945
-0.0029556649141387068
-0.0025590686463681815
-0.0021330330684729364
-0.001696214521080819
-0.0012501547586852917
-0.0007754200293279675
-0.0002756073838739864
0.0002153344000520489
0.0006972442296726928
0.0011843291301781495
0.0016682634855094106
0.0021742286095645462
0.002704049084213082
0.0032384273737916516
0.0037831040816047813
0.004269786698717415
0.004689386259838659
0.005077999389175159
0.005415249769961368
0.005735741232741718
0.006041129824258358
0.006295379527269971
0.006504502808124469
0.006724730606941095
0.006955239556879305
0.007171852183436434
0.007387672861787398
0.007558755815082025
0.007681226147583628
0.007787016544926759
0.007865469570558387
0.007956370833040067
0.008066523627674172
0.008168940510547812
0.008275402754866506
0.008369421637408645
0.008448755818277823
0.008532026599335746
0.008615785359523708
0.00865785584411619
0.00865705448377367
0.008631358273784827
0.008569943577986901
0.008501964985256691
0.008429242679518032
0.00832811217454568
0.00820486259857694
0.008120407292857759
0.00807804332399382
0.008053487751465093
0.008063511356161693
0.008067151102271616
0.008063090116397737
0.008086802296488754
0.00813045964887022
0.008158580176774182
0.008172945306705828
0.008185948930402585
0.008189561633356088
0.008214941052256253
0.008264276199525399
0.008315922321623235
0.008377277656907165
0.008398874211361911
0.00837386387551514
0.0083311731427429
0.008256326657899035
0.008173177201519081
0.008083729881539674
0.007963113673171332
0.007815942597176
0.007685966641504946
0.007573430642662415
0.007460029138080265
0.007356511975195212
0.007230505003989946
0.0070796791679768375
0.006928898121242169
0.006770798701669343
0.00663301707748062
0.006521071398441668
0.006416705163111748
0.006328606131151272
0.006246748953365899
0.006170185209930773
0.0061119738809215195
0.006070503398420074
0.006016623815009696
0.005950038044090967
0.005884189693137
0.00581203553873085
0.005754573510710486
0.0057137084056817986
0.005673427514595192
0.005638739867965531
0.005599685030662488
0.0055536868614709245
0.005509219578926613
0.005463120357389785
0.005417753186295036
0.005373818041559486
0.005327312352631156
0.005278741513653871
0.0052420748437235045
0.00521794700410776
0.005199973761478373
0.005191804876599477
0.005184393179022556
0.005177125922890105
0.005177615231759385
0.005183923191613692
