-0.010582795356462588
-0.01110366890523249
-0.011438078667443534
-0.011563641768372759
-0.011700529301681072
-0.01178034837217596
-0.011597855591203009
-0.01115369844302612
-0.010492560707781208
-0.009558645861924833
-0.008517910094151628
-0.007368187029284291
-0.005974687469836116
-0.004366324946556582
-0.0026043308847407665
-0.0006735585077430178
0.0014409759635569726
0.003730933681601672
0.006277626989154295
0.009089572797763916
0.012124192267464057
0.015404403839111493
0.017676416030815073
0.018812683754344084
0.019420974510796822
0.019140174088232823
0.01868564533358635
0.01808982105543547
0.016668118355492822
0.01455278601461092
0.012666238291806537
0.01098815172854524
0.009148113767405631
0.007361443985469969
0.004886179196889738
0.001663829069972893
-0.001769122167205499
-0.00558920300161663
-0.008330876958497987
-0.00979605463285731
-0.01080660270644548
-0.01093083251706104
-0.010896307909080595
-0.010753326804110747
-0.0097480169554087
-0.008015862972151068
-0.006823159477780658
-0.006168194451356441
-0.005517124345418718
-0.0051757495131899995
-0.004188102820961688
-0.002480245619915279
-0.0007723801213840023
0.0011578388494888144
0.0025114632431145457
0.0031342818345283904
0.0035659264813359126
0.0035599254121479024
0.003414390255229967
0.0031638351607519064
0.002434859974040074
0.0012810673943627821
0.0005578271075815007
0.0002805159705508341
6.447049326077783e-05
0.00012146493504506868
-0.00015296808031797933
-0.0008075467720329816
-0.0013694246621125178
-0.001977670345907941
-0.0023849847200509812
-0.002514724604525135
-0.0025837501382466616
-0.002507642470622429
-0.0023202358225833625
-0.0020342206794860154
-0.0015536597710969018
-0.0008815311235343675
-0.0003823571900239917
-6.900804648247235e-05
0.0002365977384755934
0.00044297876132105536
0.0007910821709899976
0.0013029358988395623
0.001784217611054953
0.0022909229274075842
0.0026392461361152224
0.002788664111525605
0.002865763501543332
0.002811437409459231
0.0026873287529938315
0.0024997452076673064
0.0021626856277770505
0.0016854816916677727
0.0012813328179493624
0.000953652687558027
0.0006025348740304314
0.00027992468617449035
-0.0001651955478416053
-0.000746634423843006
-0.0013479704574860325
-0.0020051022334111506
-0.0024603101324171986
-0.0026754923977821295
-0.002798271342652351
-0.002751411570180495
-0.002657832174745255
-0.002525825638306363
-0.0022234871677988097
-0.001772923993214466
-0.0014085283840729653
-0.0011303862719369178
-0.0008371774542553197
-0.0005853410535222441
-0.00019916167977245813
0.00033569843935777493
0.0008869708279065459
0.0014959515318777833
0.0019137001945465175
0.002101672601915567
0.0022074154045814537
0.0021561460035336667
0.0020618034892164014
0.0019331133356946051
0.0016450712431937756
0.0012183334929828239
0.0008847853248823172
0.0006453842249657923
0.0003993772534477744
0.0002029884424292391
-0.00011547219450151798
-0.0005698514197286113
-0.0010297649646853777
-0.001535302601196672
-0.0018943012043597372
-0.0020738791243550716
-0.0021938427265451705
-0.0021956675027089536
-0.0021607281303381676
-0.0020961435026845563
-0.0019078297526988414
-0.001610315450639643
-0.0013935315459696876
-0.001259228830106708
-0.001123318518933417
-0.0010321324275435406
-0.0008474926808604271
-0.0005580748215614453
-0.0002698089414958452
4.9520287740954395e-05
0.00032323875294870707
0.0005326103329370041
0.0007374458082697195
0.0009131725309517426
0.0010803242312603571
0.0012429290275681485
0.0013682697342864449
0.0014599102932608538
0.0016154392775841414
0.0018379346779549362
0.002082005965618871
0.0023722970183813656
0.002642982799185981
0.0028887419130960716
0.0031626407184236374
0.003449760647230149
0.003588766596618492
0.0035691963763009532
0.0034559053076181714
0.0032036233761982527
0.0029171640774789706
0.00259922296372946
0.0021563468559578198
0.0016077962797523917
0.0010483774154543234
0.0004727220931972045
-0.00015413993292355955
-0.0008113684056768427
-0.0015829729744877355
-0.002475779315209835
-0.003432673435572013
-0.004474295247636457
-0.005185853660459097
-0.00552070529315437
-0.005689512981283186
-0.0055718611833956025
-0.00539454104636213
-0.0051692144897867555
-0.004673450390596915
-0.003949133946150784
-0.0033174861237093836
-0.0027735513339740216
-0.0021858946302149296
-0.0016302657151397069
-0.0008534733644491794
0.00016446762271995883
0.001238229973782457
0.0024277311526280272
0.003269557262128605
0.0036990727143717175
0.003978906102365027
0.0039718858745663175
0.003904168073038522
0.003791553726566411
0.003396738465036139
0.0027614881563262483
0.0022922541715844616
0.0019888007079414587
0.001678405150158537
0.0014591809555740715
0.0010252665388117979
0.0003526362460235538
-0.000328181622246546
-0.0010885140266558868
-0.0016052072244128086
-0.0018220663566507604
-0.0019435792848584612
-0.0018713048059732739
-0.0017395441964302572
-0.0015607990428697287
-0.0011782701153869922
-0.0006161227265541596
-0.000197210781060495
7.489564110273684e-05
0.00034322606243853386
0.000528718449824344
0.0008648856539793154
0.0013706610470002067
0.0018661733312840224
0.00240562488529491
0.002787046576579876
0.002970937514955454
0.003091780121427156
0.0030866816323531407
0.0030311362922244628
0.0029329819557265173
0.00269672653772887
0.002335311919799327
0.0020653527412173092
0.0018900791799294494
0.001711058040782774
0.0015814064598465194
0.001346749116401025
0.0009940052856478676
0.00064267442201404
0.0002567011828684089
-0.00012272995950812993
-0.0004789973596251316
-0.0008581250408398102
-0.0012454670599944134
-0.0016383208392815284
-0.002040211111192224
-0.0024390586074410853
-0.0028341978379868376
-0.0033039458190785814
-0.003852755345976377
-0.00444222485738622
-0.005092896949008306
-0.005756617311697627
-0.006429569620374198
-0.007153123047323424
-0.007916785547057855
-0.008319296751962833
-0.00832480861816964
-0.008114003666103455
-0.007571903853130476
-0.006938599007466449
-0.006222301136187169
-0.005198370716456126
-0.003910481569529369
-0.0026304984754714363
-0.001348626978098224
4.241415615201233e-05
0.0014809225664453437
0.0031941651258552447
0.0052009120505782675
0.0073414820134868886
0.009671107602837185
0.011259891133351024
0.011999653045019392
0.012369089461474123
0.012097260383213557
0.011685358481255693
0.01115985694279414
0.010024584102984882
0.008371806086024334
0.0069346896638945565
0.005703247993023465
0.004375277087856262
0.0031240449646723605
0.001374975991800066
-0.0009175500558142116
-0.003331722558893445
-0.00600347604016348
-0.007892856086639477
-0.00885402793083865
-0.009477353367549578
-0.00945472577700966
-0.009292292343580057
-0.009025455248971118
-0.008121993828588485
-0.006675237368884335
-0.005600046689355635
-0.0048960338439722655
-0.004173890051219039
-0.003654448933233998
-0.0026496632203965352
-0.0011053492638149697
0.0004598502129518873
0.00220645415109752
0.0034720464884621482
0.004136884060346998
0.004630901018915215
0.004751477871306127
0.004763906234194202
0.004695121946112575
0.004228101551209936
0.0034107319937440052
0.002923326346140835
0.0027754610787005403
0.0026642770007036356
0.002757252936968361
0.002567091821003516
0.0020545713483829417
0.0015976711670124327
0.0010838299953880763
0.0006594625360549119
0.0003797501145689517
9.366299772432446e-05
-0.00014694683348544729
-0.00034065646228484793
-0.0004976075835282133
-0.0005702405341175943
-0.0005566594109432169
-0.0007118405128903151
-0.0010480624691451064
-0.0014392049910957971
-0.001950782909159349
-0.0024216870682850526
-0.002837857915257524
-0.0033338808623481794
-0.003873374998051172
-0.004156570436774989
-0.0041689983395152555
-0.004025561262757433
-0.0036440046848567483
-0.0032279132080312864
-0.002782921283628769
-0.0021335205965635103
-0.001318229025699876
-0.0004976030736886078
0.00033887514253999016
0.001245923196517255
0.0021883262181906877
0.0033123315089161397
0.0046287533048632095
0.0060387334567714775
0.00757770097715209
0.008573485593368959
0.00894985062445421
0.00904950426244393
0.00867716939769412
0.008198411817322141
0.007632190216577758
0.006618867126503148
0.005225881803604677
0.0039743351467468
0.00285623679594657
0.0016579621708003567
0.0005023591130595328
-0.0010210091460220888
-0.00294466484583515
-0.004968192241691326
-0.007188790734838662
-0.008741782243489848
-0.009510758871297447
-0.009974591233938008
-0.009877904332706432
-0.009652339217341982
-0.009325757738374811
-0.00845072994831238
-0.007106521415707848
-0.006033586624145975
-0.005229021625613603
-0.004379496660629461
-0.0036626220540434654
-0.0025155314963484464
-0.000893488997022669
0.0007824555139875008
0.002644323581840982
0.0039743163985144605
0.004657700329051918
0.005129741398139905
0.005174367247915172
0.005111264053307914
0.0049670212374595905
0.00438553782246415
0.00342513252025518
0.002768421279540101
0.0024201808096702354
0.0020828178979663894
0.0019227423035593268
0.0014391073236492099
0.0005919438033948754
-0.00023581190577227424
-0.0011604898781675842
-0.001810344470356877
-0.002107793007896375
-0.002312925809411066
-0.0023092554177997224
-0.0022244283643651076
-0.0020745946179039723
-0.0016893003273856027
-0.001090687755346177
-0.0006972800527560407
-0.0005176753549764237
-0.0003605862367654871
-0.0003297398269459236
-0.00013226581316714693
0.00025612802352685294
0.000605540984438802
0.000983611320892147
0.0012175423229487965
0.0012647002640688355
0.001255228195179073
0.0011328077193021942
0.00094435888346924
0.0006971656101204601
0.00031539245651965775
-0.00019403070260407804
-0.0006149124377910063
-0.0009420021432277022
-0.001277733391561318
-0.0015686438577776607
-0.0019635573871732855
-0.0024758165181565164
-0.002988307123539375
-0.00353590501753895
-0.0038032669592657034
-0.003745560699218119
-0.0035359914811972544
-0.0030798945350558084
-0.002532051051032928
-0.001900965009611074
-0.0010223015734025659
7.690640899751013e-05
0.0011216088567252438
0.0021138201604118576
0.0031727618930110927
0.004233394762157238
0.0055063533709760176
0.007009786981988441
0.008588206311582644
0.010292098524111101
0.011355552207749251
0.011685708972788778
0.011679679617623642
0.011112683081497285
0.010391205765298115
0.009536099447082438
0.00813949402950204
0.00627507448244617
0.004557056338884225
0.0029771422765651886
0.001278888541175967
-0.0003930116561348023
-0.002519119005044866
-0.005138749549743828
-0.007899874060495207
-0.010916935397507212
-0.013000593971468808
-0.013996681289129608
-0.014549498004177007
-0.014308810173198646
-0.0138822112858531
-0.013306278138064493
-0.01195935884751549
-0.009952789046037837
-0.008282934961584183
-0.006943015253486564
-0.00551381824478485
-0.004233162994792593
-0.002336770184220876
0.00023639205834372157
0.0029180774118932294
0.005888224519088917
0.007993978297004236
0.009062579191050078
0.009769649625865233
0.00977083186546323
0.009604194459747232
0.0093104472347138
0.008308057752120426
0.006695600592617037
0.005527372183973235
0.004806729048375684
0.004079238657587768
0.003600552744462148
0.002587235348081525
0.0009770319386756558
-0.0006355763293181247
-0.0024330826740765455
-0.003731567705498626
-0.0044006882701429825
-0.00489634315517965
-0.005007513995704932
-0.004994532987645038
-0.004885836928047232
-0.004358809296770328
-0.0034598387476899688
-0.0029152961590825106
-0.0027371431480930613
-0.0025987799714583346
-0.002679463268482213
-0.0024633278533998625
-0.0019083730413055199
-0.001416472055944477
-0.0008684601121148395
-0.0004524841803716454
-0.0002308349224870876
-2.8283518474234683e-05
9.034224489629488e-05
0.00014205138116325504
0.00013794879237329658
9.134644927124662e-06
-0.00024335658315820645
-0.0003244197510383385
-0.00022192104976348595
-8.021223351076111e-05
0.00017566272650257122
0.0003543432071037389
0.0004389155730052497
0.000586282283198762
0.0007526734126314078
0.0009115478431731474
0.0010784802786407517
0.0012348412964188992
0.001378131656229544
0.001559938915952841
0.0017796341591402645
0.0020105505029062326
0.0022639518841005963
0.002494686220554097
0.0026970148666406934
0.002901022800209717
0.0030943761263820023
0.003296337823622349
0.0035100381732219113
0.003715562960326491
0.003917488128249169
