step, usd->oil, oil->usd
Band: 0
Linear p-values:
1, 3.6587377510815103e-09, 7.234810163257908e-05
2, 0.0036632021859177156, 0.042920692907791914
3, 0.11787556846309306, 0.5065934720672634
4, 0.12903619423788373, 0.5506780384216435
5, 0.16462176674362, 0.6156007235064822
6, 0.059936836970383836, 0.441448420229978
Nonlinear p-values:
1, 0.03235, 0.05018
2, 0.03931, 0.05429
3, 0.05885, 0.05772
4, 0.08116, 0.0615
5, 0.10598, 0.06745
6, 0.13979, 0.07339
Band: 1
Linear p-values:
1, 2.3438593654728285e-17, 1.3803750230278835e-16
2, 0.0038600641020541462, 0.03716085290908132
3, 0.05815088391856609, 0.3718441577335074
4, 0.012605130725998363, 0.15799666379276783
5, 0.013541738558669155, 0.11093313271771517
6, 0.019240576539572868, 0.12646294263404606
Nonlinear p-values:
1, 0.36055, 0.02393
2, 0.35287, 0.02565
3, 0.31382, 0.02106
4, 0.195, 0.01977
5, 0.10685, 0.01677
6, 0.06519, 0.01753
Band: 2
Linear p-values:
1, 0.00018235089408232645, 0.0010389677695533536
2, 0.09999863321552399, 0.250551673079543
3, 0.24166136369356583, 0.605059396090377
4, 0.3323882770413568, 0.6343223765118284
5, 0.10916759289509968, 0.4100119470785964
6, 0.003593422506140356, 0.042414771151132846
Nonlinear p-values:
1, 0.9269, 0.70342
2, 0.94436, 0.84251
3, 0.9373, 0.90877
4, 0.8734, 0.87612
5, 0.70988, 0.78955
6, 0.46949, 0.74443
Band: 3
Linear p-values:
1, 0.1432307412721939, 0.6059366322993305
2, 0.009394513078399934, 0.061593237929952104
3, 0.030806142469920802, 0.22662863228296845
4, 3.400206799806591e-05, 0.029141877102174793
5, 0.0007976595291095665, 0.14796149626907357
6, 1.7744490725362318e-06, 0.0022596458309898076
Nonlinear p-values:
1, 0.68607, 0.76951
2, 0.82131, 0.88943
3, 0.86167, 0.78451
4, 0.64266, 0.54191
5, 0.29679, 0.33892
6, 0.27623, 0.32687
Band: 4
Linear p-values:
1, 0.19224752898174716, 0.021646599588006063
2, 0.18126607629956443, 0.016972645304155556
3, 0.18915663480732778, 0.0020813233940913693
4, 0.01724774628922113, 0.001056362653572358
5, 0.013411427711372744, 4.529313849532938e-06
6, 0.048968319607116145, 1.9835430579518685e-06
Nonlinear p-values:
1, 0.99977, 0.99994
2, 0.99989, 0.95699
3, 0.99134, 0.23502
4, 0.99204, 0.10427
5, 0.9966, 0.22692
6, 0.99738, 0.17092
Band: 5
Linear p-values:
1, 0.08990366314812843, 0.14719821480691028
2, 0.1407485724745147, 0.4065722323729215
3, 0.17571060113774772, 0.2743214787324997
4, 0.23200066204420117, 0.3006746459000281
5, 0.0688478835266328, 0.3686556755196392
6, 0.11635816049865448, 0.5385472557819947
Nonlinear p-values:
1, 0.41003, 0.5617
2, 0.37308, 0.29061
3, 0.08545, 0.25352
4, 0.10106, 0.72993
5, 0.02171, 0.28187
6, 0.07304, 0.33729
Band: 6
Linear p-values:
1, 0.760818682075966, 0.8501710919414157
2, 0.8285897366938064, 0.5391622758080561
3, 0.7564883571237543, 0.1340891383606879
4, 0.7596490459933666, 0.14886113948056925
5, 0.948563256344356, 0.27387094985320226
6, 0.8353386231564077, 0.1160792325863299
Nonlinear p-values:
1, 0.90961, 0.90291
2, 0.91534, 0.99636
3, 0.738, 0.96848
4, 0.73204, 0.99627
5, 0.28973, 0.93588
6, 0.55081, 0.96474
