-0.19303974570516483
0.1413407403650797
0.1271203023746826
-0.16715814432246892
-0.0076694997564980705
0.5367853504079945
0.4064093159169738
-0.337959812443171
-0.6040855964515226
-0.5455321693233569
-0.15470107836102281
0.7910351298276748
0.7038061646449805
-0.4577888542591411
-0.5669382068376427
0.1361311281867314
0.2795801843119493
0.18036115239057707
0.04614670043114797
-0.3170931106434946
-0.22992381867065864
0.3398090120740529
0.32374847062305107
-0.18791833490382054
-0.2846355923612386
-0.11968829870890044
0.02941165890831527
0.3064499843485663
0.1750120612678815
-0.423068882197349
-0.34072036218223783
0.3629766307779727
0.3806247646781039
-0.13669592510130354
-0.2148334909231944
-0.03710159709573705
0.03563334882136182
0.14210567654666398
0.08076910853993817
-0.19973748630236685
-0.12910152069050995
0.27188779014595327
0.22902166820761574
-0.19150278266170492
-0.25063024190257627
-0.052838404677326145
0.04131976641614153
0.14566903897253702
0.09632956175117692
-0.1646750224778769
-0.16027546586499808
0.08479691780649158
0.17777863717559886
0.1954002063380516
0.10721029785802465
-0.1575638209887965
-0.2573389817749062
-0.2023387004533499
-0.022044866413121873
0.36731604624444847
0.24848776043389947
-0.41332606777468556
-0.3646646482001067
0.30614143138254757
0.3825652070748006
0.03930013647127263
-0.08198507381232086
-0.16119452017743008
-0.1966193625587025
-0.10251388285017102
-0.02825088102629882
0.05190221532178177
0.23980728057014059
0.522635315882306
0.295473941318792
-0.48147823521401756
-0.6435404889913474
-0.26394102785949375
0.04541324104124973
0.5049096578684492
0.4390369403852094
-0.2711945839089398
-0.3462509612548325
0.09820628665686323
0.2006428648030403
0.16015118055225988
0.06285380365763872
-0.21601922811655913
-0.2957589717306313
-0.17500298621395455
-0.1234626020190626
-0.06698349947384938
0.32924773363925075
1.066331736252118
0.49282625924983714
-1.4632212743074606
-1.2048158431549745
1.133681928793274
1.0380373214565282
-1.0265426886483455
-0.7473483493112202
1.3113705648148777
1.057228049415234
-1.0206914803214049
-1.1331380198948304
0.21402919968053347
0.5317335486608225
0.3615371722949508
0.04113042725005885
-0.8078985654606134
-0.5617988733925441
0.8504573889260123
0.790223224046406
-0.5351542278030352
-0.5949771464081732
0.25200542769707956
0.3343899446658644
-0.0044754969944121245
-0.06738022324135283
-0.07246126402765933
-0.048672981057477
0.08811936066381898
0.14049362221636236
0.1179508232376214
-0.09166030918067666
-0.5460181126493492
-0.2930386721885489
0.7013337770281405
0.5372329032469817
-0.696843743599003
-0.6538405870396569
0.42650811771422037
0.5770334681278457
0.12149607321994904
-0.11563707234673057
-0.42813283257964635
-0.254184271903568
0.5428414273172446
0.4253990710282344
-0.5426411370629495
-0.5185674611185536
0.29836213387677496
0.31127665571589436
-0.23758306025645703
-0.07185576966226738
0.6205300553760766
0.47847708035406084
-0.3758333317137779
-0.6836212200886077
-0.636387421145559
-0.1806480745080006
0.9388872531167485
0.8296083182923856
-0.5514877528041126
-0.6490842544299936
0.2557360150391246
0.32221978651841643
-0.08402537195602815
-0.12965110746831185
-0.05005610034238836
0.03795448245804463
0.2388704826624027
0.1758986241587988
-0.17377069463264105
-0.26791418488640717
-0.16470174946126379
-0.01989978776971211
0.2684542696772241
0.20994856457275424
-0.23414807864408987
-0.25518712484933675
0.07499145334092418
0.22795575779279306
0.3335754679979062
0.16686734949211843
-0.3729117032267923
-0.4437223083104574
-0.07353596591526379
0.08411853358938744
0.17777553643828894
0.22104671115654692
0.11529177782892659
0.02315453673230413
-0.08422777639207708
-0.1423005884676634
-0.11975817106106867
0.05924687538391441
0.43717139224821683
0.10026679834080997
-0.998572749064764
-0.6985522069085424
0.9413076615941812
0.9358825617723894
-0.45130739690249433
-0.6582734904962937
-0.11175735091990427
0.31303014722034544
1.013980408209963
0.6151128032303216
-1.0636066769586912
-1.150522667068608
0.1792857687279645
0.47316952354302644
0.17671427041701807
0.14115666018550363
0.011648766432210852
-0.11490746170271982
-0.17144995570216456
-0.08520782712184487
0.20043782117948672
0.09741551375042157
-0.39899996691987566
-0.1259824520218354
0.8709765061479231
0.5639638546572773
-0.9554726856982716
-0.8712195156995055
0.5874031246354994
0.6049113493909388
-0.4444915787891531
-0.32372696388360866
0.6099366249041519
0.45140547075628107
-0.5539359387993334
-0.5525631202974143
0.23499910674358457
0.28019610586069166
-0.16844337587794067
-0.12743005954181233
0.2069485844766841
0.10676981346430775
-0.3273091162356828
-0.07369840332764395
0.8167809060046533
0.6286072234602168
-0.5523588485513304
-0.8571391699826848
-0.52833339374123
-0.04671336144341335
0.9285097833464964
0.6977908104644639
-0.8655731757606688
-0.8699298106686031
0.4486538813363268
0.7461381272887861
0.45257157832524364
0.09450325435707416
-0.69751159008988
-0.6451293271663872
0.34012858202230484
0.47693044767952797
-0.025734751401364275
-0.21148136856921093
-0.35868681812360903
-0.18478480308896655
0.4586466857958899
0.458378797130395
-0.14900381667044962
-0.18081650705183697
0.19984628209752728
-0.00817969432347634
-0.667259505208363
-0.35939557707026365
0.8513017809506731
0.6983237271914038
-0.6837756901089609
-0.6154652853518523
0.6165652387918954
0.46225616829488775
-0.7459536550644158
-0.6262999568360502
0.5268967399989795
0.6130298397754453
-0.06804205230552356
-0.27814847127695236
-0.3220769324741647
-0.0062999237453345396
0.876664115115376
0.6162937752073923
-0.8048341017583802
-0.938516600499227
-0.013353369244724087
0.259144673418968
0.2589271061049766
0.2731358396497955
0.05702721292093714
-0.1120987445719556
-0.2471958808980383
-0.12361339176244725
0.34097407109465067
0.2699286485863527
-0.3175588714310257
-0.29778084810598776
0.2135564128468487
0.2316590862440041
-0.09448290301586892
-0.168035866680278
-0.12438198929104774
-0.05025581629329777
0.14260793217204984
0.21738364915223118
0.1694580682787821
0.0558057679584605
-0.18276500150497174
-0.30072061536403666
-0.2907643668674047
-0.12091323206727758
0.2824935658853969
0.43144847845944445
0.32704575121759377
0.0918795087026779
-0.39441998083658014
-0.45509770507913677
-0.05467824137418652
0.18121352615779485
0.39286599949919465
0.17262922860597624
-0.6154489046474811
-0.42004878048340655
0.7329827500365438
0.557441177339773
-0.7674806501475538
-0.6472360615821022
0.6444274885166247
0.5828751310734619
-0.5112606602471613
-0.519587335709828
0.23746477742386154
0.4388637775783506
0.3753388977826865
0.17929302321701582
-0.35543325139845894
-0.5218496370647581
-0.3142203246997577
0.007835451123430526
0.6098598958239001
0.43222062051564886
-0.612358204890379
-0.574105598596873
0.408033571176706
0.5052791572225994
-0.006497618647255909
-0.1800802736090668
-0.2804268313452715
-0.1293327847000988
0.41903776290785566
0.3043919829221354
-0.46139239391779446
-0.32834190872775637
0.5789054616968115
0.509090254766962
-0.3534535569805858
-0.5554084775990277
-0.339424591326385
-0.06594387121346675
0.5060186190356762
0.5082890570868005
-0.1234040863647812
-0.2637089181635571
-0.06608929887580178
-0.0025928531562451652
0.10363601874290149
0.08174033873398671
-0.12457972585314966
-0.1290570581961385
0.03612750451778605
0.0043014772655063415
-0.17478200466859314
0.002185881695757102
0.5109690316217237
0.2828241431259751
-0.6624934961308431
-0.44908347450791725
0.8262615312400462
0.7059143669559872
-0.5907557628102781
-0.7844634728387505
-0.20988055605003925
0.06870588936752632
0.4008400439570451
0.4627797454308526
0.10638026187674962
-0.10415132166725348
-0.27003898991499575
-0.25177760604230387
0.058839177311550105
0.11438074177798774
-0.045279388480438484
0.007486481697396914
0.1907302184645918
0.059552973033278625
-0.35669264162327013
-0.18817610109584987
0.5427078093827385
0.3674719294108583
-0.6322673119277243
-0.4813909299403317
0.6566649951380543
0.548137077281809
-0.5718719909447014
-0.5386617207582067
0.3700559189636347
0.3916535354527285
-0.19516412838318853
-0.19700928892850408
0.16030298099912876
0.17408620541245792
-0.00893127025774706
-0.17866495945935854
-0.43746305294363336
-0.2760680685779149
0.36529375384586366
0.5321977509111172
0.2987531175759734
-0.0032660697835120225
-0.5626341248511932
-0.4684740155273981
0.3618577402073026
0.3869385506949653
-0.25772637010089977
-0.15994159240442726
0.47400500672201085
0.3813282738821288
-0.2829183620952256
-0.5411629678403006
-0.5683483375770979
-0.26111130987803305
0.5729833552122119
0.7523718462859527
0.28615652491386917
-0.10286346471301193
-0.6579527537336587
-0.4446476426116094
0.6978298106954198
0.6668605598001403
-0.41113725355616276
-0.6038387877812609
-0.22313042517131318
0.04276882174479266
0.49342777224162654
0.32481841379557985
-0.5825193472287588
-0.5315333666955363
0.37238545948797824
0.5859288295744378
0.3610613298827815
0.11360215230174334
-0.4080534317198184
-0.5756610304874856
-0.33972740925486744
-0.01375735664117356
0.5630038619396964
0.5205251850800844
-0.22479846239425624
-0.3429484549423131
0.01843944908065947
0.05102079380167065
-0.04307253427797423
-0.07099960417454662
-0.1313507284973329
0.06721829436044384
0.56190201977675
0.32492069885559927
-0.6510478046281901
-0.5623860602423264
0.48555565032749376
0.5014698670449033
-0.273693869577122
-0.3793710585840821
-0.09167885843015068
0.0031550029563204053
0.10842643537775205
0.22698876007378058
0.29780571904543235
0.0829946893034679
-0.4665882716694909
-0.388894137327306
0.3174840602113614
0.2722695595801451
-0.397988505317921
-0.19302873498268996
0.7263202650408493
0.4545952445325726
-0.869063999185268
-0.6772000524786136
0.8314861083499492
0.6990288617710253
-0.7651885743053174
-0.6568416889233417
0.6599213590580625
0.5863573012814197
-0.5231335907766109
-0.4737335852432962
0.4162891414571193
0.4247187376344136
-0.1747682986456914
-0.29248321107871733
-0.1583033789661957
0.01484431250920749
0.39243973189563874
0.19623112903966963
-0.6298599839404739
-0.48835597224616456
0.5423197414826072
0.5861358256089668
-0.14884890387406638
-0.28828320002987606
-0.10231621156899999
0.016291435314544876
0.26843716701090153
0.19926182232424997
-0.2461642156696592
-0.2758311128422307
0.04200192183349085
0.11799786415322434
0.07238336313463767
0.00481758468021673
-0.1744599023000037
-0.13138720523619948
0.15073612646243603
0.22044993651420192
0.13046360212007777
0.055596826829317374
-0.08206668528647747
-0.23595957059477812
-0.39422409105753603
-0.16845014012952636
0.4975937227790653
0.4965634264976817
-0.14386501502508997
-0.2510945596933429
0.003072417255375718
-0.03620364533926391
-0.2038482693570262
-0.14956622649186743
0.06510671100823955
0.25615023124924163
0.4754606974191595
0.19258653437192313
-0.6719658943380529
-0.5560565342838402
0.5092408500168558
0.49033545759750313
-0.4049242647211241
-0.34426707821280944
0.4071178348438513
0.3492775339612649
-0.29948197821669964
-0.33508042161085905
0.05763840983343704
