0.05635630169463977
-0.048944997440794016
-0.043180080806838106
0.05246127531625314
0.02945288691857689
-0.08779989788888794
-0.06332066874624502
0.08158372970452074
0.07930075843801579
-0.04249774491138244
-0.05295173364552016
0.011375280280957644
0.03236653686474852
0.04309423015388649
0.025004871742322247
-0.03979059945662516
-0.06708584926338079
-0.06210341364473177
-0.031399323150800774
0.044189819588285204
0.08709865294408596
0.09819202915847787
0.026961178778183756
-0.15219341499627814
-0.11363800946391303
0.14740529336575275
0.14369417768367568
-0.0819595871441374
-0.12266446206478268
-0.04868793520424809
0.008155644445849309
0.11042078568366173
0.07294914422701834
-0.12787827492362294
-0.11151769205153332
0.09862714184186487
0.11706128695286609
-0.003497104846358107
-0.028431820707159355
-0.012825231551473913
-0.02792677857302931
-0.04419543906120413
-0.008755714661375324
0.07814712992549604
0.04494552553810194
-0.10995719892080964
-0.0885690992915305
0.0906955644306499
0.10383924004500572
-0.009406428765742056
-0.03382539022992072
-0.016409523236824305
-0.01545250198618228
-0.0015091664359158092
0.011322325536328717
0.019857644021175222
-0.0028144866878991454
-0.0638835848868108
-0.048973714601039955
0.041886161497438644
0.06815732892385123
0.047136070901556054
0.006184416149404396
-0.08147211065418647
-0.06001505622827276
0.07980096005912388
0.08281812283617129
-0.029442261767220073
-0.06538810554136934
-0.06423079302337079
-0.010316719584953048
0.1303784894724211
0.07776847995753612
-0.17498043574566025
-0.131590610439776
0.17805803246115248
0.1527010173855526
-0.147583833294612
-0.13953315314140946
0.10098285890754835
0.10647686311447756
-0.0479352992833983
-0.06289846396449555
0.0005111811905691536
0.025627012888231396
0.053101538318824824
0.03136634364744694
-0.057263085692228856
-0.05828375820394888
0.021514424647659198
0.03601970724604791
0.008881060849283407
-0.013919876987753068
-0.05549344411198567
-0.03702140384109782
0.050425064548498356
0.06850095012987313
0.02912259091750217
0.0014562987535908537
-0.03900987562742614
-0.05264119234804728
-0.02937237394994982
-0.0015968641844005497
0.04309091543231802
0.04141690119937728
-0.01468747375582513
-0.03237258384602143
-0.02387566327107921
0.007376769043703407
0.07974774394326382
0.04784596928036854
-0.09434571390506194
-0.08223542631574111
0.06800809582583937
0.07178656325737542
-0.03541218421791713
-0.03935149671764774
0.021619618049692972
0.03169997753190453
0.018874554720009377
-0.024046412654065284
-0.11611577870731823
-0.07475827212232379
0.1072212704572092
0.12652032805885124
0.0064020766470666846
-0.043114510828630936
-0.07196090182692579
-0.032179892664548695
0.11271713780522621
0.08543773033567229
-0.11058314164890755
-0.11725062202707903
0.028086262701823
0.03934234239360112
-0.03354300955003268
0.01739256362993366
0.16000470250693247
0.09395446003902255
-0.1693258660518173
-0.1732554008143066
0.04988818958396073
0.08748915547653599
0.007371647367977408
-0.00024058137604050529
0.005594192186951608
-1.568780044507146e-05
0.0032072274310048056
-0.011446475861776955
-0.04486579608322556
-0.023274636343116495
0.05384834709040731
0.05369674562369349
-0.01643139110068333
-0.022530985650664775
0.016094138249049234
-0.0037706977744304997
-0.06580345565413526
-0.0391790388582522
0.06901357470925734
0.06954156321418725
-0.023638110219268232
-0.03665478272759595
0.002897974308581879
0.006024865077029104
-0.0027183732571361635
0.0018804075258997792
0.010167837376949119
0.0020950060073048984
-0.021699876133169083
-0.012999366857081699
0.02745112363630933
0.016130202695082956
-0.04241854010200571
-0.03673649513753382
0.02375859290843212
0.03922517916129967
0.025514562197731794
0.005760130706054819
-0.03707872025565377
-0.02505430437458321
0.04736135393839028
0.055028834191391165
0.009318945278254822
-0.05328407402566552
-0.15741648252525514
-0.08234171595917772
0.19137557458316629
0.17383418736064501
-0.11347220942654479
-0.128900569384166
0.058921176800110935
0.07458829818129126
-0.006633833599140644
-0.021221484003341787
-0.017962892848382834
-0.02574343349993506
-0.025992740228711186
-0.027420829704526882
-0.03068635673311715
0.04220707002633713
0.19732111072425237
0.09776161816103984
-0.26582520499228607
-0.2036978477682532
0.25550573929018466
0.2277552873303605
-0.2010723086097296
-0.2014837224473834
0.11138447556295576
0.12644097575935662
-0.04806242086437018
-0.06824471411169376
-0.013821431600987876
-0.004274543243420809
0.004152277775220861
0.03600132625779046
0.08154470763637889
0.034291703250751135
-0.1133643866192537
-0.08876173650137906
0.10148358577709335
0.09677833809819492
-0.06757131048387598
-0.07875654086196948
0.01402115334442176
0.0322334194132539
0.018883443449297706
5.980738633223253e-05
-0.049408526486004446
-0.03636678682842596
0.04371985283008451
0.05842438065555002
0.021696224269385122
0.002446197789223471
-0.02124514084183625
-0.046041733357959996
-0.06411419212813078
-0.02390261099143331
0.08429375907588306
0.08497888557484312
-0.019543796229814274
-0.037338105970134254
0.003844236988475832
-0.014159244182736447
-0.06534966299824449
-0.04083346728303095
0.05097696355711355
0.07757376061189096
0.05228606536619151
0.008660337519041019
-0.07983501234509918
-0.07385043824013961
0.03585649726315269
0.05401410278312291
0.0036939403896417847
-0.018544326414505007
-0.04399772671754327
-0.018463972648344082
0.07395534389296479
0.05492191935441269
-0.07107664961060248
-0.049927969049341665
0.0977489976870937
0.044367746970169736
-0.18400557661863154
-0.1289518790515202
0.17866736407837228
0.1819160356688322
-0.06423991182653357
-0.09275418344853326
0.018024547804790562
0.009133416543035998
-0.057122954836025266
-0.03535904628554488
0.04862016971197913
0.06020063998068457
0.01448980003146468
-0.007916126724974196
-0.029082949432522962
-0.0283755711726117
0.007066310468268931
0.022457756283551757
0.02427229929826511
-0.005738531366044001
-0.08054950748529505
-0.048886689693172364
0.09259562378413974
0.08757799070512491
-0.04654365059560881
-0.049305707577953266
0.04421915256920389
0.021396057588459423
-0.08574333814011201
-0.053845199044158285
0.09704183506978978
0.07336203445987588
-0.10235833196976782
-0.09091088760133693
0.07213332712629321
0.09652887262754223
0.02837704096346837
-0.0013580247589568386
-0.03602135640201222
-0.0689387513923729
-0.08525738477478928
-0.03281619424648215
0.10210470122488745
0.11558918629726081
0.009799463034028157
-0.024045544599098863
-0.021645578215037778
-0.044311036616541705
-0.06493203966968411
-0.011904856239467817
0.11874825729883984
0.07738497957566051
-0.1380733439560737
-0.10846367830803777
0.13827305468665693
0.10698886651753645
-0.15163988890214875
-0.1301143066486775
0.11241475131479774
0.1395929649569304
0.017574094726114518
-0.01496764631784915
-0.020956563595965462
-0.058976640645126366
-0.10089843044179513
-0.033543070029686935
0.1514411357393315
0.10700615237394327
-0.16473966752001715
-0.15075795516088591
0.10591704982163484
0.14773410493383948
0.047177972131461764
-0.01443179288419601
-0.1075216778878124
-0.09158381791001077
0.06191505352339791
0.06641288294476816
-0.055107212644949784
-0.03276086466964626
0.0952039640151354
0.06519561580393778
-0.09490853190298575
-0.08500599118083434
0.06593369031579226
0.06908703394171256
-0.036265512062229874
-0.05332307865936937
-0.021841313703950656
-0.006044505940717046
0.021838569406010606
0.049734264046670175
0.0723798670101941
0.036354342513193694
-0.06895453558294393
-0.09816334728013933
-0.05759932691533918
-0.007166971204321219
0.08368514570681256
0.09014139311562584
-0.00032957037071159137
-0.03432687210911894
-0.036842572157042064
-0.026369041938044957
0.023425094005395622
0.022106096842003053
-0.030957962044636095
-0.01787377495811647
0.04895647197744077
0.029555231532095754
-0.06449120798229938
-0.035998959913278436
0.10206928824652627
0.0798106556359841
-0.08205993466651569
-0.10303929566686146
-0.01880800299660321
0.01726733008965078
0.04875071571003122
0.055565994585451625
0.015795936735679365
-0.004016715764031294
-0.013154879242829078
-0.040399597772393304
-0.07633498894291943
-0.03266729113136034
0.09655501781909723
0.09216415608301154
-0.03978447281101365
-0.05047666467832932
0.027897599236534787
0.016471181736365543
-0.05139647068235188
-0.026570280397939766
0.07363135320801904
0.041752826301473055
-0.11003478935619347
-0.08283524851085577
0.10202205856046305
0.10501633951587294
-0.036494000188532355
-0.053468218769287874
0.006796504237709067
0.0016131363607991807
-0.03343269024574109
-0.025030906062314763
0.012427080941861473
0.0411443540230049
0.0712402030777932
0.03124587034404245
-0.09169660513879638
-0.08456920880276717
0.04762267604789786
0.05657628966780454
-0.026911036281934156
-0.028796432318181145
0.016461693649757195
0.013611659853100077
-0.016527015203388368
0.0013619782085123042
0.05857950470456764
0.04542806871714516
-0.03224340243581257
-0.07023863009643343
-0.08569283623086212
-0.03506067607055391
0.10588789475066224
0.1036111066068498
-0.040674148846602025
-0.0640806293395137
-0.003303794280087267
0.02535192911208304
0.06284426579700583
0.047602665710417554
-0.03768964754665822
-0.08070597034778829
-0.09516165300997942
-0.035962740306449276
0.12444755229829996
0.11815953995822681
-0.05465801236057916
-0.0781335932346578
0.0063980447977753895
0.029425456661638722
0.03861009629370382
0.0214727531065753
-0.04557745064506722
-0.05279927697574521
-0.003662477892623118
0.005008862720940155
-0.00900734376424786
0.015981077835886846
0.06912196305652435
0.026727851749327368
-0.11198497173517946
-0.0637767552071118
0.16483715670040228
0.134633125324176
-0.12383532121826143
-0.1460066158736243
0.009757589938586535
0.0631067214333394
0.08372266472601562
0.014966644070339893
-0.1906383602808115
-0.1364148130444805
0.17869504575617898
0.18984502351218854
-0.05132456695768203
-0.09643791494093126
-0.028414546670353112
0.008644060847402824
0.08086402867726575
0.05767573070172916
-0.08091534923900956
-0.08659486173899442
0.021179312651365766
0.034020059295590196
-0.011828799356577607
-0.001300649040510559
0.03872282201319364
0.008982069212561223
-0.08210085704382264
-0.03471790371264118
0.14739860975846028
0.0982772695621306
-0.16539995352623293
-0.13661283635419308
0.14342841071620813
0.1334390259072565
-0.1026938592547171
-0.10843751115017
0.045783110678348844
0.0640182494667071
0.006743412827870618
-0.012049167769551634
-0.032458066798797786
-0.011923756112633398
0.06584847904171785
0.021487364058822653
-0.1440732101288228
-0.11078351613255724
0.10522595339929246
0.14455195968654397
0.05089310191498043
-0.025125005165779944
-0.1447147220773048
-0.0852095977510617
0.18569441691294344
0.1421938842996505
-0.19171427040429662
-0.1659760998477143
0.15387998184079568
0.13913067849261412
-0.12871540589751163
-0.10491530272493982
0.1335700106052902
0.11598369277107778
-0.09334527941425727
-0.11152839401603694
0.0018362272977703975
0.0383722050220707
0.053089789148600415
0.029207083601619836
-0.06486929171159483
-0.04519683617395629
0.08695838246508256
0.052513771597771444
-0.1277932544078685
-0.08905297578786381
0.13971592440057592
0.11873814793570486
-0.11040632774060642
-0.09721404329073555
0.10360504946650406
0.07138391391094338
-0.13999525237417823
-0.10834703284928843
0.11990272966074632
0.1282215045026395
-0.031742214274469834
-0.05622063898394061
-0.0035606975468815225
-0.004619406411958808
-0.018489030168926585
