-0.06697348553021809
0.0854966876361222
0.16933455708624798
0.16765522825144022
0.17878169630358892
0.16855578732802115
0.12162768451575573
0.04376191805370253
-0.08616236726780208
-0.2729119877094429
-0.31344931287774686
-0.19525825395472274
-0.020561978129212233
0.2640364550002222
0.3593471214277112
0.23690606903704498
0.08542138655430029
-0.17345380340228672
-0.28124587986300675
-0.20436587276094503
-0.13177473189956876
0.0051931506625889235
0.07988648263959161
0.06692817916729847
0.08354942198899248
0.09494672073081098
0.0771633035505462
0.03962728522625436
-0.03442714479018473
-0.14967503037572713
-0.17776940418728293
-0.11243871688483194
-0.019594934356729467
0.13337088822272447
0.1896674418938475
0.13353858787381923
0.06736522468716313
-0.049817537824304856
-0.1008215484703876
-0.06893092165811876
-0.04419489068146427
0.004665742237921152
0.03151711290271816
0.024939073218425575
0.032637687212116975
0.041497559311521395
0.03923614820181917
0.029976506070071688
0.009070210459589891
-0.025661149158648255
-0.04964678285685261
-0.06271531820720896
-0.07871707715740396
-0.09218227012710727
-0.0853084980671043
-0.057024125314339626
-0.011326300487606827
0.057234108323911966
0.09815257329290598
0.10826556201264623
0.11703076554526241
0.11174829065224295
0.07500148306845525
0.0058787478802554876
-0.0984141865813072
-0.24415851992960452
-0.2595365134313406
-0.13127147175910492
0.052604640917230175
0.3385490937503448
0.4113491098901614
0.2409525194255405
0.01777894093010427
-0.34206555386033377
-0.4507978792822709
-0.2642752870601156
-0.03827903954539784
0.33104430960371656
0.46089911779543713
0.301338411106285
0.12202497265299239
-0.18045784783538113
-0.3275242170895714
-0.27607447258406087
-0.2457011575573701
-0.16097435915722108
-0.07924694425016732
-0.023066982771312555
0.09759519370235593
0.2665153658231814
0.31270198004628674
0.23353871966006573
0.0988764568831116
-0.13433683077882425
-0.2262454769297207
-0.15722550496023516
-0.07915271163670443
0.06888789167199173
0.1277176468447673
0.07395967088277366
0.03380903433381545
-0.034962419334154796
-0.06148632866846649
-0.028200128216077664
-0.003023868125277842
0.03502061155189748
0.03483309014707113
-0.01514140310122026
-0.07335492357010595
-0.15550170603970634
-0.1728876702682464
-0.11420189164043967
-0.035119455396496475
0.0892575479226944
0.1675325112229651
0.18938827875660466
0.22022747181306992
0.2363849046892395
0.19490016320846973
0.09574047588301322
-0.06074116601843477
-0.28767623090137684
-0.37000184609467557
-0.29297299035481644
-0.1720386168761833
0.049099235484744305
0.15632136279015105
0.12796440057528216
0.11484138992603668
0.06259927264808479
0.030213329217885367
0.034096680178564855
0.0018406715092152042
-0.05059067783135067
-0.06736422302432729
-0.053200839354574474
-0.023095205388424956
0.03512547243612408
0.053783644588752
0.02842900749580873
0.001585373308213892
-0.04334791071657912
-0.057524486236177355
-0.033651197929916866
-0.008347085671072094
0.03172739764869843
0.05419521479655894
0.05338695636873894
0.05586603030031694
0.05265743513692072
0.04754399623575436
0.04299284280081637
0.029673308850334073
0.008681182418666701
-0.025985835685241265
-0.07682656743128202
-0.14063521585556737
-0.22014161583856903
-0.20787607545401723
-0.09354845971044588
0.06948051734891694
0.3116321401464004
0.3696594346176232
0.21930936387949598
0.012739272151854072
-0.32072473907324656
-0.4275899174705369
-0.2701780665934152
-0.07745891868752523
0.24447538693679388
0.36841546772358325
0.25169320734019984
0.12920737615570468
-0.08673807975416915
-0.1821064293995259
-0.12090083305665598
-0.07814065229656716
0.004742963745821593
0.04828369004026512
0.030227407158594722
0.036646647995667574
0.044093887112640416
0.043767855374172125
0.04452964693458414
0.03168592628245453
0.005228644142124938
-0.02224345078016713
-0.0531554701611494
-0.09381244716006713
-0.14270994436103063
-0.13579225811947068
-0.06748961105198255
0.03263513036572092
0.18276755455296798
0.21726844184583513
0.12141700795903172
-0.009742571477827065
-0.22048726750892422
-0.2939360881308066
-0.20701265619767473
-0.10097564100835416
0.08164564754585374
0.1937987784555132
0.21453005699125247
0.2625755519866847
0.2995671886073806
0.25304741469245845
0.12604503909091283
-0.07856267860803268
-0.38085848626513896
-0.4805084130133323
-0.35710541609928764
-0.17295319901355158
0.15027146772811353
0.29155093371767343
0.2178870199535496
0.1496485985601561
0.004180459840317097
-0.06679402589819174
-0.03445130537949147
-0.03917121905860598
-0.04017226997021793
-0.022105269153422393
0.0017850205773865028
0.056497244424754345
0.1432356392435882
0.13588568623866865
0.02856179190523134
-0.11738200091848938
-0.3343365975423266
-0.37012407706744294
-0.20030747642156282
0.027829233663196767
0.38236839616544305
0.4882580551816862
0.3054994331080366
0.0709029373871475
-0.3161273886109999
-0.45206867788526073
-0.2881177869710052
-0.10180065141690557
0.2148063601840954
0.3390199831640607
0.22351193894854302
0.11230681272634455
-0.08209459143258088
-0.16662573686813803
-0.10498843077897435
-0.06176560827742272
0.016979668714610728
0.056364617104554024
0.03490891269719804
0.032783325105146845
0.027447866793260996
0.02386236438784455
0.03120072140807945
0.02868833511267356
0.019774581969621403
-0.007001912595108929
-0.05626375855958593
-0.11992368197469545
-0.20284461701565729
-0.20216215195712503
-0.10800404787063253
0.026277985658929907
0.22947683184791517
0.29884555310577887
0.21541304490160018
0.10112541813604628
-0.09787885482752677
-0.1784107312922398
-0.11691274396489579
-0.056188766231843726
0.05706251747733347
0.10084587528079539
0.053997192040035696
0.01866004993034813
-0.038518872671895875
-0.05073389264807393
-0.00242932871657889
0.04752880145203813
0.11917371607318789
0.1061394702086178
-0.006906950514296293
-0.15276748535846418
-0.3622094222850103
-0.39646581035110173
-0.230348054369231
-0.0039655148778818166
0.3482410769607147
0.4777347130765762
0.3478555889667443
0.18129211677824586
-0.11477330769372884
-0.2531787165039371
-0.19647286702344915
-0.16028487953669515
-0.06910317820831836
0.006492083972945864
0.043490753377315894
0.13769906085788036
0.26951422415419385
0.2830376266853453
0.17688001423281807
0.010710467774510377
-0.25478951978831077
-0.3582211444217123
-0.27841556006381335
-0.17426139271466615
0.02153525963304383
0.12236385157350271
0.1037643142772619
0.11133032231668205
0.09680499735634525
0.06970094798242449
0.04322297099614849
-0.02622358343782534
-0.1351441410668802
-0.16457264186843004
-0.11190180290023642
-0.03240556503008436
0.10327240240327215
0.16148194907856214
0.12981173097482188
0.09692689978699576
0.02870535271598429
-0.011765665684860017
-0.013132924599973422
-0.03365780229115063
-0.056720901690442395
-0.07063184113792231
-0.08054250609093049
-0.07902714821872453
-0.06421331604709357
-0.04167517108656153
-0.009070865740679092
0.038419727807977914
0.10114965364628052
0.1277558945395985
0.11461383741747042
0.08724751002945046
0.03181372288318887
0.006534067903199932
0.01650491922658955
0.02163660732033964
0.03641734938674839
0.000664347299745457
-0.09457415309061193
-0.20932642568203155
-0.3608125868764639
-0.35927004641858373
-0.18417776057779014
0.060075033906572296
0.4269281831732641
0.5431500377569326
0.37244002749605465
0.1393540682734658
-0.25601849165452917
-0.4090352553357171
-0.27365714463997975
-0.1281815299420702
0.1340051934499084
0.24673715635853327
0.16741263189738131
0.11152147108630292
0.007129238292657803
-0.044765893969208444
-0.016258659700680134
-0.014276265187552786
-0.008864817765836334
-0.027037932687901344
-0.0832270802311153
-0.14045290293565754
-0.20934560120502926
-0.20627048186115107
-0.1189640883090313
0.0038580091496301693
0.18716593040043125
0.27336584132670233
0.2473655902920641
0.20674593449039222
0.10984990790645648
0.03271276325877696
-0.013897282849013586
-0.10213347688091576
-0.21385162495751475
-0.23875641462655642
-0.17490738786240334
-0.061288176612113214
0.1309937210305525
0.20421322306973672
0.14364171377692644
0.06952682806589101
-0.06833376177798794
-0.12544769067305303
-0.08249393269327232
-0.05011516717764052
0.009574224595570799
0.039637548117122993
0.025649090185476633
0.025491836387142672
0.022654902588010156
0.019774929941923265
0.023292831433749724
0.018582851043684318
0.007793699387770659
0.00627163983477151
0.013012081151683362
0.022442051018403516
0.03782204451787344
0.021587543249348688
-0.029879198753070838
-0.09627323359635163
-0.18796357119714785
-0.1926716048928068
-0.09922021732080696
0.03026414836066147
0.22680501235295364
0.2883292169185912
0.19480386235324268
0.0694152057727754
-0.14188444376592038
-0.2201751038761893
-0.14008696302809218
-0.052013100203156894
0.10200794040438098
0.14995063646565476
0.06611182139014807
-0.019394373348530756
-0.1534618986481793
-0.18987963456997686
-0.10499771994321805
-0.00715561824309742
0.14487294122870173
0.21002287115246246
0.16796000300077862
0.12083013108683041
0.029844469892840793
-0.013874455136181997
0.004670780344093193
0.009206648221097074
0.024232761043302038
-0.016488369743812636
-0.1265245298955722
-0.2548898256674865
-0.4215425848933961
-0.41951703243946836
-0.22520333816104138
0.046530385258990045
0.45451060013868494
0.6096853271521476
0.4743980435307801
0.28584651190700844
-0.0595455622922635
-0.2244064194409583
-0.1682252445746072
-0.14051478034370435
-0.05390540030321072
-0.02524724706869179
-0.08492166880141577
-0.10616158444894988
-0.12203111973675619
-0.10062388958973123
-0.023322816168333604
0.06938264127255625
0.1913790760318364
0.21805145178705987
0.13398250096355463
0.011044105896055933
-0.1865039024156372
-0.2505974523887849
-0.16073620815811798
-0.04770825645734316
0.14348311583353268
0.22073999529724764
0.15988206357680695
0.0988677719246148
-0.013292282518030378
-0.06435725683875199
-0.03423744252100236
-0.018678002136567527
0.013088160768735958
0.00871849121196178
-0.04558214997699205
-0.09995889792524329
-0.1704270609259863
-0.16967686800231205
-0.08449400340503706
0.030475117681993135
0.20091645990039128
0.25704350747265703
0.1812961090526613
0.07711503553832909
-0.10135106972238558
-0.17402943576424446
-0.12030372363759877
-0.06537506840702274
0.03807121093069334
0.083507682027197
0.05275439853999385
0.03582156387808191
0.0038758933359515687
-0.016069266926482414
-0.013245191272844393
-0.0239113635603668
-0.03940099724642763
-0.0407848919027222
-0.030855642409127672
-0.011658111141176701
0.02071728268296724
0.023965080065697468
-0.004742044880521428
-0.041981928480432945
-0.09865301040712474
-0.08673863838992076
0.0030505070181656396
0.1199097967702384
0.288115904526497
0.30930074403617586
0.16305643063186365
-0.03561801664416751
-0.341097090322995
-0.42942388120831404
-0.26691905378495484
-0.05466227943119424
0.294302402002776
0.4167796633567147
0.2700781839735783
0.10115909052444759
-0.18686762697876713
-0.3086294096187789
-0.22264506771863957
-0.14606956484626607
-0.0019396523836380103
0.07676411435327209
0.06119357213353136
0.0785149094225488
0.09157243422396627
0.08424777771604973
0.06806377354649117
0.020655383448983895
-0.05994177000926649
-0.08552629184075597
-0.05388843804885905
-0.009480263455658548
0.06905390172598556
0.08352481051081122
0.023627921742266796
-0.04622281434672197
-0.1518570324472797
