0.00014471254768783835
0.013110849836303989
0.017528280634266247
0.01220402066924841
0.004952089744699128
-0.00767779525512477
-0.014733410699508138
-0.01491644327120768
-0.016405592900824426
-0.01638627045353396
-0.00910960171909356
0.005385078071005022
0.026714052107863883
0.05655877378092375
0.05859922030447899
0.02994637375141537
-0.010567869555554258
-0.0727717873347491
-0.08664951058754981
-0.045445707152235795
0.009012706860670152
0.095477047656777
0.12120203210774774
0.0759041925878246
0.019701611166390336
-0.07225699493451182
-0.11540222674454712
-0.09879850066282096
-0.08378843076725746
-0.04785071343377067
-0.02253243922238063
-0.014954162827350822
0.008737454798050093
0.04014549676481682
0.06704471579136376
0.09256399627165805
0.11626632548752454
0.1360729078390068
0.1182434921775185
0.05814078266677724
-0.03031178028571849
-0.15789354809202394
-0.20600683521107316
-0.1648965380999891
-0.10119698561965662
0.01659543133141264
0.0765702815413553
0.06691812319016037
0.06833175103221428
0.05241362504526656
0.037727183642724635
0.03209722746229645
0.0035927966794044204
-0.042704942538998106
-0.057292183304559575
-0.040779679097843635
-0.013533381255136425
0.03613328693842444
0.04956037128029171
0.021629616553292888
-0.009890472828539968
-0.05996178276822732
-0.07554924400375432
-0.04935961746238535
-0.018893803399759816
0.030348324900699743
0.06005561705439546
0.06436220778488048
0.0738045394076095
0.07809198643963904
0.06400804033429824
0.03262605440095199
-0.018418002756971794
-0.0929390077436739
-0.12103412192648937
-0.09829818522830755
-0.061884720688847934
0.006343131956547414
0.041194848380358105
0.03607664765714743
0.03774391089529483
0.029781594980011775
0.023031029614990036
0.022068666556631807
0.008444282425374301
-0.01484267843698332
-0.023841568743683525
-0.019345545137286608
-0.010864688082322065
0.007031522580159969
0.013510648020295335
0.006819277163500453
0.0014026163661001122
-0.007851095422771296
-0.01088548017783549
-0.005606201562311682
-0.0008412418327926629
0.006283230971226269
0.009663084824347032
0.007927065664831099
0.006356699674764328
0.00313210113463261
0.0008234952651693561
7.713209083563764e-05
-0.0018979318475328007
-0.004382556416298988
-0.007363597037438768
-0.011183340566411166
-0.015299107727449099
-0.019813486552403635
-0.01894137287812595
-0.012009202597703736
-0.001825673278591422
0.01332363219618692
0.02479520865767391
0.0319196389565463
0.040423097469232026
0.04816552227569063
0.04384218108296334
0.02664565995056398
9.872212548782074e-05
-0.03916860599469469
-0.060100194875470886
-0.06046957465942177
-0.058290931116391116
-0.04558512486539371
-0.028317596211906132
-0.007506413038071895
0.026620806289468446
0.07318164051864708
0.0835312030343831
0.05485575208681316
0.010067725850242857
-0.06377616923690758
-0.09085131521252805
-0.06443205758173502
-0.032024893829639946
0.026007389018315973
0.05713828491014425
0.054133535885923866
0.05851998002109325
0.056603362450714685
0.043676988164739035
0.022771383553672173
-0.015048211411389772
-0.0709243288736411
-0.09040381883230784
-0.07090226069602051
-0.039861954615026625
0.01660077546002356
0.04367259827404066
0.036044671839789016
0.0317960981061217
0.017069213688384693
0.006263503236972926
0.003403590935711185
-0.009686132546275584
-0.02917614198270197
-0.03226681552211797
-0.019344654290032844
0.0015000999974791463
0.03579109283072853
0.044720069317691756
0.025153758625384052
0.00032080290818088707
-0.039815611185649184
-0.052187094910660425
-0.03170790831264209
-0.007275762544980526
0.03266455196948447
0.04728020186180584
0.03107985283591041
0.01321638568109048
-0.017373022019718055
-0.030322315234650104
-0.020883718298190686
-0.012796498526509027
0.0022195759939305235
0.010446329935914083
0.008748164901614662
0.010531709388610483
0.011918305893845266
0.009804903304988049
0.0052794516168659465
-0.003333482910920129
-0.016635416448720273
-0.019433444269421778
-0.010927110447555018
0.001064648475228872
0.020431061160032293
0.027166204111090875
0.019270761706246364
0.009581566361665322
-0.007157810177134037
-0.017683248027036025
-0.020115580892940427
-0.025218804401639244
-0.029547209775888723
-0.02489417505080233
-0.011385172319863766
0.00991244746926629
0.04127965200019028
0.050769266130179846
0.03608841577341985
0.014596571162893191
-0.022090912906413775
-0.035858557841879926
-0.022797174350322146
-0.008272784344224321
0.0176478606137554
0.0244484996091324
0.00771198944531984
-0.009804024118112655
-0.03638637078753549
-0.0427715735495997
-0.02448806278000029
-0.0022919260420798905
0.03206476549665841
0.046218648307089
0.03592130233268562
0.023624547973846652
0.0005102328035394795
-0.011631294367629877
-0.009478809709828376
-0.01091264137745699
-0.010167347328186544
-0.009580379065178946
-0.01097097741800988
-0.008563046890585038
-0.003190613012407107
0.000426449525045078
0.0028645142061951034
0.005849784817114338
0.008525265524567893
0.008487000299915474
0.005509893210687479
9.05285448736833e-05
-0.008562656719445116
-0.011663029366784755
-0.008628568304492688
-0.004440990043252799
0.0031491831313997477
0.007081887012266322
0.006541598664930355
0.006802229836536357
0.006062978431584569
0.0042933736034562785
0.0019062819303589656
-0.002549137256812046
-0.009078141037418446
-0.00963410053175345
-0.0037800730514295244
0.004590388708230977
0.017584450488125344
0.02160976588493871
0.015396081768465703
0.007233924234725619
-0.006466741328372598
-0.01671914094675269
-0.02237675501423988
-0.030806501299556994
-0.03975500564133967
-0.03651134671645792
-0.02049741181087652
0.004094760398102694
0.04083545541920664
0.05667612489145167
0.04910102360108575
0.037147164644183106
0.012225578290509081
-0.0032159938996333586
-0.006536905457958844
-0.015819127867031952
-0.025511034374105
-0.029005398919239634
-0.027410634343982738
-0.019530664491723828
-0.0037642819694176702
0.0058945675733546995
0.009203481764942676
0.014489660973871407
0.018617045432797442
0.018054015097823273
0.012975046505669626
0.002579146557800954
-0.014252332397535204
-0.01913500681053111
-0.011031387623825932
0.00011036609671211887
0.018967679902085657
0.022250950391569938
0.007485557892017137
-0.010312870698406555
-0.03733316684758143
-0.043287914586428174
-0.0244876939622382
-0.0004991908570493682
0.03698582877107604
0.04992992341842342
0.033832954046103696
0.013888410976803996
-0.020173358431211468
-0.03386367310981943
-0.022623984642361848
-0.0115868505594529
0.008470478205661904
0.017696148699964807
0.012460912172299552
0.009881906137925046
0.0045022714122120895
0.001262020305491407
0.0021958502408063922
0.0004983401878839897
-0.002234726432829948
-0.005249405176596049
-0.009374890109453686
-0.013719453541776056
-0.018379160218386842
-0.016806418380974325
-0.008169867014392528
0.004330868966147301
0.02267432208828822
0.02903079843264628
0.021833478032600894
0.011377900574855318
-0.007084222135096351
-0.015788626195492428
-0.012796665861325805
-0.010672347760525565
-0.004834593423162379
-0.001981822742085612
-0.003628757961622011
-0.0028232446953200168
-0.0013833372162245319
-0.002434071260431386
-0.005451968946229332
-0.01035616076053507
-0.017800704944762803
-0.011791183348250954
0.008992485242734284
0.03643794152288223
0.0749231674334085
0.07871052480855048
0.04337237515975559
-0.005614260568746688
-0.08079101142013023
-0.10653389820209418
-0.07526310607804565
-0.03387490241492512
0.03778004365760536
0.06772991469177338
0.04724160033685593
0.02775987846956283
-0.009678913037259075
-0.027342316266392136
-0.01812142663626211
-0.01568255361995933
-0.009716069852719169
-0.004857026483606897
-0.004826911694151513
0.0008966517296490423
0.010447281010541926
0.015028100839271093
0.015451991515897332
0.014484655869717434
0.010318935784397042
0.005685796454250391
0.0006494816941119974
-0.007586667871692758
-0.018590326912553686
-0.021484496513955134
-0.01568518780534231
-0.0061640686297824215
0.009973634059602866
0.015883713698706378
0.010114495785202213
0.0032505189226817027
-0.009042278359940505
-0.011689500694961039
-0.0027066984014238364
0.007133738347696205
0.021887338301469658
0.025364688225854772
0.01527948271469608
0.002680887596405821
-0.01695613278743657
-0.025931227407418836
-0.022006527714965363
-0.01749026191457425
-0.007612040221159626
-0.00041548483041052315
0.0026397591738717176
0.009442261795974643
0.017932830111749416
0.018988032055985402
0.012641810945309782
0.0016455311140705156
-0.0163542402249421
-0.022232954520128235
-0.01459036702296083
-0.004655917197607628
0.012473818256751135
0.01894346435637591
0.01262363458197606
0.0061355482357665445
-0.00522321179988188
-0.00962332073181464
-0.005083840551505121
-0.0011210703127649052
0.005519856521699924
0.007203491406001671
0.0024198249240757253
-0.0025172762527031585
-0.009812941448771985
-0.010701557447291886
-0.0038354590609826792
0.004778460866513355
0.01764990395575689
0.018898257938874972
0.006695918411269556
-0.009264642277901343
-0.03337091077797415
-0.03853688568159984
-0.021839942417236
7.687925519268428e-05
0.0345695314329604
0.04642408185832793
0.031673400120329584
0.013372733744952637
-0.017914815969178047
-0.030194380146308673
-0.01926491721692506
-0.008344534471118558
0.011120881718053565
0.017309944330330132
0.006530341389263618
-0.003740573922306505
-0.01954222560223456
-0.023957454136205578
-0.013952768077302639
-0.002557138020230637
0.015089877084297895
0.022952337105485155
0.01863355580255611
0.013907872644165783
0.004342052725566666
-0.0014333647621532298
-0.0018632190694917788
-0.004830639180194067
-0.008041118825118395
-0.008751366242879467
-0.007511913893834289
-0.0038051372715885647
0.0029839434005938265
0.0068475261419913905
0.007637953211865872
0.008834244295376072
0.009051972170031949
0.004790781107301231
-0.004129318351546003
-0.017189821579396067
-0.03548636974410367
-0.037725853396147604
-0.022204138337277093
-8.367136061769443e-05
0.034385835100776155
0.047520378957446124
0.036077090361897664
0.021107245582764507
-0.006263611241618792
-0.01993045625278496
-0.01650698838002473
-0.015963156124706813
-0.011502797236187755
-0.006518489812351825
-0.0029338636373321234
0.006414280443001904
0.02052635887632361
0.023271937145382185
0.014343066912857631
0.0007857519840790187
-0.021424750680428636
-0.02826533453379746
-0.017594811868010048
-0.004298648397774047
0.01787116157196749
0.025704208456338574
0.016294471052543214
0.005924268052355196
-0.011616412711997965
-0.01932505679393679
-0.014555998178112275
-0.010593454719162957
-0.002808332897915902
0.0012499338658555595
-0.00016325400829971052
0.00038776209723677076
0.0007668881322331751
0.003046854536809767
0.008229926809364772
0.013629851560179478
0.020025382161488282
0.018679986492877564
0.008430526830755174
-0.005941514038006738
-0.027024178252230947
-0.03248731603114367
-0.02021967042342604
-0.003155125563013456
0.024728948356020852
0.033674357212219314
0.02051906860802929
0.00461729960302022
-0.02191934102627935
-0.032499542719059596
-0.023597271147099218
-0.014508682058083354
0.0018933127534819243
0.008380926467812844
0.001990773944215298
-0.003149334490659969
-0.011783922175952578
-0.0076583764525425665
0.012024317054858933
0.03568715298316341
0.06807871982075774
0.07143829834707655
0.041465985457758
0.00012245826549685886
-0.0631665512710643
-0.0886482386485014
-0.07023566826400149
-0.0456336682248028
0.0010366401543435552
0.027134920417867074
0.02702330559597652
0.034579629719387925
0.03883530343544778
0.03108893681279092
0.0134405008981795
-0.01884563785156169
-0.06800658721205737
-0.0791973923685989
-0.04928153826637892
-0.0067167399966679845
0.0626506809114977
0.08838389349012654
0.06346023043495896
0.0335296792307664
-0.01983724204796431
