step, usd->oil, oil->usd
Band: 0
Linear p-values:
1, 5.794146743743696e-17, 1.5066416892407246e-36
2, 0.009244667062839707, 0.7373407038889513
3, 0.3165222391244511, 0.926171256460229
4, 0.40067445571875737, 0.9709354323663812
5, 0.47263674860281735, 0.8417724743796224
6, 0.29058623943573053, 0.9473735185463126
Nonlinear p-values:
1, 0.93642, 0.01775
2, 0.89862, 0.01706
3, 0.8762, 0.0208
4, 0.85104, 0.02188
5, 0.83627, 0.02561
6, 0.81227, 0.02453
Band: 1
Linear p-values:
1, 0.13335318311800157, 0.07275820877969766
2, 0.5747805500092076, 0.9531849596679445
3, 0.887748750090938, 0.9804856062811301
4, 0.8978736677621372, 0.9699098303184754
5, 0.9124731721417934, 0.9319475182168228
6, 0.9517235466364724, 0.9615024929891726
Nonlinear p-values:
1, 0.58889, 0.64999
2, 0.64686, 0.68496
3, 0.70213, 0.73714
4, 0.77763, 0.74938
5, 0.79974, 0.79964
6, 0.81866, 0.86591
Band: 2
Linear p-values:
1, 1.2537968346238646e-05, 3.1966083768548014e-06
2, 0.1889850620092863, 0.09566019309391934
3, 0.6067922530399796, 0.23766222376122875
4, 0.5209045695766878, 0.3079407751048457
5, 0.23340989768682652, 0.05666156370221344
6, 0.03218865260876374, 0.0029413537369702963
Nonlinear p-values:
1, 0.05902, 0.03557
2, 0.08351, 0.02818
3, 0.11995, 0.0201
4, 0.13588, 0.01548
5, 0.14499, 0.01066
6, 0.08974, 0.01149
Band: 3
Linear p-values:
1, 0.32309628727209583, 0.2739812928408632
2, 0.6867504858586654, 0.5801111898758613
3, 0.9147785195773256, 0.793088341459604
4, 0.8817530825455799, 0.6782290528844479
5, 0.983340145464317, 0.8021269330521908
6, 0.9845303952097625, 0.7771842343317462
Nonlinear p-values:
1, 0.85833, 0.99384
2, 0.9477, 0.94131
3, 0.96141, 0.88189
4, 0.96958, 0.62585
5, 0.73711, 0.24746
6, 0.53404, 0.23499
Band: 4
Linear p-values:
1, 0.25841060936975085, 0.44573876849681104
2, 0.42924051514488526, 0.7792158801678578
3, 0.42718499230098206, 0.9033425218687239
4, 0.41024100568600674, 0.7428309040693934
5, 0.2511806456880668, 0.7680629160172467
6, 0.2986399837622164, 0.8479537861588129
Nonlinear p-values:
1, 1.0, 0.9441
2, 0.99995, 0.62467
3, 0.91031, 0.01871
4, 0.94741, 0.01824
5, 0.96272, 0.0294
6, 0.93489, 0.02099
Band: 5
Linear p-values:
1, 0.1603995638278794, 0.9202859164043649
2, 0.021675047624454765, 0.17396329871015104
3, 0.053015043500121185, 0.262379445417929
4, 0.2700627370162618, 0.7891830928061654
5, 0.2012011927467598, 0.296632205194183
6, 0.16265149082138225, 0.17758184930374857
Nonlinear p-values:
1, 0.97966, 0.91501
2, 0.45233, 0.39902
3, 0.18757, 0.16093
4, 0.30817, 0.33283
5, 0.09451, 0.0276
6, 0.25626, 0.142
Band: 6
Linear p-values:
1, 0.11841050202345593, 0.04372607443179472
2, 0.6406302460170386, 0.3139500161867589
3, 0.3139975766276513, 0.17671851147591436
4, 0.36463213630091706, 0.39741720141750914
5, 0.33232318004279304, 0.14506050761326486
6, 0.309555012451234, 0.11954172660866878
Nonlinear p-values:
1, 0.14267, 0.25016
2, 0.41561, 0.57404
3, 0.11968, 0.31912
4, 0.27237, 0.46822
5, 0.19622, 0.47542
6, 0.19502, 0.70093
