step, usd->oil, oil->usd
Band: 0
Linear p-values:
1, 2.5448601465084873e-19, 1.1963037818805343e-20
2, 0.012967221413348454, 0.005097088278479315
3, 0.3871423545771965, 0.10248779674822524
4, 0.4316887821959746, 0.13968462466160644
5, 0.6681895395626554, 0.16028034838249489
6, 0.5129588615515565, 0.09547123884678618
Nonlinear p-values:
1, 0.55206, 0.01482
2, 0.49675, 0.01619
3, 0.49126, 0.02008
4, 0.47629, 0.02299
5, 0.46967, 0.0239
6, 0.39912, 0.02456
Band: 1
Linear p-values:
1, 0.31199299928888463, 0.054466449284102186
2, 0.07790672830595353, 0.4708871568871522
3, 0.41918859713916534, 0.7500629545179301
4, 0.5297446174062788, 0.8554754879093934
5, 0.7188427352718012, 0.9343362338850456
6, 0.7089325053708377, 0.9474145188358694
Nonlinear p-values:
1, 0.10192, 0.00888
2, 0.07011, 0.01282
3, 0.05624, 0.014
4, 0.06022, 0.01822
5, 0.06239, 0.02506
6, 0.04736, 0.02785
Band: 2
Linear p-values:
1, 0.022261405001043167, 0.007797241422757631
2, 0.5126205985967753, 0.36141540979531694
3, 0.7952862145939454, 0.5853449379758272
4, 0.8951642367063894, 0.6977728207185949
5, 0.8980454591721766, 0.6874624463220407
6, 0.8206312593345814, 0.45730319903984107
Nonlinear p-values:
1, 0.03443, 0.03096
2, 0.04919, 0.07878
3, 0.03567, 0.10392
4, 0.02484, 0.16281
5, 0.01447, 0.11638
6, 0.01735, 0.06437
Band: 3
Linear p-values:
1, 0.36403219278966104, 0.22684089933980137
2, 0.6914038310134865, 0.9431004183290892
3, 0.8955324041064657, 0.9801127939061339
4, 0.7227939598913614, 0.9474179341956793
5, 0.893345098283316, 0.96883692909051
6, 0.8480675113668812, 0.9608641329338765
Nonlinear p-values:
1, 0.88344, 0.83323
2, 0.95657, 0.94043
3, 0.96332, 0.94766
4, 0.89958, 0.55472
5, 0.84933, 0.16024
6, 0.67302, 0.06136
Band: 4
Linear p-values:
1, 0.6947127669290856, 0.411458165885736
2, 0.8057186089267646, 0.3718494113908777
3, 0.893513332215999, 0.2097463654105759
4, 0.9541801014338753, 0.2859601683379563
5, 0.9126625334373856, 0.28966200127587444
6, 0.9645418837870806, 0.2669016346664786
Nonlinear p-values:
1, 0.99984, 0.97212
2, 0.8049, 0.22686
3, 0.42235, 0.01037
4, 0.67377, 0.03058
5, 0.77636, 0.05208
6, 0.78448, 0.06064
Band: 5
Linear p-values:
1, 0.11129029279368464, 0.185484031113883
2, 0.1761867675072185, 0.38871905056172207
3, 0.08973617522074771, 0.42616161903664507
4, 0.12130212419719337, 0.46878877727775226
5, 0.20343052873877346, 0.0628155984698446
6, 0.33263858934747387, 0.06361657476594446
Nonlinear p-values:
1, 0.093, 0.7736
2, 0.07272, 0.75059
3, 0.04579, 0.55392
4, 0.07311, 0.81885
5, 0.00773, 0.33898
6, 0.00829, 0.5567
Band: 6
Linear p-values:
1, 0.7358708896314974, 0.08800862883283796
2, 0.6455835551929929, 0.1524840351108868
3, 0.9567952472004698, 0.3937536941228489
4, 0.5051625682509213, 0.04520540811843311
5, 0.7261098785326325, 0.061830788864481144
6, 0.9661229247315432, 0.03927812392197686
Nonlinear p-values:
1, 0.87562, 0.53193
2, 0.83375, 0.7299
3, 0.36181, 0.56854
4, 0.58309, 0.55835
5, 0.59781, 0.53233
6, 0.66774, 0.46826
