-0.01788010767006225
-0.018460151836442416
-0.01905676668600929
-0.019670968981434358
-0.02029232292833029
-0.020923981014472525
-0.021428689305657816
-0.021791235092079267
-0.02207809012143602
-0.02224903309041942
-0.02238021525584131
-0.022474496633375068
-0.02245691630452714
-0.022340917764635856
-0.02222887227758695
-0.022118071712868698
-0.021966004765528117
-0.021796108791654143
-0.02152540346845669
-0.021146655600853603
-0.020718897399291506
-0.02022186241036727
-0.01974570903238242
-0.01930439848250956
-0.01883962069648963
-0.018377714674193395
-0.017878374848932146
-0.017336747024760988
-0.016796122116361122
-0.016248084009395914
-0.015602714756116175
-0.014857888981561656
-0.014051210021751557
-0.013159705975713849
-0.01224653644824643
-0.011315559740336052
-0.010315946271789873
-0.009261339024511124
-0.008259543975944831
-0.007315346615609019
-0.006387497524408816
-0.00550537269794156
-0.0045941957772307855
-0.00365166397865577
-0.0027413232749834587
-0.0018487601187083748
-0.0009141354290244856
5.9196962590199315e-05
0.0010512099097664085
0.002075391163209193
0.0030782110742687504
0.004056075659330953
0.005045944090452725
0.006035163631079062
0.007115249805550471
0.008298616595741647
0.009532581223119181
0.010843910698214183
0.012187926642352107
0.013561077473712812
0.015009686922360647
0.01652518605517355
0.018028129576720706
0.019518294259253277
0.0210288834936407
0.022540490358287382
0.024112375676103557
0.02574888194437491
0.027404804122382723
0.0290937097504964
0.030550447519930794
0.03174297212643312
0.03280514910452821
0.03365866767740788
0.0344448619835225
0.03516972325011462
0.03569071361730253
0.03603265364419661
0.036402774275419165
0.03679682225143239
0.03712734325948231
0.03744222854180735
0.03757649096204384
0.03751571492840207
0.03737854472979284
0.037124856177095406
0.03691972727321871
0.03678991013223849
0.036626464162059336
0.0364779310878598
0.03627290504480237
0.03600236818238284
0.03574474338793624
0.035485146435378846
0.03505456274069653
0.03444870767853517
0.03373893451627469
0.03288201102898747
0.031995890075879226
0.03108789025430684
0.030062807062923597
0.028946139859763437
0.027958650452921986
0.027111214686591285
0.02631772157421296
0.02563865907308265
0.02492322437900106
0.024166719296063226
0.023498535977408096
0.022889760173725432
0.022215015027220588
0.02148101340748227
0.020730679464194365
0.01993573222900827
0.019207396689564633
0.018553350953004744
0.017896645120675042
0.01726366157153678
0.0164710120506659
0.0154936175031456
0.014437904216742918
0.01325025340473147
0.012019741318093332
0.010753680137361011
0.009359558876770181
0.007854566011992798
0.0063993936685006626
0.004994750528639429
0.0035735036909356225
0.0021750498972677645
0.0006800560214826887
-0.0009201057966077572
-0.002534034552460959
-0.004188931741898184
-0.005627817373951001
-0.006814491407470512
-0.00788885942675649
-0.008773783924625847
-0.00959512504552727
-0.01035945494760265
-0.01093287770489549
-0.011337144599650446
-0.01179090489534415
-0.012291782947164662
-0.012744810005778128
-0.013201239046640516
-0.0134922067618787
-0.013602792688713148
-0.013656581492780782
-0.013612736022039995
-0.013614035359053646
-0.013685893445353887
-0.013729578660952056
-0.013787627458163892
-0.013802881366211285
-0.013767168499105913
-0.0137465889631532
-0.0137291961168883
-0.01355987340370591
-0.013234021617324085
-0.012818275248625026
-0.012272773744159896
-0.011704104118916162
-0.011118998843891868
-0.010430688690055144
-0.009662171285288327
-0.009051664862885306
-0.008612756381642533
-0.008249398186240025
-0.008027387233351129
-0.007788026147394551
-0.007526167166365755
-0.0073800568398464505
-0.007319463840845199
-0.007203765924318648
-0.007039820619466509
-0.006877335313947123
-0.006684469246107657
-0.006584113842795199
-0.006585028737224149
-0.00660173187853102
-0.006663455680674841
-0.006579361312103632
-0.006322882760710882
-0.00600618231892492
-0.005573423015753781
-0.005116298506202297
-0.0046426671800776685
-0.004056793130883442
-0.003376477170951144
-0.0027714994667041785
-0.0022429731579716944
-0.0017198650066218258
-0.0012439804652562706
-0.000690025946024088
-4.905747906505397e-05
0.000582463779158331
0.0012329612751979817
0.001798726317233827
0.0022586262025649463
0.0026816690856637185
0.003035098177146706
0.003355671426369052
0.003646891034803484
0.003859969048056425
0.004000693514110804
0.0041794703435487236
0.004397429489136727
0.004603370720071221
0.004823929472613414
0.0049796579902796345
0.005063247923641487
0.005135223852636395
0.0051765689012268565
0.005223580012266897
0.005285802542368591
0.005331721530857471
0.005372852187764781
0.005400921232108229
0.0054132363077375786
0.005424152169446941
0.005431817931574729
0.005384185017940054
0.0052787464099071845
0.005139231768354243
0.004951956766225043
0.004750347226743476
0.004536585530295501
0.004282309613639366
0.0039945991438156605
0.00380099403454507
0.0037107980795991766
0.0036688964321635927
0.0037110529388528234
0.003756749534363533
0.0038030509602612105
0.003922367460031547
0.004099519118791353
0.004252978806105803
0.004385890306739343
0.004528670408442549
0.004662657128016388
0.004856888849828779
0.005116511937673779
0.005392838555563402
0.005702315401419757
0.005950594772752572
0.0061239137466571865
0.0062792478528934355
0.0063888820244495294
0.006496835105248075
0.006607193158333574
0.006673210453395079
0.0067034885532399275
0.006784817600610248
0.006918101564850212
0.007066781888943957
0.0072523718515482985
0.007411583872053521
0.007539951698043804
0.007686620151239209
0.007837323076181691
0.007956705849754702
0.008046584154325916
0.008113282887648031
0.008147907084123258
0.008182348187200634
0.008216674882863872
0.008227066887966391
0.008219655408412848
0.008201556830758065
0.008170316446021501
0.008126266875651338
0.008070322213374328
0.007991023502881804
0.007887693056347863
0.00776631701027622
0.007623950132124197
0.0075020425774447235
0.007404830456061219
0.007310295766404985
0.007230089202698721
0.007141239893874362
0.007042041817233236
0.006954215175538688
0.006873109855976401
0.006766734907379498
0.006635164494423133
0.006490780243206489
0.0063257040120350905
0.006164376974793659
0.006008301106673243
0.005838822667246312
0.00566137733372172
0.005475099885709908
0.005277833735708792
0.005073842342630471
0.004862341721319254
0.0046392849904418835
0.004404906166686197
0.004160398533900532
0.003904846219589258
0.0036453707002246723
0.003382528409533081
0.003112157806483558
0.0028361050105920036
0.0025505204789213693
0.002254918179083765
0.0019527219097340387
0.0016430111057995174
0.0013183625792543708
0.0009784260457962896
0.000626011432149337
0.000259081891510703
-0.00011737974390487764
-0.0005032495317664511
-0.0009028496756258011
-0.0013152492154694735
-0.0017367837592299257
-0.002167752862753001
-0.002609391533053978
-0.003060926188842791
-0.003525810919852893
-0.0040043205515904795
-0.0044941880213974494
-0.0049962708197849705
-0.005423481015042491
-0.0057667197692411205
-0.00606740282217771
-0.006300194565901824
-0.006514522505661801
-0.006712232873880838
-0.006845451741846191
-0.006923014954233881
-0.007008294265139113
-0.007099497015340284
-0.007170700611619951
-0.007236411537320554
-0.007244918199911546
-0.007191811521017767
-0.007113826394523116
-0.006998379377752894
-0.00690378526350119
-0.006838979696328974
-0.006766693174749102
-0.006703977975840921
-0.006624560897770867
-0.006525411247352156
-0.006434688105941952
-0.00634697001285704
-0.006204909011233735
-0.006007275992799647
-0.005778081546785374
-0.005502747126157182
-0.005221810863806295
-0.00493781486812514
-0.004618331472877061
-0.004272182574475449
-0.00396367871587587
-0.003695484237305467
-0.0034435205747601035
-0.003225288903692129
-0.002995749249282596
-0.0027536099311055687
-0.002536993627703964
-0.002337248413658407
-0.0021195501862840455
-0.0018860229401248471
-0.0016481902730803221
-0.0013982753610985977
-0.001167832431634426
-0.0009590068152922228
-0.0007501982008048635
-0.000548907444126559
-0.00029979386995996823
4.526121624739082e-06
0.0003322660617182719
0.0006995562811522816
0.0010791425705126746
0.0014688353310627579
0.0018966808360966474
0.0023574079041177305
0.0028031796924001917
0.003233838816162537
0.0036692630242629153
0.0040977366291947296
0.004554922231240517
0.005043381940791149
0.005535850980460022
0.00604045703529947
0.006474462178177521
0.0068264492261467516
0.007141007411842286
0.007393361181141691
0.00762453269002182
0.007836606680798445
0.007986288792621515
0.008080688365044227
0.008189359721543929
0.008311458519628803
0.008416891520491805
0.008521933019969546
0.008572648321905456
0.00856428053695855
0.008536210826222333
0.008475386978744172
0.008428413700980887
0.008403480848554483
0.008368564320979044
0.008337521964589029
0.00829148571672261
0.008227803480577112
0.008168128180595726
0.008108516534586262
0.007998748178761917
0.007837361619173784
0.007645878590069588
0.007411400789999752
0.007168506228838745
0.006919372430560665
0.006635880345829914
0.006325491502579424
0.006063275278752535
0.005853420384990817
0.0056658053673601634
0.005521136605591769
0.005369205251485592
0.005208389286311182
0.00508231811240297
0.004981414570535033
0.004861623142636845
0.004725120665538135
0.0045874020497641685
0.004438495235755884
0.004316982340422885
0.004225597389225246
0.0041375198096737465
0.004061920877166667
0.00393834022021976
0.0037583815239444983
0.003557505786726136
0.003318022877065142
0.003069026521662124
0.0028129910434109137
0.0025195586633767484
0.002194369690636539
0.0018910814192335658
0.0016100250430664557
0.0013287518451501501
0.0010604629953650802
0.0007655174711650263
0.0004410771101926538
0.00011763137321020876
-0.00021382149671835335
-0.0005213268419812633
-0.0007983006045444655
-0.0010661912339846036
-0.0013148946224681964
-0.0015555727336678843
-0.0017893302518407635
-0.0020012110893812118
-0.002192974600682473
-0.0023989466529252563
-0.00261951598818098
-0.0028387511047971606
-0.003064951279994255
-0.003273499276518881
-0.00346213990206995
-0.003649677430509139
-0.003830232039749316
-0.0040147028759780915
-0.0042060336351282535
-0.004394644988106537
-0.00458401911142276
-0.0047718256833587875
-0.004957256993650653
-0.005144577502199361
-0.005333271468962513
-0.005507466488069208
-0.005666394675926685
-0.005817334614189797
-0.005956117877793947
-0.006092920701528717
-0.006228421183199795
-0.006353988798607137
-0.006471787018414758
-0.00662144991214053
-0.006805899270659115
-0.007007991690103538
-0.007238855175972907
-0.00747353036218467
-0.0077111164542148225
-0.007974105952559147
-0.008257805201580752
-0.008536843274049395
-0.008812204761551427
-0.0090933863347748
-0.009374588618133126
-0.009677300979957549
-0.010003139121065109
-0.010336964128305417
-0.010683905273765061
-0.01101474255667299
-0.01132521800488243
-0.01163301354069637
-0.01192955358593432
-0.012228476250716892
-0.012531062466081553
-0.01282284735076351
-0.013106506793682887
-0.013408974016251985
-0.013730545560791143
-0.014059892135157716
-0.014403700927283785
-0.014742361915952365
-0.015074503643486337
-0.01541538093195012
-0.0157605841786458
-0.016054634879733253
-0.016293527090564485
-0.016500049531856083
-0.016658485533763274
-0.016804214299133688
-0.016938127054516045
-0.017028219371753018
-0.017080914511166504
-0.017130348662430333
-0.017174755130697654
-0.01720117505156882
-0.017217145654408426
-0.017192836862720984
-0.01712575767221795
-0.01703629460325971
-0.016917097722390587
-0.016811508226157252
-0.01672540401124172
-0.016632544243295543
-0.016545409584831677
-0.016442930374222793
-0.01632295966489996
-0.016206989200761007
-0.016090665795450803
-0.01593426822623109
-0.015737159897348224
-0.015515559644617392
-0.015259422423378145
-0.014997373423319006
-0.014731153976090284
-0.014438090097592992
-0.014124415092038291
