-0.019940010943078505
-0.019171313967799947
-0.0051976151316486885
0.028756077546032172
0.026442377955413883
-0.013220857493117891
-0.0166784405562778
0.007544606951290035
0.003161556570983546
-0.019883599851143026
-0.01530094166132474
0.011151776546306953
0.020297771580307437
0.018273327504266634
0.004841707672166558
-0.027784899196725433
-0.019423887710572664
0.03189359083637035
0.03200024331416588
-0.011136660142362432
-0.03239250227110181
-0.04686544190178945
-0.021539357547689444
0.0570224547229831
0.057631394863542657
-0.016978300657211204
-0.030555705637237845
-0.00372808438044607
0.0014200552799768264
0.005110092668686038
0.004835541179948644
-0.006506853975796965
-0.004592132000557719
0.0092588168097657
0.00668969047647364
-0.009469486401780119
-0.009265275386451081
0.003978151774481659
0.003836836973584977
-0.005765788667823662
0.0001426454554686011
0.018799190946030324
0.011590538535732343
-0.019842529965399175
-0.020297165911764566
0.005877313601021152
0.008842832296679096
-0.0034382038466001202
-0.0015003809791728664
0.008039059092870716
0.004253037278772079
-0.010148275578363251
-0.003736359556766112
0.02209010285539951
0.021041672235484102
-0.0034962394174934495
-0.022399933586270317
-0.043800278330599206
-0.01829936869737151
0.06288187651722789
0.040739079852829554
-0.08259359409386717
-0.07132554610620992
0.05579635954016172
0.08659912314002594
0.05484445732690569
0.018606757971472866
-0.05730771125200365
-0.09200782384101562
-0.07938290113340904
-0.017056301913852347
0.11979181736124345
0.12310630401201583
-0.013424393497101193
-0.03938993861567515
0.010118350861910255
-0.04611843697224155
-0.176758445406202
-0.11027185197450698
0.14667683062597064
0.2069129332260579
0.10445277340639676
-0.005369152672744789
-0.19616362661650608
-0.15971568817498175
0.13888968252321932
0.15048683937235835
-0.07839670666244147
-0.09528556810985912
0.0203662272086212
0.039710626841604195
0.023042856054425232
-0.0024223053858915687
-0.0673958964244306
-0.04685764503412138
0.0649591923232512
0.07595698851752417
0.0033367237987431907
-0.021882416549408333
-0.030067488166602527
-0.04379658993426795
-0.04514007680814765
-0.02330179805045513
0.025320017937220402
0.09758350303006008
0.19907509674040866
0.11984391029307911
-0.15925083446283553
-0.2682647554866584
-0.23871922342088742
-0.07813726362778334
0.29770511218097784
0.330444462015763
0.007081359099107879
-0.11124221964100071
-0.12705919401796092
-0.09298565234623682
0.0840191134046829
0.10438538481248821
-0.02914553547376618
-0.06810465879190696
-0.06517320307280834
-0.027245352010796735
0.08480358132120218
0.09298779080276173
-0.0030577507563216127
-0.027558186714666727
-0.010796121329843672
-0.03570575912708998
-0.07876536819800734
-0.04076346812846128
0.07725157231235737
0.09300663076297154
0.01607632529274019
-0.00853220174309796
-0.01165117976676864
-0.009548741575952034
0.019665050006985946
0.058654105970299394
0.1121332229458317
-0.07770981549199729
-0.5385829152090804
-0.34732048647228314
0.5031373989476012
0.5935407936309831
0.039721434216831525
-0.16080129909293933
-0.23739759780581662
-0.18086047812688302
0.16430767879923064
0.21339704327945622
-0.013058340937065982
-0.1458794824483102
-0.29235086319392384
-0.15943091810592677
0.32644187362753013
0.3399980389459592
-0.08442201771677142
-0.16947913527895012
-0.04387372622204494
0.0028949873729446855
0.08743264531644726
0.07845022301377214
-0.05825493559557548
-0.09151622794874077
-0.04853984625494961
3.9559655639545034e-05
0.09475820437664745
0.06725883266177451
-0.09774981507124032
-0.09155100388430822
0.06351165037193128
0.08588402991618416
0.019806379449693514
-0.011658757428745435
-0.05068272776302117
-0.043810737953110634
0.02699075647199637
0.031205837829013185
-0.021247797130339217
-0.018963231923270492
0.01937230348445028
0.012364344838144229
-0.027291019640430465
-0.00216112749536582
0.08131398255487039
0.059971483659449466
-0.058719360073552995
-0.09657652365504284
-0.07710132943876485
-0.02487704000035409
0.09452797004081925
0.11433229282661489
0.029023905438543867
-0.019928784103229426
-0.0663455047770331
-0.06772485981033928
0.0004810183671839245
0.022306748598556577
0.010192237812794352
0.02396922064704491
0.045464767456875416
0.019640241468906822
-0.052165061687707986
-0.05274372150474511
0.014445187926422888
0.02818288463094996
0.006985199865795582
-0.00632773148823743
-0.03097770614256349
-0.024684706944732265
0.018813246055201988
0.04026461661559311
0.04812726448053818
0.021685665823573393
-0.052714617156325694
-0.06187987317638081
-0.007373000842590365
0.01687878377235104
0.03146542113854861
0.01911397664198379
-0.0366509484334944
-0.03595630000327337
0.018179554947438246
0.040461083506384374
0.04766725145501417
0.023768576274228206
-0.0473996072241272
-0.06658478509822978
-0.0365182000079416
-0.0019174648715832017
0.05817697432194289
0.059676336861225136
-0.006800291790524519
-0.023167581914256413
-0.005263639391327352
-0.013669353371792996
-0.030934184712987683
-0.012290378396892333
0.03908693799834728
0.039087685596137955
-0.009385969012490033
-0.015220777735364822
0.00885814647608867
-0.005067293830851971
-0.04553334305007577
-0.024992926009745172
0.05245109219532908
0.049702445519198474
-0.02458548703365176
-0.02921717785766195
0.01659963299217921
0.010844551270725668
-0.027901696347078408
-0.018472652770792415
0.028559168888770026
0.022684116493891206
-0.027802939439175653
-0.02737298013817011
0.012642172686449217
0.02664108752866747
0.02860834603621272
0.011424348634025003
-0.0366057792760007
-0.04013640147430707
0.0005625158794447732
0.010710803169638792
0.0030714808701348037
0.014099526447721734
0.03382061398227207
0.015323474175206776
-0.04108792225244423
-0.04033130471464072
0.013925174865470307
0.020974245375056426
-0.004935164388797666
-0.0013142511091531345
0.017954849038055467
0.0107513423168582
-0.016979493328342185
-0.01836677435102722
0.0023413977796655655
0.00782322634829211
0.005246092538272701
0.0033362368756428185
-0.003593306036822823
-0.0056420723070877326
-0.0022549911628359435
-0.0023130600379008925
-0.0038960278917737224
-0.008289152890502829
-0.016997223498053687
0.011009685026630876
0.078824127533974
0.04773534996386103
-0.08332123208638166
-0.08343572154699604
0.03175384589692994
0.049712509511555966
0.00442046337158668
-0.00981046348284513
-0.024278036240032923
-0.013550001869122008
0.03518103680649036
0.024144442800023723
-0.0437189453444121
-0.03624458456756913
0.03499013374054093
0.03929580594708829
-0.006144040389765577
-0.015166330883341616
-0.006323548347061433
-0.004639352303733756
0.0017089146799545317
0.0035310549737556885
-0.0012544848243360304
-0.0006676642245189142
0.0033012907998237364
0.0013564399383427404
-0.0053266829678808554
-0.0018907728822051173
0.011162649901392544
0.00882325696097246
-0.007544288778059581
-0.011769416642812534
-0.007424394203364123
-0.0006621574501100001
0.013256362105702014
0.010975310977431612
-0.00909818835635551
-0.009142074019297034
0.007489446219037429
0.005641742226834005
-0.009671998907896587
-0.007788587461186409
0.007283925679511605
0.006765838416606635
-0.005752259155928536
-0.005672043404221761
0.003322406515241714
0.009334786376751815
0.016110228808118812
0.013004729569705943
-0.0024505240851830632
-0.025590711487803182
-0.06015959379659366
-0.03082974026798232
0.06921323788686129
0.07116043029060891
-0.01750257827116098
-0.032540162618426446
0.0001447886649436665
-0.0030861498255919115
-0.01916417872887951
-0.006624256494268031
0.027286766575002137
0.022181178818804166
-0.019588060612382375
-0.01787185006775251
0.019635320085113834
0.01039346644176945
-0.035872865971106324
-0.027169003152738392
0.027994586138290707
0.03568966558328097
0.007667756675393281
-0.006387599236050894
-0.021420588429780948
-0.016601995260007787
0.01617750217609233
0.016631850983491937
-0.011659203122267758
-0.014492634292410472
-0.0007989995646519918
0.0007206612063525018
-0.0025999048122212396
0.00944754847649218
0.03465755814402426
0.020530915244062604
-0.033583526078386286
-0.04204618402792018
-0.011253259243756208
0.004222960767387451
0.019129418213570438
0.025272522703362558
0.014604962188728655
-0.00044693724542180246
-0.02481563325957675
-0.021745641906215068
0.01285152313122829
0.01613708711414246
-0.0059335663759212025
-0.008106354766253949
0.00022034317147628382
-0.0003780232692056153
-0.004282684236376932
0.0015080979198958827
0.015651694960024498
0.007868126982010967
-0.021816601983835792
-0.013320777691351059
0.030992306392568142
0.02671804193106394
-0.01931106428463789
-0.029429736235403983
-0.015551044406323159
9.500105936237823e-05
0.030543506735818335
0.021958679443555205
-0.03055528197578084
-0.027466086714236528
0.024165035991478463
0.027003118145138037
-0.005280890789694792
-0.008216822243948254
0.004978134919225575
-0.002734683274034727
-0.023977993989507153
-0.012408327961604296
0.029945966996535744
0.022841567047125075
-0.02978831599531014
-0.02766827384274342
0.019145981568232533
0.027722990881550443
0.012123180744057707
0.0016361499554435942
-0.016448518129695992
-0.022619253097303876
-0.013247460337970902
-0.0030852062520487734
0.013311473134466801
0.017987202360674272
0.008224167963888118
-0.00438207012982027
-0.024978309726022968
-0.004910099638524614
0.06102551152263683
0.04636190633780303
-0.04552862166879731
-0.0697956029726006
-0.0448703586677816
-0.011291854068057142
0.05707497095556827
0.06776345410147351
0.013932984184858877
-0.014543374126633644
-0.03707273280304795
-0.02896099301846735
0.02618101525159184
0.03505036359454322
0.003430306760603558
-0.022675991387130716
-0.06067451129078119
-0.03240314848210394
0.0734369827370694
0.0651635006777335
-0.04936742383002196
-0.05472932514245027
0.02244030810489047
0.03576419018305755
0.01582247987520114
0.0037413203909830058
-0.02112385920586535
-0.025777393787386194
-0.005645013871441465
0.007837041501307014
0.02235525059812632
0.011990980317109073
-0.03015461032316789
-0.02403666658067676
0.02772661072024445
0.02519126722849111
-0.02126924280221888
-0.023152281509724718
0.006389934562336933
0.01712301619499
0.021698127238793195
0.009766840123977416
-0.027228224896478234
-0.02635603055414215
0.011657236851734159
0.017355198315525355
0.0004477697550173363
-0.005722724991865712
-0.011718697581634423
-0.006332277429219128
0.015373115626281686
0.014372892436438004
-0.007873736959426496
-0.008097259050549149
0.008259855005599288
0.00260836822495645
-0.019913377902515027
-0.012931261607553651
0.02017491929605468
0.020367525158288227
-0.007102662400785711
-0.010702986633734844
0.0011361504630926173
0.0010466095706969116
-0.0038882092314097743
-0.0031379115238184016
0.00035030251284618466
0.003021401584708744
0.006110667601622108
0.0015879859870667724
-0.011802267648498144
-0.0037730316334514437
0.025879547627320313
0.019739913515321117
-0.019540645322455752
-0.028540576870959625
-0.015328893527192354
-0.0021529378536187783
0.02202195118082948
0.02486177305147433
0.002714979226967156
-0.006673519038390197
-0.010070884906070571
-0.009487419049430592
0.0014387817115400006
0.0059924114697219024
0.005205689317106277
0.000901792024518937
-0.010542840139064667
-0.007698349194846717
0.01013374888815147
0.009559942698515145
-0.006609206503030251
-0.00891609188704332
-0.002068254265686656
0.004513435596244696
0.015573488047735048
0.007281680904561956
-0.022970234946765904
-0.016630412928420043
0.024368665048995534
0.020975413510949097
-0.019731624092442675
-0.017615801370365378
0.017327116443873393
0.01849776517013212
-0.003837130782131659
-0.01704336619967993
-0.03106301041119084
-0.016624555447101372
0.03324851682525558
0.038350019147557576
0.0021633613861716423
