-0.004121530345101766
0.01213770640310811
-0.010927785839006839
-0.001693583831193004
0.002756307875845561
0.0057782374853894486
-0.010777491010884302
0.017800450618347174
-0.01464553381427972
-0.0063977944688981
0.006764137239987866
0.021933957628708173
-0.021729670041066497
-0.011516739310984493
0.017230107732153544
-0.0017256854971182053
-0.007820331042428002
0.030022818740376433
-0.017757119938676756
-0.048652388358841385
0.047332986215052275
0.03200123343322287
-0.05566560299406099
0.011561647726230235
-0.007186108815941589
0.059240746434655954
-0.05163864633442172
-0.017775133633228406
0.04072877244358682
-0.028438422873851288
0.006665715228848602
0.03175505010510069
-0.042292171313788395
0.021691791570604184
-0.01786738440838984
0.03417080301358621
-0.035114326291454764
0.01777028174670556
-0.012510067074072356
0.02255275130573122
-0.019773648114677713
0.004299048796014272
0.0013018026198322566
-0.003420848777130879
-0.0019141229166529067
0.021955277365710055
-0.018153893573669585
-0.011989262117345866
0.023478540784248648
-0.016019072215228313
0.01594199103822009
-0.02122108784310805
0.0246963772106031
-0.02985704057222832
0.024922977715525884
-0.010500164021073888
0.0022967876875639205
0.0008551539121432199
0.0009973873932223906
-0.0006465939135370487
0.005781347072959821
-0.03355693218904117
0.024055709578750285
0.04364544196744887
-0.04737371079954344
-0.03368835532361568
0.04063978594812392
0.0430910298273322
-0.05206031495614789
-0.017618219714695824
0.036950242507949545
-0.014540453538817829
-0.004229176584580718
0.029880460032281186
-0.02703013960325529
-0.0043450147286015
0.011068568913883838
-0.009475214726517479
-0.011493903708025175
0.06737877959919272
-0.06351623121714756
0.005109361852238934
0.02588057402936962
-0.04452126517208168
0.0332656929128129
0.01732610821069899
-0.02826125564299242
-0.002235275581472162
0.007478069839637622
0.009537573536325466
-0.023727098775631072
0.03751197751955512
-0.045997911525256424
0.040046857321489875
-0.0463415889904158
0.07892938578386265
-0.0672534991169406
0.009392461241910762
0.014569014129133834
-0.006303766628462799
-0.0039746830146308535
0.00042670194431024586
-0.016580934799495767
0.0754431820261632
-0.06208250242806996
-0.026687276318514086
0.05809064529335456
-0.045644943776014635
0.024111976386372073
0.019884362362270737
-0.0270810564366502
-0.022757942465800644
0.02246074328986481
0.04820029239485458
-0.03674732762749591
-0.05677543564467071
0.10695066668899385
-0.09881950010380394
0.09798186482822195
-0.16923109134228512
0.11623801726123527
0.1381359460560796
-0.13122605253261202
-0.1176214813911822
0.17659614840696183
-0.20867456119313446
-0.006725742828343144
0.5984075557200723
-0.6354083389099328
0.16581942191271123
0.08230634506343934
-0.26527645088032764
0.1900341746740382
0.3195335792092621
-0.29659075239981064
-0.3718420405971804
0.4802393425174017
0.006901292145095023
-0.1802474856572798
-0.004381132101072736
0.008620046983394133
0.23624583333628718
-0.24486017256600753
-0.03775055366825379
0.08158030870930319
0.1402246874632864
-0.18445227727235788
0.042014023884578186
0.01322906731904852
0.03557538197022475
-0.02376676740721289
-0.06306263540777682
0.07481113337477495
-0.014098844982055955
-0.01730837253653804
0.02388242475901434
-0.024989585540375992
0.017749812157482954
-0.016138529345605643
0.02445339207295263
-0.01911103581656445
-0.0031268383253006517
0.01218036024740416
-0.0052767364707585985
0.010577418614358364
-0.028298985391075903
0.038492624595724854
-0.036926238059933905
0.03884347252570478
-0.05303154522308014
0.040394614794664274
-0.004471785398503021
-0.014066876421265577
0.028799311652611608
-0.016265778108557376
-0.03463892256192336
0.04647272209558591
-0.006504892032511056
0.006541137366145054
-0.058843707699562035
0.0597491335308087
-0.007692601587075111
-0.011360207870815917
0.004119367745326205
0.0056224453296512
-0.019887725853599075
0.01755447523687781
-0.009821385878146795
-0.008535903260318597
0.0532501212538594
-0.052447166520669324
-0.005432289392089187
0.015511914701394505
0.028316975193815836
-0.033867497213903974
0.0020469515828726373
0.013142796355039402
-0.013442683578392674
0.012000078030730043
-0.008105113981433666
0.00406978976264352
-0.003012768891878739
-0.004624455967266433
0.019779013851938945
-0.02669147319547007
0.020736202427432873
-0.01665816202298992
0.037457042160716464
-0.017803603231971086
-0.06231518021780306
0.05725015208259433
0.038418984278737994
-0.09798199155402369
0.06656444075931914
-0.10134255243522805
0.3248058600614257
-0.25462998980015555
-0.22890405029430239
0.2815639007727271
0.1707729587359424
-0.23880065656941643
-0.0607835519777212
0.1529289842208452
-0.152852945201224
-0.006953833964751712
0.419239379185333
-0.46055160222942887
0.13005800304746654
0.006699478479040443
0.020453394809590273
-0.0707187296242305
0.08959669602967966
-0.1012415315390666
0.30062832880548584
-0.11901642877267152
-0.6288356597828839
0.6693019846145087
0.03270001734543462
-0.2717977957138423
0.09243362736430315
0.025059310970395918
-0.10329165814453353
0.1132837177804609
-0.060234731007052886
0.024748316087550615
-0.0068238441911347885
-0.002760091167990316
0.01505291889369691
-0.005041667080618356
-0.03223822359734636
0.035936772765221975
-0.019689667174838395
-0.0010329592200285266
0.045621466891428576
-0.031920976987351427
-0.040905437534857675
0.07068753830648825
-0.06522521357396678
0.04838101368217182
-0.024630242535374783
0.005599360764617121
0.018987533054797296
-0.017117090572636197
-0.014514572750100112
0.020018399495273995
-0.004495290730694971
-0.010004216607012126
0.02441383875339866
-0.024760236133146044
0.02319720811668684
-0.005493211286492162
-0.04062131773982301
0.041961064175847045
0.0030108873261557555
-0.020077178364923298
0.012634600989746659
-0.007175649214558704
-0.0006141501770358109
0.0007673250491095702
0.013940977619076344
-0.010790818292534005
-0.016203990440432185
0.01715394743284175
0.007965599172438493
-0.019546977272693774
0.017238657972542055
-0.015517072198555994
0.019555463319190905
-0.013634700541176327
-0.010487885916834225
0.01423802780062849
0.016800310393147645
-0.01243215258586277
-0.04318810671382002
0.04165219629683849
0.022355876895674844
-0.041418702985718966
0.018139708456912634
-0.005371139336035522
0.004206647440043648
-0.004396375958413492
-0.006733156020960467
-0.0013380815726190196
0.046191242735547144
-0.03678245179743761
-0.033036587968780735
0.05406229983441521
-0.03060559882640233
0.01715660619118801
-0.005733119678138367
0.006165405483663091
-0.029213765516449493
0.02227561392369397
0.022553185397768877
-0.03261634810992622
0.0017060684341556106
0.004507087320502942
0.02456851835614336
-0.02336813738246974
-0.02119051605358075
0.021858778854963217
0.02805423779226153
-0.03536212272642502
0.006190370935342372
0.011924663666848856
-0.031070053234975328
0.02381170841993934
0.019077353677337826
-0.02679249510306451
-0.007100728989460807
0.011616996381305754
0.018823894761644498
-0.0250125727247785
0.0003952780288658713
0.0013925472812009452
0.027370082898624637
-0.02865666869106891
-0.0016191545460197566
0.006021705379196797
0.013277218679728036
-0.02493845234818109
0.029795851550284535
-0.029173618185074923
0.02756442538708604
-0.019148429666175377
-0.0010945639251811832
0.005287730723671906
0.009370843587039894
-0.008767129157590278
-0.005155505201709111
0.013483109808566363
-0.0184952717272237
0.01477069204893997
-0.007207169108080963
-0.002742342906153445
0.02298352771822913
-0.020922669004046296
-0.005764237025545969
0.012083212326562528
0.0009799865314993658
-0.012061351634818342
0.01256400676493038
-0.021473685956387465
0.05588570288293029
-0.04523117996149478
-0.02114077738417367
0.03456744175520783
0.0033892509780797837
-0.016086820512297935
0.01594640325163696
-0.0022681750235880697
-0.03713761535713724
0.03343151391884012
0.01598892918877016
-0.0379765224373958
0.02764535525401129
-0.028632392722078945
0.05545395720728416
-0.047829680462488
-0.01019322550465498
0.014641745395951155
0.0481919393003436
-0.05880603800559538
-0.002897623986840722
0.006209221736266567
0.06574266168887956
-0.05787431672233026
-0.021926513019531954
0.07132003699519351
-0.09888521400310507
0.09529543208743665
-0.06863090248463777
0.03602407665262994
-0.00010241833761355165
-0.020074576214569782
0.03608215974348196
-0.02125403660479111
-0.019653619621159437
0.0436172946417257
-0.060871178160315474
0.04852608978016472
-0.012260473036632701
-0.012608856945182921
0.038322705180689906
-0.03456309876029234
-0.009827254790383546
0.019739510097814685
0.01872056447735962
-0.00974484268813976
-0.04483971045876955
0.05946563304963122
-0.06256532416098885
0.02604097308262504
0.07939567384296767
-0.08523732829888715
-0.02422548634963244
0.052188854843441275
0.00879846430544045
-0.015174441559355467
-0.03118125543239799
0.05418033584512224
-0.05826674309947311
0.05627704618595282
-0.04416790247442891
0.04015649081785929
-0.05107975759309076
0.04302517453352937
-0.009528596331703023
-0.0003458130136130401
-0.01862538789329162
0.014382890960249205
0.010434193480126773
-0.02177736964170721
0.03012069806316923
-0.0191054806194066
-0.02247877764000189
0.031711086765337765
0.010700876152965399
-0.007610937381174075
-0.07180083688782372
0.06537239325856944
0.056129074078113184
-0.06710495059115995
-0.050932148554333964
0.07520386287643963
0.004206967880552401
-0.019172057393252416
-0.02758702187643617
0.04131731700524365
-0.042233132537166346
0.017619664121229336
0.05269475201746167
-0.0503764529492517
-0.02038261863634109
0.04949188172169459
-0.057499280760536634
0.029159302480790586
0.04203608348461413
-0.06242722167897729
0.04211523353060029
-0.019098473740458862
-0.012708471912023088
0.018379481041720942
-0.0010535393811833887
-0.010487042791839934
0.02037420788860096
-0.02037764157217985
0.005662096288543992
-0.00269906193092036
0.018125842580642117
-0.01175889863647183
-0.017804528210227905
0.028971334291405988
-0.023984198844218832
0.019093295440296684
-0.010883950886051656
0.00643838228068831
-0.01726300251264744
0.007270911828096866
0.036043761435690054
-0.03329976255942755
-0.016987047703233123
0.03770003526959686
-0.03158303279148777
0.02669518335398804
-0.02259681014284272
0.01987003597143733
-0.017275799198427956
0.014190891351926076
-0.01892048703364926
0.013068349441392891
0.0196079471883676
-0.012223739694297311
-0.05012142313059505
0.05619971479843471
0.0026755698190508784
-0.015924966893390603
-0.022104478909607247
0.02954220285351926
0.0003272457355680807
-0.004738171358175225
-0.02260293376643506
0.02198219248472825
0.0066354028461879655
-0.018341486229251455
0.016341660461877586
-0.010807135389622566
0.0011686169099200767
0.004083665941720325
-0.002779194652647294
0.0033014867745849675
-0.012771696356991422
0.0072070536584203084
0.021263337141529778
-0.023720636314694503
-0.007346348214647467
0.01262896208105321
0.01961242142661955
-0.019714755259087006
-0.028724751935633723
0.026780030912008847
0.03626947786327063
-0.043365441697466894
-0.0019544211332423664
0.024300162639231522
-0.03264480832205868
0.024563809520205086
0.004609661162547289
-0.013359027251247366
-0.0032952452769261214
0.004807977454259258
0.017466770266846027
-0.013938522408818882
-0.01891814762995591
0.024353468040554622
-0.006077089685799689
-0.010791498573910607
0.021924089914787413
-0.029928923866831166
0.04811530391442831
-0.0340430380921001
-0.018221457822046865
0.03346927753841258
-0.01282979315651251
0.0026200271890275072
-0.003448691421371412
0.001371189232539897
0.005145818938809463
-0.0057665543728762725
0.0001226580007670842
