0.0020967021937968343
0.0021115123108926184
0.0021284236708666994
0.0021479751350436515
0.0021637880072157157
0.0021776706272724367
0.0021892095951289727
0.002197627776351423
0.002204385259988727
0.0022091562375370685
0.0022106156747403864
0.002208815515003995
0.0022040633981967985
0.0021960336438854758
0.002187308923480773
0.0021780580837136017
0.0021667555591244852
0.002154050685918444
0.0021384745420490233
0.0021198257537116028
0.0020993485879962164
0.0020766737600918734
0.0020497706940036486
0.0020185598108777457
0.0019837062383965486
0.001944646010911515
0.0019027753473262376
0.0018580993785985477
0.001809401026650666
0.001756923967837193
0.0017014753939612825
0.0016429359262087194
0.0015810361847335777
0.0015159181726765053
0.001446709567298115
0.001373320452289633
0.001296260326895261
0.0012152919926425583
0.0010850676461704699
0.0009009231869252923
0.0006838385398273918
0.0004205714626432027
0.0001371148322895386
-0.00016573309381710195
-0.0005131453157934987
-0.0009005696780804379
-0.0012957680250659188
-0.0016998560244360097
-0.0021260969378374813
-0.0025672324821388146
-0.0030499905819101206
-0.0035767575323510693
-0.004128835886903231
-0.004712831666417022
-0.0052973937335211736
-0.005877923434500185
-0.006474426853114308
-0.007077842983655377
-0.007702689956970607
-0.008350699233718381
-0.009006703812805656
-0.00967378898810826
-0.010382606702111498
-0.011133893382254616
-0.011915033986018455
-0.012733897047595616
-0.01356892816131236
-0.014418888770898086
-0.015301191079311
-0.016211231828743483
-0.016863372869914104
-0.017230418902750656
-0.01744284255115646
-0.01741816267762707
-0.01732437027821086
-0.01716709250628712
-0.016787007167312948
-0.01621429122824061
-0.015647871908953538
-0.015080967466187393
-0.014433687212489336
-0.013751174093093859
-0.012868228258296638
-0.01177085184418618
-0.010575244599533278
-0.009241082820949794
-0.007970190313213667
-0.006792320647287825
-0.0055808655528787185
-0.0043945666958536255
-0.003140095896813171
-0.0018071742952481828
-0.0004941809120101181
0.0008181187324840354
0.002323584972785762
0.004025996549932068
0.005844780890657877
0.007829107935347811
0.009841010849826049
0.011871885986850714
0.014031673280947454
0.016290311711186254
0.018102661200839212
0.019425933147690453
0.020494481263093594
0.021153601222182437
0.021743067988232816
0.02227344523771303
0.022434445669671583
0.02228842622442262
0.02218796935414378
0.02211830840172658
0.02194415019241898
0.021744997702746995
0.021220549911997913
0.02034657870237566
0.019332334770712077
0.018104890512767275
0.01707662032486411
0.016306007089662455
0.015542010867401729
0.014904559891736367
0.014198072105301576
0.013403029392818872
0.012723263411110342
0.012119232925962214
0.011208910131243277
0.00998674560232986
0.008611188506002645
0.006986315585313448
0.005388046737536448
0.0038343016337074923
0.0021079588320999034
0.0002699378943367491
-0.001227027243147086
-0.0023617209458013265
-0.003303430896744248
-0.003927581385676892
-0.004546919722596327
-0.005169136948345255
-0.005525825032311284
-0.005675811550537512
-0.005866557824854421
-0.006082088865097323
-0.006237564470044695
-0.006387318085576143
-0.006305958333759311
-0.005976720998651
-0.005552005089703673
-0.004977160074129144
-0.004640673667515636
-0.004593377134218102
-0.0046096461903774935
-0.004801796079845297
-0.004976764868515668
-0.005117735002194246
-0.005420818996108836
-0.00584757858201637
-0.006058760550570818
-0.0060518045772682385
-0.005965845296995917
-0.005716735243541701
-0.005554820223151722
-0.005496818874715591
-0.0053488358908574726
-0.005166858679274823
-0.0050391504801346335
-0.0049530635991270515
-0.004907077741363105
-0.004921177069341308
-0.004898116143617183
-0.004838274377667046
-0.004807312314447863
-0.004785823915309079
-0.004780578322314109
-0.004799655084078683
-0.004827054526296528
-0.004866745470145506
-0.004934357739972002
-0.005029643670811257
-0.005149086226745769
-0.005296752554337091
-0.005339264796524971
-0.00526421505086589
-0.005138041354886036
-0.0049232488361885115
-0.004696436497713462
-0.004462184973535187
-0.004148951952053095
-0.0037717652505991953
-0.0034257543816614633
-0.003109408274301767
-0.002786208271812036
-0.0024789311477113134
-0.0021121217765006787
-0.0016806822044179166
-0.0012404392642971643
-0.0007740965697095115
-0.0003656961178768297
-2.9461841067451397e-05
0.00028672227274068203
0.0005573102927797011
0.000817682506708811
0.001070887482739503
0.0012759218463624473
0.001439061143659511
0.0016410957379174539
0.0018825497861505497
0.002127629430029638
0.0023959186925603983
0.002628270481004769
0.002819741618017594
0.0030153784310911363
0.003201294530393933
0.0034102047901769525
0.0036499754489939806
0.0038948840482613523
0.004155314761712556
0.004422299327009664
0.004693977706276552
0.0049842394708169
0.0052914134178226315
0.005573684619596353
0.005829609594431885
0.00607842985917967
0.006309486898881316
0.006550772009219001
0.006804422848711713
0.007047635891202476
0.007286650969021727
0.007436113533108766
0.007484493269576157
0.0074759970682156795
0.0073849240775625356
0.007254549609553804
0.007086550058388094
0.006835448146685874
0.006508485605726187
0.006175507235335163
0.0058351424934625
0.005456930525980731
0.005056895317613265
0.00457978151268641
0.004020426115850789
0.003418392236841607
0.002760032507034418
0.002098102062310079
0.0014411167915998845
0.000753448973274128
5.047074134230716e-05
-0.0006906781092506583
-0.0014731936108665711
-0.0022722754429208795
-0.0030929042243059584
-0.003990506573723328
-0.004966812935447948
-0.005998710609512862
-0.00710059682600065
-0.008234394673061737
-0.00939798709924934
-0.010622664412197697
-0.011900412680852566
-0.012856963367285722
-0.01345790875938223
-0.013873043180665165
-0.013994780875626913
-0.014045662232057261
-0.014033318484811057
-0.013748481385696317
-0.013231489006586137
-0.012740350781716866
-0.012266232161686656
-0.01170657434709523
-0.011120070121016104
-0.01029210532352796
-0.00920486555000034
-0.008009529307549775
-0.006653947555015439
-0.0054051323185243215
-0.004302446925344053
-0.0031795294538857653
-0.0021142671059181466
-0.000983109812080152
0.00022713095081299217
0.0013859076693299823
0.002518406807984979
0.0038792346213150732
0.005472920140252653
0.007193311313433618
0.009104700387146608
0.011025063797886526
0.012942741270874159
0.015002055215804054
0.01716306769772358
0.018780923240323294
0.019806448031546298
0.020513598080018857
0.020719655702761203
0.02082969933898794
0.020855861555191885
0.02042976012605673
0.01962571136765385
0.018855145638836866
0.018099937276217042
0.017203059344502173
0.01625693280538532
0.01490900709523618
0.01313078757463132
0.011166995598361266
0.008931847201833968
0.006918005656552373
0.005194647302530087
0.0034627299526092887
0.0018652882681117334
0.00016729963359098234
-0.0016546194158364703
-0.0033565995693972594
-0.004986274926989165
-0.006998124954928903
-0.009398710081061596
-0.012000045011572497
-0.01491630143582727
-0.01781902260651662
-0.020687043507935494
-0.02377888908750412
-0.027022141054774206
-0.0295079716340564
-0.031173134815277444
-0.032392193805332564
-0.032909160251678705
-0.03330813131762725
-0.03360547423760724
-0.03327709044373734
-0.03243056975089307
-0.031625937413336545
-0.030835819533677315
-0.029850600433760782
-0.02879525990269119
-0.027183043510366933
-0.024975023243335226
-0.02250665737287406
-0.019659373050346398
-0.017149461012328695
-0.015075408456317952
-0.013007055618470301
-0.011151929844882027
-0.009164037986790293
-0.0070098954738469004
-0.005045837810907296
-0.003201859525146573
-0.0008260758277085472
0.002090043469347161
0.005277848969470528
0.00890078066082809
0.012485637575018227
0.016001900630771736
0.019820963733262746
0.02383832294330256
0.02701808667029241
0.029296886562070145
0.03108619273190198
0.0320965986751522
0.03301260017037434
0.033852194605392245
0.03401141460689876
0.03361720691647935
0.03328061694950131
0.03296821526608024
0.0324576996990159
0.03188450411061063
0.030708227561026504
0.028886542321892552
0.026788987447111865
0.02428397951592631
0.02221742922254703
0.020703156677310378
0.019239733455852576
0.01807188640935171
0.016785832853559873
0.015343024321594923
0.01416675265312025
0.013173696438862913
0.011606358885739331
0.009456308564078978
0.007034830654564059
0.004152668491781966
0.0013629937051829848
-0.0012981933088121599
-0.004263094813141099
-0.007409076759309477
-0.00993139270855185
-0.0117969451435363
-0.013296009155106538
-0.014208024559561702
-0.01509947526011048
-0.015982845557281147
-0.016376461682987672
-0.01638675076740166
-0.01643671706163227
-0.01649595130496165
-0.016422786989465428
-0.016308946710141325
-0.015761583982471624
-0.014751405316148757
-0.013541031514655846
-0.012034720801190437
-0.010944195077819708
-0.010360487708617097
-0.009873178748016373
-0.009687343821690527
-0.009445083588167582
-0.009115488447516406
-0.009059042260315923
-0.009204179871062037
-0.00893542001510408
-0.008248373074236348
-0.007393958731767479
-0.0062194215711309534
-0.005179847231575232
-0.004305197027885505
-0.0032430104901141478
-0.0020948281678628993
-0.0011701469304674708
-0.00046116575230486904
0.00010489210386000115
0.0004484092226321901
0.0008318220804210786
0.001257525073574063
0.001523755913010567
0.001681125320831828
0.0018250371700656756
0.0019376448041286765
0.002004179032863555
0.0020420524513233155
0.001934628834351528
0.00167486643609976
0.001331725479472477
0.0008763450617646846
0.0006550863466606885
0.0007061761364393344
0.0008431856467254699
0.0011646357413638768
0.001483907002278135
0.0017874013825738913
0.0022556405139303464
0.002851591626234037
0.003301410888277392
0.0036058434460460014
0.0038734665605119948
0.004037300052053985
0.0043061997232715175
0.0046939781691042355
0.005042032982148302
0.005397468890418513
0.0056632226690680075
0.005812278899775701
0.005924023852623614
0.005966138825244404
0.005956643580898949
0.005900004326568059
0.005757048702562363
0.005529863987553233
0.005345356663290878
0.005206988222641179
0.005053156843618794
0.004915219124829524
0.00470730736677822
0.004421332196116878
0.00412517692651395
0.003798551552025923
0.003442717725766485
0.003064918392133308
0.002649449833671142
0.0021982473819422495
0.0017251789353565404
0.00122870030681232
0.0007036847528807112
0.0001527061054338877
-0.00045430059415086857
-0.0011204723268787434
-0.001829830519001068
-0.002590841498795207
-0.003388284196131657
-0.004221079059331099
-0.005104335971701715
-0.006035110870148345
-0.006758260150697983
-0.007250034627099206
-0.007628251898689749
-0.007819730882578514
-0.007974923172091556
-0.008099560499318034
-0.00805198910702776
-0.007859768116821517
-0.0077005303433818235
-0.007568774102319087
-0.007394077269884772
-0.0072171889490557865
-0.0068916175154030285
-0.006405501861548833
-0.005862856500301278
-0.005228372091245293
-0.00467694308615019
-0.004235088497634646
-0.0037931923816446837
-0.0034025713115387966
-0.002983798035374837
-0.0025284113188563818
-0.0021216085881698692
-0.001747396142798933
-0.0012376559924351092
-0.0005894904871433944
0.00012637595756946672
0.0009522485877725732
0.001767904620976278
0.0025653758666402456
0.003439700028123519
0.004364310205182196
0.005090123206012312
0.005602662462334168
0.005999914469746179
0.006212560099867237
0.006406590502415219
0.006586398766789706
0.006606419445518614
0.006497585706544549
0.006404424951256604
0.006318792507998314
0.006188787299158496
0.006046418787376664
0.005763212719467627
0.005329255974148269
0.004832283849595288
0.004241078452708072
0.003759170456909039
0.003413879386033718
0.0030849478608497923
0.002831281083215067
0.002553195787369466
0.0022415231980890435
0.001998236017014159
0.0018033262104085808
0.0014753042761632084
0.001012283575555071
0.0004888845712400573
-0.00014015886087615732
-0.0007420470568424895
-0.0013080656902698402
-0.0019417707934852022
-0.0026136521489358725
