step, usd->oil, oil->usd
Band: usd 0 oil 0
Linear p-values:
1, 1.028780548654479e-09, 0.0019321403401646058
2, 0.4418835107449822, 0.10894836665672819
3, 0.5930346863646553, 0.45820630758220715
4, 0.6813231101111368, 0.4965707944464455
5, 0.7048830169756197, 0.6689429617585729
6, 0.6976704851756171, 0.5292615238674985
Nonlinear p-values:
1, 0.43164, 0.25417
2, 0.45395, 0.29054
3, 0.44754, 0.31871
4, 0.4665, 0.38134
5, 0.49974, 0.4339
6, 0.52024, 0.46389
Band: usd 0 oil 1
Linear p-values:
1, 0.036611302727717676, 0.015414475877132523
2, 0.9563424101377205, 0.9088796905797325
3, 0.9792263226683025, 0.9517369077672992
4, 0.9946567020836607, 0.9810695497370705
5, 0.9858576432614651, 0.9906022784398938
6, 0.9930446609471346, 0.9952449232230501
Nonlinear p-values:
1, 0.4811, 0.41628
2, 0.42258, 0.43834
3, 0.34427, 0.47733
4, 0.29161, 0.57613
5, 0.28996, 0.62425
6, 0.26488, 0.63373
Band: usd 0 oil 2
Linear p-values:
1, 0.5930856326746606, 0.0009618293160410942
2, 0.8319830975350972, 0.3911772995272894
3, 0.9891468149940211, 0.9102918329832925
4, 0.8619283630568548, 0.6694456576652796
5, 0.7210934666339439, 0.6480790242159022
6, 0.8147650007657627, 0.7168885805468379
Nonlinear p-values:
1, 0.98835, 0.35553
2, 0.98992, 0.33425
3, 0.99119, 0.30579
4, 0.99145, 0.28424
5, 0.99228, 0.26235
6, 0.98765, 0.25114
Band: usd 0 oil 3
Linear p-values:
1, 0.8214652060360054, 0.526486863249044
2, 0.9583542482273414, 0.01171700690606358
3, 0.9998740374895397, 0.05239033443571959
4, 0.9979164091658767, 0.05037746602319712
5, 0.9940375922752274, 0.11949470124860857
6, 0.9920117550280875, 0.1626784098498462
Nonlinear p-values:
1, 0.25336, 0.72683
2, 0.20346, 0.70708
3, 0.19013, 0.61612
4, 0.16285, 0.3922
5, 0.27362, 0.31038
6, 0.2885, 0.32066
Band: usd 0 oil 4
Linear p-values:
1, 0.9548906069988267, 0.7376062112865553
2, 0.9935344507282968, 0.3906050999921644
3, 0.9976040759255554, 0.6295196879572269
4, 0.9461490981696881, 0.7549985842448643
5, 0.9753445611725381, 0.8106399849165233
6, 0.8471594447155639, 0.9296693143770235
Nonlinear p-values:
1, 0.26816, 0.24325
2, 0.29164, 0.21771
3, 0.24446, 0.23272
4, 0.22642, 0.20934
5, 0.5625, 0.21396
6, 0.58662, 0.24606
Band: usd 0 oil 5
Linear p-values:
1, 0.986798308656611, 0.8761827105302873
2, 0.9959101545709251, 0.49666237139215075
3, 0.4949281817350407, 0.12262772070372892
4, 0.8696898192960292, 0.22857179211127662
5, 0.7950172828659283, 0.2536830756358189
6, 0.7076533860895664, 0.4386528360916855
Nonlinear p-values:
1, 0.37297, 0.05946
2, 0.46631, 0.0477
3, 0.83416, 0.05094
4, 0.83016, 0.06897
5, 0.82231, 0.08691
6, 0.82743, 0.09963
Band: usd 0 oil 6
Linear p-values:
1, 0.9639425439165142, 0.9923424766803883
2, 0.998985625636544, 0.7762643880504924
3, 0.9493758876385844, 0.5039148162308907
4, 0.9989359158928116, 0.6382615752822869
5, 0.9817528196114882, 0.8432572504772003
6, 0.9978293728080708, 0.8913773441096139
Nonlinear p-values:
1, 0.20706, 0.1544
2, 0.27537, 0.09885
3, 0.56586, 0.09981
4, 0.53171, 0.08634
5, 0.56393, 0.11731
6, 0.54784, 0.11626
Band: usd 1 oil 0
Linear p-values:
1, 9.321595312038075e-05, 0.08734505262342085
2, 0.38659467232408806, 0.5703710889231838
3, 0.7646171112672772, 0.9400113409042519
4, 0.7815479398597087, 0.9360254452015484
5, 0.7836600466999141, 0.8858804407913101
6, 0.8173209895496016, 0.9094588611912837
Nonlinear p-values:
1, 0.57823, 0.9998
2, 0.53826, 0.99984
3, 0.53893, 0.99985
4, 0.50653, 0.99984
5, 0.36552, 0.99981
6, 0.24986, 0.99977
Band: usd 1 oil 1
Linear p-values:
1, 0.21313183145478956, 0.06628505992200603
2, 0.6540185974603134, 0.52231344424013
3, 0.9322840583708242, 0.8601251200138319
4, 0.9666657134964243, 0.9176761960269433
5, 0.991868144133494, 0.9715674016048342
6, 0.9949201087564784, 0.9786825772180852
Nonlinear p-values:
1, 0.87393, 0.99432
2, 0.9332, 0.9946
3, 0.92123, 0.99347
4, 0.90976, 0.99511
5, 0.87791, 0.99493
6, 0.85931, 0.99444
Band: usd 1 oil 2
Linear p-values:
1, 0.8905826855445323, 0.7753023435092832
2, 0.9779082424481842, 0.8582084583771104
3, 0.9983690944290681, 0.982749655386976
4, 0.9910915880208566, 0.9832359576402282
5, 0.9776376921681522, 0.9860525329166594
6, 0.9860887783597557, 0.9942076592682365
Nonlinear p-values:
1, 0.9981, 0.99951
2, 0.99785, 0.99941
3, 0.99582, 0.99898
4, 0.99625, 0.99847
5, 0.99724, 0.99807
6, 0.99579, 0.99717
Band: usd 1 oil 3
Linear p-values:
1, 0.8714303951005097, 0.5795381983286806
2, 0.9602815074340573, 0.9098484910289475
3, 0.9945227944242736, 0.9894592319334917
4, 0.9963933087279983, 0.9956903856187569
5, 0.9968800038416643, 0.9910870879849664
6, 0.9974065631708506, 0.9884685486140165
Nonlinear p-values:
1, 0.99999, 0.94903
2, 0.99999, 0.96635
3, 0.99997, 0.97567
4, 0.99924, 0.98518
5, 0.99343, 0.98226
6, 0.99064, 0.98354
Band: usd 1 oil 4
Linear p-values:
1, 0.9604846822638832, 0.8110671185444325
2, 0.9891558581850767, 0.8893689160075697
3, 0.9934274201206043, 0.9519966398677215
4, 0.9445551567304835, 0.8973696064715857
5, 0.9736694942472579, 0.939987239493538
6, 0.992095972847402, 0.9776749135015668
Nonlinear p-values:
1, 0.99994, 0.9985
2, 0.9975, 0.99903
3, 0.99077, 0.9991
4, 0.98438, 0.99901
5, 0.95795, 0.99887
6, 0.94836, 0.99885
Band: usd 1 oil 5
Linear p-values:
1, 0.9987973996457425, 0.9287341339569493
2, 0.9991049553511678, 0.9136590378718572
3, 0.9878425113811197, 0.9493366298740211
4, 0.915117211413543, 0.9844882552698686
5, 0.9437238985075714, 0.9716107966953006
6, 0.8375643224787168, 0.9583163901697089
Nonlinear p-values:
1, 1.0, 0.99754
2, 0.99998, 0.99788
3, 0.99905, 0.99862
4, 0.99891, 0.99888
5, 0.99794, 0.99905
6, 0.99797, 0.99895
Band: usd 1 oil 6
Linear p-values:
1, 0.9960255669956465, 0.9855639153321131
2, 0.9997858159884955, 0.9778022986407315
3, 0.9246151824355995, 0.9791396010939882
4, 0.8540684739802873, 0.987121324846881
5, 0.8079539108588023, 0.9870101411461606
6, 0.9334878776979928, 0.9956469066284361
Nonlinear p-values:
1, 0.99986, 0.99243
2, 0.99864, 0.99785
3, 0.99454, 0.99804
4, 0.98734, 0.99861
5, 0.98245, 0.99893
6, 0.98138, 0.99899
Band: usd 2 oil 0
Linear p-values:
1, 0.9738933270911584, 0.9267158095266488
2, 0.9691215337594594, 0.9987398641305791
3, 0.9979363565897499, 0.9999744230677406
4, 0.9993603532433845, 0.9989985059401215
5, 0.9994022684124555, 0.9975741011483125
6, 0.999829330737993, 0.9989008771964772
Nonlinear p-values:
1, 0.67652, 0.99475
2, 0.77808, 0.99398
3, 0.72753, 0.99204
4, 0.67269, 0.99244
5, 0.67218, 0.99103
6, 0.70177, 0.98547
Band: usd 2 oil 1
Linear p-values:
1, 0.6647472223619036, 0.8384723258247968
2, 0.805015584070705, 0.984531424708553
3, 0.9736695246159216, 0.999785377731745
4, 0.9913444097234384, 0.9999592698357472
5, 0.9988792780073916, 0.999999218687408
6, 0.9991955925480931, 0.9999978261011581
Nonlinear p-values:
1, 0.62938, 0.99577
2, 0.57613, 0.99406
3, 0.58435, 0.9915
4, 0.50601, 0.99165
5, 0.41355, 0.97937
6, 0.40219, 0.9539
Band: usd 2 oil 2
Linear p-values:
1, 0.8584523132426115, 0.7620650841064239
2, 0.5113309796716046, 0.8160930411380678
3, 0.8613418131671543, 0.975067247947095
4, 0.9007329756011474, 0.9821761692222106
5, 0.9641832345538339, 0.981159295860772
6, 0.936536769334241, 0.967794498488552
Nonlinear p-values:
1, 0.99842, 0.96352
2, 0.99868, 0.97606
3, 0.99892, 0.98191
4, 0.99899, 0.98568
5, 0.99913, 0.97378
6, 0.99884, 0.9535
Band: usd 2 oil 3
Linear p-values:
1, 0.12330278026608149, 0.0006944121931816042
2, 0.08628942843375505, 0.7789523869661225
3, 0.29213281778618516, 0.9019713972392659
4, 0.07515969674317341, 0.9167381581697542
5, 0.20724578891411405, 0.9112740149426051
6, 0.06307068713643257, 0.6922126592509169
Nonlinear p-values:
1, 0.96533, 0.91082
2, 0.97862, 0.8887
3, 0.97332, 0.91256
4, 0.94297, 0.91073
5, 0.88245, 0.90344
6, 0.89241, 0.86914
Band: usd 2 oil 4
Linear p-values:
1, 0.7912866746532311, 0.22162575934180148
2, 0.6961367602721664, 0.5482457593430266
3, 0.7920492257642844, 0.8243298721001676
4, 0.18798454511561472, 0.16231486637936604
5, 0.20052351919808523, 0.22968737192824018
6, 0.2288656917780945, 0.33946405643049116
Nonlinear p-values:
1, 0.99729, 0.9379
2, 0.97104, 0.94937
3, 0.98366, 0.95381
4, 0.97382, 0.95931
5, 0.94605, 0.95753
6, 0.94052, 0.94192
Band: usd 2 oil 5
Linear p-values:
1, 0.9955042829252342, 0.9452230149028832
2, 0.9993023319468266, 0.9607945249544527
3, 0.9999482140453487, 0.9910168574112779
4, 0.9996812390954172, 0.9965412145594975
5, 0.999885432752367, 0.9963200173566594
6, 0.9993075890063363, 0.9903512071926379
Nonlinear p-values:
1, 0.9996, 0.9989
2, 0.98819, 0.99896
3, 0.87583, 0.9991
4, 0.88962, 0.9995
5, 0.92602, 0.99974
6, 0.94234, 0.99964
Band: usd 2 oil 6
Linear p-values:
1, 0.9961803570888598, 0.9200159965953562
2, 0.9920844751249474, 0.7358017999849833
3, 0.9337147061006125, 0.733705806791821
4, 0.8093971111120579, 0.8314084791781472
5, 0.8834700362886339, 0.9057498203684718
6, 0.9370131294278687, 0.9674053574039232
Nonlinear p-values:
1, 0.99941, 0.99661
2, 0.99577, 0.99774
3, 0.97422, 0.99843
4, 0.91035, 0.99899
5, 0.81632, 0.99931
6, 0.77177, 0.99915
Band: usd 3 oil 0
Linear p-values:
1, 0.9341829303106954, 0.9321142863158735
2, 0.9983003701414551, 0.999065020772414
3, 0.9995045157688761, 0.9999300453071174
4, 0.9999717563659575, 0.9999923002582277
5, 0.999963871079149, 0.9999607648907181
6, 0.9999311931987532, 0.9999015885273029
Nonlinear p-values:
1, 0.98564, 0.99984
2, 0.97508, 0.99967
3, 0.96504, 0.99907
4, 0.95923, 0.99872
5, 0.95577, 0.99788
6, 0.95577, 0.99647
Band: usd 3 oil 1
Linear p-values:
1, 0.9695264516635145, 0.9448292695286707
2, 0.02012706349087768, 0.8941896217144705
3, 0.12662593252025053, 0.9796290768416888
4, 0.16120726136205354, 0.9841669534760783
5, 0.25650368698880427, 0.9932304519091406
6, 0.24913033426810546, 0.9950054484047102
Nonlinear p-values:
1, 0.92651, 0.99972
2, 0.90311, 0.99869
3, 0.92724, 0.9951
4, 0.91529, 0.99429
5, 0.92197, 0.9926
6, 0.92712, 0.98569
Band: usd 3 oil 2
Linear p-values:
1, 0.05009289769989198, 0.3527503343761629
2, 0.7235677085412564, 0.6866946473359539
3, 0.9376788675115285, 0.908761173273761
4, 0.978607852130762, 0.8766295603946319
5, 0.9850923453765398, 0.9617058217060735
6, 0.9465101593191927, 0.9736401907539388
Nonlinear p-values:
1, 0.99846, 0.93956
2, 0.99839, 0.91832
3, 0.99874, 0.86467
4, 0.99883, 0.88063
5, 0.99893, 0.88689
6, 0.99887, 0.89014
Band: usd 3 oil 3
Linear p-values:
1, 0.26537604421491, 0.5507347073062963
2, 0.3909421561817039, 0.7176766263004288
3, 0.5765432336998418, 0.9218554874033398
4, 0.2629268458219035, 0.8122960765315519
5, 0.49430395400147786, 0.9039320795527555
6, 0.3464826500233351, 0.6430384044038032
Nonlinear p-values:
1, 0.44136, 0.91377
2, 0.48403, 0.96411
3, 0.28766, 0.95795
4, 0.15352, 0.97131
5, 0.0906, 0.94383
6, 0.12287, 0.90623
Band: usd 3 oil 4
Linear p-values:
1, 0.8140446049353035, 0.8174184458152682
2, 0.9542364778831983, 0.7979738052284236
3, 0.9898774162226704, 0.9298596718339025
4, 0.9914269075814366, 0.9546481154887453
5, 0.9984459840361068, 0.9877333768001941
6, 0.9921000540736356, 0.9954069214100386
Nonlinear p-values:
1, 0.9742, 0.92248
2, 0.97539, 0.89171
3, 0.94322, 0.77969
4, 0.92901, 0.72551
5, 0.9612, 0.70551
6, 0.94938, 0.69712
Band: usd 3 oil 5
Linear p-values:
1, 0.9819012655123899, 0.944099514941037
2, 0.9982454712440043, 0.9933432993195874
3, 0.9977631692487929, 0.9981191991118943
4, 0.9999977803899264, 0.9998106942474687
5, 0.999318530356145, 0.9984344108795844
6, 0.9998899048352885, 0.9998317243340159
Nonlinear p-values:
1, 0.998, 0.89201
2, 0.99647, 0.89905
3, 0.98791, 0.87725
4, 0.98843, 0.88355
5, 0.98662, 0.88231
6, 0.98765, 0.87668
Band: usd 3 oil 6
Linear p-values:
1, 0.9277637953277331, 0.9120320146065592
2, 0.9614745300381753, 0.5714183855145535
3, 0.5014421331746758, 0.3704743809577746
4, 0.8508294423010281, 0.8071643999542569
5, 0.867296319737869, 0.6556778808441077
6, 0.9808279632088776, 0.8144826494022614
Nonlinear p-values:
1, 0.99486, 0.8094
2, 0.97675, 0.81758
3, 0.94521, 0.77867
4, 0.81636, 0.83383
5, 0.81736, 0.84892
6, 0.81176, 0.84117
Band: usd 4 oil 0
Linear p-values:
1, 0.9163701175171448, 0.9884374981934199
2, 0.8619797540803755, 0.9235759327680881
3, 0.9291664453792106, 0.9778178413791656
4, 0.8025110065792038, 0.8446736653583048
5, 0.8577735330249552, 0.9233494437656578
6, 0.8075865564637535, 0.9114140145299509
Nonlinear p-values:
1, 0.80367, 0.24017
2, 0.84096, 0.24259
3, 0.8116, 0.56148
4, 0.85918, 0.52677
5, 0.90706, 0.45316
6, 0.92783, 0.49265
Band: usd 4 oil 1
Linear p-values:
1, 0.4454477284109316, 0.973546917474732
2, 0.22392161714542613, 0.7420254349201814
3, 0.5072307164811007, 0.7588952401759792
4, 0.26110211222447877, 0.17929390601152995
5, 0.21246248533518836, 0.18008333846818844
6, 0.5897229316314665, 0.005185925445794377
Nonlinear p-values:
1, 0.17347, 0.64874
2, 0.15421, 0.45102
3, 0.20343, 0.5653
4, 0.20761, 0.61795
5, 0.2191, 0.56181
6, 0.12312, 0.54016
Band: usd 4 oil 2
Linear p-values:
1, 0.813058535182871, 0.9962487446769501
2, 0.3857003184171608, 0.9222289619730984
3, 0.5064879640168769, 0.9806452433046968
4, 0.46506740486287523, 0.7101527772789396
5, 0.5572805813907885, 0.8060550662131666
6, 0.79685273056995, 0.6291407049585735
Nonlinear p-values:
1, 0.85846, 0.76942
2, 0.91578, 0.49586
3, 0.92204, 0.27018
4, 0.94436, 0.29123
5, 0.95889, 0.34197
6, 0.95492, 0.35183
Band: usd 4 oil 3
Linear p-values:
1, 0.8579709184525797, 0.8735553703061012
2, 0.6170593452490803, 0.9461884270266465
3, 0.8648534812267362, 0.956412784417644
4, 0.6422641103022015, 0.9687039647112899
5, 0.8471632761620476, 0.9962616899617475
6, 0.7989227152662902, 0.5419422238328486
Nonlinear p-values:
1, 0.64235, 0.44545
2, 0.30242, 0.40718
3, 0.1364, 0.37903
4, 0.16969, 0.28214
5, 0.15068, 0.3023
6, 0.24278, 0.38824
Band: usd 4 oil 4
Linear p-values:
1, 0.544455415120038, 0.815216978311491
2, 0.6297691819606673, 0.8614886976143161
3, 0.7145307149093563, 0.9486218542463378
4, 0.8234580153979507, 0.9158070389321511
5, 0.9179669135913195, 0.9814439689314496
6, 0.8548560451057992, 0.8088358814878346
Nonlinear p-values:
1, 0.94389, 0.83932
2, 0.82209, 0.60565
3, 0.7894, 0.41281
4, 0.91845, 0.4799
5, 0.92048, 0.49095
6, 0.9072, 0.58507
Band: usd 4 oil 5
Linear p-values:
1, 0.3976334432389689, 0.6779364110841128
2, 0.2420750989321627, 0.39757083692323203
3, 0.42189865417031436, 0.3652458245149328
4, 0.13202392905612786, 0.4096010826053377
5, 0.02907831517821013, 0.42406157517310483
6, 0.04051852760561114, 0.8891011260598629
Nonlinear p-values:
1, 0.30762, 0.3955
2, 0.42157, 0.27974
3, 0.91411, 0.55157
4, 0.9277, 0.68486
5, 0.8898, 0.63792
6, 0.89333, 0.77299
Band: usd 4 oil 6
Linear p-values:
1, 0.8773074050469412, 0.6499074241714833
2, 0.8391237763272325, 0.4267411854187224
3, 0.19077247879104253, 0.3729987867663412
4, 0.1324299884946405, 0.5178638770855626
5, 0.1613511286008042, 0.8022882112021579
6, 0.32235731724991656, 0.9648188542366984
Nonlinear p-values:
1, 0.40899, 0.54697
2, 0.11726, 0.2758
3, 0.14227, 0.24809
4, 0.38553, 0.3296
5, 0.25966, 0.2966
6, 0.52722, 0.42508
Band: usd 5 oil 0
Linear p-values:
1, 0.9619032625093057, 0.9955282815385524
2, 0.9690454776458216, 0.9993187196553751
3, 0.9390516010972286, 0.9766653336193594
4, 0.9822205636489627, 0.9995588867124979
5, 0.9898240279955731, 0.9990440741076583
6, 0.9983052918202953, 0.9992606506675632
Nonlinear p-values:
1, 0.93027, 0.9715
2, 0.95064, 0.90961
3, 0.94626, 0.91102
4, 0.88929, 0.90551
5, 0.85835, 0.87372
6, 0.86309, 0.8658
Band: usd 5 oil 1
Linear p-values:
1, 0.9966728258713188, 0.9863600573304054
2, 0.8137439580062386, 0.9840988444663066
3, 0.72639464635771, 0.8223216427814759
4, 0.8266535663865049, 0.9791193844795182
5, 0.9112775779207852, 0.989110388913145
6, 0.908644971593054, 0.9963872730479815
Nonlinear p-values:
1, 0.9367, 0.88406
2, 0.91351, 0.78702
3, 0.92967, 0.83499
4, 0.94831, 0.87372
5, 0.9557, 0.72927
6, 0.96219, 0.75742
Band: usd 5 oil 2
Linear p-values:
1, 0.8091303420011864, 0.9605276833070432
2, 0.7450102425614861, 0.9172953626958079
3, 0.33422171462220346, 0.3998661277636265
4, 0.593799260087783, 0.9474979271438368
5, 0.4468764705460253, 0.672248990941691
6, 0.8282926357585083, 0.8652865100706224
Nonlinear p-values:
1, 0.97935, 0.9918
2, 0.96747, 0.9884
3, 0.97397, 0.98109
4, 0.98542, 0.97489
5, 0.98718, 0.9736
6, 0.99035, 0.97903
Band: usd 5 oil 3
Linear p-values:
1, 0.7928793013464619, 0.9218526382431199
2, 0.9571905637132987, 0.9596526663783942
3, 0.9190859190384446, 0.8214730907876413
4, 0.9626484962223499, 0.7889376272225914
5, 0.8496389209216078, 0.8543082630957021
6, 0.892778511375599, 0.6672543921267291
Nonlinear p-values:
1, 0.64781, 0.91832
2, 0.49618, 0.88767
3, 0.4265, 0.72896
4, 0.33672, 0.74903
5, 0.192, 0.9343
6, 0.19998, 0.96379
Band: usd 5 oil 4
Linear p-values:
1, 0.6605789821645955, 0.7411422002167496
2, 0.986125595634473, 0.6554521359978593
3, 0.9646310048110083, 0.8296456593114325
4, 0.9869127929322598, 0.9259396633489523
5, 0.9799891367148024, 0.886248017558671
6, 0.9987048992338179, 0.9534927783453547
Nonlinear p-values:
1, 0.99292, 0.99512
2, 0.98642, 0.99335
3, 0.98146, 0.99144
4, 0.97943, 0.98916
5, 0.96827, 0.99148
6, 0.96041, 0.98991
Band: usd 5 oil 5
Linear p-values:
1, 0.9565822112016592, 0.9337589220244172
2, 0.9700119525201993, 0.9797560715199328
3, 0.9546801839777586, 0.910532977240959
4, 0.9925637008767244, 0.9776053780906083
5, 0.8814966489442766, 0.8970988402970533
6, 0.9503475039543293, 0.9546593273372466
Nonlinear p-values:
1, 0.99494, 0.97432
2, 0.99703, 0.91585
3, 0.99077, 0.88584
4, 0.98873, 0.81862
5, 0.9841, 0.72074
6, 0.98794, 0.70476
Band: usd 5 oil 6
Linear p-values:
1, 0.6013644953071245, 0.481510807701895
2, 0.6568746676180807, 0.7707930347224362
3, 0.7233656150579426, 0.7853021720530327
4, 0.5147767253936264, 0.8205930067666529
5, 0.5928928080793521, 0.9066493800756972
6, 0.8218958261837455, 0.9511583498427514
Nonlinear p-values:
1, 0.95875, 0.97889
2, 0.9072, 0.97759
3, 0.86134, 0.97796
4, 0.72911, 0.97778
5, 0.73387, 0.91315
6, 0.75097, 0.85532
Band: usd 6 oil 0
Linear p-values:
1, 0.9898840757704958, 0.9937564620756251
2, 0.9313583240509654, 0.9998790662075263
3, 0.9263554697957648, 0.987273622101739
4, 0.967912568829006, 0.9885432983853627
5, 0.9762435161225926, 0.9955865629169968
6, 0.981584139053391, 0.9866754086070638
Nonlinear p-values:
1, 0.92754, 0.99998
2, 0.92375, 0.99989
3, 0.95523, 0.99953
4, 0.97286, 0.99877
5, 0.96888, 0.99604
6, 0.9621, 0.9952
Band: usd 6 oil 1
Linear p-values:
1, 0.9236253166007916, 0.9807873144353286
2, 0.6872022564161999, 0.9997476021546929
3, 0.6798890315342289, 0.8497301365904074
4, 0.7881443284062786, 0.3594672906645657
5, 0.793715579431554, 0.19726132431013324
6, 0.8675913562846806, 0.28291063007088435
Nonlinear p-values:
1, 0.97741, 0.99822
2, 0.99345, 0.991
3, 0.99604, 0.97691
4, 0.99292, 0.95857
5, 0.9967, 0.92481
6, 0.99592, 0.93793
Band: usd 6 oil 2
Linear p-values:
1, 0.9504522748103383, 0.9874394335692023
2, 0.8593710066140984, 0.9997521363039559
3, 0.808823974565538, 0.9899088633503739
4, 0.9170278090065305, 0.9993473503350092
5, 0.9540092808803706, 0.8498076176175036
6, 0.9728507023946293, 0.836576208248982
Nonlinear p-values:
1, 0.97677, 0.99969
2, 0.98988, 0.99894
3, 0.99122, 0.99856
4, 0.99244, 0.99823
5, 0.99505, 0.99819
6, 0.99457, 0.99851
Band: usd 6 oil 3
Linear p-values:
1, 0.9673088428689527, 0.9273687199696516
2, 0.7854959666680126, 0.993720668570959
3, 0.854972293881469, 0.9890582158549261
4, 0.856881698149175, 0.9846776180899081
5, 0.644513780842477, 0.9107725024633718
6, 0.8780986717360644, 0.9578913837645178
Nonlinear p-values:
1, 0.88898, 0.96944
2, 0.88161, 0.9702
3, 0.8535, 0.98983
4, 0.84552, 0.99379
5, 0.87608, 0.98718
6, 0.86193, 0.98279
Band: usd 6 oil 4
Linear p-values:
1, 0.8126088040150684, 0.9794348491291761
2, 0.8297777280799723, 0.993591379924448
3, 0.9431036402439006, 0.7966987553923841
4, 0.985539198272966, 0.7920455707121066
5, 0.9982471209367895, 0.8116197093346121
6, 0.9989503457824439, 0.88046405804879
Nonlinear p-values:
1, 0.99977, 0.99923
2, 0.99772, 0.99801
3, 0.99455, 0.99774
4, 0.99012, 0.99759
5, 0.97859, 0.9962
6, 0.97234, 0.99526
Band: usd 6 oil 5
Linear p-values:
1, 0.41246365585232125, 0.49310588013337653
2, 0.6982200718879563, 0.7886396366513526
3, 0.7191460488564083, 0.9013005456936761
4, 0.9590299850699217, 0.9819202346269768
5, 0.7837750230488852, 0.9772710354642049
6, 0.7686563659376706, 0.9843561039119121
Nonlinear p-values:
1, 0.99986, 0.99937
2, 0.99938, 0.99941
3, 0.99397, 0.99855
4, 0.99387, 0.99758
5, 0.98701, 0.99116
6, 0.98496, 0.98974
Band: usd 6 oil 6
Linear p-values:
1, 0.6328599909899091, 0.9788863037508936
2, 0.9032167150251291, 0.9548124309273824
3, 0.9354887273918145, 0.9077385361872832
4, 0.9337277617414611, 0.9651555571111217
5, 0.9630173472891619, 0.9829630066734488
6, 0.9035390044768932, 0.986416951599534
Nonlinear p-values:
1, 0.99723, 0.99853
2, 0.99143, 0.99831
3, 0.9544, 0.99738
4, 0.88786, 0.99799
5, 0.88426, 0.99647
6, 0.90736, 0.99713
