0.007918632335621859
0.0065187283991853355
0.005230509388019958
0.004113820223227439
0.002150474660631643
-0.00041751473912736897
-0.0018849389797415469
-0.0022213387137473206
-0.0020795765127853407
-0.001019635320196966
-0.0003060418557314584
1.199748647069049e-07
0.0009056001656989181
0.002144430184751333
0.002229596677697462
0.001136169064133383
-0.0006141253547399194
-0.0034114950728688182
-0.006133792064884136
-0.00874274020395851
-0.012139131429951669
-0.01609677836614969
-0.0177282023996232
-0.016858312463697483
-0.014698156542778019
-0.010451507173027499
-0.0060294859533385
-0.0015066225743771934
0.004780836864696519
0.012461745260411933
0.01718226983096859
0.018746232979116127
0.018985131992298593
0.0167362510857774
0.014989517678573198
0.013894696298869982
0.01094912268522267
0.006766503089332584
0.0034352652870414386
0.0008246937929678905
-0.0016650306335994464
-0.0035556733902458227
-0.006741349446415708
-0.011318673350311616
-0.015965721302468133
-0.0211112745480043
-0.022839127473118843
-0.02062406071651328
-0.016617836669673973
-0.009662695780086458
-0.0016922849419085933
0.007174755325750981
0.01895825064600452
0.03330885390924459
0.040207502102532953
0.03898525316833198
0.03418814712804158
0.023073818846660057
0.012011594678906275
0.001338480732129645
-0.014535954566818993
-0.03433299036934721
-0.044808527177095596
-0.04542396344267824
-0.041633629210293295
-0.029914855155291555
-0.01945037692720986
-0.010682740697928007
0.004031249442493101
0.0228100441189445
0.03309902553025529
0.03465817736521591
0.032200748838091896
0.022463914857212976
0.014771960447177287
0.009535886698290004
-0.000705659877837182
-0.014018713009525237
-0.021089625538002168
-0.02193248545560242
-0.0196663084451291
-0.01191654079273655
-0.006068243749511629
-0.0024035526489155903
0.00479608997186106
0.013994373918999554
0.01898041463670823
0.01983113168301573
0.01844807501771091
0.013256557930930703
0.009380809426399286
0.006987549025390698
0.002167699988436483
-0.0040199021730452575
-0.008409087785107138
-0.01115981675876001
-0.013062433165973
-0.013351956132348778
-0.014926227782798323
-0.017876469257288242
-0.020116897716294553
-0.022263184649710416
-0.02227888629138886
-0.019724169227714555
-0.015977017585777725
-0.010385036828995622
-0.003559890168717694
0.004440928507571801
0.014535846864785372
0.02664490403778894
0.03341480799259166
0.03429825960736561
0.03275923812219867
0.02677414544050464
0.020876031935809572
0.015324652420611465
0.006078153422911369
-0.005951850118575304
-0.013109333931235945
-0.015209070770574633
-0.015309078630746953
-0.011427230915596161
-0.00910045130025594
-0.008618164964107281
-0.00552724913853531
-0.0009976386982317982
0.0012274385446137052
0.001332269948683544
0.00030370521392391193
-0.002756246424608611
-0.004514700789624608
-0.004855231983934091
-0.0061864760432089605
-0.00779560487798584
-0.008207636935447344
-0.007535034704299376
-0.005970907117592948
-0.003152402472531853
-0.0005543785926624667
0.0018189156994735949
0.0050224042386949564
0.008764895011173765
0.010870113143889493
0.011243934084512715
0.01071887275323237
0.008702586464523909
0.0067568995308157215
0.004934126987260575
0.001928216336746226
-0.00195421773904036
-0.004290610798863808
-0.0050209809484509345
-0.005101652580452579
-0.0039026479313109216
-0.003198211749145857
-0.003077387566560023
-0.0021156911665829317
-0.0006863970787153292
0.0001815788845370884
0.0005652453102528524
0.0007032966849907405
0.0003581989245495385
0.0005024525159506265
0.001171237262582019
0.0016870865992286012
0.0022624208498765756
0.002620449671133873
0.0026652623366453785
0.002679875368497986
0.002570785524237557
0.0023262758462272016
0.001966853173490101
0.0014132016153589363
0.0006612622723833734
-0.00016636998984628868
-0.001080714688822953
-0.0021510047505031576
-0.0033564212031398817
-0.004790635436549309
-0.006471358474827486
-0.008342851260777393
-0.010434816875713654
-0.011188103180559723
-0.010444331755792097
-0.008961601853251903
-0.006291274401225719
-0.0033268905317537377
-0.00011009000940317477
0.004211435891093947
0.009471456819457698
0.012528300339799679
0.013201140622585554
0.012880759804278281
0.010717556814041638
0.008774052062568028
0.007160112163851014
0.004104529407974181
2.759215192321327e-05
-0.0027289225438149834
-0.004176454680171563
-0.005158519560222439
-0.0050917129561110115
-0.00581509410681543
-0.007422556324608156
-0.008509928587258736
-0.009475680392697859
-0.009279387754133419
-0.0076513371096027325
-0.00535253046987256
-0.0020337181129760538
0.0020693480271742892
0.006930356901968327
0.01300124472026091
0.020263405486861293
0.023554473499178143
0.022458131372552786
0.01942459950496033
0.013018528299766222
0.0063652874401892955
-0.00036333827168397664
-0.009998424587250676
-0.021922027987136564
-0.028114449175703528
-0.02818465620418704
-0.025541917387873127
-0.018034296084420805
-0.01107685777305048
-0.004938777696407902
0.004958857653613303
0.017512631629711353
0.02434405472549429
0.025234482882619914
0.023434579211091603
0.016751343158621212
0.011270271819301658
0.007269532613524055
-0.0001800231138178079
-0.009819575432764155
-0.015496273110918364
-0.01722983850512502
-0.01710098046428205
-0.013549888508933438
-0.01146026200111382
-0.011030211966390861
-0.00849451290524834
-0.004877869874040627
-0.002435190454455561
-0.000935079603871762
-2.6799778664180537e-07
-0.00014011952729972352
0.00095535381235979
0.003349972559513096
0.005479508158652852
0.007844415910764378
0.00936629154898442
0.009783360838542771
0.009962563805780165
0.009564112092352693
0.008805971350064074
0.007748123752097505
0.005974091179478587
0.0035207751178516116
0.0017663423872086882
0.0007595348975642396
-0.00014899794084830876
-0.000609697888520123
-0.0015367856576723946
-0.00300505234516143
-0.004270707625136545
-0.005540422324939276
-0.0064576330994507766
-0.006898141634340788
-0.0071737850650989195
-0.007155233767370752
-0.006870041532122513
-0.0063291141636915415
-0.005392694176603382
-0.0040544022154448195
-0.0029032110975369487
-0.0019573731020594725
-0.0009167437109333447
7.410942769228815e-05
0.0014094765076864918
0.0031309123045860465
0.004928028299061858
0.006896616904048872
0.008028866383370723
0.00819044921538241
0.007925820370242571
0.006935887979885132
0.005734938535448485
0.004351995081513849
0.002257015523575903
-0.0004573851693890294
-0.00206279830145674
-0.0024759613648471105
-0.0024681371893952296
-0.0015817397751956952
-0.0009737560682677295
-0.0007149907961737521
0.00016431600180354865
0.0014198426482124184
0.0016958002257292466
0.0009822796231304211
-0.00024265589224953897
-0.002327306871411003
-0.00423645819310312
-0.005928447434430756
-0.00821897673671224
-0.010893646365258783
-0.011813466126195384
-0.010863067366835552
-0.008904513431732375
-0.005350386470746802
-0.001649908262457516
0.00214606964881226
0.007285175212184238
0.01348699967661307
0.01668361084669121
0.016644278266357043
0.01511632256755719
0.010993093302768741
0.006978347984145221
0.003199150351417016
-0.002667760600872449
-0.010080918409613445
-0.01412109806581019
-0.014619517009448071
-0.013560529905349391
-0.0096462187555257
-0.006361633161787871
-0.0038745636912393155
0.0006766433077439968
0.006572173020957923
0.009853909265313852
0.010499552353396089
0.00990887286684341
0.007068937980704644
0.005037203119989204
0.00394260714566762
0.001393571953187424
-0.001970791972086433
-0.0038765446896743406
-0.004390589931489796
-0.004158786033184613
-0.002617994880960492
-0.0017207562546345885
-0.001531264641393801
-0.000598026740524855
0.0006695068688790754
0.0012800199085356502
0.0013024842129610913
0.0009252099753922331
-9.021522352459077e-05
-0.0007826941408752275
-0.0011332360178372663
-0.0018235547799983392
-0.0026541421347183016
-0.0029865353074721456
-0.002831737900750694
-0.002352867005088113
-0.00138457169291103
-0.0004808045612967424
0.00034942139733677024
0.0015285891232563367
0.002947137038530635
0.003679015961062076
0.0036846110278210445
0.0033294771186985466
0.002363633009134059
0.0014424868778725084
0.0005917302497017239
-0.000736066405449739
-0.0024101009552023587
-0.0033688908346331406
-0.003581076354641156
-0.0034657232190692076
-0.002744068331863895
-0.002182596117919842
-0.001817418218221538
-0.0010254282182366567
3.455927786817775e-05
0.0008086215297616695
0.001322432156013315
0.0017345626577600997
0.0019131663144920708
0.002347068284249607
0.003057085163626399
0.003691477134739753
0.0043570770713753215
0.004472272635317054
0.003940339647823882
0.0031094335082661496
0.0018018605067788443
0.0002620141845192949
-0.001493004012589981
-0.003749211488943345
-0.006465858921750418
-0.007755063875256866
-0.007478771676730124
-0.006509883455410552
-0.004327641108145402
-0.0021064462612057507
9.111994467959007e-05
0.003310950306045752
0.007319266799048043
0.009356461324043488
0.009295892439908082
0.008296017707293794
0.00561837748547038
0.0031451395615460205
0.0009682649534650556
-0.0024949343606120488
-0.006860496420723953
-0.009248375477552606
-0.00958322437961776
-0.008978440377441013
-0.006679460938140164
-0.004780028141112788
-0.003374406166436101
-0.0007659156878650935
0.0026132453920065463
0.00446142461521893
0.0047671946158862515
0.004334189409878553
0.0025725742735515453
0.0012700111568282348
0.0004991874570042787
-0.0011372487832558985
-0.0032669454461793524
-0.004040977833201701
-0.0034456112771290887
-0.002103112214393214
0.00046648880399223426
0.0028224614487712086
0.004916191164272752
0.007883507576953263
0.011431211410580313
0.012973222233655237
0.012392761085936642
0.010714667178616754
0.007238334216860455
0.003765933120255218
0.0003657219905402337
-0.004481355919165826
-0.010419024240261684
-0.013811440715948413
-0.01450447972536771
-0.013991859502672871
-0.011302329234068929
-0.00896297896763419
-0.007092239323449924
-0.0035825062897179723
0.0010508479506284789
0.00394298230274082
0.00509131198694097
0.005521055093802447
0.004508295060902873
0.004286615481153337
0.004960745097745136
0.004804799000911855
0.004294605391151868
0.0036838106289371186
0.002790203895747593
0.0018149917193093028
0.0007680594143930198
-0.0009512537565352651
-0.0033510326867261125
-0.006145055336688838
-0.009476643559469464
-0.011112357696147684
-0.01082406689848282
-0.009780415364762502
-0.007351169984626965
-0.004764133120194673
-0.0021038273707171015
0.0018007249811339047
0.006706151532761971
0.009833384739949916
0.011082414642625464
0.011623317462846302
0.010728113999699335
0.010326077300708331
0.010524481159442187
0.009737177313282051
0.008370211152664583
0.007048322074353288
0.005627043081525894
0.004074664167701616
0.0024995917000320694
0.00011752587636344101
-0.003105982339816234
-0.006712199322448215
-0.010888748406755402
-0.013450861928815293
-0.014153468154136003
-0.01417367712454996
-0.012888167011943848
-0.011459998753599949
-0.009972570129796847
-0.007291066501937083
-0.0036440837778910916
-0.0011846318023851369
5.004751987058105e-05
0.0009493901540136196
0.0009687651768837648
0.0016713949582900242
0.003155546390901405
0.004187532523807183
0.005110211821496622
0.0060639162685967125
0.006916814569556265
0.007839371007684455
0.00882911167407506
0.009496529103111585
0.009841910874143357
0.010043792160709816
0.010011251519289433
0.009346301169961758
0.008006254521089188
0.006098589172633349
0.0034941107126555443
0.00045436291440831874
-0.003039207782300124
-0.0072490331271489305
-0.012145225666225588
-0.014993803384469815
-0.015570835008858487
-0.015160424963488107
-0.0129981321627829
-0.010760366749112665
-0.00853389091147479
-0.004802027028357559
0.0001063920674032115
0.0032321532792263167
0.004504910289875887
0.005129621532968117
0.0043443120099710625
0.004289457638115417
0.005085839915229285
0.005020274683120503
0.004551163548691454
0.004253111367578609
0.003971309074438263
0.0037418608557339057
0.0036625887200671236
0.002956571604261858
0.001602645478869235
5.161624612424749e-05
-0.001875793971953619
