0.033142015548580914
0.17987213926871617
-0.21111341623751942
0.11119797123043235
0.006051023908407135
-0.18671737793333906
0.19645454803106407
-0.048438519068523256
-0.02567185286334312
0.0768352251484069
-0.04868875889937632
-0.11466636029315268
0.1043030312733753
0.12139429563640455
-0.1714586640271556
0.009507991861014704
0.0028427561160510872
0.15810471624585895
-0.18300053041309422
0.06588615883763356
-0.016200596115807934
0.037020684051371086
-0.023036184438219445
-0.01938123417303404
0.054212382194782256
-0.07774541236764804
0.08550798811045836
-0.09289947753397138
0.0534423184885101
0.010828134363067482
-0.06658643939188688
0.1516531540398579
-0.12420728192024823
-0.02360438981047018
0.09059246214953581
-0.06770576039270723
0.0682410446974231
-0.13388744644435804
0.11558858394726067
0.04413924501960993
-0.03348714395927122
-0.19712671961574124
0.2364042932479088
-0.03237026999943689
0.01111830605875631
-0.21484381545404618
0.21658276431876913
-0.01556863732653864
-0.07721868447690607
0.07748457355303903
-0.07268632244658367
0.046877946052700646
-0.05244121736246562
0.11312313822634981
-0.1066437401624531
0.020979218427730394
-0.01109676637317119
0.07017573895908286
-0.11533012958778559
0.12882671898988127
-0.14505420301407856
0.21120049940850277
-0.15817233621308077
-0.02957916923225761
0.09152649022123968
-0.02067681789099966
-0.028215719105256436
-0.008079811284999617
-0.06963813940938436
0.3279266557800567
-0.33713238904702225
0.07386797143532069
0.021907525669605542
0.06303250674202256
-0.05793862959781321
-0.0417025560678599
0.07836258949448482
-0.06409428394514563
0.05226720552146487
-0.018342100757325903
0.031245085742721116
-0.11717059183300617
0.11333790295449725
-0.0007219966540841505
-0.03282547158554506
-0.03581876790703708
0.025784688941104666
0.07971482747006878
-0.09814390575910495
0.027971066345812173
0.002155051181242902
0.015005290295891476
-0.01388693153224588
-0.01629428128336683
0.0012333234708155959
0.04339507807784466
-0.0790347813597839
0.13462939396746268
-0.10841058013621878
0.008126124822812782
0.03327049418141297
-0.06631823262890192
0.017627241495547986
0.16244557763962766
-0.16786261365206184
-0.012040769404529299
0.061240868669031875
-0.012186650118244546
-0.03896321592123589
0.14239203258942243
-0.1309849727729991
-0.08780883552065799
0.11304459572069119
0.22071387690745278
-0.1287280163110565
-0.5600996378265454
0.630935669517944
-0.024079764612631505
-0.059645892716395366
-0.2292759985117684
0.5070154306975125
-0.9969894593397817
0.8629617417344262
-0.025901103052455243
-0.24410377410220316
-0.009627276594655607
0.11272549672534732
-0.15785700380542103
0.05996384006090087
0.2435150508111855
-0.2585835768308133
0.019596400945206538
0.13027338713160708
-0.24593084113257546
0.22071240384175653
-0.0458948579362182
-0.023230735659095458
0.0042734250191246385
0.012188839054300153
-0.036389865741709645
0.013454018768452907
0.028724584891382157
-0.08479443144963121
0.18799576318375372
-0.1721185140324233
0.04498380201400729
0.027902701361321374
-0.05905092320575342
0.05387895292715767
-0.02453356888767389
-0.01160351553432549
0.05138309186663981
-0.0574367489372233
0.07170096458322507
-0.017700229849921614
-0.14263478493568882
0.15526762407942107
-0.015777138978208788
-0.03733723802432039
0.008771952898677483
0.010888159125147966
-0.0029184013146408517
0.013271821133308107
-0.09425806205758952
0.06559982411166007
0.1309288460718341
-0.12907722428118223
-0.09842586022589729
0.1589526660343258
-0.02524650241434558
-0.01558618528431648
-0.09361453722090897
0.034622918408307064
0.1941247877793175
-0.25325047941880663
0.23988920056240076
-0.10455925747013538
-0.2616872783233001
0.2846717895330802
0.10457464850575376
-0.17633944055181996
-0.1243349383296
0.18464671514698675
0.06906132569691309
-0.07817006854513434
-0.2273002763794994
0.24135633496730288
0.056538280088273454
-0.151265504498858
0.05464552835104372
-0.007168268887754511
-0.006323462049083561
0.0033604663784914408
0.029804340274593423
-0.0176087091128032
-0.03951542536242797
0.066215695333231
-0.05978792792093963
0.04796036264331033
-0.05425851710706857
0.012553195434904135
0.08608713289940628
-0.11717734770660682
0.0703075739411963
-0.030921636020237845
0.07934445556225955
-0.0016910867182057983
-0.31011654324971716
0.27917926580347757
0.1385215924725644
-0.2566652322650634
0.07764534290104905
-0.006437187142890738
0.03448826328671838
-0.034944433600045136
0.033875422568183426
0.00040245047987546526
-0.09982190740640705
0.09824645924740387
0.02395117007789415
-0.05437650802607115
-0.02003181737808346
0.02478693384166061
0.039111961285822304
-0.06037244566228813
0.05621268878384851
-0.03261216006085856
-0.033090870679217246
0.04052114826561169
0.039637228626908966
-0.03622002248710115
-0.08689142673452481
0.09406564888025473
0.044776614176547574
-0.053603433296935614
-0.06836355554929782
0.10727903913976686
-0.08702116088382186
0.041221217876704325
0.03599490263257415
-0.056942160272445905
0.04009169527414659
-0.0020990776461454154
-0.0637931768037479
0.08196667836870385
-0.06585592589012357
0.04233945374840989
0.003080479368884363
-0.003359458053614444
-0.04399485550014227
0.057454981696961595
-0.03848761080738685
0.020410458458127827
-0.018312992777447815
-0.0018216704205721206
0.06214626661508767
-0.05196202530343046
-0.03195374139863355
0.06231144269175003
-0.046710406723335096
0.027090004264760693
-0.008162821191228409
-0.004498193496677749
0.031976061014470925
-0.02006073317754663
-0.051782842366440575
0.04722774147180947
0.03596430003238028
-0.06959902305221072
0.05682274235313479
-0.04581577486273846
0.03903724906780796
-0.02441457206886667
0.005724383283816666
0.010233114970522959
-0.03131054488400321
0.031688796373670225
-0.004694957079495415
0.00018303915429889448
-0.02511423289961373
0.023504762381540444
0.005906810166005084
-0.014394801388404347
0.007087528934776601
0.0036075471592359847
-0.020542979134480218
0.02382904034941829
-0.015762404641180623
0.010318516722723475
-0.00024869401205941926
0.0010163586807584368
-0.026777842012829525
0.019341977472511304
0.03385328128266171
-0.0360168167283579
-0.01584890236287908
0.0353800994237307
-0.022813341634321166
0.0200956425855587
-0.02670847396717823
0.029335582440893376
-0.026954726538003203
0.02368480997731097
-0.025587324278429323
0.015795092320761556
0.009345365969413292
-0.01448181367035924
0.000554912661511634
0.00872840086466454
-0.011183986498026816
0.016306592558497472
-0.025828894311767436
0.024404122765178483
-0.015482947990781195
0.003735846801799202
0.010116710554390469
-0.01589373360808834
0.020098292017160693
-0.011544367195804744
-0.01500996416722526
0.023069178413353986
-0.003969859835817103
0.0056590743111469164
-0.03855099040540927
0.03302203953745669
0.010762973386185145
-0.02949527122904025
0.029400606372581392
-0.02109288393284038
0.0006853810875381786
0.006638830860973412
0.005211385731565156
-0.00202048761001733
-0.023761831101885678
0.02368455833779761
0.00914938981304955
-0.017827952991659308
-0.008384554101397053
0.0044045068620403634
0.042958548055086206
-0.047096637848196184
-0.00598721997229352
0.01130071010341157
0.0444826047180564
-0.04692688139814889
-0.010018024864272654
0.02466456849881619
0.003178288402326262
-0.015064342263074284
0.006253832690908512
-0.006107810346000574
0.029138127792858418
-0.020640272875751636
-0.034190716130364514
0.03379891493347354
0.023469585321343328
-0.04385510699416681
0.029968987749951152
-0.015287699525571772
0.008884433824114506
0.009379508358001491
-0.047233221516881356
0.04790374043065864
-0.01973731377856145
-0.00549939664214111
0.030096570694890946
-0.027395143758996963
0.02134115627881673
0.013890251282559295
-0.10814741120354657
0.10900864204025526
0.0017336661046024604
-0.02535730662596215
-0.041036767576869214
0.05148472045960657
-0.0203651702461212
-0.015582406111711113
0.06921345464263093
-0.07756878416238328
0.035127150663626545
-0.019700579479491147
0.04520824559393852
-0.0375597398772691
-0.01779517216830904
0.014258592475458343
0.04638864571601974
-0.07701200287229816
0.0766311935394875
-0.06931684270062574
0.076583382792159
-0.04683684187787074
-0.04696716776143774
0.05851754111206095
0.03772197590032747
-0.041658952490295435
-0.05747915668384812
0.07024470086029141
-0.016391261499501902
-0.03296914198516034
0.09864319419411632
-0.09417412602278574
0.0189277043107536
0.020650614447491077
-0.020549529676404613
0.029961860808776244
-0.050375241518187876
0.0425503624306322
-0.03023994971455571
-0.01050503852106563
0.1078807183276794
-0.11385153769562996
0.012326542911137307
0.010129237361325868
0.05160204024570087
-0.060163462075727425
0.02311391601081644
0.0041022168447950955
-0.03496515202814447
0.038111020940370964
0.002442258229807634
0.0035609338420363283
-0.0666793209444439
0.07507621850431737
-0.03097566079046825
0.009809001479383014
-0.0034359420400689334
0.007128407580619037
-0.030229679106898888
0.02694402008871651
0.0054660795042660165
-0.01138772013406757
-0.009307023484517613
0.02971723879182389
-0.02847886505901427
0.055357027197945295
-0.13449667925225028
0.12236474652925058
-0.019780761026294922
-0.03545135444220045
0.04843646914244658
-0.056936695341506985
0.057738822626214575
-0.060443518308305466
0.07277492321356085
-0.06468335823271315
0.032457012256295076
-0.023718907797042027
0.029005955998230096
-0.032973310610327974
0.05934340487736111
-0.031188202778777124
-0.04751145329770212
0.0637417448545336
-0.06873385874503819
-0.010285389656561991
0.19803302019258606
-0.23061377895134766
0.1355489150290229
-0.05068141030630825
-0.07863070204925046
0.11255371423451702
0.06284048298985453
0.010644483605463828
-0.44997042853234864
0.4452397283016301
0.01292055324060315
-0.18041349612589505
0.12730204277141116
-0.025897012015294055
-0.17530197546713414
0.18417185020143784
-0.00745608331331022
-0.07480017836027694
0.08206604262137512
-0.050023355642318496
-0.0004375153193340413
0.047751792196534165
-0.13913981989215643
0.1199365863375964
0.057293505552415046
-0.07941228754574683
-0.10326161145883148
0.11305662477003026
0.09299464399947932
-0.11597351086856483
-0.06739773565238488
0.11304914733263742
-0.005500168520964466
-0.016805013605548924
-0.05880052678160904
0.06413673322912808
0.0015405950729378073
-0.02807991156487364
0.026808405686567324
-0.020550982512076127
-0.007774197804918175
-0.008132468373537288
0.07060741383372302
-0.08738763519730078
0.072881661194589
-0.04072005417057827
-0.01368500643137391
0.032280254509937906
-0.029750641997650883
0.016727105499480525
0.024104742802615403
-0.00724134288403455
-0.0556169067290134
0.09105471642245234
-0.12446334835078247
0.08857091992903149
0.01096010616836986
-0.06826214396606783
0.09713115660874666
-0.08944491782772791
0.03751973313690241
-0.00397778522861027
0.01999279589260407
0.023507309567054123
-0.15453319647886174
0.16459348550816164
-0.057054271932738695
0.0037280950637452173
0.01022569525945874
-0.009384170363094142
-0.028968762065896297
0.0209589721636166
0.07080892604017246
-0.06369169673041289
-0.07280567257595888
0.07628933600821323
0.0515925531692001
-0.10763352410134025
0.10234776024276146
-0.08076204897540074
0.05659353866921084
-0.02758075920107322
-0.0347318361571037
0.02574876061172352
0.07225606548888942
-0.0828651031983128
0.010321218451305996
0.035918921116770315
0.003639925075358685
-0.009539857126311318
-0.179516673704849
-0.008096205081854543
0.6443107175646149
-0.7890197868161377
0.5022277706441627
