-0.0006730989064489439
-0.0006824354828011183
-0.000691666971617529
-0.00070077041900558
-0.0007099985001792415
-0.0007192773037048355
-0.0007267119536223768
-0.0007321351324122498
-0.00073637942569491
-0.000738899747275003
-0.0007408398726350218
-0.0007422326913220469
-0.0007420077593804634
-0.0007403696767132804
-0.0007385830414193975
-0.0007365957118980772
-0.0007339057381608035
-0.0007307961447955469
-0.0007261958948392334
-0.000720012849451324
-0.0007129900817305296
-0.0007048638686001956
-0.0006970227400064787
-0.0006896635779911693
-0.0006819238129433553
-0.0006742046258918509
-0.0006658486253768435
-0.0006567838546215986
-0.0006476906638953607
-0.0006384319446244954
-0.0006276933099511671
-0.0006154489589564737
-0.0006022389921663774
-0.000587728985833735
-0.0005728554659631208
-0.0005576745361913206
-0.0005414381838951
-0.0005243489452939454
-0.0005076945993220366
-0.0004915157991823657
-0.00047534701517080194
-0.0004595343573582465
-0.0004431487303318652
-0.0004261630782715931
-0.0004093485099852003
-0.00039252405710802604
-0.0003750214535463256
-0.0003568839344530343
-0.0003383207293069694
-0.000319182102303808
-0.00030008211464776336
-0.0002810593002553235
-0.0002616933818444556
-0.0002421285776947701
-0.0002212091037672257
-0.00019878203176976845
-0.00017550019818767583
-0.0001510257449153912
-0.0001259312538896912
-0.00010025920982359713
-7.341986564324483e-05
-4.552195077574933e-05
-1.7546343393122278e-05
1.0507589883174961e-05
3.904920955127533e-05
6.7840644101739e-05
9.76208063658841e-05
0.00012844503890890266
0.0001597543599985088
0.00019171929341139915
0.00021997615917059254
0.00024401867232565154
0.0002660127030552263
0.00028467524107986936
0.00030237707161438114
0.00031921522739547563
0.0003328282794897917
0.0003436350483134426
0.0003549786983230552
0.00036678374022011977
0.00037765166849931174
0.0003883532894027198
0.0003962090673595825
0.00040098672743538
0.0004046070544024993
0.00040641849999864803
0.00040920297581806795
0.0004134037763857923
0.0004172040567165707
0.0004214206416372354
0.00042483467815655225
0.00042729690887249633
0.0004301360657070406
0.000433099189382211
0.00043337434229454464
0.0004308939727977671
0.00042684264289057897
0.00042050270767350856
0.0004138449779160989
0.000406992456700742
0.0003983594625416604
0.0003883731962970101
0.0003805631741322008
0.00037509684228969177
0.0003706119186538887
0.00036807419317456995
0.00036505822366363755
0.0003614904392820412
0.00035944565058919776
0.00035845897989234037
0.0003565497523474834
0.00035382804766368787
0.00035096717226828995
0.000347521782635473
0.0003452588883549072
0.0003443004609048309
0.0003434279478299274
0.00034306106244260136
0.00034024176147024246
0.0003345684653050798
0.00032775400294803427
0.00031893452361074866
0.00030955267788494056
0.0002997266564526015
0.0002879626988071156
0.0002745397239334189
0.0002620415409187363
0.0002504792670345035
0.00023877558996565843
0.00022756415798543713
0.00021492508620214588
0.00020072022016436275
0.0001864201834989096
0.00017158772379167558
0.00015830655136270298
0.0001469482671949365
0.0001362210772247455
0.00012676880914642882
0.00011774044777732685
0.00010907003433029738
0.0001017774538353517
9.57207721164766e-05
8.885342151439697e-05
8.11670798011684e-05
7.35873603102558e-05
6.562371829604804e-05
5.8781822581152036e-05
5.3196349694104386e-05
4.773266234929991e-05
4.275091060539259e-05
3.7360353424371625e-05
3.1362373197085305e-05
2.5449784432192603e-05
1.9347125743882215e-05
1.333008932859168e-05
7.455309039110052e-06
1.3400208029951508e-06
-4.958148380790637e-06
-1.0318377057343607e-05
-1.4697281109100267e-05
-1.8596189719616332e-05
-2.1724656900759436e-05
-2.4826903351616234e-05
-2.7952627085566256e-05
-3.048511076217206e-05
-3.2584787747637654e-05
-3.6541937747347494e-05
-4.2512954792430505e-05
-4.953297296990553e-05
-5.8242216504521094e-05
-6.717082002573655e-05
-7.626895117742564e-05
-8.684732563687767e-05
-9.86292433537492e-05
-0.00011019172323978645
-0.0001215961566245908
-0.0001333668865912869
-0.00014518068859964856
-0.00015825823976156487
-0.00017269086626574287
-0.0001876245919608024
-0.00020335142111673065
-0.00021813421367023047
-0.00023172516251987175
-0.00024516629972217704
-0.00025794930606634896
-0.0002708957608480252
-0.00028408145541478715
-0.0002966428265865258
-0.00030874147651966543
-0.0003219602828742909
-0.0003363153942577751
-0.000351144136217191
-0.0003668393123426639
-0.00038224499245013705
-0.00039728093040150846
-0.0004128452364160428
-0.0004286781457275645
-0.0004424792242442489
-0.00045411197249315967
-0.00046446655102996143
-0.00047289897266885743
-0.00048093985139764997
-0.0004886230690873042
-0.0004945984544916886
-0.0004991464305464353
-0.00050358556692446
-0.0005078340380579032
-0.0005114120273334435
-0.000514606547415436
-0.0005162309220942613
-0.0005161882322988624
-0.0005152777088302266
-0.0005132064021013606
-0.0005118691843729738
-0.0005115139329772602
-0.0005110150823338446
-0.0005109166310120482
-0.000510278709841445
-0.0005090102532465751
-0.0005080590774782737
-0.0005072319743718188
-0.0005048338914330329
-0.000500842057990427
-0.0004959445191408757
-0.0004897143606198256
-0.00048338327847812325
-0.00047702668092797966
-0.0004696744784919842
-0.0004615959688453426
-0.00045402848505622716
-0.00044698410728815806
-0.00044006942874124733
-0.0004336105961484607
-0.00042665522277978476
-0.0004191814027480742
-0.0004119531573269115
-0.0004047842687840955
-0.0003971226842246592
-0.00038901885408672813
-0.0003806216718420571
-0.00037181169001873783
-0.0003631341221834252
-0.0003546210835460094
-0.00034591188612742487
-0.0003371352863170785
-0.00032707454009467
-0.00031557805960896566
-0.0003033167125142952
-0.0002899374363020513
-0.0002760620861360474
-0.00026173467057193886
-0.0002463278591365883
-0.00022996051517679153
-0.0002136326326334305
-0.00019734084455576848
-0.0001806734177222537
-0.0001638722530031059
-0.0001461769821774442
-0.00012753156047013296
-0.00010850874798591778
-8.893320074570065e-05
-7.118835171440448e-05
-5.557774273056743e-05
-4.0857381624671e-05
-2.773339061896706e-05
-1.4971119753273415e-05
-2.510939724872287e-06
8.38293475551367e-06
1.7928513057266615e-05
2.8053378901902554e-05
3.872811235772979e-05
4.913396237164749e-05
5.972104404237795e-05
6.897791566610575e-05
7.677451202862263e-05
8.421002446086294e-05
9.09198039639808e-05
9.831756244657927e-05
0.00010664344297780724
0.00011495094925545866
0.0001236597236669023
0.00013218011383173494
0.0001404360933936461
0.00014909370008122128
0.0001580318970789386
0.00016577386887403508
0.0001722820565399806
0.00017818803405526498
0.00018311522701400227
0.000188092072249157
0.00019318523297554807
0.00019756632572108965
0.00020145950018249134
0.00020689175649813202
0.00021397008668261382
0.0002218987792048554
0.00023123631305439554
0.00024061285773503848
0.0002499874707580823
0.00026054542885931963
0.00027202651360213145
0.00028326967996758685
0.0002943378745401023
0.0003056358516584527
0.0003169032572421484
0.0003291697558604088
0.00034250936833650334
0.00035621257913160054
0.0003705256602974552
0.00038379011687996985
0.0003957799134088167
0.000407465230970566
0.0004183627464894206
0.00042927878411472346
0.0004402826514626526
0.00045054039490328795
0.00046020983362663706
0.00047075569976278114
0.0004821878376715078
0.0004938974268842392
0.0005062458770871468
0.0005181517937449413
0.00052953952653197
0.0005412429374224739
0.0005530177503019457
0.000562893614690705
0.0005707590154496792
0.0005773593289362808
0.0005821432931494611
0.0005864350794376001
0.0005902607076806526
0.0005924565582851079
0.0005932640818747352
0.0005937870170318118
0.000593951208118631
0.0005933575402715286
0.0005922436038888438
0.0005896032021999548
0.0005853528146613769
0.0005801637314501361
0.0005737858690286881
0.0005678724488565972
0.0005626356215776723
0.0005570961832650898
0.0005517269535003338
0.0005456998924675863
0.0005389342951012768
0.0005322584281697854
0.000525500807265802
0.000517189746842626
0.0005073047723035516
0.0004964394457321695
0.0004842221434276084
0.0004717217107087763
0.00045900190824106716
0.00044521896549512145
0.00043060536476236325
0.00041621664171124123
0.0004020600932187123
0.0003878008692475522
0.0003737156853148338
0.00035898596497713393
0.0003435916023134012
0.00032818504476745416
0.0003126049081761219
0.0002963822713324449
0.00027955906501635463
0.00026225831163420994
0.00024437752208257205
0.00022637879441734263
0.0002082877057320945
0.00018979652688483906
0.00017101318311046364
0.000150889244951727
0.00012929313539960423
0.00010679951506689012
8.310312518239519e-05
5.873831163563154e-05
3.374125134490327e-05
7.570250210829925e-06
-1.9673848359789756e-05
-4.713399860942337e-05
-7.48148778146471e-05
-0.00010307139010232278
-0.00013169749196139782
-0.00016134812381809278
-0.00019207303557651243
-0.0002233818924822223
-0.00025542698462914265
-0.00028373051772718057
-0.00030778307597618287
-0.00032979167098697173
-0.00034844286691880895
-0.0003661902742601416
-0.0003831335042139604
-0.0003968429171766337
-0.00040775363553393056
-0.0004192662237663123
-0.000431301367852976
-0.00044244322480259743
-0.00045347549903201634
-0.0004616655798977202
-0.00046677804243910637
-0.0004707700355765959
-0.00047297765076326876
-0.0004762812022273293
-0.00048113712754884803
-0.00048567301277000055
-0.0004907345153709496
-0.0004950543323198812
-0.0004984796677948711
-0.000502389426453013
-0.0005065215199542986
-0.0005079806590533749
-0.0005066994284877662
-0.0005038973237237703
-0.0004988365537021317
-0.0004935508452137497
-0.0004881680006974127
-0.00048105489245235075
-0.000472653310890227
-0.0004665237464167521
-0.00046283205533920196
-0.0004602123474926188
-0.0004596385013403242
-0.0004586568064805587
-0.00045719430948653656
-0.00045734745186662814
-0.00045864637074733604
-0.00045910667307505774
-0.00045884131360006967
-0.00045852280525955614
-0.0004577060894313788
-0.0004581677347326631
-0.0004600307685478766
-0.00046207292117383594
-0.000464716822182627
-0.00046496598367832973
-0.00046241553713860636
-0.00045879928097429545
-0.00045324298841307575
-0.00044721178485112575
-0.00044082599213579224
-0.0004325718445348067
-0.00042273324951725615
-0.0004139241412948964
-0.0004061560649179702
-0.0003983409045549272
-0.00039112012709423564
-0.0003825516648834596
-0.0003724965261286486
-0.0003624431801071309
-0.0003519498658900014
-0.0003412293492160011
-0.0003304630519964827
-0.00031923087122895805
-0.000307632445823668
-0.0002958922108905073
-0.0002839805028488762
-0.00027188093979432456
-0.0002596425076839891
-0.0002465545910091445
-0.00023256601985758205
-0.00021805694468129757
-0.0002028400694433839
-0.00018731966735741865
-0.00017153489764369577
-0.00015512707143863164
-0.00013818648034221836
-0.0001211114820692753
-0.00010389568109984153
-8.641278590534831e-05
-6.876213608630419e-05
-5.062813914147156e-05
-3.199921861326667e-05
-1.3117217037941635e-05
6.083603177164848e-06
2.5739195592541836e-05
4.5833685174133156e-05
6.634668487695593e-05
8.730823309517012e-05
0.00010857425999206284
0.00013014061451284154
0.0001521030542020436
0.00017443000430247441
0.0001980157460453315
0.00022296101258882775
0.00024882448488926267
0.0002758677927575963
0.0003036031202131579
0.0003320102115796417
0.00036157222772302414
0.00039220243639122467
0.00042323474958540225
0.0004546858482304151
0.000486832228036323
0.0005195208785987695
0.0005532890144670975
0.0005881830545230698
0.0006238193886052658
0.0006603287820387468
0.0006971835431169473
0.0007342983778306748
0.0007720238346959444
0.0008102052236599477
0.0008490703408338082
0.0008886488966310686
0.0009286913305057126
0.0009692457343327782
0.0010108536435972058
0.0010535295339252628
0.00109704563503687
0.0011415409985597975
0.001186639167489007
0.0012323174209644904
0.0012788809790237506
0.0013262490115280917
0.0013674939150157977
0.001401941161795828
0.0014327751745058046
0.0014579904831065703
0.0014816299017720942
0.0015038287296307642
0.0015207318943192397
0.0015330624624692846
0.0015456819499196845
0.0015584271167960058
0.0015693341000023225
0.0015795057160371542
0.0015849130950536014
0.0015852116770852928
0.0015832356904754274
0.0015780000357602342
0.0015743506702624683
0.001573004379412758
0.0015709065537134466
0.0015694667013333348
0.0015664495636896658
0.0015616043863388794
0.0015572880312367866
0.0015530374013669563
0.0015441726408147666
0.001530598045509731
0.0015142570452446815
0.0014939599930265998
0.0014730284677272167
0.0014516670567086092
0.0014272218662458598
0.0014004141710659498
