-0.02104521036337955
-0.015327422824837412
-0.007302545735900878
0.003241626016421099
0.01434588754985743
0.026641292283584493
0.035340234160161466
0.03976957155823697
0.04265110255177582
0.04256604881703429
0.041840934863430816
0.04063919785456161
0.03651217659753868
0.029888914304926982
0.02498881248554426
0.021810970043761545
0.01855914317906217
0.01625219949648532
0.011718854073811341
0.004709464889349984
-0.002384420499903633
-0.010302439690130099
-0.016060423994033294
-0.019113139605165617
-0.021409549802495573
-0.022035560941419764
-0.022173834439040196
-0.021946827901177756
-0.01993132674697425
-0.016340645573824593
-0.014261059891593061
-0.013737991262081296
-0.013395177910579271
-0.013993103990831137
-0.01332592793780578
-0.011216052332298238
-0.00937680470379001
-0.007298975176305587
-0.005610861288573038
-0.004559537716890706
-0.003478136903620027
-0.002591893698520639
-0.0019281191622072306
-0.0014422354261011943
-0.0013308149855775315
-0.0016066951188160282
-0.001139684112136959
0.00012609454385433948
0.0016284819405259535
0.0036581767951747255
0.0055048802910513525
0.007106027775844556
0.00905656330891755
0.011196008799585091
0.01269852580456398
0.013551727501592791
0.014030485485996412
0.013916803958942039
0.013824884601058117
0.013770214314733438
0.013253447066595472
0.012394417470388584
0.01154404077277157
0.010667311103481639
0.009669622684423668
0.0086252993505284
0.007183498099413776
0.0053223260052485
0.003270682904709994
0.0009445683791701834
-0.0008564997474319492
-0.00203488090638808
-0.0030319958442502548
-0.003617004056706917
-0.004202288408157734
-0.0048180711000731895
-0.005052145033738319
-0.004984469637812454
-0.00527206347213801
-0.005913827014756978
-0.006641606105611069
-0.007615298681587107
-0.008337064748545927
-0.008771525007886563
-0.009295821366966958
-0.009796189612329025
-0.010080946735281421
-0.010169728685024379
-0.010068762082993366
-0.009730841495079495
-0.009352336041004574
-0.008929186759197625
-0.008320333165212888
-0.007561897051037913
-0.006649851062853492
-0.005564594718332014
-0.004328630545254253
-0.0029336269458108575
-0.0013351724649643387
0.00047064038634367405
0.002473055963613557
0.004686046865964303
0.006099878654220039
0.0066157471505747635
0.006720754466007879
0.0061258619615956805
0.005413396442664042
0.004610651229575891
0.003165829617017847
0.001187884597918865
-0.0005912185650446725
-0.002187651511140972
-0.0038916879429783608
-0.005531928944125472
-0.007697928443605505
-0.010434849662110585
-0.0133154927933529
-0.016479267916061656
-0.018014982611746444
-0.017687572556667436
-0.016497738049529587
-0.013884291154300647
-0.010850867931484452
-0.007450829204325421
-0.002671818617619411
0.003303992222820657
0.008937647887479338
0.014248592638082034
0.019880601911777398
0.025470610931724178
0.03221897658695517
0.040223810600115914
0.04860414145571647
0.05764552750309205
0.06326131898728767
0.06495092754200038
0.06484467805986281
0.06174221428517716
0.05779866946580743
0.05312630249831139
0.045554791305273276
0.035474572139571524
0.02617446043612336
0.017611535118890045
0.008410008667502522
-0.0006549629196023373
-0.012152196764560634
-0.026292214693061176
-0.04119174717762794
-0.05746251478343698
-0.06893543056512505
-0.07480536917068209
-0.07842813974141319
-0.07798622902137213
-0.07661922789759452
-0.07451877009565165
-0.06846590719115354
-0.059036391719016076
-0.05142228511075646
-0.045591526885160376
-0.03935763811741865
-0.03396135646173563
-0.025427496648778566
-0.013439223640615998
-0.0009561792335131838
0.012956599052172215
0.023106514445165875
0.02867602327553026
0.0328018027076112
0.03392570588839836
0.03438393708546878
0.03437127210239959
0.031306892907352724
0.02562041955819718
0.022219271863703642
0.021138036940049874
0.020246848746315944
0.02074365240789585
0.019026104749069465
0.014810300971151663
0.010853228985599001
0.006320549577749927
0.003047071055798232
0.0015067263667226155
0.00022469837715407832
-0.00020380240898414028
-0.0002122411206973909
0.00010200073351243865
0.0015016394015837417
0.003915333231452175
0.004940753568762681
0.004499578582328262
0.0037222112399150774
0.002002635558318179
0.0009517386006445286
0.0007034418304354262
-4.2051603313396645e-05
-0.0009177955988717473
-0.0016125644976397347
-0.0022437805597907163
-0.0026960117553291797
-0.002920094652150946
-0.0033975072789108763
-0.004122764931471169
-0.004820505738902172
-0.0055921646111224835
-0.006143193662541463
-0.006423570182493771
-0.0066469297381113275
-0.006728708539444576
-0.006762949958321751
-0.006768778526360723
-0.006626471476447511
-0.006357124282224004
-0.0060991546709230245
-0.005846110935621794
-0.005544112452914683
-0.005223762744504189
-0.004776070910586575
-0.00419184957379303
-0.0035481629344680517
-0.002818513617626786
-0.0019682034043635357
-0.0009997604607385167
9.170464558979223e-05
0.0013162131962940553
0.0026390508549550824
0.004063616231806106
0.00561777457214931
0.007297047861960905
0.008311398710121497
0.00858493253336678
0.008486355846894247
0.007788337492107251
0.006955065950995
0.006004684205440329
0.00449862650986148
0.002521955084121141
0.0006425862766725057
-0.001154796018985543
-0.0030968395266429715
-0.005052261596947692
-0.007484752602790117
-0.010431498650193511
-0.013560773716629757
-0.016983776518940414
-0.01885122324261072
-0.018944767965251356
-0.0182159240986748
-0.01612405809694819
-0.013660256126111787
-0.01087527062230293
-0.006782263976937486
-0.0015619691329367014
0.003324852829454978
0.007899471318878876
0.012767658406610111
0.01758549661812489
0.023499811521506004
0.030603540184165157
0.03805756756105723
0.046134661712462936
0.051312514207709964
0.05315284300794539
0.053512526140521766
0.05135643866678592
0.04852558895715915
0.04512023930740271
0.03927852661398371
0.03133520988386943
0.02415627948406898
0.017709581277969934
0.010794543735485315
0.004089235697243314
-0.004633123194074787
-0.015553535800827724
-0.02703268116744198
-0.03959899838652966
-0.04868146526257224
-0.05365907658735991
-0.05707448629536181
-0.057576294103053496
-0.0574368886705642
-0.05680466896734234
-0.053317687255669204
-0.0473932370597372
-0.0429741205163175
-0.04004791629238841
-0.036943631995022805
-0.03460826543796319
-0.030051326076786723
-0.02303542418889277
-0.015801095206880097
-0.00764759489443537
-0.00129213593459769
0.0027671747270688225
0.006329093917851392
0.008564099935971244
0.010541340665647922
0.012379823329660068
0.012793530264465643
0.011979953128648078
0.012780245823003597
0.015243932153256737
0.01810989824217982
0.02208327805293113
0.025148599918663292
0.027148808237130024
0.02966207810407042
0.03222790134147202
0.033680748599295554
0.034073832318675557
0.033619111705426884
0.03202036402843013
0.03030904008111253
0.02848431527297965
0.02576605615817782
0.02234943066982028
0.018455973337811474
0.014000748710370674
0.008993042918946077
0.003456540647692917
-0.002982190514103592
-0.010349380455757734
-0.018458049872080624
-0.027407658690947686
-0.033348904259819456
-0.035891012273670905
-0.03692519957411128
-0.03534719993686856
-0.03334293381005456
-0.03102055772940901
-0.026291864192070392
-0.01956646512344705
-0.013684056234204357
-0.008589288168458144
-0.003148918046729654
0.0019692226511715373
0.00903427505360506
0.018219606428412995
0.0278726495265363
0.03852848823790467
0.04528025107180181
0.04747208315794442
0.0478079042680106
0.0448390584005455
0.041022611508389636
0.036514173474177944
0.028770723242393256
0.01824240050190764
0.009098269959338897
0.001317431079996845
-0.006863490511288716
-0.014446811134694605
-0.024611061839874923
-0.03761040475781377
-0.05107318025354482
-0.06574665969139692
-0.07524428815881604
-0.07868076413955481
-0.07960767179625441
-0.07612710656069357
-0.07138362310719334
-0.0655747891505646
-0.05540018445061097
-0.04142825537977784
-0.02918761277276545
-0.01865407167103888
-0.007465189426905713
0.0030577715816440254
0.017117992885994315
0.03505888859127299
0.05374567591364602
0.07417075121523489
0.08790270040342837
0.09377541432347514
0.0964852571212955
0.09352921560708846
0.08906496927759051
0.08335771802479226
0.07205185602175758
0.05590237567002729
0.04222462475375029
0.03099160625098639
0.01908292951207907
0.008250417909460496
-0.007058655482868171
-0.027293964571172367
-0.048305991316639534
-0.0714023467164722
-0.08728026079658789
-0.09458372755942172
-0.09865315696890381
-0.09671340342287241
-0.09319896198094398
-0.08842039069723115
-0.07763737243479624
-0.06165636376574793
-0.04881968389449533
-0.039129479587430925
-0.028998489795957382
-0.020437778523619055
-0.007192956296376801
0.011239746930261751
0.030147388800896673
0.05099549547284704
0.06578310549200854
0.07322258942288315
0.07815693742365713
0.07817152904230623
0.07682145237970196
0.07439586816680936
0.06691948177464369
0.0550349945712739
0.04636779030665282
0.04096661017496406
0.03549599893672793
0.03181071173394711
0.02430767652575767
0.012533850403707518
0.0007635961678498981
-0.012309166961917316
-0.021929138681935238
-0.02717262469663221
-0.03123589725320884
-0.032646238601413344
-0.03318322716226282
-0.03304491496109259
-0.029996584496303103
-0.02435301414939521
-0.02123335684554227
-0.020725809101652875
-0.02051981068728888
-0.0218794410770459
-0.02117869330902255
-0.018120684210714035
-0.015533512095839707
-0.012579154177572202
-0.010120369396233193
-0.008548301554074895
-0.006845829969521106
-0.005335000990375742
-0.00415945846691804
-0.003250112355819047
-0.0028372840854659688
-0.002960416735608556
-0.0018704965092952931
0.0005285282542008495
0.003354767953869814
0.007061425586406703
0.010572130728244125
0.013791408305875602
0.017633198313329504
0.021855793425633083
0.024479320389606464
0.025414317736206872
0.025421080215074443
0.02395990411724883
0.02238398581436194
0.020734127442647583
0.017852536671384013
0.013998374776634933
0.01022096075103315
0.006452954341095663
0.002344449458372354
-0.0018724741438557715
-0.007152128563592727
-0.01356170852492603
-0.02045227516018004
-0.028052589130975553
-0.03299391480884601
-0.03488088380374147
-0.03547031041555882
-0.03378233405027911
-0.03161528273625151
-0.029070427293709934
-0.02436283216606315
-0.01782631010231563
-0.012126133203764112
-0.00723059010339459
-0.0020428356836479514
0.0028045242337886183
0.009389547910069743
0.017874719032500392
0.02672741751420011
0.03643684297054222
0.04297436318479843
0.045781525218923404
0.04711425124368745
0.045777765941634706
0.04374974764523661
0.0411599703774084
0.035934239285635966
0.028433313434792554
0.022154377380046365
0.017086823925942924
0.011740406818439311
0.006954061763469498
7.86144398102148e-05
-0.009098998775171787
-0.01859526368094756
-0.0290326574211517
-0.03641985797917698
-0.04015401010472972
-0.042571696726405074
-0.04247772603024002
-0.04172876264870356
-0.040462488765817456
-0.03666382452880154
-0.03067013208902508
-0.026139099371756933
-0.023080255452299758
-0.019911436470733065
-0.017517584020569077
-0.013177225929739047
-0.006671217265963378
-6.01746495095686e-05
0.007292091461806916
0.01269335327548226
0.015660928232041595
0.017930145710629564
0.01867779698607371
0.018994180891345438
0.018986985437171124
0.017361481499523202
0.014314036551980483
0.012599422622934722
0.012254664643300717
0.012054403792870046
0.012676023669813082
0.012141815632697036
0.010292246897587738
0.008658887362413027
0.006784343788607972
0.005203668661017913
0.004133696707143462
0.0029880777414804383
0.001959293925572302
0.001085393819861548
0.00032543788383272807
-0.00016070854063050845
-0.00036040366881480613
-0.001266129082338631
-0.0029298357139401956
-0.0048584273719003805
-0.007308821493826584
-0.009663339466544475
-0.011868891370518914
-0.014447578158115254
-0.017261275473506046
