-0.0013165742790416579
-0.0012415636266826411
-0.0011621934449492137
-0.0010781246411797848
-0.0009929040730214344
-0.0009054688670125728
-0.0008202089658523634
-0.0007379501714314997
-0.0006558634195313997
-0.0005753120126357446
-0.0004945992128445379
-0.0004135716771434856
-0.0003343339193211499
-0.0002566014811150245
-0.00017588296002164322
-9.213757119348101e-05
-7.40710597604506e-06
7.939551292752207e-05
0.00016501681651671796
0.00024917058933618917
0.00033433787439779406
0.00041974745263921706
0.0005071131869138776
0.0005968549867742065
0.0006875873557652648
0.0007798528368352856
0.0008731957022722176
0.0009675088314016871
0.0010635077437101562
0.001161102012336573
0.0012580230566618814
0.00135418173900863
0.0014506157421369397
0.001546740007493287
0.0016440526019480257
0.0017426612595495016
0.0018413277709334742
0.0019403797773639843
0.0020448527222311657
0.002155109122346903
0.0022690152440125477
0.002387986913091174
0.002508830753691849
0.0026314432202049574
0.0027586992970556386
0.0028900044895249174
0.003022204422920061
0.0031554376997372123
0.00329088517933569
0.003427834567312678
0.0035689921146954606
0.003714568019738051
0.0038626769577780745
0.004013971727506498
0.004164694238525563
0.00431431036931644
0.0044650955113551384
0.004615954246589681
0.004768665839034793
0.004923402891329405
0.005078304508878476
0.005233726701144209
0.005393125587452447
0.00555654547590999
0.005722547849877231
0.005891996542726493
0.006062384578610685
0.0062335447790129285
0.006407440105633056
0.006583513201063338
0.006720096749266162
0.006813127374872667
0.0068816893444279305
0.006913706422037462
0.006933496014408003
0.006941844387110119
0.006915537162678386
0.006858904533803003
0.0068011057124249975
0.006741130821035566
0.006667175386951655
0.006585833605324073
0.006472880672135939
0.006326223590952483
0.006162857279724367
0.00597683991830021
0.005797398352705644
0.005628826927405095
0.00545268550313093
0.005277456902412735
0.005089606738789753
0.004887600670804713
0.004685649686068554
0.004480932085829689
0.004245213949551084
0.003977898758012941
0.0036906745088869765
0.0033763479900075486
0.003054927488778756
0.0027276237570894378
0.00237841319431081
0.0020116231460801976
0.0016573675440150928
0.0013167713898718267
0.0009786696494036864
0.0006512078208392903
0.0003130373278933767
-3.64762944887794e-05
-0.0003794250770854044
-0.0007199461906283283
-0.0010741455630613075
-0.0014410423501908542
-0.001815429798480167
-0.002200924376303338
-0.0025829016965393573
-0.0029604122012843875
-0.003343500300852257
-0.0037287190912638998
-0.004142438577628309
-0.004588183322951755
-0.005050930824943815
-0.005538389406727793
-0.006037572790489058
-0.006547485371658592
-0.007081534916748734
-0.0076372425561541364
-0.008192002639590329
-0.008745792790144329
-0.00930804911106475
-0.009873269876743149
-0.010458406405959486
-0.011064713726869914
-0.011679316712076
-0.012306111645569072
-0.012855950283093234
-0.013318321869500875
-0.013737763546085297
-0.014088017114484841
-0.014417161412777976
-0.014727189009033878
-0.014969978882599821
-0.01515400384673454
-0.015348088184869258
-0.015550730789929027
-0.015733039294730987
-0.015910894799921596
-0.0160292743634496
-0.01608339174501461
-0.01611273433799052
-0.016103920530043014
-0.016113266280164882
-0.016149801642179724
-0.01617659732943564
-0.016210196623175605
-0.016226041813750366
-0.016221088342219518
-0.016222178549359242
-0.016224205717922394
-0.016169962782920946
-0.016058044353279472
-0.015912566551626442
-0.01571891518531337
-0.015517116186269577
-0.015309660129350842
-0.015064299987584365
-0.014789701426911373
-0.0145587749945101
-0.01437502947972605
-0.014210204272046917
-0.014084258839204339
-0.013947202485990486
-0.013797500788196046
-0.01367796381623207
-0.013579006919116258
-0.013459519195189878
-0.013321750316077035
-0.01317971166450047
-0.013024146332830666
-0.012891645566581404
-0.012784733214165884
-0.01267813993034168
-0.012580550778630684
-0.012431066568275783
-0.012221394329702944
-0.01198682433948484
-0.011709562276797248
-0.011419258953605013
-0.011118343438039482
-0.010776074120010377
-0.010398177590858385
-0.010037909479577039
-0.009695499008972673
-0.009348721227417216
-0.009010633387192862
-0.008641669233021725
-0.008238974345686417
-0.007832851516441714
-0.007414284871956985
-0.007027880241064877
-0.006681462682041718
-0.006347625227783033
-0.0060401174331979265
-0.005740440342355925
-0.005447197501250521
-0.005182325935846866
-0.004942726381362242
-0.004685016124099268
-0.0044090563676099275
-0.004134409734110731
-0.0038506890414381377
-0.003589907071018423
-0.0033549203302189775
-0.0031216438804732285
-0.0028977370945402203
-0.0026636785824527844
-0.0024151972751620203
-0.002167302429277096
-0.0019139750242293727
-0.0016614238701120336
-0.0014108723637421491
-0.0011538652218770534
-0.0008916960307060814
-0.0006485887648229428
-0.0004254571874886543
-0.00021149530759771826
-1.2972031031142476e-05
0.00018625413221731743
0.000387260877429948
0.0005767026709139901
0.0007580636002512594
0.0009798577699728142
0.0012453689087817143
0.0015342214275045477
0.001859970752135384
0.0021914158743477834
0.002527507236270294
0.0028960361109609165
0.0032911288200634255
0.003682745316980106
0.004072197298157723
0.004470534561005161
0.00487093908582109
0.005299218972309767
0.005757304552966099
0.006227156124400951
0.006714949384101241
0.007183764498619837
0.007628347869965468
0.008070824917661704
0.008500396120796228
0.008934549186087107
0.00937489454965905
0.009803070255242574
0.010222517404271114
0.010666834777968807
0.011136362550757202
0.011617042798996693
0.012117213192074613
0.01261233004241764
0.01310069137025446
0.01360136482385949
0.014108835620058989
0.014560711805459784
0.01495270069430852
0.01531003587377328
0.015615097101119326
0.015908134904452455
0.016190129423219582
0.016424918713311892
0.01661982879482181
0.016812571029203884
0.017001098520949037
0.017171243525047848
0.0173313042357737
0.017448083308412167
0.01751882487924599
0.017566134851320327
0.017581830370401872
0.017615427918538016
0.01767357685735426
0.017726462484897135
0.01778833289913582
0.017834979176571356
0.017863971444633683
0.01789992624052635
0.01793785065562046
0.017932674496922357
0.017883709962117394
0.017809332492448718
0.017698158748256195
0.017582747486420858
0.017465084732807928
0.0173194253313547
0.017152868753179316
0.017001858339172993
0.01686705809869443
0.01673628516696076
0.016619221763770353
0.016488496593754527
0.01634342476062124
0.016206252288313835
0.016071639664564315
0.015922327778412078
0.01575970856604637
0.015588756594769864
0.015405686909085527
0.01522706260383271
0.015053890424585928
0.01487507192536188
0.014694514646238773
0.014477585946247717
0.014219880218423665
0.0139406698190986
0.013629882955100378
0.013305033763381274
0.012967388499413254
0.012599160443373052
0.01220369450451043
0.011809798527227853
0.011417410343040873
0.011014618097431907
0.010608401477833401
0.010176940978628963
0.009718624492102743
0.00924992422403476
0.008765811802617098
0.008342484704527328
0.007989468377841457
0.007667426467022874
0.007398902726326973
0.007144018821583702
0.006900922525476431
0.006710213039429646
0.006564854666406125
0.006403923751658252
0.006228449074931765
0.006064238891660197
0.0058971093591045545
0.005775062501250524
0.005702242340448437
0.00564385690253944
0.005611511881758552
0.0055592393536629415
0.0054793501668419856
0.005402451371891544
0.005314937058919511
0.005236218141095969
0.005168771495610443
0.005090872316332278
0.005006520539519007
0.004963381843020126
0.004962658834990425
0.004984045604497909
0.005039703363596349
0.005096399091503936
0.005152002735506679
0.005233286640228861
0.005333021413768009
0.005386908802764171
0.005391625295207815
0.005372342362485874
0.0053113720818096215
0.00525231536189283
0.0051964857456550054
0.005106250531475413
0.004989911960473761
0.004884174270353046
0.004787046114737152
0.00468579930869357
0.004588674074987155
0.004463097943607987
0.004306752997856214
0.004142099475467883
0.003961362062069504
0.003817410919622778
0.003717452294621424
0.0036306300053540706
0.0035723628022180905
0.0035169410012023204
0.0034621811523894313
0.0034346937898407062
0.0034294643264125633
0.0033999109728799176
0.003345749093163456
0.003286361943013723
0.003210274501765633
0.0031519320064405092
0.003113763847343198
0.0030692554315093147
0.0030262052806328283
0.0029706182845994984
0.002898169826257699
0.0028210238789243306
0.0027343958360213547
0.0026400615316242103
0.002538690861668896
0.002424898434069717
0.0022987904333554394
0.00218025376329262
0.002069914917828646
0.0019579688496411765
0.0018493514639963647
0.0017308092540064188
0.0016010693205528526
0.0014706944006529993
0.0013365520792003463
0.001198551997320806
0.0010578051157633004
0.0009120274607161457
0.0007614480985740251
0.0006083918914647962
0.0004526386969272411
0.00029324995864208573
0.00013066672337898688
-3.961851675679127e-05
-0.00021809179533035426
-0.000402316353969229
-0.0005935637035056888
-0.0007895919108139386
-0.0009902336680980546
-0.0011977352501454667
-0.0014116615477414098
-0.001608250570319911
-0.0017854312165206303
-0.001954097910520599
-0.0021074999662177743
-0.0022598949807483286
-0.0024118635509874074
-0.002550187536141879
-0.002677529587487396
-0.0028101267330858807
-0.002947484779114912
-0.0030833029372392376
-0.0032213315943713182
-0.003348168857575957
-0.0034627826318735
-0.0035747359487013374
-0.0036808346391315008
-0.00379732030577196
-0.003926680186419626
-0.004058830952278373
-0.004198565926458151
-0.004338553151378595
-0.004478055393409884
-0.00462501371513313
-0.004777987186252394
-0.004921518001945588
-0.005055388682218128
-0.005186158552139159
-0.005309972900183971
-0.005437973599417962
-0.005570940461210321
-0.005700151161139875
-0.005828103251077394
-0.005944160661622117
-0.006046240248344027
-0.006141081961195594
-0.006225320433272162
-0.006302945174814307
-0.006374243770292985
-0.006434071580097713
-0.006483028267448935
-0.006531950808020899
-0.0065808656217744115
-0.006624722607908972
-0.006666086927932153
-0.006696983709236245
-0.006716638555576342
-0.006730999462806388
-0.006738116171562158
-0.006742286232821859
-0.006744473893602696
-0.00674113731547234
-0.006733578636358379
-0.006720490822193462
-0.006701532026100539
-0.0066784806725914475
-0.006651017818682686
-0.006613400113962501
-0.006565338024938524
-0.006509338180154251
-0.0064438664266926945
-0.006372611327065897
-0.006295767953395855
-0.006210160954216682
-0.0061165396809882405
-0.006028043062297668
-0.0059455684270772165
-0.005863419609159843
-0.005785245103130298
-0.005702629650472938
-0.0056152300743966075
-0.005530507386934786
-0.005446839205895747
-0.005355818102372596
-0.005257732173490273
-0.005155644741750353
-0.005047600537779699
-0.0049406623801356575
-0.004835315336315177
-0.004726512889761616
-0.004615905085918182
-0.0044935750973672224
-0.004358048822756907
-0.0042152247788822894
-0.004062161277562271
-0.003903441715009939
-0.0037394482391413042
-0.0035652373467455023
-0.0033816695510653265
-0.0031977463423122
-0.0030135147986140747
-0.0028251260430486426
-0.002634777376221472
-0.002435820860735089
-0.0022277470569472832
-0.0020156368519443726
-0.0017979574431602847
-0.0016058867854559977
-0.0014431628150053009
-0.0012940834768841464
-0.0011678466513521352
-0.0010477621229585017
-0.0009331216195625544
-0.0008407068944387647
-0.0007675789358184506
-0.0006894154366228506
-0.0006067153026363681
-0.0005297197865056328
-0.0004528042495717762
-0.00039533990295098956
-0.00035901076957334824
-0.00032988097540445865
-0.0003126559856044193
-0.00028772779909571456
-0.00025192698861681664
-0.00021814129145692252
-0.00018060142370600278
-0.00014780980810930562
-0.00012082344946109057
-9.03077488331257e-05
-5.802627055713116e-05
-4.396936038993126e-05
-4.862854279252538e-05
-6.355792070753147e-05
-9.386160067314439e-05
-0.00012555808252715322
-0.00015777081749328992
-0.000201760187618396
-0.00025449500286754624
