-0.0016271335590578987
-0.012503620022237894
-0.017588857553098733
-0.016111787623064592
-0.013603310142653665
-0.007625962721113808
-0.0032845853799308425
-0.0012317125666262924
0.0030652383729668
0.00837966498455628
0.012733822850210711
0.016467007912691387
0.01961957670097916
0.02177754805393062
0.01907920687324379
0.01091789113262129
-0.001304355868436521
-0.01889238255367359
-0.029145347070667186
-0.031134434249132894
-0.032200255049718844
-0.029063102260615578
-0.020547923373066705
-0.006681287379213137
0.014869823373653121
0.04481114242115937
0.05526054774168767
0.04440433275854606
0.026401872688495937
-0.00611883961983058
-0.01954636215958504
-0.010733910274569648
-0.0021475284315273417
0.014791845040198663
0.011475289582298619
-0.016311294233854728
-0.04798101428457952
-0.09145517130361365
-0.09532662023385029
-0.053236105017007894
0.0038602189217831952
0.09047030887859252
0.12383267060674705
0.0953049434451475
0.056953026603293704
-0.013359599970694615
-0.04904091001736448
-0.04164248094215249
-0.04183295813177638
-0.032332866751116456
-0.019885976690194162
-0.009167236146024793
0.017141073500529673
0.05705685594637493
0.06554976450553389
0.0415009531059038
0.005255690566931886
-0.05446276003111387
-0.07604653370450652
-0.05392556531209663
-0.027105042597615446
0.020353744491510735
0.04020444052901632
0.025877433357173366
0.01365987797961631
-0.009271280934096317
-0.017089185586804563
-0.004563962773210575
0.005480019866402353
0.020336837930643736
0.022874931396208775
0.009323940938523331
-0.006219898452285995
-0.02892990849108547
-0.03408670398269895
-0.018312521998081584
0.002215070002471038
0.034458974750190455
0.043229952553459114
0.024490856609137274
0.0009876638558696123
-0.03679943897668546
-0.048336869923919855
-0.028682017879453403
-0.005195037056620927
0.03306808599480244
0.045972585941524806
0.028175459146350595
0.007995591876789656
-0.025463227356747692
-0.03646325849299811
-0.019836095234025998
-0.0017311565648383553
0.027639294940777867
0.038994593158669336
0.0277997835537321
0.016194398724500885
-0.0038990243050265596
-0.019318765201734457
-0.02731016893436081
-0.040973429996622894
-0.05676250298945117
-0.05189038149545079
-0.025540112940648212
0.01435604318536231
0.07400778134911183
0.09253103566925337
0.06501122583814453
0.026024511427387837
-0.040479747835001446
-0.06579705689256685
-0.04252908718449024
-0.017152135558197834
0.028318890150602107
0.04194404140075772
0.015927333392710002
-0.01009185960842389
-0.050233773498418684
-0.06091527318107375
-0.034933956805989756
-0.004650969381439717
0.04229627406569197
0.062429567597358876
0.04957081562278594
0.03493911744663342
0.006587136492399935
-0.0091099535429059
-0.007771162252310445
-0.012117108369951746
-0.015132968267133852
-0.017875050060463266
-0.022628252813962045
-0.023272380792769932
-0.020454486996254646
-0.014113320129632699
-0.0029985608989439414
0.012555762437134523
0.03321579708598431
0.03858248961983497
0.026899802117523453
0.008648520211303835
-0.021790174018968846
-0.03291583038988229
-0.02182910784402435
-0.008516199337180654
0.015204103012210759
0.023243397127407837
0.012104914934630603
0.0010457855834132396
-0.016893750857700382
-0.022921197475890068
-0.013826288261883219
-0.0042774147782255875
0.011002074479804254
0.01790121711356087
0.014006734326731983
0.010470619219917305
0.003345669764397345
-0.0010914949207048187
-0.001426283941060854
-0.003977935475087055
-0.0070096125032615055
-0.007304798234612056
-0.005250799188881063
-0.0009936898981189025
0.00621348522046133
0.009246993163538116
0.0077407664732144325
0.005783199000675366
0.0016208105598955241
-0.0032958357205849936
-0.008686580883267792
-0.016723013173099762
-0.02714230928196987
-0.0271332221481731
-0.015823928721245863
0.000844684675233046
0.02636700421143971
0.03796670370328651
0.033664632321566766
0.027419356362026744
0.013305496938035191
0.003645908373492285
0.00015718453390972366
-0.008086155101489172
-0.018042762449058142
-0.024137406669963387
-0.027049845974343612
-0.02713159344101731
-0.02310145216087311
-0.016656922484689852
-0.007371972922607206
0.006831177881227656
0.025991765529119044
0.034673448902024034
0.03191262418580426
0.025340328381169733
0.01086073724361903
0.00047597774784660825
-0.004816560305318543
-0.014405137912970867
-0.02550624433904245
-0.026473392704266525
-0.017110002411343368
-0.0008178330466964785
0.025562707012735168
0.034533687941312216
0.024120774507044463
0.01033802821405268
-0.013866530216833272
-0.02579408834385726
-0.022725304998404177
-0.02143038249750714
-0.016036603351861443
-0.010018708545219647
-0.0049678540726037085
0.005589330756789931
0.020706333504830636
0.026251431849933463
0.02197431060602796
0.014012553901498071
-0.001155665577423468
-0.009251924254024733
-0.009103614162907551
-0.010584903283745176
-0.010196922265876537
-0.007771122791881279
-0.00401272418577689
0.003821445972152993
0.015819802475282696
0.019114380892363763
0.013168753958776829
0.0043516019763509784
-0.010595906067565481
-0.01664703356839294
-0.012350436423035675
-0.007651210083896082
0.0013233623837690927
0.006574271165004316
0.006761725680897594
0.008914791587001718
0.0109253941140273
0.006784768794652511
-0.0034162026325321826
-0.018535968373010796
-0.04018903873885548
-0.04361831386783966
-0.0268716625421186
-0.0031840955043399848
0.03407138044907094
0.051139234331164685
0.04469881358614784
0.03658974068485548
0.01799459121589757
0.004703303636113019
-0.0007093024272610221
-0.013230714425775917
-0.028907919213691867
-0.034683715118495745
-0.031048648166251594
-0.02122183791862289
-0.0019669494513748346
0.008744877086042909
0.00998334795004805
0.01329443253012762
0.01443973317672959
0.012768301399558212
0.008994405364337066
3.71870399652421e-05
-0.014390811194686073
-0.019775296237611758
-0.0156182865277001
-0.00933061605089875
0.0026703757418307023
0.010393351501774235
0.012795620935980993
0.017684431851503077
0.022628595443652158
0.019750871964281023
0.008997665577188929
-0.007819763151916884
-0.032868801250433975
-0.039019376108520076
-0.02420906171524334
-0.003345324052066334
0.030730331707701494
0.04183754969120592
0.02624477552887154
0.007316776772824786
-0.024497521550788295
-0.036414248050516566
-0.024118536687029537
-0.011239974983490265
0.011014363113472887
0.020076200603130104
0.012202268467430577
0.005454793065972553
-0.006373203308437188
-0.009929857668964544
-0.002482370643024035
0.0044882734199212905
0.014821744907869302
0.017304820182731977
0.009875785945611953
0.0010521707258214046
-0.012436490763633418
-0.018500109583947013
-0.015463156000792073
-0.011894710451214565
-0.004477516527513898
0.0003490587436962453
0.0014855724206215152
0.004833896612770362
0.008719306795342316
0.010282640432386844
0.009880739241043787
0.007563756465840338
0.002660667306985153
-0.0003802135736618398
-0.0014532275627048598
-0.0033288627052227115
-0.005014096488281762
-0.006101633066508921
-0.006756109265020129
-0.006404952733189621
-0.004923104047844095
-0.0033012734900449963
-0.0014169427866215485
0.0013851587154312713
0.0049699804673309644
0.0070276389198494936
0.00743294409399576
0.00722645822838456
0.005789209451775808
0.003752524815367453
0.0011147316289638345
-0.003002262341054904
-0.008541031311406043
-0.010022200028071008
-0.007095604991230345
-0.0023804398047949323
0.005594304252952923
0.008915917848540667
0.00688970591882087
0.004588924379210559
-1.414790411248537e-05
-0.0032544806549101696
-0.004519016393558011
-0.007250191966465285
-0.01051706709437765
-0.009872261241472063
-0.0052652663038560265
0.0019178362557735638
0.01285454212957772
0.016431812547275753
0.011790531725478757
0.005282286817258673
-0.005994784859965286
-0.010443097128754979
-0.006780324980434398
-0.00300447871840385
0.0039149143167173115
0.00618158271912695
0.0025350853047558797
-0.0008087548839951046
-0.005978292772174298
-0.00725738696879688
-0.0035845161394409213
0.0005791570565075074
0.006886678080891723
0.008437996305907792
0.004262089223691812
-0.0009592498862087413
-0.009158971746207127
-0.011705643949561922
-0.007543567700365243
-0.0024350294723325646
0.0059631829245304436
0.009808389828260027
0.008060627962758448
0.0064453931647022655
0.0028649637320219004
0.0004141947780844188
-0.00022524433597164632
-0.002282041330027291
-0.004927411199813422
-0.005234749826611908
-0.003305184296240124
0.00011237779072549483
0.005742899839059012
0.008087356053291188
0.006778297312527294
0.005088489512516275
0.001634811914137302
-0.0024820704554084027
-0.007035825194944272
-0.013727011099820925
-0.0223562123881362
-0.02224780613436964
-0.012656197023244574
0.0014597047324678748
0.023020907587109684
0.031186682648695164
0.024119965782670925
0.014335177270635754
-0.003643657812780477
-0.012797085117086037
-0.011067659825452488
-0.011239888814436215
-0.008930203102288724
-0.005935019518857653
-0.0034335734895424314
0.0030011380224276817
0.012849562895665924
0.014821554673750067
0.00864725580495291
-0.0005874555081068611
-0.015706434618603864
-0.0193313870904902
-0.009868704297082918
0.0020030320494766113
0.02084235274999707
0.026709572610680635
0.01722760045057435
0.005712114256802313
-0.013210100395393333
-0.021239324671992386
-0.015927626389730182
-0.01052916059273209
-0.00012184945373159124
0.006413293713981904
0.007361050366270021
0.0110807760903217
0.015187866949275338
0.01160350079924972
0.0004039613711242187
-0.01650031004650528
-0.0412468654761711
-0.04616838610135909
-0.029096312457033032
-0.005117009504911753
0.033122331116470824
0.04917154715601101
0.03933679495437922
0.027325208580639995
0.0035756552457094576
-0.01118838458707422
-0.013801326028539194
-0.022212063474821835
-0.031084663453741786
-0.026251780058235634
-0.008105162078657234
0.020888510363416272
0.06447464052385798
0.07299389137444022
0.042760375540645455
0.0008356865205042647
-0.06586571574213489
-0.0928445119704909
-0.07349720919114852
-0.049779443320736534
-0.004738271773660877
0.018552418800098232
0.013853118809908652
0.015968586461432996
0.01361019959683436
0.025396059012308715
0.05628819111319246
0.08843462871385575
0.12753533261633992
0.12751617299805812
0.08210212064097926
0.017747786641035476
-0.07907511506843115
-0.147182950678486
-0.18085553054585396
-0.22157255811496318
-0.2537870761623188
-0.2188053734079165
-0.11310077012037631
0.04886391469289619
0.2848039497926763
0.381384200794412
0.3228513690271711
0.22774484816173463
0.04020561945020235
-0.06577914952511077
-0.07160538579758896
-0.1085824051668596
-0.1333407103730683
-0.14025566377909943
-0.14002064815339096
-0.10077717531123408
-0.021770756332207642
0.02488227187029634
0.04064108758166919
0.06254802068051879
0.07503720562891444
0.07455139126928753
0.06231291519577333
0.027710703899323418
-0.031364994543796536
-0.0568218470227018
-0.04680626122158084
-0.03213749969592905
0.0012808578518324044
0.0183474121655477
0.014921983565625511
0.019502148406680634
0.023454153469306828
0.02091977012060817
0.014181719013924926
-0.0006380370859742245
-0.024678525335596318
-0.03381960749908043
-0.027211883779139263
-0.017545723665158285
0.001076057255269814
0.010822466498532066
0.009697928248347061
0.011137240340800075
0.010650603301631869
0.008599035269661475
0.0061388428966758285
-0.0005043234752192121
-0.011164664075855372
-0.014476816646458673
-0.010182769983911847
-0.00371953513862998
0.007698687352491385
0.011966426197897529
0.007911987394577907
0.0036545248095476816
-0.00390878848973965
-0.0074451551399579395
-0.005744007728053543
-0.004849353175720632
-0.0027770378188773127
0.0003863660313036091
0.004122494892167585
0.010111637041612944
0.018298074606258537
0.018918010381868276
0.011382536174526501
0.00033079354444876126
-0.016839184479253713
-0.024276536162513795
-0.020558414703606722
-0.015518835279805025
-0.00502832330789989
