-0.007995812958294123
-0.008194056855116082
-0.008559261280499691
-0.009137434079560624
-0.009287007752006143
-0.009162684575454855
-0.008474509675921966
-0.007102875007997245
-0.005278207345467077
-0.0028817241564047065
9.634237908538832e-05
0.0036655562918935466
0.007946778212226698
0.012966109367761249
0.015727372906176023
0.01597142409178357
0.015147195706993905
0.012416097396618735
0.009564163791564273
0.006691804457870497
0.0021631249891177727
-0.0036701647879673503
-0.007056175023823219
-0.007862761097257857
-0.0076534849580773626
-0.0054444527881059674
-0.003861869787640981
-0.003047776658771487
-0.0008477416732296911
0.0021869738676083494
0.003440667036868927
0.002927988602522249
0.0015189534718605205
-0.0014482092000862622
-0.0038947233815837833
-0.00573912934699001
-0.008582670270307222
-0.011990560739929759
-0.01344109422134654
-0.01287251380975175
-0.01117735020852797
-0.007684318362551349
-0.004272138959900407
-0.0009990596862323507
0.003664620351709346
0.009346590660628469
0.01285982214922346
0.0140906900818045
0.01430822066222024
0.01266639437317367
0.011438784732615167
0.01072793509394916
0.008663537149767583
0.005710916827260389
0.0033305579185308647
0.0014178360878874434
-0.00042277953466376647
-0.0018602576386739307
-0.0042555284080975225
-0.0076757285992630365
-0.011182419818612035
-0.015084131376944053
-0.016633263946165263
-0.015462602866007815
-0.01308893241623388
-0.008701786695532942
-0.0036563513278841915
0.001961194652636899
0.009563968022131511
0.018905105121386476
0.02352752384841939
0.023018540380337026
0.020297047273166353
0.013604035737863812
0.007076306257272173
0.0009368982272538013
-0.008420542804639984
-0.020159585605345375
-0.026099926491923244
-0.02592468201118627
-0.02296835453820347
-0.015058463193920738
-0.00790155651734329
-0.0017675168686868276
0.008078873956753408
0.020469000105414057
0.026881146427185316
0.027088588918523466
0.024356411900456825
0.0164452832741073
0.009558717060675782
0.003964280796136352
-0.005374644866737017
-0.017185347301195055
-0.023558270952448977
-0.024355052956032245
-0.02247871863454657
-0.0158701303221583
-0.010465113727741792
-0.006508875487183606
0.0007389619895266141
0.010054807265097342
0.015151720718564438
0.016004236231844476
0.014775556304080673
0.00985256632360327
0.006151460859059908
0.0038643748286056137
-0.0008467413113328253
-0.006961416201684346
-0.01020305199158189
-0.010618081949169756
-0.009544884810297397
-0.005900169945479926
-0.003188377284502437
-0.0015302539472361251
0.0017506930061425758
0.005927103891439174
0.008015885687517222
0.008040979030637479
0.006920618642965271
0.0038920553720980153
0.0014003997674825095
-0.00047880800177433936
-0.0036246594995578718
-0.007536146709718994
-0.009258351608657072
-0.008725431444633823
-0.00699701441957741
-0.003292020714239601
0.0001698918025756474
0.003311279608606709
0.007923681911219877
0.013560129025238468
0.016256304860436284
0.01584862106055586
0.013917462912838775
0.00939871731413235
0.005076421198650271
0.0010663859120168789
-0.004954565682982442
-0.012426882101043717
-0.01657068968233652
-0.017221729090172447
-0.016280693407079293
-0.01248192191720538
-0.00922908744308733
-0.006676723008255256
-0.002027087270144317
0.004022349090296018
0.007633056810515335
0.008790456456551805
0.008857402782004708
0.006856166395198116
0.00576727096663792
0.005721805887505453
0.004400547383230374
0.002431301887483999
0.0011488730684088215
0.0004036547780751988
-1.3585235275309529e-05
0.00019389697559711095
-0.0003616061711480271
-0.0017193114260677517
-0.0029496055236470056
-0.004355097044887561
-0.004900389529451996
-0.00439232431808422
-0.0035366709680715687
-0.0020191581778031486
-0.00019839473754367152
0.0018786972929770464
0.0046750469906040705
0.00812532544858709
0.009422174917361718
0.008367172841948323
0.0062542268593020565
0.002312223926729934
-0.0017121341109267397
-0.005724729559659633
-0.01127655844915745
-0.018018698842847736
-0.021198914900292364
-0.020560140370292915
-0.01812593476720423
-0.012607801250925523
-0.007172471276009036
-0.001967288779065704
0.005720868459453746
0.01525748826324752
0.02085171028576558
0.022300481176936695
0.021940422158937708
0.018241349749507346
0.015299136437920663
0.013309294281459987
0.008902910604245232
0.0029241931732755977
-0.0010556299953153087
-0.003124267179671046
-0.004424872020100826
-0.0040837300312468565
-0.005080391989841211
-0.007548197632492126
-0.00927523631860203
-0.010906155398404832
-0.011680406016111212
-0.011272539321329097
-0.01048738243533663
-0.009038304020436554
-0.006793080395396659
-0.0037855990945125702
0.00019695178203992328
0.005207455043861849
0.007909694340958734
0.008048613790239129
0.007267406586522019
0.004655580711999515
0.0022191391187004945
9.4849019738622e-05
-0.0035099366520056595
-0.008180461468843374
-0.009972157750965096
-0.008739424278306993
-0.006079213691327401
-0.0009464027377527797
0.00390820062151717
0.00835589635706403
0.014676992091944303
0.022308627892173086
0.02556591807950144
0.024176934295438615
0.020453174124468208
0.01285563323779399
0.005277044771371721
-0.002123240825223429
-0.012645643069250806
-0.025516962424208037
-0.03225465683994112
-0.03246383905948796
-0.02966131799714802
-0.021566949358145508
-0.013998153737351875
-0.007222413448276265
0.0036590422431619935
0.017469627826117898
0.024981704908182585
0.025937367793091973
0.023945975500904937
0.016587304413674654
0.010538029037872614
0.006106467371422582
-0.0021288867895736807
-0.012787184572097687
-0.018385968322688163
-0.018875340187552145
-0.01688183339499125
-0.01048323228975802
-0.0054604152990235695
-0.0020471795115732353
0.004290609552732223
0.012351839555494272
0.01650135634549444
0.016736228712729177
0.01491381791869196
0.009586394381919366
0.005225263603909149
0.0019862680797974553
-0.0036108681169752348
-0.010646834623999134
-0.014449290748631728
-0.014982860533413755
-0.013842780387803384
-0.009819094299653552
-0.006558841260432671
-0.0041935506986145715
0.00014356089910865226
0.005704365243288674
0.008725677332475229
0.009192222076696215
0.008387873721932572
0.005345198089403251
0.003021852682563648
0.0015302403155717402
-0.0014376561824011212
-0.0052694801990934475
-0.007014487173395098
-0.00666247709224632
-0.005197508680525055
-0.0018585081217700262
0.0010276320428949616
0.003379675843030923
0.007016687182225093
0.011461341723826264
0.013517825348392982
0.01309189319542067
0.01137327897025042
0.007511557527046196
0.003845843124807998
0.0004615439091649098
-0.004554816791071898
-0.010733932257079522
-0.014196094093292717
-0.014807548986538589
-0.01409930118810426
-0.011041895513104739
-0.008408313789565818
-0.006320505406246721
-0.002498617006481811
0.002491349107418314
0.005459352496336775
0.006388653734334752
0.006422270944607431
0.004746716063851458
0.0038300124894292955
0.003782354150285785
0.0026800492125555672
0.0010433775559451266
0.00014137090353876934
-0.00013359419562690515
-3.0974126159340236e-05
0.0007423680979955725
0.0009435001279676079
0.0005366888425955887
0.00038196429898304263
0.00021202006013112913
7.1582941800644315e-06
-0.00014730501136258337
-0.0004328561497401757
-0.0008373432552915635
-0.0011266924626243268
-0.00131690468213606
-0.0015130704183362654
-0.0016688608230126525
-0.0016754279933337108
-0.0015253838556179837
-0.0012345277155315546
-0.0007675835615086597
-0.0002204684059624707
0.0004129683702243969
0.0012169403213071674
0.0021783189696340374
0.0025644522283024937
0.0023163641840520848
0.001774502332691553
0.0007339882147050329
-0.00035159928775526213
-0.0014595587878030345
-0.002998704103572629
-0.004880256460762481
-0.005567700264152788
-0.004965970479500953
-0.003745173148234543
-0.0014846263414574025
0.0008156290849498335
0.003108836702001599
0.006265731993360705
0.010087878821696566
0.011786049865822355
0.011202266650244168
0.00952748995798807
0.006002043774213787
0.0024758088994853993
-0.000966994093693731
-0.0059194439852170416
-0.012013103039249079
-0.01508716851575218
-0.014946590135436854
-0.013323997906150284
-0.009101457438852602
-0.0051225848594616775
-0.0015199212714431638
0.004103425052998033
0.011171698442034379
0.014881408600295739
0.01507654824139452
0.013657597447103143
0.00935620457274458
0.00560313640029297
0.0025544998475893373
-0.0026016661306632314
-0.009160974413154683
-0.012668591953223498
-0.013046477153898681
-0.011939362760186369
-0.008189002465027505
-0.005130338808032971
-0.0029042011681852655
0.0011523865940726722
0.006350251808638024
0.00917001941796514
0.009597490634122163
0.008839447270114832
0.005992291815379523
0.003807804063638771
0.0023920106192798643
-0.0004047183809759554
-0.004012220523360772
-0.006016416031400798
-0.006442237714140286
-0.006049967097529536
-0.004228135814740421
-0.0029519953352619335
-0.0022907055354660887
-0.0007352770263228194
0.0013037730657999055
0.0024403529983490976
0.0027181042749791487
0.0025157844630880645
0.0014892609261859993
0.0008469551401465878
0.0006253197184048889
-7.148859980445643e-05
-0.0009914735636014174
-0.0014037679418679263
-0.0013392388419916548
-0.0009711511407655947
-0.00011817159214522434
0.0005560312338238521
0.001036503793459107
0.0018100959861318982
0.00274041755451077
0.0031403875694257575
0.0029974840653388523
0.002542906624696076
0.0015941493414165823
0.000681133719434483
-0.0001813538649223728
-0.001418960302758972
-0.002926692445287024
-0.003688263149019855
-0.0036579974061861026
-0.0032482014963551077
-0.0021851272399104594
-0.0011757156627563838
-0.0002502535715603928
0.0011844410985003453
0.0029862809363046727
0.004024733122826831
0.004267527131712905
0.004158701167231492
0.0034016391319251133
0.0028138857654091717
0.0024335950346259807
0.0015967759733724787
0.0004727128841796138
-0.000456200915868602
-0.0012284142563829192
-0.001962487435025247
-0.002549340679834858
-0.00344834371305054
-0.004679621079109278
-0.005927927460607555
-0.007296235561407727
-0.0076007833960394225
-0.006690878510897815
-0.005196715417030263
-0.002769628907607238
-1.2158435139324273e-05
0.0030425449178125195
0.0070133131907820735
0.01179182098394006
0.01410067192073968
0.013712940307346773
0.012117671011683396
0.008413646132068962
0.004672583505673416
0.001001322903532779
-0.004429310543039031
-0.01120651376684286
-0.01473372801104767
-0.014810987024909556
-0.013352933021814065
-0.009133189691741136
-0.0053118063729540275
-0.0020429182477420195
0.0033172701656444866
0.010122255871862437
0.01336139151619403
0.012885318601300738
0.010641311792038562
0.005308217391171341
0.0004949197127740541
-0.003640812431995604
-0.010046581632637558
-0.017983439716582318
-0.022153341975692502
-0.022409745418071905
-0.02077083065995761
-0.01583941312474894
-0.011474264685344644
-0.00783554785998077
-0.0017826580340868229
0.005897302528695629
0.01152125153146071
0.015135484994660503
0.01797509603985595
0.019123440270784532
0.021574779741346875
0.02546338980086316
0.028526707887179606
0.03140685648057987
0.031234829715522
0.02745253536093658
0.021840480969418836
0.013487744495325275
0.0034455381060797888
-0.00822328497302206
-0.022902938006156625
-0.040446842845403855
-0.04966410776234465
-0.049704945759008835
-0.045815478937338665
-0.03490261435868989
-0.02386289721717779
-0.013075788373434703
0.0036309444218446613
0.02488237708196768
0.03685662371651791
0.03906212163382962
0.037187327164424876
0.027593867284860834
0.019975454869240298
0.014829133437700964
0.0041826190276365955
-0.009947203838143967
-0.01830068103098896
-0.020989645444999074
-0.021068995926168614
-0.016224669769607153
-0.013938651650012495
-0.014524049796525225
-0.012295235274142927
-0.00883956495510649
-0.006352919503586246
-0.004384891610380737
-0.002979161244232283
-0.002572822405118153
-0.0003980433861951134
0.0035892399855141617
0.007675022639067322
0.012464932825164117
0.015289234542196755
0.015739382646056642
0.015521298966983257
0.013855939250302117
0.011844875258924158
0.009617298383993148
0.005933288631175579
0.0010123154270449775
