step, usd->oil, oil->usd
Band: usd 0 oil 0
Linear p-values:
1, 8.017839846051733e-17, 5.251166425762802e-08
2, 0.10657665210162968, 0.1284090098370418
3, 0.8673033221788963, 0.5868190497752815
4, 0.772911026653808, 0.6614618437402493
5, 0.736666459014977, 0.470266426788301
6, 0.678145675404216, 0.3979592795702643
Nonlinear p-values:
1, 0.0344, 0.68385
2, 0.03437, 0.64035
3, 0.03679, 0.52761
4, 0.0388, 0.46204
5, 0.04379, 0.41401
6, 0.04729, 0.38422
Band: usd 0 oil 1
Linear p-values:
1, 0.2822680018740072, 0.0340618243516532
2, 0.7006786748765386, 0.6157024238072866
3, 0.9630458205125566, 0.9057429244745661
4, 0.9796184455264051, 0.9569179792930137
5, 0.9970250943702175, 0.9894186302836592
6, 0.9950154659983206, 0.9923058011974384
Nonlinear p-values:
1, 0.04151, 0.019
2, 0.0335, 0.01869
3, 0.02713, 0.01394
4, 0.02456, 0.00715
5, 0.01981, 0.00495
6, 0.01563, 0.00268
Band: usd 0 oil 2
Linear p-values:
1, 0.9971777896318498, 0.6247779628672936
2, 0.9724339864458468, 0.8937276659199219
3, 0.9982430767628262, 0.9950938967272683
4, 0.9987748867040418, 0.9935840286358499
5, 0.9995194692390245, 0.9972940660695507
6, 0.9996971657929347, 0.9990598484304051
Nonlinear p-values:
1, 0.14624, 0.17022
2, 0.14523, 0.16994
3, 0.1506, 0.18012
4, 0.15416, 0.21094
5, 0.17546, 0.30492
6, 0.2775, 0.37363
Band: usd 0 oil 3
Linear p-values:
1, 0.9515642531535451, 0.8041427937737484
2, 0.9930713862198097, 0.4892699095926216
3, 0.9992134264591307, 0.7522165799219555
4, 0.9984260783708426, 0.837711901535566
5, 0.9888347352069966, 0.9213461669594316
6, 0.9808259672206155, 0.9445168802049868
Nonlinear p-values:
1, 0.00765, 0.94068
2, 0.00551, 0.89714
3, 0.00619, 0.80474
4, 0.01356, 0.81851
5, 0.01676, 0.71489
6, 0.01602, 0.70512
Band: usd 0 oil 4
Linear p-values:
1, 0.9905963710541107, 0.7863053178866635
2, 0.988772440294576, 0.4300692217241524
3, 0.9913250032197769, 0.6429348868538636
4, 0.909842336581213, 0.7892693509212901
5, 0.941027146522325, 0.7872828454240498
6, 0.5271449870282785, 0.9514477787775792
Nonlinear p-values:
1, 0.00919, 0.19431
2, 0.0358, 0.14475
3, 0.06799, 0.09853
4, 0.09503, 0.08396
5, 0.08316, 0.06952
6, 0.09181, 0.04376
Band: usd 0 oil 5
Linear p-values:
1, 0.9982733769855489, 0.9197932218903115
2, 0.9976484975099337, 0.3494899026722311
3, 0.995633598649268, 0.2812675165393194
4, 0.6247840386730199, 0.45889518472082114
5, 0.7935564047900687, 0.5981628586267929
6, 0.4265288776682086, 0.5741397639537287
Nonlinear p-values:
1, 0.08417, 0.43165
2, 0.04752, 0.22507
3, 0.05615, 0.22855
4, 0.04773, 0.23166
5, 0.02518, 0.15127
6, 0.03085, 0.15672
Band: usd 0 oil 6
Linear p-values:
1, 0.9991800884434424, 0.9913492245223194
2, 0.9999845132270262, 0.9742284197653138
3, 0.961456093631062, 0.9860159438384705
4, 0.8455195887686378, 0.9964729895689682
5, 0.8611082787101334, 0.9965638780629162
6, 0.9493680822080792, 0.9933339717789664
Nonlinear p-values:
1, 0.2307, 0.60434
2, 0.42995, 0.60955
3, 0.28491, 0.55127
4, 0.23056, 0.51098
5, 0.2575, 0.48746
6, 0.27932, 0.50236
Band: usd 1 oil 0
Linear p-values:
1, 0.00015499711517903808, 0.09249527280047565
2, 9.51497592653259e-06, 0.5887092320834841
3, 0.011018069879067121, 0.9489317105709453
4, 0.00960194882148878, 0.912739031602169
5, 0.03186254334927281, 0.8297692836132698
6, 0.0138484119532537, 0.8678315341608673
Nonlinear p-values:
1, 0.78954, 0.82091
2, 0.82707, 0.82874
3, 0.86277, 0.83327
4, 0.85471, 0.8287
5, 0.8844, 0.82929
6, 0.89664, 0.84415
Band: usd 1 oil 1
Linear p-values:
1, 0.027910540015626813, 0.018670038100408754
2, 0.7542904720916128, 0.3249958205335184
3, 0.9876358957645355, 0.751235105577162
4, 0.9775242637456563, 0.7531141711398801
5, 0.9890423489859721, 0.8446584363464383
6, 0.9959200395054832, 0.8649320317829393
Nonlinear p-values:
1, 0.36656, 0.75072
2, 0.37043, 0.8022
3, 0.39756, 0.81932
4, 0.41789, 0.83483
5, 0.37859, 0.85399
6, 0.38129, 0.87397
Band: usd 1 oil 2
Linear p-values:
1, 0.7943448741598846, 0.24488499633720376
2, 0.6403398516729115, 0.08283520216555976
3, 0.8882132986110123, 0.38153359344466076
4, 0.8906361800497092, 0.41455824886001524
5, 0.9463168071110805, 0.5905938624867554
6, 0.7384003092213265, 0.3797047258305288
Nonlinear p-values:
1, 0.98812, 0.80953
2, 0.99181, 0.8392
3, 0.98857, 0.87392
4, 0.98593, 0.90166
5, 0.98167, 0.90695
6, 0.97757, 0.90654
Band: usd 1 oil 3
Linear p-values:
1, 0.6778698134738386, 0.01467869802643119
2, 0.47285653978057696, 0.003700913019592417
3, 0.7396415146253597, 0.05219690246360229
4, 0.5381846340061077, 0.04263060625518678
5, 0.11552276062881103, 0.03201080555438694
6, 0.02039470254399392, 0.009106977077954834
Nonlinear p-values:
1, 0.65743, 0.439
2, 0.68941, 0.28767
3, 0.69072, 0.30179
4, 0.61328, 0.32297
5, 0.52034, 0.31947
6, 0.44684, 0.33958
Band: usd 1 oil 4
Linear p-values:
1, 0.9833804666841587, 0.829788072074847
2, 0.9927617912722659, 0.7431622869790319
3, 0.9997634388146338, 0.9047953185986076
4, 0.9999981302850869, 0.9635254712173655
5, 0.9999941398963813, 0.9817656563623648
6, 0.9970436888977818, 0.9972449720706156
Nonlinear p-values:
1, 0.55246, 0.69957
2, 0.48813, 0.62164
3, 0.44219, 0.69442
4, 0.42456, 0.76813
5, 0.3873, 0.79701
6, 0.35302, 0.81428
Band: usd 1 oil 5
Linear p-values:
1, 0.9827969644805535, 0.9847084115098775
2, 0.9679436453675084, 0.3630460278976897
3, 0.7332512685153976, 0.2926563613936311
4, 0.3399893877363971, 0.4345983762985728
5, 0.20013532839435258, 0.39488071010522163
6, 0.002360312768881545, 0.4342430313473551
Nonlinear p-values:
1, 0.42465, 0.7248
2, 0.49565, 0.7898
3, 0.40249, 0.8322
4, 0.40301, 0.87518
5, 0.39973, 0.88209
6, 0.43302, 0.88708
Band: usd 1 oil 6
Linear p-values:
1, 0.9902613904544951, 0.9923026415340385
2, 0.9999578241312096, 0.8862667169254965
3, 0.9999572223359261, 0.8345727426482215
4, 0.9937383475421422, 0.6681072533218618
5, 0.9425325328178932, 0.6807184618116429
6, 0.885123448764706, 0.7255866140127378
Nonlinear p-values:
1, 0.98107, 0.83481
2, 0.94907, 0.76419
3, 0.89325, 0.76658
4, 0.84808, 0.72668
5, 0.88875, 0.70778
6, 0.89074, 0.72331
Band: usd 2 oil 0
Linear p-values:
1, 0.5530311646028188, 0.8197412843744776
2, 0.283269208743182, 0.9113656273641528
3, 0.6574832963352504, 0.9899122196708187
4, 0.7836427736001629, 0.9831974912765015
5, 0.8495697452281208, 0.9850376647973975
6, 0.818966216687846, 0.9856290152853596
Nonlinear p-values:
1, 0.73417, 0.77444
2, 0.78806, 0.78446
3, 0.80362, 0.80192
4, 0.81081, 0.78835
5, 0.78967, 0.79185
6, 0.74105, 0.85829
Band: usd 2 oil 1
Linear p-values:
1, 0.009718005879908093, 0.1503643028850202
2, 0.8796872107423949, 0.3260804199267113
3, 0.9482862269088831, 0.7361135700029783
4, 0.9889960363858773, 0.7823385543762238
5, 0.9868950755847417, 0.8606016040438865
6, 0.9938390740075852, 0.42465921154067343
Nonlinear p-values:
1, 0.06095, 0.41957
2, 0.04792, 0.28123
3, 0.05514, 0.14283
4, 0.0762, 0.07689
5, 0.06913, 0.06998
6, 0.10477, 0.07999
Band: usd 2 oil 2
Linear p-values:
1, 0.6576449486449647, 0.8888901551442607
2, 0.2979451306563018, 0.991264956281378
3, 0.6726236455742991, 0.9997652639756495
4, 0.6742885862030543, 0.9991206882433632
5, 0.8160646058192851, 0.9987679182155947
6, 0.38627094432746395, 0.9956786629900716
Nonlinear p-values:
1, 0.98674, 0.17286
2, 0.99448, 0.17776
3, 0.99601, 0.14786
4, 0.99116, 0.12289
5, 0.96435, 0.14305
6, 0.7721, 0.16907
Band: usd 2 oil 3
Linear p-values:
1, 0.4396870407773964, 0.1162517628865921
2, 0.5580528095293507, 0.7002855538999345
3, 0.8377437654830201, 0.8744562201636651
4, 0.7239183102221443, 0.8940045249374118
5, 0.8618816064580886, 0.948486883055738
6, 0.72675106850201, 0.9259041351611018
Nonlinear p-values:
1, 0.29739, 0.37627
2, 0.20624, 0.28517
3, 0.13568, 0.15119
4, 0.21466, 0.08119
5, 0.33447, 0.08283
6, 0.3885, 0.08629
Band: usd 2 oil 4
Linear p-values:
1, 0.5636482217525672, 0.4050433106828576
2, 0.5564216279830093, 0.011390470338681014
3, 0.6750743837206814, 0.034791799003396864
4, 0.05672276661713031, 0.003462428986384543
5, 0.05476775779976716, 0.006587614567675394
6, 0.06294040562828124, 0.03386799618127949
Nonlinear p-values:
1, 0.39695, 0.23829
2, 0.70688, 0.26564
3, 0.80557, 0.32499
4, 0.89937, 0.51
5, 0.72735, 0.64717
6, 0.4388, 0.72423
Band: usd 2 oil 5
Linear p-values:
1, 0.9953770822388944, 0.9362151093080833
2, 0.9969616641459806, 0.9394097253274941
3, 0.9973750203065787, 0.9817282244737711
4, 0.9997819057793401, 0.9976386224454715
5, 0.9999815271237712, 0.9992236977068032
6, 0.9999986822294306, 0.9997469340009901
Nonlinear p-values:
1, 0.93546, 0.72382
2, 0.95804, 0.80206
3, 0.79608, 0.80605
4, 0.68505, 0.85858
5, 0.53057, 0.80634
6, 0.49901, 0.78209
Band: usd 2 oil 6
Linear p-values:
1, 0.9735959724037463, 0.9131682592602238
2, 0.9990560978084926, 0.6272907253299274
3, 0.9995850292494733, 0.6224044699130131
4, 0.9714994770839298, 0.7780895597971716
5, 0.7887581389860527, 0.687889041132623
6, 0.8259332948589466, 0.8886374223370721
Nonlinear p-values:
1, 0.47835, 0.80907
2, 0.98393, 0.90665
3, 0.97771, 0.91618
4, 0.96453, 0.94699
5, 0.95043, 0.94861
6, 0.93925, 0.95636
Band: usd 3 oil 0
Linear p-values:
1, 0.08930780379657377, 0.8891316566135066
2, 0.15089519963522965, 0.6508349212688358
3, 0.5621617837293031, 0.7930086320667317
4, 0.6431472655974781, 0.8621320874277937
5, 0.04995616453224008, 0.377387611078183
6, 0.003984774967414611, 0.20519715346023096
Nonlinear p-values:
1, 0.82608, 0.14832
2, 0.76439, 0.10919
3, 0.81598, 0.10897
4, 0.74923, 0.12559
5, 0.72331, 0.2011
6, 0.64168, 0.41331
Band: usd 3 oil 1
Linear p-values:
1, 0.8317752657949861, 0.9149095003178718
2, 0.0006145994559721682, 0.889015545552654
3, 0.013534224578144185, 0.9853294584262222
4, 0.01230438667328738, 0.9867757256860793
5, 0.042424560248485704, 0.9968681578457815
6, 0.037029672067408585, 0.9940555846249
Nonlinear p-values:
1, 0.17743, 0.05859
2, 0.1578, 0.0454
3, 0.13941, 0.04962
4, 0.12176, 0.06845
5, 0.11295, 0.08751
6, 0.11483, 0.09604
Band: usd 3 oil 2
Linear p-values:
1, 0.9154668150696785, 0.8221601312645725
2, 0.5270684342063777, 0.9059578295359663
3, 0.8340216594891737, 0.9713590896743942
4, 0.831537589304515, 0.974667675652986
5, 0.914717539358122, 0.9332168078174965
6, 0.7538721704220334, 0.8099158131373874
Nonlinear p-values:
1, 0.9841, 0.07818
2, 0.98087, 0.04416
3, 0.7169, 0.02801
4, 0.44819, 0.02947
5, 0.42313, 0.046
6, 0.56605, 0.07665
Band: usd 3 oil 3
Linear p-values:
1, 0.2898555762641774, 0.07486171244348272
2, 0.17199807753378324, 0.09614752492619096
3, 0.4830378500550174, 0.21865167556217802
4, 0.23337155961900086, 0.042851480023200904
5, 0.5472708729366974, 0.14567503557676248
6, 0.15302961455788164, 0.08213195313190826
Nonlinear p-values:
1, 0.77197, 0.68014
2, 0.81245, 0.32104
3, 0.82454, 0.20635
4, 0.6441, 0.21265
5, 0.34628, 0.21437
6, 0.21854, 0.16135
Band: usd 3 oil 4
Linear p-values:
1, 0.8731925170228153, 0.6261018698018366
2, 0.9597817237757432, 0.8421884393747874
3, 0.9917688694383281, 0.9531476746788403
4, 0.9860647995123858, 0.968340164166049
5, 0.9957576605964371, 0.9923820191316363
6, 0.9799429587944756, 0.9955674729456352
Nonlinear p-values:
1, 0.25709, 0.12957
2, 0.21485, 0.11341
3, 0.17012, 0.1669
4, 0.15668, 0.14545
5, 0.10121, 0.18927
6, 0.08741, 0.25636
Band: usd 3 oil 5
Linear p-values:
1, 0.9251931059491422, 0.30648518660859164
2, 0.7626074296919323, 0.07144174940248399
3, 0.30511228760240133, 0.045332315012119116
4, 0.029775132345710154, 0.12944267071347462
5, 0.1190881360970776, 0.14771745157453042
6, 0.17596519491325255, 0.3514663798577387
Nonlinear p-values:
1, 0.8911, 0.56795
2, 0.81811, 0.62178
3, 0.86667, 0.33249
4, 0.87065, 0.42485
5, 0.79967, 0.43641
6, 0.80897, 0.42752
Band: usd 3 oil 6
Linear p-values:
1, 0.9755034950425789, 0.8866160207968905
2, 0.9961325325528896, 0.7757559692027648
3, 0.9151050050513718, 0.7950705781615351
4, 0.7028721815464147, 0.9052495886401051
5, 0.6487553845488419, 0.9240095900616379
6, 0.8382684381515747, 0.985281909907902
Nonlinear p-values:
1, 0.93695, 0.54117
2, 0.99321, 0.46275
3, 0.96371, 0.42255
4, 0.8335, 0.39406
5, 0.4458, 0.4928
6, 0.38977, 0.7661
Band: usd 4 oil 0
Linear p-values:
1, 0.8858958277171044, 0.9997494129329583
2, 0.22521858468528677, 0.9864252978217081
3, 0.33251661669231886, 0.9923229434402152
4, 0.3970922941276624, 0.9401532179337303
5, 0.33431292809359886, 0.9347539296105398
6, 0.56914257024856, 0.9771676108962292
Nonlinear p-values:
1, 0.93528, 0.57546
2, 0.93935, 0.47945
3, 0.96503, 0.26291
4, 0.94237, 0.27433
5, 0.96476, 0.1854
6, 0.97676, 0.18309
Band: usd 4 oil 1
Linear p-values:
1, 0.14559977769544202, 0.8657434793520182
2, 0.2219826891431009, 0.5443463507723327
3, 0.4719505992652069, 0.4222135749762398
4, 0.016847914748571616, 0.01064340577333191
5, 0.006375786393842712, 0.0007582063894955588
6, 0.11422142464527585, 0.03778755842761528
Nonlinear p-values:
1, 0.48172, 0.79691
2, 0.11623, 0.78474
3, 0.04763, 0.4771
4, 0.02861, 0.34229
5, 0.02554, 0.35208
6, 0.0239, 0.31574
Band: usd 4 oil 2
Linear p-values:
1, 0.5893330134204299, 0.6596638117726055
2, 0.0001504822579224909, 0.5966788154291287
3, 0.0004441498634935961, 0.7591946101735163
4, 0.00025419532962706173, 0.6604050052798491
5, 0.0003035991668112953, 0.42390711269523407
6, 0.018612579298156143, 0.36723484709394627
Nonlinear p-values:
1, 0.82152, 0.5732
2, 0.86452, 0.4155
3, 0.77634, 0.32849
4, 0.79592, 0.40888
5, 0.79338, 0.4565
6, 0.76761, 0.4261
Band: usd 4 oil 3
Linear p-values:
1, 0.4147796283948697, 0.7862109463372244
2, 0.6363123898265801, 0.9154260332195433
3, 0.8104089087814391, 0.9635013990133873
4, 0.8118658939299876, 0.8821502647784165
5, 0.9425038148962559, 0.9484555745657507
6, 0.9261652580662416, 0.6181077527369779
Nonlinear p-values:
1, 0.10991, 0.27084
2, 0.10268, 0.53663
3, 0.07832, 0.87699
4, 0.12505, 0.86389
5, 0.08322, 0.88483
6, 0.07639, 0.80738
Band: usd 4 oil 4
Linear p-values:
1, 0.18586692445585437, 0.006816019794918347
2, 0.08301049089014327, 0.0006282403779060644
3, 0.17387501012719245, 0.0002072469363672072
4, 0.10546898171922534, 4.026410352506559e-06
5, 0.06239010049134632, 3.7478668907560286e-10
6, 0.2563790655875022, 2.8633565967856552e-11
Nonlinear p-values:
1, 0.58968, 0.12755
2, 0.79273, 0.05918
3, 0.8192, 0.04734
4, 0.84271, 0.05376
5, 0.71627, 0.04337
6, 0.65658, 0.04251
Band: usd 4 oil 5
Linear p-values:
1, 0.10714946392843044, 0.019846074550898003
2, 0.006193890956621017, 0.8463776530023814
3, 0.008498586754298518, 0.4158372149020426
4, 0.008490979340538374, 0.5727365783754754
5, 0.014944702387369939, 0.6860589546062064
6, 0.007221329345785959, 0.42006432339445493
Nonlinear p-values:
1, 0.48835, 0.62658
2, 0.46437, 0.73227
3, 0.49161, 0.50208
4, 0.63191, 0.66433
5, 0.53565, 0.5437
6, 0.63008, 0.41227
Band: usd 4 oil 6
Linear p-values:
1, 0.8047080842042708, 0.9586321684941665
2, 0.9529806829150848, 0.7627051403523801
3, 0.9464660807209753, 0.9182676010456029
4, 0.8900455217279649, 0.8805405457052989
5, 0.9091152996699807, 0.9374491699248731
6, 0.9003969721998264, 0.9268926688320291
Nonlinear p-values:
1, 0.81848, 0.55822
2, 0.99305, 0.56919
3, 0.97134, 0.39885
4, 0.95669, 0.49628
5, 0.95264, 0.5189
6, 0.9503, 0.55524
Band: usd 5 oil 0
Linear p-values:
1, 0.8685980747434894, 0.9984046791955693
2, 0.7096053743649018, 0.996114337992508
3, 0.6033704402817028, 0.7814219397515656
4, 0.6792622747834816, 0.9585858014247735
5, 0.49360916729873294, 0.9212436922560345
6, 0.08783081853592388, 0.7858975291244218
Nonlinear p-values:
1, 0.98723, 0.67193
2, 0.98964, 0.79798
3, 0.9884, 0.78514
4, 0.99135, 0.82645
5, 0.99057, 0.72165
6, 0.98055, 0.69217
Band: usd 5 oil 1
Linear p-values:
1, 0.7683655298233267, 0.9444430923653386
2, 0.28116519940578344, 0.9433472895468492
3, 0.04928039601537514, 0.10457917363903288
4, 0.10324706076728124, 0.769408739850717
5, 0.043969740484684994, 0.22207125479993792
6, 0.13825860766284895, 0.08661317612991858
Nonlinear p-values:
1, 0.2511, 0.52364
2, 0.25678, 0.385
3, 0.26377, 0.31531
4, 0.26188, 0.46408
5, 0.24302, 0.35279
6, 0.22225, 0.28642
Band: usd 5 oil 2
Linear p-values:
1, 0.49686275245452927, 0.9593267961976183
2, 0.21387303313363262, 0.9122719534982962
3, 0.12149520443678291, 0.4318535476916042
4, 0.3181622083623923, 0.6239928376998862
5, 0.15690930891880128, 0.582922777267721
6, 0.35578807635885334, 0.6779865469888059
Nonlinear p-values:
1, 0.31969, 0.52934
2, 0.41564, 0.66239
3, 0.52194, 0.45093
4, 0.59942, 0.43028
5, 0.66338, 0.32957
6, 0.67157, 0.25626
Band: usd 5 oil 3
Linear p-values:
1, 0.3086669575485571, 0.8324308599295744
2, 0.2531462035982902, 0.8194793777628615
3, 0.1383245228779173, 0.2802192929772711
4, 0.2557677261140958, 0.02483121120906216
5, 0.2772083422675084, 0.060797268596144496
6, 0.7126426366200591, 0.21065118078906578
Nonlinear p-values:
1, 0.2758, 0.29006
2, 0.16016, 0.25421
3, 0.26397, 0.17037
4, 0.34818, 0.20194
5, 0.35365, 0.12301
6, 0.36841, 0.12189
Band: usd 5 oil 4
Linear p-values:
1, 0.22380400767099853, 0.2321524750349671
2, 0.6071945262316509, 0.14762659141042378
3, 0.3689230357521695, 0.22454442718543252
4, 0.45871336857061173, 0.3978675899598465
5, 0.4435267062016591, 0.2683433219504799
6, 0.5989103002547398, 0.060499512836830485
Nonlinear p-values:
1, 0.38521, 0.06252
2, 0.2479, 0.11785
3, 0.62371, 0.08036
4, 0.60482, 0.06042
5, 0.34263, 0.04259
6, 0.23607, 0.04252
Band: usd 5 oil 5
Linear p-values:
1, 0.9793003523912897, 0.30939022348532186
2, 0.49865316293664785, 0.28350248990235766
3, 0.46948977910286316, 0.20290764776489595
4, 0.5185020062242854, 0.2092145501268451
5, 0.1906939180388692, 0.14090618449347309
6, 0.5577744326992626, 0.2691096311451093
Nonlinear p-values:
1, 0.95472, 0.10294
2, 0.97588, 0.11814
3, 0.94656, 0.05058
4, 0.83838, 0.04745
5, 0.64809, 0.04311
6, 0.68546, 0.05066
Band: usd 5 oil 6
Linear p-values:
1, 0.3133308292556352, 0.8002389416107795
2, 0.47668846127360087, 0.6302871606027121
3, 0.15513910158417274, 0.7562550619954468
4, 0.21355580113181577, 0.8979547243866868
5, 0.31737670349688546, 0.9413758495563836
6, 0.4158213486268045, 0.9789633038551747
Nonlinear p-values:
1, 0.27705, 0.10667
2, 0.87789, 0.19067
3, 0.88768, 0.17192
4, 0.87826, 0.17906
5, 0.89258, 0.15533
6, 0.90541, 0.16957
Band: usd 6 oil 0
Linear p-values:
1, 0.9338965228218092, 0.9879998307930531
2, 0.12193390287580422, 0.9994581151637185
3, 0.006091798452082727, 0.9752402710657415
4, 0.012379254292605396, 0.13538997260666535
5, 0.03704931260080234, 0.01754904298738353
6, 0.044418360439644436, 0.03459721238478518
Nonlinear p-values:
1, 0.98877, 0.19622
2, 0.9951, 0.2743
3, 0.99545, 0.24
4, 0.99647, 0.20512
5, 0.99824, 0.20982
6, 0.99841, 0.18096
Band: usd 6 oil 1
Linear p-values:
1, 0.8559597800946541, 0.9884430307673546
2, 0.09146195760633669, 0.9940063125816099
3, 0.01178239110782349, 0.9960321495680647
4, 0.03890502300889573, 0.4354759421529648
5, 0.09351449152470552, 0.32985075712400147
6, 0.12205856663857963, 0.5945265162841806
Nonlinear p-values:
1, 0.06604, 0.20655
2, 0.03567, 0.37319
3, 0.01942, 0.26012
4, 0.01465, 0.17692
5, 0.01508, 0.15195
6, 0.01439, 0.12186
Band: usd 6 oil 2
Linear p-values:
1, 0.896931658669086, 0.9566904965334353
2, 0.3543586257795548, 0.9984304356004636
3, 0.20802463256695808, 0.7887003902004208
4, 0.30549806562269877, 0.8981767888431013
5, 0.39038012596566657, 0.9215671172688749
6, 0.40019950142861443, 0.9424019042299698
Nonlinear p-values:
1, 0.98286, 0.13251
2, 0.97482, 0.1011
3, 0.92061, 0.10276
4, 0.77582, 0.09832
5, 0.58455, 0.10023
6, 0.50681, 0.08577
Band: usd 6 oil 3
Linear p-values:
1, 0.8462864147013808, 0.9115729559074771
2, 0.45828909368223647, 0.9940598438267331
3, 0.4939962541671242, 0.9828175329284464
4, 0.5103396603915427, 0.8879431478032732
5, 0.3190726845857449, 0.25105654867326593
6, 0.7905506906041567, 0.2813945969963437
Nonlinear p-values:
1, 0.35287, 0.08173
2, 0.26092, 0.07477
3, 0.2399, 0.06524
4, 0.44964, 0.06754
5, 0.89572, 0.06643
6, 0.98035, 0.05378
Band: usd 6 oil 4
Linear p-values:
1, 0.8207242120184605, 0.9054233054448796
2, 0.7651307887867334, 0.9887481383450233
3, 0.8426840471697794, 0.9297541229988648
4, 0.9397712623279801, 0.9328890358293418
5, 0.933258659949856, 0.5676222052339379
6, 0.9051178723732676, 0.6534762404084835
Nonlinear p-values:
1, 0.25161, 0.09904
2, 0.17361, 0.06142
3, 0.25839, 0.07976
4, 0.38099, 0.07067
5, 0.25836, 0.08202
6, 0.17501, 0.08321
Band: usd 6 oil 5
Linear p-values:
1, 0.5742297528043532, 0.6608641684948122
2, 0.8474529351185208, 0.9144163016216971
3, 0.9254095873490312, 0.9577652124674118
4, 0.9820191582177654, 0.979681903050325
5, 0.9953046929703192, 0.9040404555318605
6, 0.9388323502431403, 0.7439353093347257
Nonlinear p-values:
1, 0.47899, 0.34847
2, 0.27391, 0.15739
3, 0.44794, 0.11455
4, 0.563, 0.10629
5, 0.57517, 0.07494
6, 0.7357, 0.07594
Band: usd 6 oil 6
Linear p-values:
1, 0.7114813322956848, 0.6569815731802686
2, 0.9877791936353545, 0.9584434988261709
3, 0.954328324613589, 0.9001861929006825
4, 0.9036951322656857, 0.9088091424857818
5, 0.9684581683249248, 0.9742095149719111
6, 0.9441531813572279, 0.08278083712999137
Nonlinear p-values:
1, 0.9726, 0.44467
2, 0.81315, 0.38708
3, 0.68351, 0.13961
4, 0.80223, 0.11446
5, 0.83259, 0.11127
6, 0.78326, 0.10085
