0.04114150429867341
0.03390279654664647
0.027359706670560983
0.0218492130232055
0.011753241684083959
-0.0015891304904241108
-0.00992054983937858
-0.013189046415640776
-0.014453209899697892
-0.011618495810136492
-0.010997241146092334
-0.01290086024669523
-0.012410610034531167
-0.010873554304847117
-0.009870893664502164
-0.008967117927306827
-0.00832659825613037
-0.008223731913532652
-0.006459502331916369
-0.0029901705760246493
0.0009018910010306168
0.005714351249873721
0.008409165417456774
0.008599464627140866
0.00810077164012478
0.006049322815883807
0.003893399369030756
0.0017813277263636796
-0.0017660177095784246
-0.006449439427684554
-0.008724463285591661
-0.008464029033306935
-0.007163658967974743
-0.00389600014508701
-0.0010947855205525271
0.0011043757932178411
0.004710092177554787
0.009211193559729283
0.011158874010493968
0.010464255189817324
0.008413182993193042
0.004095605274467684
2.6820232142143118e-05
-0.0036964073994714577
-0.009123388752393751
-0.015745603485508644
-0.01837762329650432
-0.01676654150331086
-0.013025898221151359
-0.00574987676736647
0.0015085458608862117
0.00860372819010124
0.01854967421740047
0.030640776857159525
0.03632012846238354
0.03514396104526706
0.0307032550915685
0.020679854804554514
0.010850189491515751
0.0014744170292492048
-0.01236913233743764
-0.02952366373573341
-0.038893633350622056
-0.04004692195037823
-0.03749309811724872
-0.028281761535596528
-0.02018267535972122
-0.013559000461304632
-0.0019676826235178737
0.013001819491985783
0.021588753562677275
0.023673998392157728
0.022844301329481363
0.01658760850131983
0.012298253528427429
0.010306086507879323
0.004772225888667376
-0.0027559119073380725
-0.007134174932006785
-0.008574533219767158
-0.00847525942364983
-0.005585846254442297
-0.004436786657489193
-0.005183500791489532
-0.004518608655702289
-0.003404664432426836
-0.0026945029860912188
-0.002103534827080771
-0.0018952662451609636
-0.002218208121355888
-0.0017071559145974279
-0.0003671721560691307
0.0010105035484317256
0.0027179701861356352
0.0038982924933388396
0.004407496658152567
0.0048671107182925635
0.005031860948153397
0.005185218862527261
0.005384337050206034
0.005277435495759137
0.004929198851092771
0.0043288061451139575
0.003415907256073399
0.0022305982186455993
0.0007425241828918517
-0.0011277477614069376
-0.0033972258671094205
-0.006069039316380989
-0.009176906527188753
-0.010580730520023798
-0.010081119512248944
-0.008720419193465416
-0.005892950026583703
-0.002851922505690155
0.00033565622840115523
0.00483700761729696
0.010410099833008215
0.013227461981865038
0.013081686156259726
0.011637147879108831
0.007861232009823681
0.0042933005826596825
0.0010635078512076322
-0.003997445650779502
-0.010373229353914697
-0.013721565486750402
-0.013904028730201686
-0.01264177207702039
-0.00879022531633694
-0.005447235003675731
-0.0027557020196059888
0.0018214919320152594
0.007646970144499755
0.010766167716725674
0.011114204023052394
0.010142265974982799
0.006823216925235399
0.004126717514997885
0.002177044508180072
-0.0013932768629382653
-0.005970614552972376
-0.008166221752564684
-0.007940232456721432
-0.006486103326141814
-0.0029243732671818106
0.0001497023540564045
0.0026373639675838344
0.006594229939854132
0.011487437420098534
0.013927735815660548
0.013834897250571515
0.01245568467982635
0.008896678160835315
0.005672799472651753
0.002879686453980573
-0.0015167039824752434
-0.0070062632300962775
-0.010698127372821518
-0.012570432366038213
-0.013660491574360003
-0.013227574416178917
-0.013505180004832813
-0.014590947522336584
-0.01473795690060047
-0.014415030586571809
-0.013563534333883064
-0.011958886769932568
-0.009935989168834173
-0.007406332420817735
-0.003930699222676719
0.0005029114872519801
0.0057850661392236805
0.012038720465485899
0.016227198797671778
0.01807788747448061
0.019137197510734092
0.018561976221745807
0.018109560470203127
0.017901549893943346
0.01632143112982491
0.01372672797264897
0.010966739673478243
0.007884574479251361
0.004286655085875063
0.0003184502824703756
-0.0049606675429549035
-0.011626113986412036
-0.019128879555164905
-0.027712841816771482
-0.03141659729868216
-0.02961496400539456
-0.025309374885982342
-0.016789851144245003
-0.0073944870766051805
0.0026945294367840115
0.01668245428319535
0.03393683927388013
0.04272233038917691
0.042361732410361556
0.038035070712387244
0.026565683774870518
0.015644520220357082
0.0056745316615951225
-0.00996012858572679
-0.029697627743325548
-0.04046189362175286
-0.04185498876859457
-0.039061568402190834
-0.02864557858369339
-0.019961689273436948
-0.013450306988988723
-0.0014750486581730175
0.014030803033071377
0.02273470389202982
0.024594039551802126
0.02322391888971083
0.01598250351306782
0.010895857166436668
0.008296315883744463
0.0019200324780588773
-0.006556522226896111
-0.011135272092462125
-0.011985876048157075
-0.010817794024562441
-0.0061427549836831465
-0.003101135658934192
-0.0018609429297398626
0.0014055621222076391
0.005621929170584483
0.007732443882984919
0.00787549556533955
0.0067580574061599594
0.003624463060574543
0.001264265323820689
-0.0002615460740579046
-0.002993255710651811
-0.006357723045816941
-0.007813684275154453
-0.0073426570466528914
-0.005754036737526481
-0.0023808071863492264
0.0007493822656799234
0.00358186819333401
0.007714679886602471
0.012742578296867275
0.015143144615813118
0.014768798783812064
0.013018048794089517
0.008943166544498957
0.0050257129997639425
0.0013664203893813686
-0.004106360431178096
-0.010895349947118303
-0.01491316316070203
-0.016032416199262826
-0.015868633128910334
-0.013345102283007983
-0.011399342952006685
-0.01016730938264538
-0.0072514212442384264
-0.0032575681533982027
-0.0007015210421779085
0.00047904108416938726
0.001080416915987196
0.00048597733570334214
0.0008010066169068313
0.0021169369140756795
0.002870160647144753
0.003514543047152135
0.0043591648828852315
0.005259940429453614
0.006387424773152854
0.0077846443327940175
0.00887099727545018
0.009652513677303647
0.010446646015194598
0.011128493003355429
0.010676490150162006
0.00900364852777908
0.00649074208181476
0.0028348169567936144
-0.0012979203162480468
-0.005908785440769931
-0.011617366801930986
-0.018315098064355946
-0.021575788941369124
-0.021055927070093773
-0.01878777730883166
-0.013537024726656759
-0.008055028216889188
-0.0024757458997855977
0.005672955040011707
0.015853508827320176
0.021187872355091793
0.021349340147997498
0.019261882344653668
0.013084498086999442
0.007485586760660356
0.0027015237154197794
-0.005199218936372269
-0.01526060760291705
-0.02019696462332027
-0.01980595281347478
-0.01691072497628874
-0.00959714728674043
-0.003135217784977869
0.0022410569242537768
0.01081868984896831
0.021514063042387552
0.02694904001180269
0.026938907317845255
0.024254922980516683
0.016955837606823853
0.01045929873773593
0.004985287847125032
-0.003857128103275011
-0.014962823675466991
-0.02157928076460606
-0.023603734522982103
-0.02350771786984108
-0.019540512153737154
-0.016805866806419364
-0.015519745452657335
-0.01162839372139232
-0.006189993948476512
-0.002372252002698984
2.3357336866062497e-05
0.0017997521252906446
0.002214839596719366
0.004199337245387226
0.007866207935626134
0.011149370212522797
0.014689205617644295
0.016324926647022665
0.01562452495699373
0.014059104795371976
0.010956548484094955
0.007034398081892192
0.0023762990574877053
-0.0039936147989512874
-0.011957563069415731
-0.016282709971730775
-0.016633370418526278
-0.015442477521221663
-0.011294544053215911
-0.007499285336510561
-0.004257645247800957
0.0013123296635439894
0.00852863638837239
0.012577709687089092
0.01337493636671064
0.012759690904783348
0.009490334590011359
0.007119804711975716
0.005818148273662126
0.002751519408282192
-0.0013344705209373832
-0.0037042365780549343
-0.004438692983812756
-0.004332459854961033
-0.0027112028305307768
-0.0019066814628076467
-0.0020011121951141893
-0.0012624793177849769
-0.00018298272932928231
8.053491777597338e-05
-0.00038926351273719964
-0.0013850277886033181
-0.003185677660621366
-0.004664667344071125
-0.0058031038803604326
-0.007400984437996688
-0.009226447644807798
-0.009919868510490554
-0.009432779108195146
-0.008245107371852342
-0.005986249572910056
-0.0036587723016663584
-0.0012870069503231342
0.0019618606962595393
0.005895268280959135
0.008733281388010702
0.01041554528068678
0.011666838792269521
0.012018793628014935
0.012744571848987415
0.013908790816073876
0.01447285096222562
0.014702577828229785
0.01390969121056237
0.011886355174358935
0.009123603351668631
0.0053724462307790525
0.000743487173998602
-0.004765606109402545
-0.011460306394049677
-0.01935378988685097
-0.02369448383767026
-0.02408668094831008
-0.022809620995914482
-0.018538895831507488
-0.01413470714670913
-0.009757766920226717
-0.002807273003218955
0.006150782612893714
0.011342261599881847
0.012572763995006429
0.012230949605140783
0.008804773067363754
0.0063562980539687095
0.005102908529737538
0.001721097387310019
-0.002936436651481122
-0.00519558674941696
-0.005114875981014194
-0.0038654007800873226
-0.0005304052545351362
0.0018898408155474753
0.003277910979094554
0.005906003458134932
0.009140915614613675
0.010384520225694154
0.009640736792771418
0.007699075042620147
0.003884522030799606
0.0002930921389805279
-0.003022627240885
-0.007700342704719361
-0.013321258641201551
-0.015938539523174436
-0.015364422016489456
-0.013186289488415708
-0.008333164795205674
-0.0035414980744022722
0.0010808597390052747
0.007846204418014513
0.01621207957390707
0.02040765979703198
0.02017374690709665
0.01789365680116797
0.012019850193157704
0.006531665920944598
0.0016132486551817754
-0.00607356954596544
-0.015721413004467756
-0.020733577307741648
-0.020899252272432455
-0.018815504864597817
-0.012740354964417463
-0.0073961476896129644
-0.0029948437850203682
0.004331643276814908
0.01361497480245745
0.018540104020806077
0.01898089705816083
0.017288457714997995
0.01181544917694873
0.007258461516174681
0.0038156272111656018
-0.00227990697741177
-0.0100601457324908
-0.014388348889198477
-0.015232079592251405
-0.01438046145538286
-0.01051255892806463
-0.007615564771761531
-0.0058472918662878385
-0.0020832077743900283
0.0028497112260794178
0.0055873396486203104
0.006181658800712601
0.005671401531548324
0.00321066256925394
0.0015861586040507335
0.0008962831240243828
-0.000970374150644395
-0.0034316083519819133
-0.004357807482219545
-0.003785938365261439
-0.0023256520230655804
0.0005638549040250426
0.0030878077323848543
0.005197054500645797
0.008254561815142912
0.011893609014110766
0.013275468036826124
0.012279163536072696
0.00999558823184975
0.0056542323427668
0.0012649495223741728
-0.0031041427720048176
-0.009140382188558005
-0.016449805639298123
-0.01993277234214941
-0.019310240622967878
-0.016740795586023264
-0.010837704690597002
-0.005020858563570106
0.0005554722712276821
0.008819887692291013
0.019089552597689085
0.02424922281110192
0.023992137620996737
0.021247801684315393
0.014113885825751536
0.007510218213567343
0.001666547770548539
-0.007531590343720824
-0.019083007918002246
-0.025211792404565257
-0.025691054547908553
-0.023548524176802272
-0.0167374186034754
-0.010870492324018226
-0.006197680977716183
0.001855336045230372
0.01213530691845552
0.017532666770115713
0.017930556828214223
0.015932674253385203
0.009691416526000913
0.004552276764422465
0.0007373004301113859
-0.006014796608786107
-0.014600315337898856
-0.01836830826207777
-0.01719078689726724
-0.013474847540791628
-0.005477333197919261
0.0018135487884034518
0.008208664983300687
0.017712904258231663
0.029310445543228106
0.034633157559724036
0.03335595395486668
0.028758889746357635
0.01859821951075701
0.008796485761526878
-0.000410503717145226
-0.013949351774814704
-0.03063321693041507
-0.03947672267119758
-0.04004445787908984
-0.03676548421248652
-0.02670878290641289
-0.01758420756024527
-0.009737053829766112
0.0032375515341673934
0.019772336150029334
