-0.007473213767441998
-0.0019927180574282922
0.0053334704242721884
0.014671225146797879
0.024500537289806137
0.03531258927559678
0.04278710381737032
0.046340435736626114
0.0483694872880369
0.04759784258012507
0.04617871190178992
0.04425179399000889
0.039582855066080114
0.03256736410898964
0.026915497561861238
0.022613895948637077
0.018091719082685986
0.014239428331344704
0.008239277703139114
-0.00013251315162644643
-0.008766722900148658
-0.01832395542376057
-0.02540133069064186
-0.02944351011736209
-0.03253986067501515
-0.03366379491958921
-0.03430583431259836
-0.0345949174999693
-0.032853502039387354
-0.02935367303411609
-0.02737614971370053
-0.026948786062557073
-0.026636946329148127
-0.02724237747073426
-0.02636954003526846
-0.02382764850131021
-0.021454262210194346
-0.0186940802143263
-0.01618831396590485
-0.014193349749991528
-0.011998711942520763
-0.009831962667141245
-0.007736375780211791
-0.005658529813627594
-0.0037858069475951057
-0.002129643068390137
0.0004976678284447803
0.004161708397344776
0.008277978113271845
0.01315662253628751
0.018064846629054308
0.02294303574563805
0.028417497681391776
0.034327244217740686
0.03810048994690763
0.03955378480147263
0.03978243175736188
0.03806514757004993
0.036030393058593624
0.03373346813839285
0.029710368870850025
0.024265930087566324
0.019001642580064957
0.013847753541876822
0.008208061363329985
0.002445033456702739
-0.004813986007633483
-0.013674142973501563
-0.023177335471002772
-0.03365359244339993
-0.04082485735202548
-0.04417487341483371
-0.04596461707370274
-0.04494655500064266
-0.04337785414800214
-0.04139032702475817
-0.036727588444735976
-0.029808842454238524
-0.024084658406481357
-0.019521910521089227
-0.014693576858176828
-0.010421859740263986
-0.004034383529082048
0.004677133695775114
0.013732742779873516
0.023759843829112906
0.030899196959283087
0.03456513093397014
0.0370377131766464
0.03716304185064279
0.03672311165305752
0.035856392477199725
0.03262505769271616
0.027355807342255376
0.023599722983715696
0.0213710035405824
0.019136150579286863
0.017757359622799243
0.014603277989341643
0.009464940968966721
0.004342614896968744
-0.0013760421834419817
-0.0056243092211609655
-0.007986761103305253
-0.009885745922667919
-0.010678703384578095
-0.011106275210519047
-0.011258417351801253
-0.010178419559321165
-0.007997477615419104
-0.00699080226973491
-0.007202965135069926
-0.007602595538182724
-0.008753720935768062
-0.00905773372297082
-0.008384278299405086
-0.007987137125047908
-0.007498177300707378
-0.007125695481962004
-0.007027158422670083
-0.00683716127125025
-0.00664944295010791
-0.006629813749420427
-0.006753464561114539
-0.0070278914629700534
-0.007490577409444433
-0.0074930474988481295
-0.006990894204313459
-0.006326367995364873
-0.005329044476424563
-0.004375596641176862
-0.00350163643377115
-0.0023765537533045264
-0.0010845349972072032
-0.00012788492238622538
0.0004848550371984442
0.0009322427100397143
0.0010828985273633844
0.0013048577213671175
0.0016108072088296542
0.0017024098346872082
0.0016534701395958021
0.0016873621124798028
0.001786000919834188
0.0018896120365705345
0.002047832416425023
0.0020464946765644146
0.0018742511098422698
0.00167602499643876
0.0014024204633453254
0.001363849730838708
0.001604255000061057
0.001940458152759533
0.002463537576005559
0.0030278864357348597
0.003621058967426252
0.004397446399514757
0.005329154836496721
0.006145197118389284
0.006844541908967591
0.007541397380745766
0.00816957212378377
0.008930059495527738
0.009837811737196108
0.010739259303170238
0.011680503955734514
0.012184443462252822
0.012185837726741358
0.011941479880123526
0.011308774622665604
0.010525612050753119
0.009604241625917975
0.008294758371760578
0.006638650253082978
0.005036676294618396
0.003484155465333166
0.00180827610818913
0.00010299642816218293
-0.0019422324166564714
-0.004354517901956493
-0.006906721599896252
-0.009673784081431706
-0.011800243964139171
-0.013178269555513888
-0.014266321934176367
-0.01481338015511342
-0.015263522829286977
-0.015643040110106893
-0.015502389951567141
-0.014923416081214454
-0.014615631122951053
-0.014573751407135939
-0.014501258668996934
-0.014567568550735164
-0.014226842697734825
-0.013436034249384603
-0.012600806871717041
-0.01159292204928445
-0.01057396666659426
-0.009599338456026379
-0.008496214215874515
-0.007317864331896622
-0.006059015622857966
-0.004703537873341206
-0.0033007182739890895
-0.0018474005088625254
-6.609274892041696e-05
0.0020604731334426347
0.004402289757479866
0.007033870834776679
0.0097868010902334
0.012650539572407086
0.015773733137165225
0.019121817875478096
0.02139492901723707
0.022480802169025437
0.022966489110017533
0.022481879813819865
0.021812036868143602
0.020986324045933057
0.01927727105495391
0.0168301152197778
0.01452616534351767
0.012336093529389393
0.009916913726607541
0.007470690751249792
0.00426457643229312
0.0002407444201768771
-0.0040815255189116245
-0.008878204874449994
-0.01220135349194595
-0.013807709123797633
-0.014746271070416489
-0.014447512774038341
-0.013921821737121342
-0.013231680064164867
-0.01135731800478988
-0.008486858052137393
-0.00622707928971332
-0.004567251009611379
-0.0028393452866304807
-0.0014282144248730885
0.0008997590870815832
0.004240092100505442
0.007673203131477322
0.011487531614326066
0.013839573662906994
0.014450315875055837
0.014399012444911534
0.01313335343173598
0.011507977819822837
0.00958600455605858
0.006437657641394091
0.002217753808843085
-0.0013898497340944127
-0.00438165157250834
-0.007486924883796598
-0.01029889788677163
-0.014071766955982626
-0.01890720478891565
-0.02385695962784954
-0.029214799633464635
-0.032547527068573744
-0.03351070402266233
-0.033462408873825046
-0.031676414872897504
-0.02933874293087286
-0.02652269743431291
-0.021972247103358475
-0.015899466283594694
-0.01042964181567609
-0.0055532451381896724
-0.00035605603874488143
0.004655063201271577
0.011095178443602405
0.01909854287300205
0.027462518628761586
0.0365699759401816
0.04269580650751382
0.04534349550521092
0.0465469225032921
0.04520410111612938
0.04319335234744444
0.04062765774204941
0.03556545292246884
0.028347946677795985
0.022138105640419185
0.016916232519813394
0.011341488769905216
0.00616827834249524
-0.0010236494197873758
-0.01043048004008404
-0.020252797823897457
-0.03106202479408053
-0.038425424591910326
-0.0417164946950829
-0.04344261987431522
-0.04228643319349224
-0.04040190690258909
-0.03793450735309977
-0.032610458410382966
-0.024822778518174923
-0.018476518158625218
-0.013566143279094774
-0.008422461234873592
-0.003984868250111532
0.0026906817878832767
0.011840311375883837
0.021252320481609417
0.031617009747129284
0.03855524863855512
0.04139994703673565
0.04271854927434433
0.04119723947322211
0.038862659924176694
0.03586418981648351
0.029992464170211047
0.021613780302138504
0.014753068902864671
0.009420157912709996
0.003869131366813259
-0.0009273248560999643
-0.007964195293651334
-0.01748469172456429
-0.027223252197090382
-0.037881445411015596
-0.045039196290111376
-0.04801683193548024
-0.049407543732705804
-0.04788201335941916
-0.04547679619592796
-0.042340099546560664
-0.03624151382658778
-0.027546571677332127
-0.020335015261567526
-0.01461591635302663
-0.00861369449627625
-0.0033129032408797388
0.004323149533447402
0.014543562762435082
0.025054055789982887
0.03656776177934454
0.04442180257578748
0.04791031724530738
0.04975023668542209
0.04854241190269923
0.046459183077357635
0.043656440724785285
0.03777317243875106
0.029200757094773395
0.022210010366132803
0.016808101054330424
0.01114270768442518
0.006244229446525924
-0.0010729479064051292
-0.011068736266131205
-0.02133810841560489
-0.03262866401042062
-0.04048785448254316
-0.044220532724388945
-0.046471089270753
-0.045899651320669754
-0.044533559539190755
-0.04252771477975495
-0.03764827781670235
-0.030261173420911527
-0.024528695874944197
-0.020467982891447706
-0.01626608534930703
-0.012931504000503084
-0.007383317949151483
0.0006285860697116379
0.008765691129199551
0.01774847060408434
0.02429682735115971
0.02783904647545034
0.030448092485322934
0.03112357316730408
0.031231599240309327
0.030897885506938113
0.02852754241871685
0.02436560247837802
0.02170276981593418
0.02057555248577098
0.01952480633367256
0.019356250025261583
0.017689511636394865
0.014331149768889747
0.01111433880864623
0.007486252485610948
0.004538811231579149
0.0025748516837801575
0.0006749457040008827
-0.0008017163897007034
-0.0020721331786857458
-0.0031979681154496865
-0.003740770658868881
-0.0037349755465839523
-0.004696451373741085
-0.006680615932331876
-0.008968173372243796
-0.011943834136977489
-0.014604844557818466
-0.016868020147978544
-0.01955003701226062
-0.022423702203998606
-0.024040551227037642
-0.024347359281198536
-0.02386122882248507
-0.022187943899585397
-0.02034909133972404
-0.018367710876287375
-0.015379507533264978
-0.011577320120733625
-0.007675548296933873
-0.00361613021131567
0.000832026574504086
0.005516395429473793
0.011115027603674617
0.017678271640706567
0.024758599436529877
0.032521998470044625
0.03765148089606566
0.03977697139826715
0.04058465784694014
0.039113475302997885
0.037178781349517416
0.03487565560790177
0.03042744270287597
0.024170922031465102
0.0186634935294381
0.013866074109303995
0.008735626312474888
0.0038759430537799143
-0.0027282248424357887
-0.011234562364885377
-0.02016647993996598
-0.02999990029118083
-0.03687025574914794
-0.04024391754445443
-0.04229195647067607
-0.041870469368741996
-0.04087822444729945
-0.03944320858782954
-0.03557883626501119
-0.029634052292058344
-0.024967739786434236
-0.021572830757328628
-0.01802221797941678
-0.015123985105957609
-0.01033952490346473
-0.0034674468077413724
0.0035860635858200526
0.011415164536200919
0.016972058123317486
0.019756028158531194
0.021639041443351742
0.0216999137924299
0.021267999122753973
0.020457242522598666
0.01776528906496385
0.01343330796244933
0.010405209304328884
0.00870503809710688
0.0070421303253787
0.006134903388905626
0.003832458300769226
-3.8092092936010654e-05
-0.003829038729575794
-0.008040170017660865
-0.01085595294108324
-0.011919940294818295
-0.012451506315259455
-0.011886175262454831
-0.010896960853971367
-0.009557123221063217
-0.007013111388236926
-0.0033818236179976547
-0.0006209709029403303
0.0012375177580855666
0.003081550323924381
0.004429334128788012
0.00667039358773255
0.009920770763859037
0.013100387901104918
0.01653217984648284
0.018710175664170093
0.019365665761465665
0.019440771772018244
0.018471289353201564
0.017078555745299484
0.015313901334404236
0.012439719878760205
0.00856244182314255
0.005198422049253222
0.0023597309995822325
-0.0006350024482354632
-0.00341843829757601
-0.00709605078091012
-0.011762851671057601
-0.016576733047785536
-0.021798651959463067
-0.02513264250788825
-0.026259170934153305
-0.026448422233405013
-0.025016342845366628
-0.02309657924795122
-0.02075756841559828
-0.016808155391631836
-0.011451552903551357
-0.006682062164363758
-0.0024896071761353494
0.001980713606503143
0.006253424307969441
0.011847705748075466
0.018889214553955883
0.02624768831927422
0.0342830695342771
0.03968268327386324
0.04199931355951288
0.043056482523094415
0.041873398120558285
0.04010736407697663
0.037860946393364646
0.03341374012277568
0.027067305563288055
0.021658202717636636
0.0171721321082863
0.012404718426545823
0.008034032795180382
0.0018973240250800124
-0.00618006536652838
-0.014585936863512547
-0.02382992697049831
-0.03066218724192766
-0.03459430145267206
-0.03753258976389063
-0.038505808355092486
-0.03902907655812981
-0.039217119915843764
-0.03743080326862629
-0.03394751014306958
-0.03174676760851849
-0.030838577839691905
-0.029937860273428648
-0.029767262743050252
-0.028113830994987217
-0.02480162469159848
-0.021510340763155576
-0.017724515516229226
