-0.040891491669680355
-0.13869155455201285
-0.160022774647921
-0.09553920433459191
-0.005282242358541599
0.13955538527270236
0.1823470957403833
0.10697498640314154
0.01280726166218589
-0.1417660283428949
-0.1815637131025285
-0.08513090938311922
0.029151079991032985
0.2085990204588037
0.2625748623331543
0.166195359007409
0.04990073015706581
-0.13841663583519634
-0.23061583345414743
-0.2036339978358797
-0.1818059034772172
-0.11996984503418875
-0.061572262822179
-0.019172237415406395
0.06588039634361154
0.1823402165473037
0.22184125361408757
0.18270306339395476
0.10864254327416409
-0.027738333017076525
-0.09198244716820196
-0.07368034419760357
-0.061091062383294856
-0.02087581369550822
-0.004061733207867959
-0.02118551365248577
-0.020832833185728844
-0.016512500372891117
-0.009562498557384058
0.006124066084526548
0.021020455090352823
0.03663200419392296
0.033360522441275395
0.007653706112069962
-0.029808364477973602
-0.08538502993659684
-0.10422397772583038
-0.0814712487277834
-0.049179700352224166
0.0072262499779399665
0.05449259204812773
0.08873428609538943
0.13851920025545106
0.19590700034306543
0.17429844036989187
0.06809239770192363
-0.08800255490227
-0.31828505107732924
-0.36616504997938515
-0.20960339519371457
0.007592086453408495
0.3541048781123979
0.4546229410767654
0.27032915454983947
0.038880872843238656
-0.3396021072840294
-0.45796268194928247
-0.2663232881946762
-0.042752732479260175
0.3222826987808119
0.45004189428185354
0.2882417612588739
0.10906866865080782
-0.19056709951213407
-0.32355543673544235
-0.24513180468677348
-0.17858246759784066
-0.04550007461988631
0.04203757509527575
0.05658725015067193
0.11694431740647446
0.191827316028137
0.1820547697679475
0.09166461165465294
-0.05709969883251314
-0.2889283487104088
-0.3474347821909086
-0.21388010526152892
-0.03237242373533844
0.26378345193778263
0.3696231690207007
0.25220049780722703
0.11336639920611266
-0.1274389455641137
-0.22652132836481947
-0.1495916746916316
-0.08021834773751008
0.04696771954010178
0.10373446648177279
0.06420806645693761
0.04348799809091714
0.005672624522621095
-0.009795033530765898
0.011791369619653224
0.02238870969121268
0.034860925455145464
0.022951020893948192
-0.021517861476977596
-0.07560381797558205
-0.14838846275612502
-0.14703771873534374
-0.061111111241316164
0.057339439954696196
0.23455476084036064
0.2668831742594448
0.13419596306496331
-0.04375890722202179
-0.32210083459790434
-0.39767289384261745
-0.23801552753061975
-0.034616829645187426
0.2938971972095918
0.40922912193261785
0.2707034096723007
0.10839841710989365
-0.16843101422317552
-0.27998998149304377
-0.1865136655325365
-0.09753775538409669
0.06242317614351578
0.1401917533505388
0.10605812116659412
0.09569261241206768
0.0665854848266304
0.0363797930500739
0.019367669597627105
-0.0276674336905702
-0.09802500740475208
-0.12858862308601776
-0.12051506872386358
-0.0990626089824252
-0.04946362644674661
-0.018868714251285904
-0.01085279624594282
0.00969702541715857
0.0317985458038621
0.0679356820090704
0.12282289656367423
0.18236587847787422
0.25080218830324214
0.23930440132202704
0.13740629236859853
-0.009640587954066637
-0.22788974170930726
-0.3314617298448808
-0.3038606102399482
-0.2572736021514878
-0.14285564031151166
-0.048102041418927474
0.015103009477721335
0.13067616634250126
0.278160993852026
0.307970618865687
0.21605256782723345
0.05856221119564036
-0.20396688942845811
-0.29553924923723324
-0.19467686564783598
-0.06825052307656901
0.15447938797702057
0.23985617721895602
0.15831579329960335
0.08030698612210484
-0.05582873970955782
-0.1042733238225669
-0.0386923140351444
0.020866551712454703
0.1151659885807443
0.11019716848194816
-0.01707558302201484
-0.16947531735475455
-0.3858834101666698
-0.41340043137304067
-0.2219490273013857
0.035274497467460086
0.42886481229483525
0.5581684965470692
0.38058409526363224
0.14797644273648528
-0.24725690709729845
-0.4023783009888123
-0.2685548629116382
-0.12930654502304825
0.12214753198547446
0.22301090368374715
0.1297864144267863
0.056368556922782795
-0.06889840363472244
-0.11958389336247599
-0.06549496255818157
-0.025519515550518054
0.03752254603806011
0.07017037011092787
0.056139018248717865
0.05175636589167519
0.04023441980440905
0.03280898114234419
0.03612594367445225
0.03065859012761274
0.020569417124630243
-0.01415148140914324
-0.0783658755773989
-0.15947502127092164
-0.2643809534088497
-0.262731173794051
-0.1417314921345164
0.030682284720284912
0.29109144364914813
0.37960443890070034
0.27185030702708407
0.12386284592516641
-0.13347474282639932
-0.2456540236161901
-0.18321450396528546
-0.12656296319031693
-0.00919649031255633
0.06362893375927968
0.06971656641016391
0.11426118876496834
0.16894117781493442
0.16202798522453574
0.09849658035750976
-0.009795681399744478
-0.1802304588164314
-0.23916197251221966
-0.17507230861380346
-0.08634681885524034
0.07140555888797177
0.14444380052217717
0.11517037062196418
0.09439470121332506
0.04236755599460635
-0.0022765505255148677
-0.027932564167899677
-0.08570831879024118
-0.1652280658427353
-0.16991302005842546
-0.09771849867987722
0.013037091093413639
0.1871661019925174
0.2385764802254446
0.15160151783036965
0.03651249750420197
-0.15537669811474475
-0.23118759107990838
-0.16859782418491912
-0.10071312557644883
0.023405169236529064
0.09870464374576779
0.10708343204895081
0.1412031191425967
0.17312865563209087
0.14409158584212323
0.05729120879413827
-0.08202645500595351
-0.28928016244818544
-0.3203740345547418
-0.1573568333750906
0.06943553537816666
0.424642686160099
0.5287607889148045
0.34382890493502016
0.10598068545510213
-0.28569540365444535
-0.4639805648613121
-0.3840847194328847
-0.3066392532874886
-0.13447669262281686
-0.0045515872737788635
0.0533488228609748
0.18579789044556086
0.35691570055640187
0.36810883615944107
0.21825040198007836
-0.025731635439458632
-0.4149936766820309
-0.5271644398554248
-0.3292075886175697
-0.06767916532110749
0.36710555098154346
0.5184446216127515
0.3341885061580748
0.1244122396988904
-0.2318772086251283
-0.36967812366359754
-0.23577648411329838
-0.10493284119824256
0.1218242307415196
0.21922608076058298
0.14584496526770094
0.09117947513109348
-0.00758082530183383
-0.0552012512035347
-0.026408727400578133
-0.018463841565100322
-0.003117237215514544
-0.0021240187591451093
-0.027753861926318894
-0.04656329031127632
-0.06691567355925117
-0.06152194023628675
-0.02351872834905755
0.027206428780384158
0.09979717315726487
0.11005021518764477
0.0492458855985186
-0.03434381939470316
-0.16394154564389266
-0.2059642413898911
-0.1467560908399189
-0.0700828963584819
0.05965481860137664
0.1401219338445924
0.15820063818382346
0.19310165880843844
0.21840523754613148
0.17766367835361066
0.07163251454409765
-0.09475652335314681
-0.3376270797093285
-0.3915852567026141
-0.23709024602762444
-0.015737120506752793
0.34280807972692157
0.46054469410432747
0.29982645349874304
0.10129297990148173
-0.2346400547227268
-0.3732820568985895
-0.2711547143479779
-0.17148103579160973
0.014879410935288818
0.1160034039779549
0.09875304658921495
0.11909322555730502
0.1300135301717171
0.10442600400093544
0.054991380805182864
-0.04352209460522858
-0.19625776317126395
-0.22907244187883335
-0.133475784037225
0.0020965152733789386
0.2220355323560888
0.2823039975563948
0.1586640096793088
0.004960836100098492
-0.24326159224610772
-0.32199650612881975
-0.19875584503707852
-0.05335446057284339
0.18537912100822043
0.28055426443677933
0.1993929553451198
0.11458785682939973
-0.03800960345207113
-0.10954125888436855
-0.07429780427918299
-0.05687247354536593
-0.016588046336202558
0.006031657254869921
-0.003780085583941428
0.006606151781350636
0.024680329045376277
0.031495039491054526
0.03206078448845285
0.025600403907586174
0.008996886009354268
-0.016243054706217456
-0.05172975730062563
-0.10089413097179767
-0.16472814845362133
-0.1705955033826779
-0.11262264114123025
-0.026673482973021394
0.1072562809650395
0.18630985684815213
0.20151106996190357
0.21980517104907427
0.21500817861813035
0.16185395801993585
0.061189239968871725
-0.09730792474623273
-0.3225146363913273
-0.38751204381469423
-0.27686474278652806
-0.10804706412406742
0.17894832106641992
0.28591172991368785
0.184102977164561
0.06771294755169154
-0.14061916189446003
-0.1999459431823801
-0.0763935262300282
0.05111135787938179
0.24755477239159426
0.29731780058452595
0.16659728838944038
0.01147489432850583
-0.2288052244942937
-0.3210509655433995
-0.23364787503944073
-0.12926259787747973
0.056062625073790055
0.14194635861450464
0.10208686835790143
0.07678410924690973
0.017781219025522987
-0.005652862839416644
0.024266626039925063
0.034927469329294934
0.046225246093105805
0.046794088239710846
0.027244473116758147
0.008700887392882958
-0.01429305195178097
-0.04065640058942825
-0.0678913773528457
-0.1015128579746467
-0.14061146460780474
-0.12959305723531617
-0.06364992314268539
0.0319624073399059
0.17303541893595245
0.21920917032763967
0.1581736414884837
0.07089018715497057
-0.08000613068923676
-0.14310166385766301
-0.10195917735408544
-0.06088391846471046
0.019550902404200807
0.05514230992499779
0.031183499787928497
0.020409825947199776
9.51477236652684e-05
-0.013211934498313812
-0.011026638895851367
-0.019530658775143345
-0.032979389912727336
-0.026706641214119357
-0.001856976186618229
0.03449973862785226
0.08817193543766183
0.0950020777947818
0.04966166343872817
-0.012446066962835468
-0.10846013164105153
-0.13476816817488643
-0.08078631666276938
-0.01050898592566067
0.10381237452424483
0.13765402669722288
0.07654583060074607
0.003320288699353722
-0.11543111494439018
-0.1548643401309429
-0.09859459135897339
-0.03413850486236127
0.07235184284382117
0.10451868175582692
0.04587440136676582
-0.01982976033061705
-0.12448533404910572
-0.12227558305568237
0.006373343448923927
0.16562371700314546
0.3962433427824811
0.4375616049778943
0.25999386551474624
0.022060630713163023
-0.34809860014932015
-0.5090162888130059
-0.4233876594088921
-0.31601759894209513
-0.09621301467467115
0.035852737562228607
0.04990610253015567
0.11831872008658188
0.18954318812532087
0.21604934499425102
0.21054389913795502
0.15501579838499652
0.03914360682039638
-0.03798232926827951
-0.07652097942075277
-0.1347095782780264
-0.19128985149092742
-0.16831750048805144
-0.062001876296033175
0.10725675305830487
0.3623800995051966
0.42020463353200105
0.25910421247319326
0.035407882475733427
-0.32556691513415814
-0.47181720365250857
-0.36681242056377994
-0.24231981785962065
-0.005976652762761757
0.11018418175152585
0.07157184093000768
0.06623058804111509
0.032896637668751075
0.044109097468862754
0.1235932754774704
0.18753328648039666
0.2583793207165437
0.23207762839933965
0.0882831632414521
-0.1061074878189301
-0.3839908748934096
-0.4482657177633236
-0.2692685588076225
-0.0177808461170291
0.3874302946005556
0.514783106511984
0.3196041418578895
0.07779686842624739
-0.3251418750453227
-0.475658256920578
-0.32108859679089613
-0.15488820626934496
0.13360501774590175
0.24981509870591687
0.14657436833606555
0.05637712244077224
-0.10135438148806
-0.13707656979207863
-0.014135913143742036
0.11083383443224692
0.29211985913050187
0.3262835373498196
0.181059821643066
-0.0017115136847823738
-0.28044772632852505
-0.389377316961579
-0.2961260624207132
-0.17763413774620873
0.03827410853402665
