step, usd->oil, oil->usd
Band: 0
Linear p-values:
1, 0.2497050464856007, 0.3785319127203921
2, 0.9145791219778663, 0.6871243040103852
3, 0.9951835448614103, 0.9434085084252484
4, 0.9945164479117886, 0.9689349400649864
5, 0.9977175265396138, 0.9801262263383231
6, 0.9992686987252185, 0.9790213100718104
Nonlinear p-values:
1, 0.38458, 0.97274
2, 0.41559, 0.97049
3, 0.43659, 0.96891
4, 0.46093, 0.96869
5, 0.41704, 0.96327
6, 0.42905, 0.95734
Band: 1
Linear p-values:
1, 0.6838217279611121, 0.21965010450071515
2, 0.1870078239185687, 0.43904499332981284
3, 0.5478418420992707, 0.7079997156385022
4, 0.6733659074822904, 0.8295237442133176
5, 0.8280416770535877, 0.9167968951319678
6, 0.8205471184336917, 0.9264238574500459
Nonlinear p-values:
1, 0.21425, 0.38517
2, 0.27441, 0.40903
3, 0.28759, 0.46776
4, 0.34155, 0.50887
5, 0.35936, 0.58189
6, 0.29633, 0.6422
Band: 2
Linear p-values:
1, 0.17557448526702327, 0.09550074547365922
2, 0.7100257455670438, 0.8257959300635003
3, 0.9065220824717414, 0.9380385824012585
4, 0.9408906742846934, 0.9833422777427224
5, 0.9431871141848911, 0.9736779647521707
6, 0.7808878117950266, 0.95787419800093
Nonlinear p-values:
1, 0.87521, 0.11045
2, 0.90248, 0.19212
3, 0.95626, 0.2638
4, 0.95824, 0.26685
5, 0.95399, 0.26033
6, 0.92391, 0.25635
Band: 3
Linear p-values:
1, 0.950732215227724, 0.8993054648567818
2, 0.9999396283220057, 0.9527736937915775
3, 0.9999706193700253, 0.9938600083134892
4, 0.9998978107620369, 0.9894328920865549
5, 0.9997953357839814, 0.9976024320490485
6, 0.9995832606131999, 0.9965190506064705
Nonlinear p-values:
1, 0.70701, 0.77128
2, 0.87276, 0.74555
3, 0.88573, 0.33881
4, 0.5707, 0.09023
5, 0.26892, 0.03671
6, 0.27541, 0.04096
Band: 4
Linear p-values:
1, 0.17387772797595574, 0.359757191964442
2, 0.31543030111537956, 0.496033761092621
3, 0.2780352466816525, 0.6046057884854545
4, 0.40816735197104437, 0.6217563172844531
5, 0.2611114434619481, 0.2381642494659912
6, 0.29503650063950704, 0.40521487801542283
Nonlinear p-values:
1, 0.9991, 0.98461
2, 0.51197, 0.89392
3, 0.04802, 0.5613
4, 0.1167, 0.61077
5, 0.13645, 0.64808
6, 0.1489, 0.58643
Band: 5
Linear p-values:
1, 0.8963406982962084, 0.8095826030479726
2, 0.7971996251231095, 0.8252990972948246
3, 0.18170833773638173, 0.9350904266662454
4, 0.2132672561503986, 0.7011865274826855
5, 0.01517549249576117, 0.6579400115359008
6, 0.034556653805630305, 0.8736171744043143
Nonlinear p-values:
1, 0.89706, 0.84894
2, 0.80788, 0.86312
3, 0.3795, 0.40043
4, 0.40475, 0.7258
5, 0.03933, 0.19677
6, 0.12415, 0.5316
Band: 6
Linear p-values:
1, 0.5162120337685208, 0.49396118368761277
2, 0.8035780531352993, 0.580390789815067
3, 0.652117473310095, 0.2923109461491566
4, 0.9524602546734146, 0.6318016782352753
5, 0.8677850563501763, 0.6050394959079922
6, 0.9349549034978634, 0.7308541739918455
Nonlinear p-values:
1, 0.65822, 0.3041
2, 0.68583, 0.58173
3, 0.46169, 0.26714
4, 0.63687, 0.45815
5, 0.48033, 0.36586
6, 0.47232, 0.50648
