0.009464451288045999
-0.014428239860757742
-0.033039089034202364
-0.04463142288458541
-0.060762228003611085
-0.0778450562330659
-0.07517165330386028
-0.05172958676879226
-0.01440699106459374
0.04264306936590641
0.078801603404167
0.0913351666303425
0.10511752256343047
0.1100157603675685
0.08204331524992962
0.01980928952630648
-0.07404631613693184
-0.20724503109251885
-0.229026346989867
-0.12759894319231901
0.017878643919569597
0.24795211427116431
0.31421113461067257
0.1925308052170367
0.03633547029449131
-0.22021437862676482
-0.30568602862768035
-0.1877290468659932
-0.05124447658297266
0.17635822033466392
0.2680728045675971
0.1915138113753677
0.11563202092861377
-0.02104223533143649
-0.10992743859903117
-0.12896457355450772
-0.18131920619490405
-0.23737426781323887
-0.20374675636484493
-0.08188054358309352
0.10798184837987783
0.39051164527947335
0.44761600930661977
0.2548747740171738
-0.01401829888389959
-0.4432773329572335
-0.5708911351919855
-0.3496956339674111
-0.07182743145417966
0.38537170131709686
0.5353344925705223
0.31809033685269394
0.06870526891277783
-0.34348946751059656
-0.49821919096518463
-0.33544284730116886
-0.16473997532471418
0.12824255872156368
0.3019475756432038
0.3125825451288691
0.3711836490036872
0.4119434249103006
0.34904769747791187
0.19336219520925113
-0.06858614544168211
-0.45910527367901194
-0.6142921111626787
-0.5126950742698345
-0.3496984036953224
-0.0320444207544852
0.14053420408279604
0.13650896506365592
0.17887803271231847
0.19275747238406707
0.1792563666898315
0.1569332732718153
0.06530980318857794
-0.09438792605336835
-0.1675714402841372
-0.15375415465696932
-0.12881643762847936
-0.056836387887381115
0.014795448475833316
0.08040861126349536
0.19254657279639886
0.3417318654028271
0.35056497985419005
0.20987058189288146
-0.001922516994285371
-0.3322128122968078
-0.45851871940768485
-0.3530839739471536
-0.21138069262027637
0.050652876511398104
0.18404476867587277
0.15751195872765822
0.1610081277785664
0.13021534405307564
0.07906716574104876
0.024202865495217926
-0.09339707785953055
-0.26936469294408116
-0.3073732681476807
-0.20052686836855738
-0.040786042036291915
0.2216333472276242
0.32902646890496623
0.257761545108543
0.1734280814355404
0.009535665381562121
-0.0838548921619004
-0.08381950500043361
-0.11747176643689031
-0.14575248270301652
-0.1264534354583788
-0.06758410433701134
0.04209677180071223
0.21282427180766617
0.2549946549672259
0.1577165130732277
0.021361953632840092
-0.202706977596908
-0.28250740447713296
-0.1942238120383836
-0.08968201780411154
0.09196155919373246
0.16615270536688564
0.10706871005991722
0.05347405561471652
-0.04408766494983509
-0.0772790464383272
-0.02538711758900254
0.019221527043511426
0.08699189688595665
0.10825082488804227
0.06821276330546802
0.025056529874413102
-0.041821382588257225
-0.08053501118470843
-0.08184179680504741
-0.08807855962102325
-0.08471328984905457
-0.05886573626446802
-0.012382318349246803
0.061068098192157916
0.16536852937102037
0.1779561305852854
0.09012237651332797
-0.03587562200060287
-0.23282552231657103
-0.2836775387853768
-0.16771311221076773
-0.016650326705501556
0.22719468902373482
0.3133039307605667
0.21276534338781
0.0938169499052749
-0.11038957716208739
-0.1881273180603096
-0.10982829365904066
-0.03245182281810108
0.10107385272858459
0.1344438956727652
0.0414156089149882
-0.05639656529125497
-0.2026967482558242
-0.23520833385426734
-0.1292195340078999
0.0017638072893662272
0.20369871326690117
0.2649754963789367
0.15929529437684506
0.02664332381100801
-0.19086294878431986
-0.27286518888901534
-0.19160484199933853
-0.10133177745617518
0.05710824756531427
0.15812945088646357
0.1805162078086406
0.23394144912200612
0.28505872314346853
0.25418291468590437
0.14390649321374363
-0.03511119596063871
-0.30419877573250953
-0.4121867532028269
-0.3422745863882437
-0.2341958097815418
-0.02322044096308761
0.09963807880417444
0.11318076683989381
0.16400914814205092
0.20447599942526104
0.18956839729273123
0.12765940051531158
0.002085640571524592
-0.1989211360922788
-0.2509548255955821
-0.14192163390275808
0.009098287134390638
0.2592027358323818
0.31185846986814714
0.13623393600229414
-0.07843069650364427
-0.4108617936585833
-0.4930442064814564
-0.2802896635629179
-0.013559365372337213
0.40752486319696213
0.544834265328063
0.34492989637428473
0.1015577398147435
-0.30390535011911957
-0.4564468441244957
-0.30099686609565224
-0.1355226774480855
0.15176572442107267
0.285415411462398
0.21971437849407147
0.17932087764547613
0.08910120439470262
0.024501126301075763
0.011401935833276452
-0.04812187459072589
-0.1316648252850432
-0.1592550341351298
-0.13618291117351652
-0.0831948537028227
0.018037981315312132
0.07404512924204151
0.07959147149633518
0.0953612329790399
0.09921762681184736
0.06428530845821798
-0.008031984089433812
-0.12286969708279083
-0.28851898761556727
-0.31493379566867524
-0.18865824789249527
-0.008431941424740463
0.2762273090268661
0.38623677648772076
0.2945609833064946
0.177851372741613
-0.037154511119762416
-0.14040626845630272
-0.10371840779338584
-0.0890477065340654
-0.041390989638229826
-0.019606904289051794
-0.04255420596990315
-0.03748340512922173
-0.021655615734906652
-0.003422319308381774
0.026068126699642726
0.05772939299456007
0.09253602407225336
0.08368206102951102
0.024761833588368424
-0.06085807972973829
-0.18752114964584762
-0.2100794894448462
-0.11550820055328935
0.014080595126201986
0.21775185899235583
0.28156688149371756
0.18333203291581318
0.05848714109228271
-0.14994771610186658
-0.22392602129401942
-0.13649960035301542
-0.03967974818878185
0.12484852236908386
0.17022908635461212
0.069052186078005
-0.041165392980283315
-0.21167617401747182
-0.2624469806625841
-0.16683275075220116
-0.05323034643093131
0.12852478222845554
0.22176541446921708
0.20415618325558466
0.19306979517246162
0.14617453380706416
0.08653364891407496
0.024301150751621883
-0.08726096416299559
-0.24264493255843386
-0.2778086057678019
-0.18537955123467487
-0.040416436389117606
0.19986538260469358
0.2864499899001095
0.19737480504054747
0.08864983845719247
-0.10413204673145439
-0.19331949039514565
-0.15354351502358138
-0.12814544622127014
-0.06769320237721263
-0.021223289512880456
-0.0046643766682984275
0.045877683164386736
0.11640255966506154
0.13175472206193103
0.09341808106398336
0.026552571545075343
-0.08714857143519712
-0.12914649734477296
-0.09054923244994893
-0.043824447373550145
0.04107598223271324
0.08848997496633976
0.08783174473399406
0.10021180006339252
0.10602410235748345
0.09854872549832605
0.08258094553932456
0.045510063311788654
-0.014015456226525074
-0.07493745986731326
-0.13917891264348897
-0.21899788233430287
-0.31090324125475316
-0.28172673196119113
-0.11929977324962891
0.11603457032257038
0.4625508822898594
0.5365292800102788
0.30392148203001984
-0.0184814366379705
-0.533746842142796
-0.692847539833627
-0.4387593486700547
-0.12153373381460558
0.40471104095880767
0.6201288577045886
0.45876361328073584
0.29142501511727803
-0.020564538386021604
-0.17860712678766974
-0.12999459209734393
-0.1326657246149472
-0.10566151092795024
-0.08819324978230443
-0.1081114030298827
-0.08115020703626985
-0.02180397710517964
0.015506378791575008
0.039287912121079335
0.06507845259502629
0.08338456658055203
0.07544285048310319
0.03866088570524488
-0.025243920284088343
-0.12327758524846898
-0.1508601023150074
-0.10085977331336887
-0.030388569735083467
0.08777936783170845
0.14441584352116194
0.12810034656538147
0.11424151481370401
0.07467594394835593
0.04270211908171895
0.0263295171621079
-0.013662289155901387
-0.06868970233962503
-0.10153613394566133
-0.11411744375277391
-0.11805221389083474
-0.10478617860072463
-0.07074171881149584
-0.014021682542516317
0.07146551105444054
0.18882674730559676
0.20949928228557113
0.12381931270531216
-0.0033706894694058753
-0.20685717953263405
-0.2708577233034206
-0.17524233271398748
-0.05323114880417777
0.15192167387225847
0.2334570230057717
0.16598326922554751
0.09589511204383822
-0.031654804325383715
-0.09673574938992333
-0.07835416740162517
-0.07928996212138863
-0.06700328180472861
-0.041866289955962796
-0.013246999440431444
0.045620801618307096
0.13354166937657258
0.14591137327441214
0.07836433818529448
-0.01956271503872409
-0.17468183490360611
-0.21256344023890375
-0.11683913420416817
0.00653232098922461
0.2037150775558862
0.26437015931669616
0.1641825692481012
0.042280317128023014
-0.15780963864881
-0.23303673979702505
-0.15676945757797497
-0.07331061201090987
0.07208105490465162
0.14126171566101797
0.11194690251025101
0.09583377587558255
0.055446158476133794
0.008115468935700077
-0.03541597988167929
-0.11445849023858504
-0.2237899990335621
-0.22695813226988093
-0.11748097716493396
0.04330536063468561
0.2913315460503373
0.35279135945452883
0.2030729128346291
0.003719037083017863
-0.31789369127454564
-0.4211254887543113
-0.2681146809122759
-0.08279554155739337
0.22566477855701164
0.3571174245176135
0.27134795153247265
0.18784233734862998
0.026172874525619016
-0.06404230116748519
-0.053505722052280685
-0.08054598131856539
-0.1043887036871903
-0.10914877532217888
-0.10742219931250936
-0.07409238605769691
-0.007422823937879826
0.02914891577123565
0.036555198934084494
0.04759942409789439
0.04846055796701712
0.047491656735396195
0.046921887315643535
0.03186903322779175
0.0037818432571613387
-0.010984802444825307
-0.01296731141155081
-0.014505173183661726
-0.009709049171503448
-0.015904233714908476
-0.03500396793491229
-0.054028452918839426
-0.07732575718160468
-0.07490033009530135
-0.042588651626768365
0.002096799010450144
0.06794883164202786
0.10518289974801831
0.10896458412963904
0.11090747904225631
0.09793657350828008
0.07470110567174032
0.042875191173414616
-0.011086288984416822
-0.08691899652424594
-0.13180580204225315
-0.1438849845686528
-0.1491309055996443
-0.1343155441928982
-0.09535625509094721
-0.03149471348492925
0.06714363556618275
0.2037623257842986
0.2444827227635932
0.18015860121633123
0.07854561623163062
-0.0960355504382512
-0.1657999657448144
-0.11419636766799998
-0.05719706234723829
0.05096975843926908
0.08415980063013598
0.023697839359287327
-0.032459916058180965
-0.11818945043011621
-0.14220108989809985
-0.08777812645635229
-0.025949178919411044
0.06957870952887292
0.12494632392866997
0.12837568541471464
0.1375174187362681
0.13206279790128606
0.09981187994615544
0.04356895587304246
-0.04822501641018645
-0.17951960638421763
-0.22175992883090986
-0.16708224324111492
-0.08117525047401875
0.06959279623419269
0.13293019125058148
0.09426320367648224
0.05536461185512876
-0.022808455765175047
-0.056076688354039485
-0.03014198872024042
-0.017298278070812415
0.005003939258859771
0.013359611260958025
-0.0014174098675503745
-0.010156508168826303
-0.020627620421723177
-0.009039219359787739
0.03039280314695843
0.08006853917599466
0.1477969787112797
0.15716546756500688
0.10008761382575143
0.01979188896163007
-0.10497659806897902
-0.17653683059077285
-0.18519293249358917
-0.1962763173519394
-0.1845369705150839
-0.14146946671682245
-0.06969224585643737
0.04824684184479981
0.21620006691352298
0.285596445577363
0.24811941111462638
0.17956441886114932
0.04145805957030178
-0.04087082431009903
-0.05556869509842378
-0.09599161491514656
-0.13157393122682162
-0.13538583430280957
-0.11288589062817196
-0.05270451771427231
0.05218154698582484
