0.005712500549886229
0.005784419839038994
0.005692893849500048
0.005420487452449425
0.005134707064254856
0.004782708494025802
0.004430588933052162
0.004101236048841097
0.00372376659491946
0.0033200630311655596
0.00288857732881077
0.002422783830887036
0.0019426797565676324
0.0014471736607158127
0.0008228365484204891
6.268426483586919e-05
-0.0007799224440109018
-0.0017353681165583733
-0.0027347349675911517
-0.003773599510541514
-0.004912629677119285
-0.006137597274310907
-0.006972333113631553
-0.007376537743091972
-0.007564242590294756
-0.00740016205631896
-0.007173475329961607
-0.006895022645066838
-0.006297917094225569
-0.005435829850752983
-0.004629260770011648
-0.0038673838564800118
-0.0030261436118624386
-0.0021790409445786394
-0.001059066223804306
0.00035466902852365214
0.0018730035919541851
0.003559958226405867
0.0048324559430811586
0.005614849525072596
0.006230007087996603
0.006507272409944495
0.0067421742423425845
0.006954961671268703
0.0068441284019178416
0.006465303856490094
0.006312760092606105
0.006385388518760897
0.006477042432826921
0.006707189225069933
0.006701253743281004
0.006430892922061922
0.006178242401037556
0.005856516826962885
0.005353509326456338
0.0046860754199871
0.0038420297822479386
0.002794238837989009
0.0016697294186777813
0.0004634559149992733
-0.0009134514191227697
-0.002438604969616097
-0.004141063162954252
-0.006036229617467188
-0.008098417765234204
-0.010340896738887205
-0.012778256844443817
-0.015413065145649824
-0.018252902638923655
-0.02130472012598079
-0.02306574973446737
-0.023387519945406665
-0.022981895647939954
-0.021415911485691032
-0.01955769178404757
-0.017442675448800793
-0.014243663608275026
-0.010119520247052344
-0.006149808602125416
-0.002305661243687363
0.0018459029433767302
0.006055535975561927
0.011202613016235019
0.017358319128947104
0.023893527760366313
0.031019482911586363
0.03561446606532495
0.03730428991549124
0.037713868525204794
0.03593038557330787
0.03361351515958641
0.030852439069833593
0.025988907335524537
0.01932703683776396
0.013362233629623754
0.008063374284318234
0.0023946799245472723
-0.0030536761002290386
-0.010229402669626976
-0.019288596550399686
-0.028799258309827405
-0.039222660132044944
-0.04617971772979319
-0.04908793166248023
-0.05034811870625559
-0.04866703426619503
-0.04624913925569405
-0.04323096139910807
-0.03733588896116473
-0.028966834106426108
-0.02184050260032513
-0.01593640927261522
-0.009682605875346098
-0.0039675511025209905
0.00404719805527127
0.014589333367884974
0.025543730100569855
0.03757851781025102
0.04588616329420716
0.049769559703565794
0.051983093343799594
0.051093783336739494
0.0493993829012574
0.047060313812883045
0.041625267041480125
0.033512563038718225
0.02701803267477807
0.02214164424772258
0.017038270112824452
0.012743205214723927
0.006033082564849263
-0.0033514151248509125
-0.012982368580720237
-0.023615055350208743
-0.031003420775374563
-0.03447149746508995
-0.03657258904097285
-0.03602670915820073
-0.03473641176197208
-0.03285321938807239
-0.028260692254754066
-0.021302635194098064
-0.015995927431672784
-0.012362925943446039
-0.008649280922263945
-0.005830660873054499
-0.0009477588850496843
0.006239054720831649
0.013476336101910475
0.021454705127990813
0.02681343672947656
0.028978891204642195
0.030037667047233263
0.02896566924878521
0.027191029180531907
0.02483606603896145
0.02025143184960122
0.013690938066650669
0.008466617980920656
0.004606737406074552
0.0006439115233499695
-0.002615298363173237
-0.007585211132253668
-0.014464974398522446
-0.021407283360046797
-0.028976255617395957
-0.03395592718344223
-0.03582756585790797
-0.03651533690277727
-0.0350445618240596
-0.03285043565559659
-0.030041113520371823
-0.025007741601813623
-0.018004477424669388
-0.012082961570988326
-0.007255571217987721
-0.0021800628102882262
0.0024062687278165345
0.008759979623495577
0.01706908293881863
0.025624384434972423
0.034956763928123184
0.04110535740332938
0.043494062728508934
0.04437462732094008
0.04256272246152795
0.03995675801489949
0.03668232295642536
0.030710299096746822
0.022381925514290368
0.015233294045180873
0.009259131490557598
0.0029342976457898563
-0.002892796583811118
-0.01088609563178838
-0.021264330015968936
-0.03203018140423311
-0.043811648711545546
-0.0517050106241097
-0.05501303189333642
-0.05650416861087638
-0.05471796546675298
-0.052033384003246266
-0.048607479296047064
-0.04192161222395169
-0.03240678694033228
-0.024388913882941777
-0.017859234606435778
-0.010962940991406387
-0.00473838225949126
0.004080469076198678
0.015758698540676346
0.027847954835845994
0.04111653804304736
0.050343670876382314
0.05475501282293223
0.05737251095305686
0.05663527150411046
0.0550046379164211
0.05265647864728976
0.04694031820450166
0.038302827859701585
0.03147413550657701
0.026459879152933602
0.021219186873655368
0.01689366569309313
0.009948063676156622
9.690248896573482e-05
-0.009991336190162082
-0.021144755762073208
-0.02901273623932889
-0.03288375116965101
-0.03541412264107882
-0.035288182449872
-0.03441544327084529
-0.032955078585714774
-0.02875453327301272
-0.02215857053905584
-0.01735684056479025
-0.014380243578190795
-0.011391128037692162
-0.0094100075909318
-0.005368305235567771
0.0009822721353879768
0.007296177387529057
0.014288104207042221
0.01895203611141936
0.020739116032484566
0.02158628595338821
0.02056886752133586
0.018889083613555343
0.016661827043725732
0.012440307284196869
0.006436102472246083
0.0017422781693158436
-0.0016030020981544584
-0.004985877274174427
-0.007649193042829647
-0.011818727142613167
-0.017679134910816213
-0.023514310118793534
-0.029842951953626524
-0.0340413119483214
-0.035661877350257574
-0.03631594029319646
-0.035201403220513135
-0.0334405436938393
-0.031123177901286825
-0.026952856216154338
-0.02112552480664255
-0.01621557430603289
-0.012239917324222402
-0.008053444111344276
-0.004279668871117089
0.0009683884464275442
0.007850041699117287
0.014930037259770311
0.022652564749268946
0.028383262841137392
0.03170871069114578
0.03419490674172286
0.03504812817579882
0.035466942982600946
0.035542649114126815
0.033952698163320895
0.030912997676620414
0.02890048352978561
0.027926163110645556
0.02690984844459693
0.0264519275082773
0.024720476015151267
0.021566611631431656
0.018381499463377297
0.014736753530626558
0.01171775918394165
0.009575614846940379
0.007482093202467449
0.0057801536318125065
0.00415255308263005
0.0025412760914801844
0.001416259042539836
0.0007194998507911529
-0.0008861946941070371
-0.003442285296787317
-0.0063347569173137245
-0.009902120109551809
-0.013239247338593286
-0.016275567627413376
-0.019741625870569813
-0.023433839324831122
-0.02604261997972034
-0.027518903615045238
-0.028332064451343408
-0.028125420338182303
-0.027823061632192208
-0.02744619175438558
-0.026212955725130712
-0.024297986560137
-0.022358549369211982
-0.02034337735115475
-0.01803855735786035
-0.015585382590010643
-0.012364504229992612
-0.008330344675590977
-0.003893868512863437
0.0010959911347443643
0.004805977707396927
0.007020274054581599
0.00871880038851244
0.009371622717049092
0.009950881561038754
0.01051957268095649
0.010116373566975851
0.008926799707105047
0.008428920343367709
0.008613701451714988
0.008878604044371118
0.009579935637224672
0.009582375093401322
0.008802706432853509
0.008091534119975548
0.007186616618853399
0.006565904838343331
0.006363996856319215
0.006162383212969991
0.006116866453152517
0.006144587899632973
0.006214579201610373
0.006509596479740983
0.00701469438629135
0.007062092387286524
0.006624412588493799
0.006016609445407208
0.005067330022042695
0.004211420813712869
0.003483072478530319
0.002522775627514021
0.0014272200558245484
0.0005604374607693157
-8.431070880827326e-05
-0.0006110207619311929
-0.0009275960720846373
-0.0013304147021505012
-0.0018269629671126605
-0.0021895709747573283
-0.002478041389534676
-0.002815319034185044
-0.0031845955971956594
-0.003566023283535606
-0.003985238693251151
-0.004306281665333323
-0.004523433853342065
-0.004723544993999238
-0.00487530374853532
-0.005039085447381787
-0.005227365478633686
-0.005387350449381872
-0.005536230552863213
-0.005658490120283856
-0.005748089127490747
-0.005826797663326829
-0.005889846682869502
-0.005867524067411536
-0.005755768095205405
-0.005583652869824205
-0.005332064459176056
-0.005044197264759877
-0.004721571336422147
-0.004325528123268382
-0.0038642023343898597
-0.0035246543976660363
-0.003319995310829487
-0.0031669237285595706
-0.003117231643093916
-0.0030519282167403928
-0.002965521694094741
-0.0029634328136173725
-0.003022358050726995
-0.0030188764326882027
-0.0029563360030914533
-0.002879629799295641
-0.0027595676223976942
-0.002697991352408295
-0.0027014926693177204
-0.0026961183851691175
-0.002705263714025581
-0.0023193866077913764
-0.0014892172940907365
-0.0004236986349511903
0.000997659531664797
0.002557247290378952
0.004244993989760389
0.006279856768818192
0.008623081330192022
0.010954332337391102
0.013279540122560936
0.015733104935798898
0.018240530875116463
0.021055539370472956
0.024199762585497823
0.027489653411534015
0.03098645838703989
0.03295667382651639
0.03320626544360283
0.03259357671210707
0.03061245547419576
0.02821817657282599
0.025452434438115113
0.021375904890909254
0.01616057806210922
0.011126112537789456
0.0062446507403401035
0.0009713825084463272
-0.00438727187454403
-0.010886712484938894
-0.018615040600808746
-0.026811297432890353
-0.03572959626955364
-0.041934080146180254
-0.045006444954346074
-0.046751961864694803
-0.04616499990978013
-0.04505909500363824
-0.043534934158710244
-0.039773609510607745
-0.03410818797619574
-0.029317799730345522
-0.025372463528038864
-0.02111638758504538
-0.017209026688842374
-0.011491557979438767
-0.003792028567246054
0.004296533402875303
0.013283948683693593
0.019712347710239178
0.0230772648083543
0.02538464576923004
0.02560595743120456
0.025382077149469804
0.024835231095590247
0.022213175528039922
0.017818598813803384
0.014769901808829967
0.013074404799986599
0.011396489284079252
0.010492222398936072
0.008036873414145215
0.0038477456466340745
-0.00031271365562414867
-0.004985146266771814
-0.00815618522070633
-0.009440560155814506
-0.01018241517144524
-0.009760018735936418
-0.00893563294029472
-0.007792750971880883
-0.005382959584855998
-0.0018416503861320153
0.0006918342967015383
0.002182482997186161
0.003593420190160866
0.004396996276090212
0.0061125580986856835
0.00886433096300915
0.011469259273498024
0.014278681721236745
0.016106495675875826
0.016704582614323643
0.016885012347317867
0.01627304282026826
0.015281083324463
0.013954419310091096
0.01174068520182844
0.008707392709232134
0.006177584034967935
0.004172960574710792
0.0020830117748171176
0.00023180427992311128
-0.0023173455632121043
-0.00564641978412268
-0.009029792372082521
-0.012687583819906261
-0.015347157650444657
-0.016803123719113154
-0.01781472159978472
-0.01799581157885811
-0.0179172187317494
-0.017621168209618416
-0.01646882255878418
-0.014560996052030529
-0.01311140085290302
-0.012125061908739075
-0.01106782649501677
-0.0102329488571613
-0.008722756619731474
-0.006462379145231891
-0.004131682766906484
-0.0015194272166535454
0.00047701971678196453
0.0016983494060250207
0.002723371521446435
0.0032785989697828918
0.0037312806708857654
0.004118403569690447
0.0040079995977123145
0.0034672198688418736
0.0034167145501164883
0.003869978682631474
0.004419522640244748
0.005292647665661596
0.005830110234941033
0.005979914820139025
0.006254656771262665
0.00650282638292619
0.006647062519793125
0.006734503186405516
0.006690818775195862
0.006506555314022134
0.0063428270606215795
0.006192127230489349
0.005966744172830994
0.005698163828923494
0.005240709583119766
0.004572375113726877
0.0037834305511729917
0.0028311683705820622
0.001771097279631525
0.0006089030942600704
-0.0007214894965564044
-0.002210020203193972
