-0.0005880138249738795
-0.0009305020937251395
-0.00127498973953849
-0.001619407841547821
-0.0019895009310815564
-0.002378147217502822
-0.0026666114834565714
-0.0028457425763472356
-0.0029661456817317807
-0.002994149675785861
-0.0030041410053981287
-0.002998358340992976
-0.002909038714796267
-0.0027498180084240906
-0.002596766457462481
-0.002446570589644216
-0.0022701260902461763
-0.002084530289425521
-0.001824697639507838
-0.0014853569268799454
-0.0011117170719561835
-0.0006879398080570547
-0.00030450929581484604
2.5844611570151948e-05
0.00035810970063102125
0.0006660121419423136
0.0009926668775962187
0.0013423784073358824
0.001670380652406721
0.0019854160655345316
0.002371081695769154
0.0028285990032052115
0.00332338128655567
0.003876435932345908
0.004427379192716635
0.00497232335849979
0.005558815388822542
0.006173546557828947
0.006605824242001193
0.0068395404128633
0.006963948576278175
0.006919287699134962
0.006837902942469517
0.006723648753942451
0.006456052427778263
0.006059316811799167
0.005667659143688716
0.005275054632151653
0.004830170121126999
0.00436307854420442
0.003758553073588538
0.0030071966492082255
0.0021888206542776743
0.001275315843367357
0.00042820893573109994
-0.00032993189482700475
-0.0010972031342818163
-0.0018267773792124307
-0.002595923187724036
-0.003412387737024286
-0.0041962217504556785
-0.004963152358445688
-0.0058622089575483954
-0.006895612841546287
-0.008001861128142567
-0.009218451394267746
-0.010437790484927326
-0.011653025922400901
-0.012948979237982957
-0.014301992724270064
-0.01531791390569074
-0.015966176506977226
-0.016414663613162742
-0.016551481898996485
-0.01662328570592652
-0.01663737175890357
-0.016368739162851673
-0.015862487315683613
-0.01537132210428333
-0.014884146519440316
-0.014304037808204098
-0.013687708652602893
-0.012818803961506602
-0.011679678981341533
-0.010420436892675654
-0.00898833490104976
-0.007684215263153648
-0.006550290786759301
-0.0054035910124284724
-0.004331388785135431
-0.0031901266914462992
-0.0019653782355267212
-0.0008059439001926517
0.0003173750604991035
0.00168271295829105
0.003294241629862369
0.005037055098474093
0.00698113056105918
0.008925750092467467
0.010858097526247348
0.012936418854265618
0.01511656341185382
0.01680845042013495
0.017969997121221343
0.018846493567998626
0.019271499122962197
0.019622046855830626
0.01990894455678376
0.01979277679988949
0.01934296134980076
0.018926770056440497
0.01852680921743618
0.018004926083211206
0.017443279632622172
0.016524020312885888
0.015221704887102887
0.013755922086417197
0.012049311074801759
0.010563548060384098
0.009362508573313886
0.008168278863684597
0.0071147334454216326
0.005979658848383435
0.004741453401300952
0.0036295315362152533
0.002598962120124477
0.0012282237290855535
-0.000488286087397802
-0.0023766014690649708
-0.0045424139530346515
-0.006679983471882138
-0.008769538445858534
-0.01105110682251903
-0.013457148399530793
-0.015358907594479564
-0.0167196201135724
-0.017786168053377745
-0.01838337463423616
-0.018930289475112404
-0.019437754275025792
-0.019537971946964515
-0.01930885189946111
-0.019116011411954778
-0.01893876336086954
-0.018645431474396897
-0.018316889138025434
-0.017627981588945976
-0.016553447116992567
-0.01531511706502385
-0.01383385499427263
-0.012628152372394903
-0.01176735805466254
-0.01094532711068328
-0.010312018173876404
-0.009612942725734281
-0.008824676560624826
-0.008207116658322952
-0.00770910916943125
-0.0068686084755274065
-0.005680765584928443
-0.004335331931938459
-0.00271700771126914
-0.0011638494658276878
0.0003020585247089062
0.0019444466025180331
0.003688264880202288
0.005144891731785155
0.006304544905162595
0.007296201169124588
0.00801500498749574
0.008747839151643438
0.00950018872906396
0.010034695230921698
0.010405770112265811
0.010797900540260816
0.01119472607382059
0.011539752955598205
0.011872130318610117
0.01201251381783307
0.011948158933137944
0.011796537894212698
0.0115139262222345
0.011464756864019963
0.011693996301184364
0.011995568016457587
0.012474204028780685
0.012943244486501866
0.013387423818353963
0.013992864925849922
0.014722434904364652
0.015268731658099558
0.015630484789663977
0.01593231741111842
0.016098325834876033
0.016357895971606848
0.016726276163814797
0.017026970420013183
0.017311413555911988
0.017441371139726308
0.017383102212741496
0.0172379294100954
0.01696059714211866
0.01658788624788588
0.016124664645958863
0.015510064360715076
0.014748840419023839
0.014003798841398232
0.013277545568803032
0.012491769831362706
0.011685821390911589
0.010745354689284755
0.00965917770007449
0.008515091793120048
0.007285460554312901
0.005996368302256324
0.004658872098298677
0.0032395069319602564
0.0017471859216481144
0.00018470449038345595
-0.0014514523680220028
-0.0031550614827147456
-0.004926292238785344
-0.006822854612939076
-0.00884920001074012
-0.010978330896759205
-0.013226216185436401
-0.015559459560829672
-0.01797635668908727
-0.020507765099756395
-0.023147248008534967
-0.025208587693393122
-0.026626064036895918
-0.027717091398600357
-0.02828391763246035
-0.028728400382753528
-0.02906520521236126
-0.0289133237287129
-0.02834562149104434
-0.027844388909532575
-0.027394538542141366
-0.026802969873391154
-0.026179949748397033
-0.0251277764308132
-0.023613498525757542
-0.021918790791034468
-0.01994727647411178
-0.018174805350173226
-0.016672950823512545
-0.015142807670602451
-0.01372358436186099
-0.012198006995827715
-0.010542485522011211
-0.00898869823985761
-0.00749244507587025
-0.005595226449575997
-0.003288594723403975
-0.0007645792125487399
0.002092622476138033
0.004956045137317461
0.007804558837762157
0.010897635459586842
0.01416346793165747
0.016745402538349632
0.018586179673571325
0.020036812692409072
0.020856978688590717
0.021601662674585454
0.022286833945603792
0.02241767393737538
0.02209710714073763
0.02184750538526858
0.021643159891969962
0.021290771758354567
0.020907164699274398
0.020037412041705907
0.018645867465242875
0.017046415911310814
0.015128695613350862
0.013570097377463146
0.012463881984308397
0.011405017596481111
0.010590094338448323
0.009692059022950806
0.00867995262368693
0.007891339543453172
0.0072605365782398516
0.0061739976208945516
0.004624450335042343
0.00286538896258746
0.0007434928185061607
-0.0012944507219077171
-0.0032190667232220565
-0.005379758713113016
-0.007677361537045265
-0.009483315782618688
-0.010773104441433735
-0.01177102320632691
-0.012305155797272673
-0.012820678824070227
-0.01332720541848989
-0.013447561479225354
-0.013265475287974206
-0.013106558372200011
-0.012946635477627288
-0.012677817271233812
-0.012370472803804364
-0.01172028682395684
-0.010704669077327545
-0.009526422043786273
-0.00811134142377752
-0.007017935812090094
-0.006317266858968025
-0.0056879363827936355
-0.005290770945344615
-0.004844188066604991
-0.004323969717676709
-0.004013246035294333
-0.003855695540367823
-0.003369765630489593
-0.002552138016127573
-0.0015989035694262128
-0.0003905740095466609
0.0007164984286704634
0.0016988849711933648
0.0028324667321060954
0.004037734132689222
0.00498775503723502
0.005679902780948213
0.006210690472909382
0.006493115391642225
0.006781039773205687
0.0070779473370982775
0.0071790472494379825
0.007132512958681147
0.007073769552461206
0.006986899648857764
0.006835427592360286
0.006646755286759368
0.006279530347296795
0.005723859161970869
0.005068956380531046
0.00427994021241743
0.0036861922229733477
0.0033263125176360574
0.003017254824798862
0.00285305734601819
0.002660901957665727
0.002427021353662967
0.0023209202361133474
0.002308003621461707
0.0021169564318439544
0.0017470738231252193
0.0013069520952285257
0.000729608100162931
0.00021870969494373327
-0.0002125275761739391
-0.0007205529255179833
-0.001259837087935795
-0.0016958032909611532
-0.0020319454284570032
-0.0022987516071272494
-0.002461477875791036
-0.0026348404097961717
-0.0028195513059825926
-0.0029273126369194495
-0.0029800485690012406
-0.003018361639803079
-0.0030341796028375096
-0.003021257171116967
-0.0029867547246862016
-0.0028799595545614294
-0.0026976109295977473
-0.002469190621203622
-0.002181966052872331
-0.001990612449787494
-0.001911915538596088
-0.00186259300153947
-0.0018864830371427752
-0.001899672592646668
-0.0018959185899288292
-0.001955867274385683
-0.002062718244072578
-0.0020942072493556492
-0.0020505207031851947
-0.0019798066549988943
-0.0018520306443541204
-0.0017602212976250715
-0.00171034998524882
-0.0016314864972081702
-0.0015444703954243105
-0.00146783155046584
-0.0013957248186409772
-0.0013344063349592194
-0.00128734698775403
-0.0012269264919484715
-0.0011537688542767547
-0.001084527272168936
-0.0010136774438861487
-0.0009531822074234125
-0.0009058260711145014
-0.0008621738719449036
-0.0008259468056752552
-0.0007952918385706954
-0.0007696198587718794
-0.0007532352511750147
-0.0007458960457166746
-0.0007054360121162633
-0.0006285582083221976
-0.000535189577360365
-0.0004136521884117196
-0.0002894575661796437
-0.00016401388025390624
-1.4264273834767234e-05
0.00015473660086675185
0.0003149708126178862
0.0004670797002131399
0.00062136999024731
0.0007711702052922821
0.000939227719316407
0.0011270019548278623
0.0013178212817513222
0.0015168811266679145
0.0016827561184371666
0.0018095322213155436
0.0019204271917450146
0.0020030673185782995
0.0020773337441739783
0.0021444617294277264
0.002183205785258954
0.0021970957412859302
0.0022218213213638575
0.0022571617604033776
0.0022877080269488063
0.002321929879758643
0.002332625918922089
0.002317490830191586
0.0022966905640133487
0.0022637392476194088
0.00223898849626483
0.0022263892771419405
0.0022114349984546627
0.0022003009109391306
0.0021855162006907294
0.0021659430652928306
0.0021508155349903874
0.002138621895895528
0.002106405747763028
0.0020534819544573684
0.001989940677493517
0.001909915542324437
0.0018291122712898109
0.0017486028404863567
0.0016556465533035312
0.001553682673314978
0.0014602881617989465
0.0013757063128480953
0.001294054350438597
0.0012199581927721784
0.0011401555295587884
0.0010542792530199643
0.0009730218776705895
0.0008937642184033362
0.0008084972937187897
0.0007178878003987564
0.0006241255720529126
0.0005254473629453893
0.00042959997481674617
0.00033702059231345983
0.00024251004331489354
0.00014787620245818056
3.728931292420554e-05
-9.128839649673961e-05
-0.00022904513062294506
-0.0003805968977551096
-0.0005379978505501693
-0.0007006827273533994
-0.0008767718987403133
-0.0010647604750298897
-0.0012515049684900872
-0.0014370478859130893
-0.0016268512247834428
-0.0018177423717465621
-0.0020196971226990558
-0.0022334681867078716
-0.002451550465598732
-0.002676255362205707
-0.002850159943742704
-0.0029665995293187424
-0.0030541359200235707
-0.003095893609588584
-0.003123053820586747
-0.003136913158732567
-0.0031064218436398006
-0.003037100771618059
-0.0029730177019497723
-0.0029132002139959636
-0.0028392283781119164
-0.0027612769436170495
-0.0026440710332862366
-0.002484566888137583
-0.002308084745575481
-0.002106060030380916
-0.001915006134073322
-0.0017407650494272863
-0.0015594918261992673
-0.0013819205811360018
-0.0011920983269105552
-0.0009880796291952259
-0.0007873030665377476
-0.0005864692738688773
-0.00034865837589713445
-7.299455517462689e-05
0.00022494262396973046
0.0005545655299886995
0.0008899812794980305
0.0012295594154744674
0.0015941099564402645
0.001978008924942274
0.0022804870889134906
0.0024937316903195163
0.0026610474147166583
0.0027538876058766032
0.002835214623247904
0.0029070259490074865
0.0029119659370599685
0.0028616327322756345
0.0028210157009042804
0.0027874092212296056
0.0027359810360920024
0.0026814103532666147
0.0025683569361348653
0.0023924008146444476
0.002192152334246486
0.001954204139742355
0.0017546176131730514
0.0016042111821220322
0.0014567424715751893
0.0013343581771548456
0.0012010430850169017
0.0010532368616871142
0.0009285523656433313
0.0008197385719161562
0.0006564241105316429
0.0004376255398958909
0.00019258301951986283
-9.634389214113338e-05
-0.0003782619212319468
-0.000649829962313364
-0.0009510265220889977
-0.0012705850213899118
