0.004841225353738569
-0.09300239733559536
-0.06554356014663856
0.08088662869560963
0.10234581123317671
0.024277779629444343
-0.01694038029002668
-0.06153423578166543
-0.05823860391738704
0.014737647512811395
0.01815438530041534
-0.03735080933017895
-0.002195845014803102
0.10699570251466291
0.04728161201062389
-0.17334316959203297
-0.09245209684341715
0.2731456858215314
0.20208942204086577
-0.2592711435126591
-0.2580770800146614
0.1166076849524748
0.14844444608400575
-0.045536877954864864
-0.042421159122674065
0.06287029521025234
0.046393508887157625
-0.044928503410105916
-0.05983478713731291
-0.023229485156253716
-0.0007691799248006788
0.031207119072664213
0.04140460064932243
0.02051896390469145
-0.006780419105872906
-0.05095799764351229
-0.03069910946792181
0.06289543223429282
0.048356459519822925
-0.06557287711687533
-0.05362206440892493
0.06184736989166163
0.050888799899451796
-0.059276436256807286
-0.05229231425607186
0.04405343986101854
0.03539022592171884
-0.0521460791372291
-0.023118742609106416
0.10165002700526787
0.07059836237374466
-0.09797469520166685
-0.10449651584971274
0.020724747636395934
0.0430049867366577
0.0058444905233351364
0.017470447050100115
0.04655416623605819
0.02952221695714619
-0.025652668669340017
-0.06473653040735525
-0.09688831212217897
-0.03670714440094957
0.13496590462139404
0.1302596231330146
-0.04597629136607999
-0.05757105079631957
0.0529095070795342
-0.007318965339164575
-0.19807175589935422
-0.12460212445799629
0.19248748832736787
0.20722833433439938
-0.0356593113422048
-0.093081784061863
-0.04814583853959564
-0.012408913438701574
0.08169692793547556
0.06812189276510328
-0.06683059395785294
-0.08591071825733451
-0.01601754282296603
0.01275308732963326
0.03764317847612013
0.0456896501195653
0.0190386634737435
-0.0018665038112101629
-0.024971658298389026
-0.03668640917950196
-0.029611049770051235
-0.0050666382898199155
0.04448093999461673
0.04625655804982438
-0.0029641626394339426
-0.018464430557586918
-0.013447177247715807
-0.02486457760752008
-0.040415557039476566
-0.030682559385349997
0.003396995353305425
0.06849929267098197
0.17360128194913765
0.0923967386541178
-0.19145740243352366
-0.20669983208750684
0.022736850232869775
0.076575451943025
0.02945463537323461
0.03719424346090088
0.03931432966196172
0.0044327874523161165
-0.057996759880181645
-0.04724599752182192
0.04085274981051349
0.04990743089680828
-0.005089782347278695
-0.03068062304229355
-0.05240784089400635
-0.02358236333672918
0.07296040191919183
0.05753619593366245
-0.06662830763261172
-0.06654649269226426
0.03394941095184013
0.052696374705882884
0.022907808546881264
-0.006629040594166285
-0.06418562900127475
-0.03559238074493681
0.09000233383084077
0.06505113703235456
-0.09898639178752748
-0.07670804345376327
0.10291994467898322
0.08732733880041771
-0.08441776500293871
-0.0857769745358577
0.03883120578673726
0.043431936711330846
-0.029158639497854296
-0.02315346171012716
0.030805211093369343
0.01500765319560653
-0.05443396711011003
-0.011629819691706093
0.13522984439220678
0.09979426543014296
-0.10476992007411025
-0.13837508948794472
-0.03927171067986837
0.027345950149177276
0.11873901383993302
0.07088590337350079
-0.14857387083469356
-0.1186112428856338
0.14224202757808072
0.13596170340391858
-0.08257466890898611
-0.08477723968750056
0.0641023389166821
0.041642668250384415
-0.09971400133976153
-0.07555100425460043
0.07979993831751554
0.08793341579053048
-0.017129580466732765
-0.04775048631696558
-0.04494962053351596
0.0014755042325374306
0.12342156864314333
0.07658618264845972
-0.14500807180560962
-0.12958129421691286
0.0947254249740202
0.09219598418585442
-0.08274206401450389
-0.055788578643359385
0.11901009315757519
0.0887720736810686
-0.10606671921746573
-0.10226180396614369
0.059085464226122375
0.07470143902906419
-0.006236088939481858
-0.04159667285944739
-0.07573322616580475
-0.03968229543087133
0.09052193777537944
0.09378556179843932
-0.021660204460689298
-0.0378461791623366
0.011391598196125105
-0.006656769276360248
-0.06337880629189928
-0.03062294187517171
0.08230746123312871
0.0657469821323454
-0.0698987025990849
-0.06720028225688647
0.04698605510238426
0.04419515418566352
-0.04165801935394383
-0.04367876695353717
0.009280800590831514
0.04777793556610272
0.09662283107476625
0.06368169620634179
-0.06720110606867392
-0.11809955518192193
-0.10463750314771461
-0.020012547481115528
0.17677167417863912
0.12952628222446255
-0.1738392198545637
-0.16141577676524568
0.12065944590134696
0.1440682700548537
-0.011884449472460604
-0.04877418265055808
-0.04109342615168331
-0.023034990604793568
0.04682245294356291
0.04531113851695314
-0.029648621082923564
-0.04088912584321894
-0.008149786729953106
0.009329751277156002
0.03260599544364409
0.017794773057187095
-0.045150441211466004
-0.036949918454839484
0.037592875161764905
0.03288334099533698
-0.035780458315018214
-0.0380115095014221
0.007241582265934178
0.042381645174269254
0.08798107041194922
0.05655526770114079
-0.06620877384098206
-0.10791272999414285
-0.08258826022660763
-0.011554690709835422
0.14273075022496495
0.10756944526008116
-0.13032654690798576
-0.12289628322489834
0.09357206835410391
0.10685001985393318
-0.02101471845392829
-0.03900640507155245
-0.0032961671304109156
-0.005575929345211212
-0.013996708276976435
-0.00221122106700362
0.022331972538765094
0.008402855784823573
-0.04465823991525044
-0.04138810674824931
0.012938478540737534
0.04532620420403572
0.07202273615414183
0.02860101404266585
-0.10303896680524254
-0.07583294131724286
0.10798718788266605
0.1061024002044824
-0.04946854399058235
-0.09432894667242575
-0.0792064569333018
-0.015108143719869106
0.1435997576464403
0.10278293417705034
-0.1472314063208533
-0.12395901376148231
0.13627145177726757
0.12054839373285481
-0.10963689408972915
-0.10161964251243542
0.08060053317453905
0.07512005228516487
-0.06190580042181978
-0.06449849127273086
0.022203606226930333
0.045811124037201396
0.04214724469341601
0.011399581022842359
-0.07083887941056687
-0.05051906159430492
0.07599595006018137
0.06607349051528964
-0.06106241798997555
-0.06446619412841383
0.0236788528484516
0.027102470806507285
-0.022168030830686386
-0.016167014206717067
0.023519072575523547
0.004734083959931192
-0.06253617192924656
0.000938616830793034
0.19243765334254395
0.13056745152451688
-0.17470549821687173
-0.2078052135326345
-0.01717429980850117
0.05010992483162065
0.07589277135320548
0.07512129405108557
-0.0036521733165765405
-0.04121864411939887
-0.046689000704408644
-0.018389310475409537
0.0697560800863266
0.04820028594543393
-0.08558576988655764
-0.0573086045624223
0.11342446470446085
0.09165066601078295
-0.09140335194070852
-0.10093802238492051
0.020379799032842733
0.03903102072267298
0.002071393763775216
-0.004988516032841413
-0.014029297190700523
-0.02677832740433175
-0.03542554363177841
0.03180089285539205
0.18479145424894444
0.11008424818203007
-0.19843679878126064
-0.2014413325299792
0.06555162335617579
0.10468950375033988
-0.0044022611757473734
-0.012298676702973984
0.010688213064424181
0.00048312484889731283
-0.015925369410725348
-0.008196286935257452
0.020963323500048012
0.018862784804202982
-0.011706085777565843
-0.01317148770762193
0.007068130445600599
0.016908872479247106
0.02511752614523496
-0.009794473403504532
-0.09645064845471302
-0.061012089660192066
0.09825238362221982
0.09671587019569931
-0.045525290358728536
-0.07108769717061647
-0.02184211335772929
0.025004712606270574
0.1108065745760362
0.056512042880700455
-0.15632420960924426
-0.1217829235455658
0.14303399170617917
0.1209223676078514
-0.13800073679485667
-0.0970022209295836
0.18176383232808418
0.149589823492103
-0.13246666571171023
-0.1711417489131361
-0.03774065287166582
0.025241757472536375
0.09346271255251408
0.09144957046223413
-0.01677331678964322
-0.041601733338441395
-0.0017451393726649021
-0.011385104525588035
-0.04137138966320573
-0.023520848261703003
0.03289460460269474
0.03433154633395349
-0.013644325923281202
-0.038811228780965684
-0.057248429141074024
0.021004432947513
0.2165678116761813
0.13622719400840366
-0.22421563563986613
-0.2197378782965256
0.10421853350283491
0.14453835328079181
-0.005887358411744267
-0.06100437902327842
-0.10979604540763725
-0.072601061272985
0.09260865377828827
0.12616806672938227
0.04358997709413202
-0.02548035475091357
-0.12981477019451804
-0.061003550242205204
0.21169864733094512
0.16704293713732254
-0.1748240356173416
-0.20777352710295086
-0.0028442559913625437
0.05817164801287649
0.06654859774176805
0.05859375567742395
-0.02034929036477644
-0.04222936900785706
-0.010646998013865594
0.008528010017796378
0.039896385196580376
0.026873259711703377
-0.0409927383974703
-0.0489007994645159
-0.0057488094960449244
0.006525594308952113
0.006161583208430378
0.02683943331145742
0.05901620396879233
0.0295854666336617
-0.06412613493202327
-0.07154854697837768
0.0003293849727732282
0.021791304530415858
0.017646721127608126
0.017922313216034772
0.0031209866794973135
-0.009798377450809775
-0.020639219402560968
-0.005615932920365861
0.04169596503176995
0.03249635616565657
-0.03200448867583624
-0.04078757001389067
-0.006369093432457621
0.01687729224834464
0.04743906214352005
0.021752452241265124
-0.0720215903856385
-0.041653148116166036
0.10889791212960434
0.05708100843442296
-0.1791417594215746
-0.1335747052388867
0.1612792293431112
0.1621365135420088
-0.07375742322333187
-0.10547113414456602
-0.008984014216640789
0.038565562516430923
0.10202930504735175
0.06066911818768718
-0.11417976051471156
-0.1078112785542926
0.064906988886822
0.08465964879569131
-0.0028698144915079156
-0.048066833320405754
-0.0998036179500504
-0.05251668303704541
0.12088990104273893
0.12294503985199226
-0.03412942097435271
-0.05054736449668437
0.02925489783090999
-0.0017758678653505703
-0.1055726585105195
-0.05802207696488709
0.12548381331598346
0.095897501805825
-0.1268199325127081
-0.12438742715098641
0.058935727507878406
0.11437973039484663
0.10326444442787268
0.032681779573908304
-0.15038410136381158
-0.1327487126371696
0.09239948012732102
0.10464636770170205
-0.049913805100668916
-0.06300949433508927
0.0056674067527082515
0.007029012679404575
-0.019651681663573287
0.008785039498819324
0.07869752715739271
0.03476608998917956
-0.12162439982701889
-0.07099422683597606
0.17609970981498546
0.14050495839407026
-0.14336631953085355
-0.16137553635562
0.02402405394110831
0.06846668695964017
0.04680701861091004
0.01050433086339634
-0.09200104774622844
-0.0672639853475197
0.09311069770050652
0.10040494927650673
-0.018376206405772335
-0.028904235213731047
0.027675292254953805
-0.016741297895981562
-0.13589728421229802
-0.07502257848023407
0.15799639784012645
0.13648688878435825
-0.11523624779188114
-0.12181841278767777
0.059391973748351076
0.09139671044581234
0.04136774548405831
0.011003423971544033
-0.04816328679099516
-0.06901167142076732
-0.040634996046789544
-0.003006345375664631
0.06259393700197713
0.04572024170123473
-0.06503947535217544
-0.07679890237877267
-0.006357520617613802
0.07162069853905453
0.19349425211680765
0.10748111090604213
-0.2133321743587061
-0.2168550626143874
0.0693786736099844
0.12183615311260765
0.024679300374824666
-0.01787453317129427
-0.08504542175927235
-0.05502897638659112
0.1007329939076501
0.09536365392054488
-0.05382729944737471
-0.05588641406547767
0.049784056855442335
0.02176646831902608
-0.1047838674751844
-0.06979404486477486
0.10396886407035613
0.1023609951352547
-0.04530892870540389
