0.0033188523607840495
0.00339052869607864
0.0034632395311650233
0.0035370049364393725
0.0036116633813808212
0.0036872698902181544
0.0037503497850840803
0.00379950305539495
0.003841071591989539
0.0038711294143983104
0.003897354594406781
0.003920014324125886
0.003931672511006593
0.003933691046851936
0.003935797953729802
0.003937695999352667
0.003935396919226743
0.003931114321707434
0.003916864207733124
0.0038919539463529496
0.00386202358628267
0.003825119070546858
0.003790404661458107
0.0037592606874952933
0.0037258383145802997
0.0036928056067917214
0.003655987123234999
0.003614896284730702
0.003573963399430635
0.003532317510349778
0.0034809731815068413
0.003419730154959554
0.003352326328604456
0.0032764696416788114
0.003198501635685852
0.0031188079656086147
0.0030322987095167835
0.002940344766370528
0.002853092683603011
0.002770957547990138
0.002690117288998184
0.0026133267898582266
0.0025334712298901332
0.0024503355741567552
0.0023699271829873913
0.0022908711039657014
0.00220763790185543
0.0021205508302918584
0.0020314299859706068
0.0019390315199723737
0.0018483386111906052
0.0017596806129242593
0.0016696261702291329
0.0015793516674428528
0.0014801087744288578
0.0013707197906880457
0.0012561947121957173
0.0011339756913257273
0.0010083528858565373
0.0008796613723462218
0.0007434629742717233
0.0006005787068365173
0.00045855541722217156
0.0003174076257774388
0.0001739834779136504
3.0123264239562674e-05
-0.00011981701083104125
-0.00027625288308077024
-0.0004348879701416496
-0.0005970168487957207
-0.000738725667051283
-0.0008571042443071651
-0.000964280372044427
-0.0010531886947691593
-0.0011365300913354435
-0.001214853109149383
-0.001275324829515368
-0.001320177775506803
-0.0013681904271035568
-0.0014189915408243786
-0.0014646501417795862
-0.0015095126316773573
-0.0015386604987149039
-0.0015507934715576106
-0.001556657083237299
-0.0015526275797253066
-0.0015535083750333053
-0.0015617132994884058
-0.001567457363749167
-0.001575099221281967
-0.001578264596964953
-0.001576147304122949
-0.0015757733703806644
-0.0015758172139004852
-0.001561086568844145
-0.001531197019979906
-0.001492573934499435
-0.0014413334559680606
-0.0013880767605531
-0.001333466096824469
-0.0012689486319352036
-0.0011968191803836245
-0.0011370696607107512
-0.0010906960593760789
-0.001049893439652055
-0.0010201444734843986
-0.000987815397847467
-0.0009524845109824283
-0.0009258655355928934
-0.0009053483951083241
-0.0008795648100758658
-0.0008491250726493685
-0.0008179327207875243
-0.0007834260784711358
-0.0007556905514896463
-0.0007354271722872578
-0.0007156634494251966
-0.0006987950094165024
-0.000668251496237561
-0.0006217684254221532
-0.0005689741922562057
-0.0005050266644538555
-0.0004379763716356958
-0.00036848920435199057
-0.00028821033947258915
-0.00019869691240624718
-0.00011448635100802333
-3.564823607278003e-05
4.3885506273961045e-05
0.0001205469880701107
0.00020512180594183514
0.0002983855758878908
0.0003920681798458426
0.0004886244976891965
0.000571961492391506
0.0006395367458538301
0.0007006548577428415
0.0007504185783121099
0.0007961138980085064
0.0008381928910437812
0.0008684978428140642
0.0008882670622422667
0.0009121434590293453
0.0009400711338915005
0.0009655569249383932
0.0009920683462075529
0.0010085518915543483
0.0010140220127286973
0.0010166764782714092
0.0010138534010724557
0.0010135673108035339
0.001017381061766194
0.0010194805576260065
0.0010222862076098504
0.0010228654665019857
0.0010207365908146916
0.001019505581047872
0.0010185569236788716
0.0010086453712062748
0.0009894584208021942
0.0009650318162903245
0.0009329789497944929
0.0008995571394886569
0.0008651679004189288
0.0008246737240527707
0.000779421663057768
0.0007456080945950557
0.0007242445933951217
0.0007086504837992835
0.000703323910001053
0.0006976665813040347
0.0006913240699725221
0.0006936295788553403
0.0007025732458209308
0.0007083385844071658
0.0007113727355336617
0.0007152165943583841
0.0007176413601829837
0.000727139119816619
0.0007443274411266196
0.0007632766735064566
0.0007860101932154563
0.0007998895028129672
0.00080313144628608
0.0008032330667521185
0.0007964940546744241
0.0007889362334500857
0.0007810916901146796
0.0007666463520081527
0.0007467740936816028
0.0007328444310217555
0.0007249490366406286
0.0007183250766507947
0.0007157804137971629
0.0007089619724774288
0.0006972784956013097
0.0006871839906564647
0.0006767897224030634
0.0006660224732203355
0.0006555821694743895
0.0006441452893141425
0.0006318673549708045
0.0006203116576252595
0.0006093884458087467
0.000598489315343716
0.0005879464793387632
0.0005754118196267546
0.0005606581838153567
0.0005450596621034636
0.0005279842209830045
0.0005106136745697925
0.000493084505981026
0.00047427420770385407
0.00045444778269879724
0.0004359626302964031
0.0004189036916345598
0.00040233915540305234
0.0003868955493138233
0.0003709501353203481
0.00035443552684036637
0.00033870956571147953
0.0003234468440759812
0.0003074587367260816
0.00029081540040893413
0.0002738794427241239
0.0002563795421020614
0.00023938777405336215
0.00022296476928658268
0.00020636411467821138
0.00018983204928158827
0.00017000919733793407
0.00014648345596210552
0.0001210122802385677
9.260976295068162e-05
6.303050914379849e-05
3.2367250680812415e-05
-1.1544428538217107e-06
-3.7217100186417186e-05
-7.315690164131653e-05
-0.0001090124717955758
-0.00014589872908938686
-0.00018319003030347624
-0.00022297250662313019
-0.00026541883552601856
-0.0003090043913030326
-0.0003542275969338272
-0.0003992479500518197
-0.0004437401987849456
-0.0004889510733123786
-0.000534329632817611
-0.0005806162982173909
-0.0006279081021503151
-0.00067534508913442
-0.0007230766026492879
-0.0007730496477106308
-0.000825312851478102
-0.0008790238449562392
-0.0009346771186517351
-0.0009909176745299699
-0.0010476538188948605
-0.0011059734831266787
-0.0011655787043207966
-0.0012153516150410154
-0.0012542791015796432
-0.0012873535670618345
-0.0013113761890626316
-0.0013329791712219877
-0.0013523757233656613
-0.001363330478509102
-0.0013670379701299813
-0.0013710756176865335
-0.0013751639772279583
-0.0013762876650286336
-0.0013761591259106724
-0.0013684340336547593
-0.0013525766415592774
-0.0013330291360092253
-0.0013082408992477366
-0.0012861662363196414
-0.0012679619619756087
-0.001248665887216523
-0.0012305887429226183
-0.0012100212191520235
-0.0011865595484144898
-0.0011640914804236027
-0.0011418518642020384
-0.0011122588224878772
-0.0010751684063418406
-0.001033722419492945
-0.00098599845496407
-0.0009374025336876053
-0.0008882700873284515
-0.0008342967428818019
-0.0007766599833414164
-0.0007229090561043291
-0.0006732996136373839
-0.0006251039545590264
-0.0005803606251748869
-0.0005336577876558754
-0.0004848470412623957
-0.00043844690666874713
-0.0003934123227345458
-0.00034582292256405935
-0.0002959408265832383
-0.00024501358686648795
-0.00019217045288167977
-0.0001410263084087122
-9.181891071064778e-05
-4.209002155006979e-05
7.303016996737941e-06
6.3076465658416e-05
0.00012611184641168552
0.00019259319560155532
0.0002644765460704989
0.0003384232748333247
0.00041417459635470846
0.0004951500871889505
0.0005807068434117217
0.000665115350762337
0.000748367284688735
0.0008328393891076913
0.000917133506679649
0.0010055440552010333
0.0010983825035614616
0.0011923796873196614
0.0012885180274016588
0.0013703264010380392
0.0014357662754172665
0.0014932555763057553
0.0015379192943682394
0.001578430345483936
0.0016151705045836895
0.0016393288288188165
0.0016524266775443065
0.0016675066804848252
0.001684323034063014
0.0016973484151382426
0.0017096052093271675
0.0017107626777909748
0.001699918205926703
0.0016845243522551649
0.0016620722543332635
0.001642624849012414
0.0016278377192946566
0.0016110246773602126
0.001595151352641849
0.0015759151869693027
0.0015527638149899264
0.001530460093194968
0.0015081077759808755
0.0014753139221459356
0.0014318093061455367
0.001381995261067016
0.0013232123801419754
0.0012626983914923924
0.001200904763635389
0.0011319841310824422
0.0010575016570253243
0.000991313366138076
0.0009341173486755978
0.0008804851580766974
0.0008342180550202626
0.0007858847205671822
0.0007351905142414385
0.0006902458890622525
0.00064924477570865
0.000604278114153874
0.0005557650903218722
0.0005064269123090904
0.00045447932084478513
0.00040692579525478345
0.00036425281432047647
0.00032161303358687796
0.00028066901233559917
0.00022997264946184035
0.00016795534397966248
0.00010127382772720522
2.658125331066446e-05
-5.056862727758737e-05
-0.00012971635077677315
-0.00021663210663754785
-0.000310242602274902
-0.0004004940704330118
-0.0004873382890815073
-0.0005749749946504554
-0.0006609371492889202
-0.0007526828439115305
-0.0008507495144988977
-0.0009494191171205746
-0.0010503898689424153
-0.0011382647979953835
-0.0012108470848502392
-0.0012765670980782232
-0.001330795311917937
-0.0013810134643320224
-0.0014276169398522455
-0.001462603608397111
-0.0014872627300361759
-0.0015147815175291317
-0.0015450243640209155
-0.00157224784518262
-0.001599544864831511
-0.0016167513589005944
-0.001622966489521571
-0.001625635562047735
-0.0016223000161466985
-0.0016214277942082286
-0.0016245370385458242
-0.0016257437291057773
-0.00162757221911233
-0.0016266550733595544
-0.001622503380354262
-0.0016190267469058826
-0.0016155195143911975
-0.001602728109399045
-0.001580372662702054
-0.0015524313194398322
-0.0015165236709752466
-0.0014789960275294672
-0.0014402479310195177
-0.0013951053568552686
-0.0013449357420988743
-0.0013041431103173562
-0.0012735558303993832
-0.0012473487208043495
-0.0012295012551808797
-0.0012104332801725476
-0.0011898310915494038
-0.0011760465366326006
-0.0011672539352059487
-0.0011549219310578562
-0.0011394613625023906
-0.0011238922707184384
-0.0011062807921542778
-0.001094070301445934
-0.0010877907412442163
-0.001082258986891925
-0.0010792444365860002
-0.0010672368899942355
-0.0010446300218605385
-0.001018192377776637
-0.0009845545852557413
-0.0009492391518874045
-0.0009127191328596158
-0.0008692219103935366
-0.0008198184714793751
-0.0007747574937168049
-0.0007341058901029353
-0.0006935723929904503
-0.0006556798910445367
-0.0006128653426303945
-0.0005645875263245946
-0.0005166678592281634
-0.0004673897113225878
-0.0004199409098333929
-0.00037527991370549355
-0.00033067574010604476
-0.0002872098965912549
-0.000244419410180723
-0.00020215085133533711
-0.00016164934457893075
-0.00012287532303191187
-8.136410000329884e-05
-3.697604517066468e-05
8.101003632051275e-06
5.497670065072302e-05
0.00010066943515014596
0.00014489739730477562
0.00019003826913823658
0.00023539006395593035
0.0002810452501456979
0.00032726751578761033
0.0003734944521728601
0.00041981222744237357
0.0004666842022461838
0.0005140614571371138
0.0005617959698442758
0.0006099786493407891
0.0006575234854658491
0.0007043267365683434
0.0007509697303427411
0.0007971524367079103
0.0008434443630914744
0.0008898914398507422
0.0009359476371857307
0.0009817290265411865
0.0010326470352332402
0.0010891736917727035
0.0011488439431653385
0.0012131977900010499
0.001278986542476447
0.001346083806860438
0.0014175059431904074
0.0014926501611859735
0.0015678402346423813
0.0016431949580010827
0.0017201452267450884
0.0017978463020635188
0.0018793461521740924
0.0019648838942045773
0.00205229488378803
0.0021423095018810664
0.0022312155963881922
0.002318450937343289
0.002406324085748986
0.0024937434718688713
0.0025823963403447305
0.00267245603581636
0.0027621084659854127
0.0028516892248552305
0.002944733273592884
0.0030412945651991413
0.0031398811656070348
0.003241378105240778
0.0033432442813264586
0.0034453065394906297
0.0035495622622966094
0.0036554456215278242
0.0037479590248568843
0.003825788808287793
0.003895547827983404
0.003952931145308519
0.0040070053180951545
0.004058044366568829
0.004097585332220567
0.004127260669443512
0.004157094636109234
0.004186686839114649
0.004212076133084182
0.004235515691563831
0.004248539119190791
0.004250429564469135
0.004247082189445532
0.004236421776827459
0.004229404915927063
0.004227597825586191
0.004224207088581536
0.004222407157373326
0.0042170339918901475
0.004207531437972029
0.004199271343085944
0.0041911857424706605
0.004172916449012827
0.0041442706684241964
0.004109522501946983
0.004066044895522221
0.004021235922781084
0.00397554980601632
0.00392309753896056
0.0038654880721224034
