-0.017989970382317103
-0.018343538702542385
-0.01870152537695714
-0.019063975386673638
-0.019430653674372207
-0.01980166239975943
-0.020114914905408485
-0.020364014864684907
-0.020578073552571644
-0.020739014174053834
-0.0208823329702706
-0.021009252164740727
-0.0210854627887613
-0.02111726396216805
-0.021149288272128516
-0.02118014689185916
-0.021191571675587943
-0.02119370987138137
-0.02114986897358924
-0.02105686707614742
-0.02094059916345455
-0.020792081786415728
-0.02065372838060938
-0.020531904338599045
-0.020399584328284554
-0.020269110700373925
-0.020121112604535557
-0.019953341260123558
-0.01978631763844934
-0.019616001104942733
-0.019400893201376772
-0.019140075442450336
-0.018850798371006373
-0.01852247781104094
-0.01818441798176606
-0.0178383992937471
-0.017460907879253112
-0.017058278707577597
-0.01667701797503122
-0.01631900639842199
-0.01596676093844249
-0.015632902021428634
-0.015284771878660723
-0.014921385247196793
-0.014570292215598534
-0.014225178975203095
-0.013860761917122062
-0.013478526552712316
-0.013086775855500957
-0.012679823258099346
-0.01228047572681009
-0.011890236852261501
-0.011493406495651868
-0.01109536730677569
-0.010655938860411223
-0.010169716808289557
-0.0096596951304786
-0.009114125886498188
-0.008552723800346914
-0.007977024524592546
-0.007366637641308802
-0.0067253343831144485
-0.00608774740948398
-0.005453938697036113
-0.004809444706043736
-0.004162708122179978
-0.003487818661193205
-0.0027828669037991242
-0.0020675700467586633
-0.0013359830349322843
-0.0006883878224809778
-0.0001371634014140997
0.0003689288015490107
0.0008002234760203606
0.001209596785264744
0.0015993872952065416
0.0019159389264005722
0.0021685421459842
0.0024365966105773383
0.0027186181157142562
0.0029809911056331074
0.003242126650491465
0.0034391499838194797
0.003566584401496295
0.003669811776927614
0.0037335755245336117
0.0038193316488749386
0.003937192945280191
0.004046388511970558
0.004165040474228825
0.004266869585413581
0.004348525881741293
0.004439119403576215
0.004533191999438552
0.004567366805856109
0.004540025505687941
0.004478028633036269
0.004365174795739374
0.004245644372140026
0.004122210987159949
0.0039592217273492466
0.0037662464074943135
0.0036279388710857238
0.0035485891955968868
0.0034950534873299916
0.003490572515209815
0.0034775702811390297
0.0034542680573571814
0.0034702227998686017
0.003514426467099999
0.003538573228095633
0.003545243215040322
0.003551089497455579
0.0035452302052594665
0.003570474025962534
0.003629814825175739
0.003693657184219263
0.0037721796516458593
0.0037954800345407274
0.003753997593405488
0.003688413837446782
0.0035783075611071384
0.0034576194020661923
0.0033291769801340083
0.0031577586481040384
0.002949940636766178
0.002767155711086691
0.002609719984243312
0.00245200067140816
0.0023090885033436375
0.00213544919797624
0.001927821095465569
0.0017211526660657458
0.0015050920639047955
0.0013199497494245684
0.0011736321766898888
0.0010397930139937261
0.0009310700947186478
0.0008325403641031226
0.0007428428916746498
0.0006811399315653786
0.0006450196107413989
0.00059248476861329
0.000523153925246653
0.0004563428681359135
0.0003819211916078387
0.0003302530060795906
0.00030409110814332864
0.00028033390674973076
0.00026623181376443606
0.00024687759147137297
0.0002185131582784848
0.00019364352212976362
0.00016756101390986698
0.0001439983001731336
0.00012399237769940364
0.0001014846929744578
7.727440209752709e-05
7.190587934701171e-05
8.629642402900761e-05
0.00011109785273473342
0.00015167540433110648
0.00019468046881440833
0.00023921685603835988
0.0002964997388625362
0.0003636717584924286
0.0003929777323651247
0.0003809797743036353
0.0003481481180811084
0.00028109104440038037
0.00021006600307058815
0.00013613827624534805
3.2128741952002076e-05
-9.627430354834833e-05
-0.0002188121265811447
-0.0003367070675059911
-0.0004612336138308674
-0.0005854930451984927
-0.0007352310903358908
-0.0009123846036407121
-0.0010988658739536751
-0.001300828154924977
-0.0014827453999696034
-0.0016394814977143788
-0.0017924792988500723
-0.001931326284083531
-0.002072684933336335
-0.002218115243831603
-0.0023500083261621648
-0.0024716401607870783
-0.0026156396693667212
-0.0027823621156633075
-0.0029581109364352023
-0.00315098973284777
-0.0033372262256445625
-0.0035151664812147023
-0.003703304275869468
-0.0038962989537440493
-0.0040521711075459975
-0.004168669559697383
-0.004261613977038537
-0.004319318002466359
-0.004370218845173458
-0.0044149160612894645
-0.004428594459502265
-0.004416487480833265
-0.004401878209539594
-0.0043832090880341745
-0.004352192335239272
-0.0043138636768029585
-0.00424698110644832
-0.0041498318716263255
-0.00403663126763636
-0.003902133916555019
-0.003781616773147112
-0.003679631285192312
-0.003575384311102264
-0.0034789936262357296
-0.0033728318418938105
-0.0032552270409633047
-0.003143885033568708
-0.0030351915414996594
-0.0028978996501334395
-0.002731625466136873
-0.002549026588945728
-0.0023422485635437714
-0.002134077630768673
-0.001925915335171184
-0.0016998616145090196
-0.0014609089355311787
-0.0012303082141546873
-0.0010081334964662687
-0.0007878928568828422
-0.0005751558419907296
-0.0003532711272628251
-0.00012188215573971935
0.00010577581332954805
0.0003329622284878567
0.0005687136063637399
0.0008121198553405517
0.0010608818800786285
0.001316930781448981
0.00157112480480332
0.0018229370444124851
0.0020783492317440876
0.0023351989798979845
0.002614900019391783
0.002920078263075699
0.0032390008730613967
0.003577869938676169
0.00392565634684228
0.004281589079453923
0.0046567377607618435
0.005048991100374251
0.005440896967774565
0.005832527019643693
0.006231041373294964
0.006632221347289745
0.007049370239507526
0.007483464719931712
0.007924495616226244
0.008375530343950312
0.008752660293677725
0.009046233073314888
0.009297742159168742
0.009482538439839679
0.009646373357928046
0.009791102654735657
0.009871260775835545
0.009894936464513723
0.00992609689238744
0.00996326114431279
0.009979716447706283
0.009990198537565878
0.009943350376065644
0.009834722638356962
0.00970109318731492
0.009529970130905724
0.009374947358577971
0.009244537011223295
0.009103779037390536
0.008968400777630234
0.008814867662576798
0.008640304098823458
0.008470323632310681
0.00830003912911641
0.008075373656564876
0.007795032054532481
0.007481776819871477
0.007121806137497214
0.0067530332082971255
0.0063778195262005405
0.005965662325923773
0.0055247774447124655
0.0051220667741771605
0.004760647810018692
0.004414776307753543
0.004102740046004252
0.003778446580491159
0.003440497753921764
0.003128255818476882
0.0028328764309692987
0.0025169609460361686
0.0021826017088258233
0.001842460422157516
0.001488127741505635
0.001153011042786032
0.000839403707154807
0.0005242719770332771
0.0002155447481759874
-0.0001430232860632623
-0.0005590603242926938
-0.0010000426414759776
-0.0014823984564766564
-0.0019786789572409447
-0.0024866486873000387
-0.0030347267044876385
-0.0036176131154173727
-0.004186255392708737
-0.004740457188386891
-0.005300675499393995
-0.00585488943257799
-0.006439576817012711
-0.007057370430111385
-0.007680350525910669
-0.008316832500432218
-0.00886694879809193
-0.009317445493387502
-0.009721053495014963
-0.010047987469743133
-0.01034892008074688
-0.010626273335842297
-0.010827330268292521
-0.010960901477531778
-0.011109086247933556
-0.011270672047908221
-0.011410381842039578
-0.011547346433142694
-0.01161737661407631
-0.011614816931411887
-0.01158630171404348
-0.011516265444561549
-0.011462898357851007
-0.011436144290863898
-0.011396548988899602
-0.011361342710962875
-0.01130639682332864
-0.01122843592464416
-0.011154701293670929
-0.01108014767726392
-0.010943125920533606
-0.010741909833752932
-0.010502774732817098
-0.010209901487286158
-0.009905913632500603
-0.009593473308043247
-0.009237988779012756
-0.00884865602818461
-0.00851403966850403
-0.00823891189212324
-0.007988002845503805
-0.007785690130543649
-0.0075723703233014404
-0.007346129728443597
-0.007158560668971676
-0.006998270754342674
-0.006813737650270609
-0.006607556393711758
-0.006397705791882317
-0.006172528268962836
-0.005977289191487482
-0.005815165751304865
-0.005654718784666148
-0.005506695612033241
-0.005299108332760347
-0.005021996740168604
-0.00471744107521133
-0.004364376908045497
-0.0039975270962497806
-0.0036198072207143457
-0.0031950183993720662
-0.0027298764503499565
-0.0022880202234920365
-0.001869802220590428
-0.0014485969087405569
-0.001040039334539137
-0.0005970299907951279
-0.00011617952230146277
0.00036634400160156914
0.0008612540961008238
0.0013023178631049405
0.0016788303747741176
0.0020295191284401518
0.0023341639304757015
0.002622243356746877
0.002895639190983461
0.0031209563891748046
0.0033031763432624737
0.003503363231609454
0.0037213549227423297
0.003929952292829618
0.004143635250273075
0.004316490080357163
0.0044444059693697175
0.0045615030302065
0.004656725234409041
0.004762376314770229
0.00488486535200222
0.005000510528292383
0.005119089773311919
0.005229005926659115
0.005328288443878407
0.005431378669540703
0.005535833257990746
0.005603904488594085
0.005634276963780888
0.0056434676533699294
0.005621716941857912
0.00559448146239032
0.005563391663876713
0.005507494995679003
0.005432262315279137
0.005405784309974172
0.0054323827430720695
0.005483832338321123
0.00557905979933153
0.005673660899038221
0.005766134533723904
0.005895659031348627
0.006053815736406799
0.006199099279960262
0.0063333657101273914
0.006471636500949292
0.006604477113490719
0.006767706132461875
0.006963932027872419
0.007168112339256949
0.007388778661882734
0.007573056188338249
0.007713457969943302
0.007841396367242884
0.007941383269292125
0.008038557376541874
0.008135147034898047
0.008204755144682278
0.008252280381905544
0.008325383390793452
0.008424455731447752
0.00852951609103296
0.008652336454516742
0.008757919987126217
0.008843786913010769
0.008936984234332677
0.009029598301878211
0.009082849607258794
0.009095712085099439
0.009080622772556337
0.009027025822401759
0.008963482520555495
0.008890356692854809
0.008783818088468552
0.008649153921344889
0.008504095096001207
0.00834680889329753
0.008171758176822606
0.007982548646391623
0.007761420816364953
0.007506964350313529
0.00723047116156235
0.006927479327663243
0.00663418006225816
0.006354858963887231
0.00606883487246194
0.0057863781710722805
0.005488636260224456
0.00517391735534412
0.004860639971246742
0.00454491491828412
0.004196014509421656
0.003813650672695419
0.0034100212358108674
0.00297741218848422
0.002538477465290117
0.0020945604261341086
0.0016279363275592557
0.0011435518149300005
0.0006560277169210366
0.00016477604313862437
-0.0003336347193340666
-0.0008355610005780286
-0.0013538441169619832
-0.001888718191091812
-0.0024306186659703603
-0.0029821319834211946
-0.003547698544866552
-0.004126576200020852
-0.0047183392611243125
-0.005323886193348955
-0.005937904311854231
-0.006560205553784976
-0.007194099003238168
-0.007838367881272203
-0.008510149774556787
-0.009211435037470206
-0.009933255702237591
-0.010680579003349294
-0.011444332851704323
-0.012223990351427747
-0.013028567939045147
-0.01385637482000673
-0.014694188132523907
-0.0155421895079215
-0.016405799064896923
-0.01728188839200576
-0.018180804893639376
-0.019103359381768444
-0.0200419435812477
-0.020998997769721105
-0.02183038431535171
-0.022520560073292516
-0.023138760730133667
-0.023642895761277226
-0.02411381182205151
-0.024554546889494582
-0.024886140556941362
-0.025122958324117355
-0.025371345567514417
-0.02562841445560664
-0.025850319105997506
-0.026061415101869035
-0.026175262625016616
-0.02618441315509422
-0.026150341824295452
-0.026051981861248328
-0.025985019959383716
-0.025964205833508027
-0.02592803576914121
-0.025904484918860594
-0.025850624414162075
-0.025761402890753952
-0.025682901781858416
-0.025606218563139778
-0.025436598069910832
-0.02517191393731249
-0.02485183080148594
-0.024452208016433857
-0.02403982987276228
-0.02361883982638877
-0.023135670809575185
-0.02260481047920887
