-0.0019905450003384205
-0.00261889103475432
-0.003359054498695161
-0.00421945786128669
-0.0051273025506584635
-0.0061069283358799005
-0.006703329888453894
-0.006863504902004285
-0.006819226981004739
-0.006437507473983746
-0.005964113814954307
-0.005411124351526018
-0.004534679101373251
-0.0033794440122133424
-0.002301804172660054
-0.0012960127577769688
-0.00021443864935832136
0.0008592870837562241
0.0022062310629209626
0.003849335978293357
0.0055836815434400205
0.007476318306172697
0.008753467266751832
0.009317250320495823
0.00958129560622829
0.009318212515090058
0.0089285347334151
0.008435419101644305
0.007432183667704158
0.005992159174720272
0.004753762760717582
0.003711425770989864
0.0025975862631828738
0.0015641272397151449
0.00011847343344236562
-0.00177882305353444
-0.0037629711442635945
-0.005950217490183158
-0.007465946544103701
-0.008185836950154355
-0.008607376291635892
-0.008470678911687879
-0.008198660034517385
-0.007820573194087844
-0.006889059280385559
-0.005481527737132529
-0.00437165505150382
-0.0035589821606431915
-0.002712805050721413
-0.002019581299307998
-0.0008974557209576672
0.0006999814520948617
0.0023347003049968866
0.004142853094164862
0.00539645720397326
0.005977396756227222
0.006328336017439741
0.006229366194319692
0.006001662287694448
0.0056717002872968
0.004878715990468955
0.003680724911471103
0.0027743657738667667
0.0021643713980221734
0.0015455726943688379
0.0010874973371985844
0.00027901139143408633
-0.0009212637640736677
-0.0021231005292209146
-0.003445626910667727
-0.004384073694995233
-0.004846779570806944
-0.00515843996651891
-0.0051639720886342035
-0.005066210356395045
-0.004884521071875575
-0.004375743406032022
-0.0035757026807116694
-0.003002438725608469
-0.0026623335017325347
-0.0023235786926632455
-0.0021130338751221543
-0.0016578158988141624
-0.0009271123078498713
-0.00020849275352206225
0.0005848621151487526
0.0012414407402348586
0.0017096742447110912
0.0021527916790960366
0.0025027979290652945
0.0028170937192786615
0.003106259541839579
0.0032792239196271535
0.0033456337696242235
0.0035730915639235767
0.00396956368983168
0.004410161606280581
0.004962143100696595
0.005444050654365916
0.005840871724270045
0.0062980569379552575
0.006774167904501835
0.006984861403047472
0.006917378450203009
0.006674992357514473
0.006179324941900131
0.005626803466978015
0.0050213503846253775
0.004193909023512667
0.0031808539233710463
0.0021280815588726387
0.0010240751044124428
-0.00018088867737195188
-0.0014558647550828039
-0.0029380394275141924
-0.004638373362452665
-0.006466597188463464
-0.008456760156943126
-0.009848536328609967
-0.01055824601568058
-0.01096946162915377
-0.010862055392832907
-0.010655208702274455
-0.010370355487853623
-0.00959881170234525
-0.00841828854170153
-0.007411659284130191
-0.006569495066506496
-0.005654586504844324
-0.004804347602611672
-0.003558140015919777
-0.0018798944834992233
-0.00010651831030587979
0.001870878074418212
0.0032548670817962033
0.0039325489868910464
0.0043602291302587085
0.004301628007457895
0.00414193687497436
0.003908953730937081
0.0031962181494745857
0.0020750146271401914
0.0012514159371345963
0.0007259259618681503
0.0001979257672999128
-0.0001617416742192528
-0.0008822748620998842
-0.0020050788137202023
-0.0031301342765609566
-0.004380587302186915
-0.005135564710477282
-0.005290998410110316
-0.005229062283015834
-0.00476110421476139
-0.004154078456985095
-0.003430371096583659
-0.002284329708667129
-0.0007635260625384113
0.0005292098368430675
0.0015894737587334254
0.0026835221893393153
0.0036648253730563168
0.004974454089016999
0.006648782693322725
0.008351149985938264
0.01018473224080501
0.011312488533258846
0.011614266322040446
0.011558463898549125
0.0108945263039231
0.0100278124684353
0.0089831158060727
0.0073286161123896215
0.0051362790593404255
0.0031422240372438468
0.001343178568463348
-0.0005788654934380368
-0.002448542371800284
-0.004824952263302559
-0.007755053988150154
-0.010822842717660383
-0.014161173017919014
-0.01612844509380234
-0.016516830790554483
-0.01619545555449637
-0.014680504589654409
-0.012824226899385177
-0.010672844407646001
-0.007359591308563833
-0.0030386129695438046
0.0009419072462054619
0.004596490303591936
0.008492590998223276
0.012311326527557877
0.017098455332049775
0.022939722142120214
0.029065152955746635
0.03572330906923377
0.04015486323479796
0.04200534177766913
0.04275576873024086
0.041593212962786875
0.039935975186639446
0.037865871882288626
0.03393483546436714
0.028401249186326936
0.023557416458392346
0.019383891640282144
0.014915817499690856
0.010698205821778977
0.004964477116178833
-0.0024281311974697272
-0.010171630546926038
-0.01868368080961462
-0.0254938224166982
-0.030225340838806646
-0.03435215454435911
-0.03713679027097903
-0.03971614645927931
-0.0421830926808516
-0.04330196796062274
-0.043283794301034434
-0.04442827028582739
-0.04674983829436331
-0.04925807400540688
-0.052514582465914075
-0.054825523803048906
-0.05605946758195241
-0.057512065057870515
-0.058792033431539714
-0.05860136514960521
-0.05694098229639967
-0.05412881240785009
-0.049815710363005035
-0.04503556096345287
-0.0397849504750822
-0.033227376127801564
-0.025548975879723525
-0.017173271814750465
-0.008015025299680187
0.002029580428309586
0.012892385763058376
0.025093170737746785
0.0386796294425706
0.05336160849898983
0.06927922882938234
0.08068161529781903
0.08697747496048863
0.09098270655822457
0.09104189197648105
0.09041739777722851
0.08926420770022964
0.08445495093009406
0.07659582740111946
0.06995156432957617
0.06443603767905921
0.0583369293901109
0.05265401397443393
0.04397408231846531
0.03203134202967502
0.019304506126618434
0.0049849030158218895
-0.0057176541406712715
-0.012044487493154616
-0.017054317780146235
-0.019203904452250314
-0.020955254368969424
-0.022505416639952647
-0.021231822640593062
-0.017597094457169577
-0.01632453133459199
-0.017436974432131942
-0.018922805706841486
-0.021935271548497955
-0.02297670915692574
-0.021781151565825645
-0.021020103633902224
-0.01988798913140515
-0.019535172261238107
-0.020358366619955482
-0.02122680890382353
-0.022536258229063254
-0.024233017899287036
-0.02623807883749355
-0.028943127540572364
-0.0323465497916463
-0.034589258672271125
-0.035585300818761816
-0.03624200574427017
-0.03608175834592248
-0.036288094471005665
-0.03696120326775074
-0.03711468110375873
-0.037014427279538825
-0.036223077009148515
-0.03457495307648059
-0.03245787039411389
-0.029706703745079378
-0.026334317179736038
-0.02234911067997891
-0.017580297510511034
-0.012011104744415396
-0.0063470916461870735
-0.000603756836464386
0.005590211805598603
0.01206689067885278
0.019307571411334
0.027369549232194645
0.03588564866711313
0.04497814427301048
0.05147930043916485
0.05503235106177564
0.05721646430412896
0.05710703980568117
0.05645230437530394
0.05533179271609065
0.052029262282673
0.04686167646155105
0.04228383295410083
0.038251030902835735
0.033751173660758506
0.02935831930499664
0.02312266603608181
0.014884734466919602
0.00605991657584844
-0.0038180273320178332
-0.011165457702248093
-0.015489402439580852
-0.018827513719616263
-0.020123764306652827
-0.02113942441012938
-0.02200286145146705
-0.02088081221364273
-0.018103661976911763
-0.016820433127456097
-0.017034931794624772
-0.01741857746336638
-0.01873602807166541
-0.018627064189928103
-0.016912050008282588
-0.015380146430787186
-0.013485639318559329
-0.011925270201690097
-0.010953534562991214
-0.00984022041770083
-0.00882581026470117
-0.007912481822901598
-0.007044324780754654
-0.006439536373329434
-0.006100362053041302
-0.004832469537068604
-0.002572888901781103
9.739911969006344e-05
0.003489695250310729
0.006860018861287677
0.010149130729097839
0.01398988982448441
0.018219109312525735
0.02113948694240748
0.022658186970564976
0.02346026086886032
0.02307927521106098
0.02264542766742849
0.02219707657320201
0.02075300288712962
0.018529915857367386
0.01650220668681715
0.014620068867063702
0.012544551157521025
0.010495873299741549
0.007617575100904577
0.0038496516911519455
-0.00021340176923128338
-0.004774924366536213
-0.008452977381276944
-0.01105715116278752
-0.013392944593486495
-0.015056066409276278
-0.01671495067300504
-0.018425192877686493
-0.019490931905546738
-0.020041305374806435
-0.02129433717286108
-0.02325625627062018
-0.025417679299263155
-0.02807761007548498
-0.03033341491734815
-0.03212000070399914
-0.03412981065466138
-0.03615734716522813
-0.03698190207649116
-0.03655202308639505
-0.03528903267154615
-0.03285480428273441
-0.030108475258702888
-0.027061546501568723
-0.02297648529411402
-0.018009572087232865
-0.012775199864427447
-0.007219218373001282
-0.001131238430541369
0.005361608507768348
0.012849966252628476
0.021383678004683746
0.030581386314617345
0.04059223130589932
0.04761303584218609
0.05123262502076917
0.05335442008935605
0.05287901026869234
0.05192031542286048
0.05058433796076607
0.04681996087877124
0.041019395548142205
0.036075296689205824
0.031938155513415965
0.02743494206132059
0.023246790581375677
0.01708059818193379
0.008757217206107316
-4.8913166013912074e-05
-0.009880037248022328
-0.01708667841585292
-0.02114061681911283
-0.02416423712619667
-0.025075144206763936
-0.025608688257294697
-0.025897696247517293
-0.02409626717434747
-0.02052753932741801
-0.018475375197147044
-0.017949984272644895
-0.01755055794842205
-0.018075492698883214
-0.017081209694561634
-0.01437875258892917
-0.01182576672260434
-0.008856421390171341
-0.006472795123588553
-0.004968136318600354
-0.0034544560888218677
-0.0022628923402511613
-0.0012350826625360896
-0.00030778494791974397
0.00013731803896590758
0.00012623374884714468
0.0011041059154297285
0.003130275501071189
0.005517160610524017
0.008634730934030426
0.011542453461582447
0.014164224730890681
0.01727601813061814
0.02066727913280639
0.022813945267302904
0.02365339879384519
0.023752655278038493
0.02269682163393866
0.02154561496050039
0.020327787247584713
0.018142899329731187
0.015193080898576926
0.012268330678744478
0.009313783049430887
0.006069596013078332
0.002708810599815358
-0.001497479730159367
-0.006601082085997561
-0.01211074853715045
-0.018202131501685488
-0.022521120487849412
-0.02479005619887638
-0.026250229741830007
-0.026218248582822665
-0.025945122102188637
-0.025505559308353815
-0.02365807126196655
-0.02063724522016046
-0.018321737696079532
-0.016693621121209916
-0.01498192273448391
-0.013635256981932029
-0.011197964758760929
-0.0075588084745552234
-0.0037980513017145476
0.00042457492501109674
0.00357709710320145
0.005397741902340299
0.0068596229748971605
0.0074991796164610575
0.00795794381729503
0.008298711354017553
0.007780818235927488
0.006522618248920149
0.006045684654769107
0.0063690942967829164
0.006824344349390832
0.007786108802636247
0.008157814195870059
0.007853482626328115
0.00772253950773213
0.0075127694326965625
0.007261471115745802
0.007063145831354709
0.006715995141615518
0.006252013964424332
0.005843061711148681
0.005472770977434677
0.005086618703915486
0.004719376677618704
0.004011628909169449
0.002930152216220212
0.0016718691952876637
0.00013879980465422763
-0.0014808203171958335
-0.0031697421627244807
-0.005106217836694103
-0.007250420091744916
-0.008719726209593113
-0.00944981995712697
-0.009829635794822142
-0.009612910120624311
-0.009352070527836992
-0.009069756090728407
-0.008269575974946309
-0.007057105599391616
-0.005994425175583148
-0.005061290497516927
-0.0040498909029037505
-0.003089942508840727
-0.001708706394080873
0.00012776683521670303
0.0020835840185368213
0.004270281248174244
0.0058544190400941195
0.006721087502166674
0.007346187654407925
0.007484322465120219
0.007541661944680478
0.007548372172901775
0.007080167642128403
0.006213318754421558
0.005674463787923344
0.005464171889142492
0.005275836215759804
0.005285723436334737
0.004949027893772805
0.004224153399649052
0.0035237692552540084
0.0027217904744434736
