0.0023853752702234065
0.01905740686461795
0.016602900143888228
-0.008501459307583852
-0.03879264552828353
-0.08152309020832707
-0.0878770987294961
-0.05222588257247899
-0.0038612635128210445
0.07078267441472538
0.10207046166357259
0.08260717742569781
0.05734672062539267
0.00777358487842291
-0.02177244635691923
-0.025007431581607308
-0.038836273285609825
-0.05187767528789426
-0.045482517046259476
-0.02131154050923699
0.020887565349488234
0.08595260519061138
0.10320056810172944
0.06810954463258383
0.018957739715423732
-0.06251449497265138
-0.09963412726262347
-0.08438512712993887
-0.06889372026481899
-0.03326863836371973
-0.007070090753587508
0.0037389517480335703
0.0298330047925614
0.06358496483220882
0.07253013389282538
0.057314010153002956
0.0276072171340502
-0.024691523426335505
-0.04643650477083276
-0.03403320674022356
-0.02008018850772444
0.008664429013233287
0.01898307505175143
0.006022673390432035
-0.0034985037286050487
-0.018314395902883477
-0.02160236522900852
-0.009334562391042944
0.0035126470111189077
0.02201588730267033
0.028057588604018035
0.01864913364541522
0.006696685784033156
-0.013028530149586614
-0.019543010412131186
-0.010183293911361994
0.0005349724671099759
0.018287020324922174
0.020580519367284666
0.004384535284862403
-0.014857769779882797
-0.04333878304671273
-0.048741766249585296
-0.027076012471018002
0.001095303303280407
0.04471921802754308
0.059699972016883276
0.041012274328097585
0.01732599507759317
-0.0232416005178132
-0.03968233206789249
-0.026734797366234273
-0.014027952342483744
0.00935504437794598
0.01987981748925961
0.013274300405520596
0.009808377171267414
0.00302719915170274
-0.001140216495329956
-0.0002710408969822406
-0.002448267797066242
-0.005754510967521218
-0.008035645713859537
-0.010134128637012848
-0.011552854263789769
-0.012028196470775519
-0.01090976463641529
-0.00787945637733992
-0.003028322996573483
0.004010402264226588
0.011397258328225832
0.019141157323269205
0.0285666879737403
0.03931574443539546
0.03617931000564623
0.01775992738386157
-0.00905433569245436
-0.04863767907292192
-0.061740401556366044
-0.0449477819351627
-0.020886409624637527
0.02087982357508015
0.03772062198134007
0.025005034514654002
0.012018379928471323
-0.012353917384803015
-0.020361874311984912
-0.007479750166568374
0.003896304891335519
0.021321333193779525
0.02481303821373544
0.010544293675225552
-0.005830141372364346
-0.03014384178565525
-0.03584533825507559
-0.01930993119693934
0.0018839263832239066
0.03517973733634149
0.04438137412220233
0.025240232460617372
0.0013703158656880156
-0.03704000429202513
-0.04731606475456328
-0.024227342899939136
0.003614912464986341
0.04777779706284683
0.061744376718599656
0.03953210340527978
0.013031441213211412
-0.03041398592971058
-0.050858003070573685
-0.04272965398845968
-0.03577026487055591
-0.019231742056751187
-0.0060188735406617525
0.0005768441223065112
0.015706681035612763
0.035924512920595154
0.039649783910579606
0.02679782634296451
0.00503858758360262
-0.031103690969205032
-0.04407558991688964
-0.030985354366366402
-0.014567570403900843
0.014777610748506297
0.030440592820289047
0.028908137807376055
0.030911129531608184
0.029551050412483022
0.02404177248502547
0.01602621089110317
0.0002607182124217959
-0.0233954597483247
-0.03570323133919558
-0.036159068445157844
-0.034345053197620795
-0.025565684686237773
-0.014807463823858589
-0.0025725272613188006
0.017572084283526853
0.04481824574235502
0.04678850857927559
0.02147217486035253
-0.016109489172993666
-0.07468376072971043
-0.09384269338647676
-0.06822135194234981
-0.03427150012015158
0.0238718232198798
0.06432715299793147
0.08184536386132839
0.10997474345220623
0.13814689576379308
0.12247213301326178
0.061582052729029745
-0.03232926850545382
-0.17159465942204336
-0.2163819674945786
-0.15597151758919608
-0.06832581494943192
0.0833326578319255
0.14494976964344614
0.10025019862942046
0.054227488664687004
-0.0331502565941738
-0.07232047700753862
-0.048169133304331486
-0.03649966867121332
-0.013192695448298448
-0.0016445762052938833
-0.011092916940581591
-0.01092154694954848
-0.008706303601327072
0.006400482187997565
0.03936474065467054
0.07905118623929186
0.1298427171341662
0.1293763318123865
0.07083498920624709
-0.012271122337467225
-0.13768662365655748
-0.18456092498491683
-0.1414811250120905
-0.08173321549909926
0.02675931083562896
0.07922483076222979
0.063124354637817
0.05584304007982003
0.030257271659071147
0.01293723917461595
0.012296321044267441
-0.0064870848026292605
-0.03598728544712406
-0.043251362388230755
-0.03004094681095027
-0.0066088670690228335
0.03457745632863833
0.04795759905293968
0.03017866991570443
0.00935515574532933
-0.025975268394530578
-0.038762069137365095
-0.023990422387362268
-0.00872561895620725
0.016980719873958147
0.026446664749094163
0.015232189519664397
0.00428803743316735
-0.013794530523703387
-0.020841999451126313
-0.013531816116422176
-0.006693428149116431
0.004802856051757594
0.011999191043654494
0.012888851013133171
0.016046069481657075
0.018930084761036775
0.016956877012982638
0.010520307736275242
-0.0003050010319058641
-0.016690508249033446
-0.024805023095919795
-0.02385393550654318
-0.02155351466472431
-0.014415797070140159
-0.007252321716758297
-0.0006987249511365258
0.010535772488883212
0.025442911143005054
0.02902028231178788
0.020604692074031865
0.006682795713895932
-0.016714054920707835
-0.02566235233706787
-0.018172538226871034
-0.00916448517673576
0.007494411097032495
0.014295756101928627
0.00883799409498913
0.004573575422415255
-0.0031156321045001834
-0.007181345522246803
-0.005865839884285267
-0.00628880289170267
-0.006414317781340786
-0.002783527029454482
0.004202852026131466
0.014578200083554465
0.029182087017042585
0.030773376306920404
0.018047184647325267
-5.092161180300257e-05
-0.02814595778258276
-0.03971299329357536
-0.032208263620962206
-0.02229056951932919
-0.0029900963826394946
0.0077917517553469685
0.0076277695239293005
0.010968045821237758
0.013210688097755744
0.014061514369747397
0.014810633372318515
0.011924029731725667
0.0054794587357648895
0.0015707910540307623
-6.31539837484046e-05
-0.0024371213073035745
-0.004296040819829268
-0.007764009214772487
-0.013202215141029436
-0.018658981591195948
-0.024677993223752918
-0.02267610893258474
-0.011548644347350171
0.004279279940817113
0.027366799975735087
0.03655375044531391
0.02993017117706508
0.019889248294212746
0.0007946297547707358
-0.009388838693746333
-0.008635258001272883
-0.010384507413032804
-0.01008044048214855
-0.009636877719303275
-0.010332149825213518
-0.007585527509786217
-0.0019822777199865207
0.0011667192740085056
0.00220817935639131
0.0033614052903748657
0.003534702057664775
0.004209635163992823
0.005555060583865713
0.0060101927450981795
0.005876391668945063
0.004239870377145443
0.0007480465413426002
-0.004015967754635357
-0.010435911046324105
-0.011672313137871685
-0.00709255453403928
-0.00031494233151682915
0.010551319175378545
0.013844837166501391
0.008456983813564899
0.00160427254420399
-0.009789566670843774
-0.013361423526289296
-0.0076183088577633186
-0.0010400750031346925
0.009681189694057311
0.013032767319209304
0.007404330371531872
0.0010368064678565304
-0.009219840027236404
-0.01321387074298153
-0.009457476136100554
-0.005430931133419581
0.0016494061005716983
0.004410606431244065
0.0016498271429861789
-0.000785312298451514
-0.004920723316085335
-0.0033892023583934924
0.004998426839481003
0.015085158703279233
0.028993444440935316
0.030650406851817004
0.01821909270739312
0.001130031135123406
-0.025108347799197673
-0.03710859478838534
-0.03246211164627852
-0.026240423024522133
-0.012262087135086495
-0.0021798215243278942
0.0022121069983066367
0.01174188820773755
0.023513770360142197
0.026519269156067546
0.02093104242443861
0.009777939972612162
-0.009753478291256345
-0.017971923147454008
-0.01359689083577139
-0.008582307962613831
0.001970327811327482
0.006825013198117601
0.004321999541269273
0.0038588967288045225
0.0025273925639386057
0.0018158078505722355
0.0027805248671595125
0.002419326959506045
0.0013097229090893781
-0.0006643792155168961
-0.003979791556359945
-0.008147934114288845
-0.013396483971561148
-0.012614664490705378
-0.005085176298217203
0.005588309750194706
0.021429735792773356
0.024598023462433928
0.013432402710899252
-0.001792535161240593
-0.025881924598117913
-0.03241404799930351
-0.018601759005099007
-0.001140880405557041
0.02703613932250813
0.03540826160564807
0.020305868116813224
0.0022291979852533316
-0.02704776222503133
-0.03617992947658175
-0.021046133648992715
-0.0034833307241100156
0.0250324864859674
0.03481831149615173
0.021739517489701557
0.007092656773560269
-0.017229265655570796
-0.025354620799309814
-0.013455586261742244
-0.0006502079586728588
0.020166959195877566
0.02522347534754486
0.010933844732404059
-0.005458418305002697
-0.03057025490464312
-0.0364150266985247
-0.019209954697572647
0.0021707787969996637
0.035494331085659636
0.044205269240851906
0.023846110483136732
-0.0015845755999824777
-0.042063945596985314
-0.055288655647586775
-0.03606245674564517
-0.012996804495456038
0.02534397134926388
0.04265372159820531
0.033924318566296505
0.02611741362585003
0.009485528383056493
-0.0031592062768155717
-0.008718610317263306
-0.02144490838270597
-0.03788967462984811
-0.0357682015347097
-0.014678528055342114
0.017473005683363376
0.06651657510075594
0.07733820590731973
0.045388976502204255
0.002041486289055066
-0.06727369369892007
-0.0905944783258004
-0.060224979332429
-0.02285677085770967
0.04062544541100009
0.0655598521373198
0.04343882930982893
0.021161939333253266
-0.0185691106181248
-0.03502950321134136
-0.021118141326729747
-0.01059724061105209
0.007745170172401858
0.016628288579221634
0.011516333517526919
0.009856197167616185
0.006521226606175796
8.166699704817491e-05
-0.007844233068174533
-0.020831272915101166
-0.03896168080149459
-0.04050745543382898
-0.024208132114692128
-0.0005126844966262818
0.03631828113689405
0.05257638007046152
0.04518990795119118
0.03522638561425975
0.013903304415880443
0.0007900270770996539
-0.0013349960577939777
-0.00924783824046152
-0.01800082633989589
-0.023524131782921738
-0.027158849263543602
-0.027002408225020764
-0.02225370621711121
-0.014016457881953562
-0.0014749465648767602
0.016816599253609347
0.04119922406511255
0.044703046004196646
0.025189926328121316
-0.00399011864935192
-0.05023811654570171
-0.06488422266435585
-0.04349035955456244
-0.015768238587319034
0.031077953886188687
0.052511743516854725
0.04310982090365305
0.034935303065093425
0.01628104398794415
0.0018889372407418909
-0.004648803056319389
-0.020081990386096177
-0.040485907629054886
-0.04206413254114382
-0.024665892505327608
0.0033805809432346776
0.0481650776158571
0.06171264490093468
0.040227263392021546
0.011934567341427282
-0.03561327038083851
-0.05426127939654922
-0.0384028847279556
-0.021484414068949926
0.00919527255769175
0.0246265397488374
0.019935595028793426
0.019514345008391047
0.015534021193587075
0.009434675544394543
0.0035230076475660206
-0.009285982945560503
-0.02836182950706827
-0.03305359893723747
-0.02275898636373945
-0.006975167159014603
0.019490264977051145
0.025421764303273538
0.007929181219330693
-0.013698111081768508
-0.04764743518574066
-0.06276431404516722
-0.05522920757512733
-0.04677022510482152
-0.02907591532826777
0.009679425901343098
0.0695291795009145
0.15208524089486297
0.2612347849482469
0.261399109163401
0.14129393195270867
-0.03104659275528956
-0.29293834272798397
-0.3830476610264715
-0.2771770415056341
-0.1325759099845808
0.12001953761812333
0.22777757843480984
0.1611448998025485
0.09970910025151296
-0.02269251413808676
-0.0777661412250202
-0.040983927033629707
-0.02805302973891512
-0.00392118831997267
