0.023292907491445393
0.022342514658610764
0.020371545831722303
0.017276949426358146
0.014032010834753991
0.010327919915147017
0.007362370940321191
0.005351015075108341
0.003499357290727788
0.0021706419373796007
0.000888397035860993
-0.00040237408910206236
-0.0011360711892507008
-0.0014028959039596046
-0.0024485038034324394
-0.004296302853033992
-0.006397779246723141
-0.00906367292803474
-0.011413147452382302
-0.013379851755950047
-0.015657137884941358
-0.018045543455822856
-0.01975108595794363
-0.020769875954051366
-0.021330557240064225
-0.02122237186799043
-0.021062870084483622
-0.02085942454870067
-0.020114473592536
-0.018944680679612965
-0.017654566264361068
-0.016202668058726104
-0.014511184021790514
-0.01263931477847538
-0.01025676275221064
-0.007339544931720953
-0.004090868476565727
-0.0004279684980820205
0.0023384561483021666
0.004064752596472371
0.005433857562285049
0.006069984341669271
0.0066899630803132675
0.007338371115243312
0.0073207550784326
0.00677501118036975
0.0067233099753973204
0.007156604642843533
0.007665178738742878
0.008495002581043732
0.008853305089298588
0.008683332060501847
0.008576850287107921
0.008351158130436775
0.008133493593724464
0.00799627191699931
0.0077441970908261725
0.007425783729964096
0.007101431423717413
0.006753531272907429
0.006395277364155305
0.006037172830859505
0.005364251915799495
0.004352979045581919
0.0031611067604095347
0.0017035107444175839
0.00015997330177116128
-0.0014563454219503826
-0.003308778458526146
-0.0053600767169569765
-0.006742265097827632
-0.007390005252303747
-0.00768699415340428
-0.007390076851593056
-0.0070406608808118555
-0.006660506605513434
-0.0057609919262871555
-0.00444504002937305
-0.003275919225850853
-0.0022341354853163075
-0.001109225466820566
-3.127163188145324e-05
0.0014716064804855373
0.003433771155990216
0.005519545059991901
0.007840464133812357
0.009326033369802407
0.009837021895495618
0.009960238119781617
0.009381279922279207
0.008642298759746588
0.0077781184739993785
0.006233247321281513
0.004108107496627259
0.002300080478841124
0.000804464846681542
-0.0007551668014527417
-0.0021636958569385264
-0.004106261933042469
-0.00663659101034087
-0.00924291275731908
-0.01208563908635036
-0.013860194305414643
-0.014382584034130298
-0.014383646144256832
-0.01347480713259497
-0.012291406331570484
-0.0108739322130724
-0.008550628785656007
-0.005435930966481108
-0.0026678846049416538
-0.00024217321724234771
0.002329406319497436
0.004774813490410724
0.007957297805587368
0.011947815620985073
0.016102070599509424
0.020624043953358366
0.023407417603608194
0.02417410949548952
0.02406398082468114
0.022453824852558577
0.020412045629936856
0.018000387853265874
0.014117012692482767
0.008954992588045718
0.004286293723175797
9.693784164339339e-05
-0.00436432853883565
-0.00867647025696074
-0.014201615437879865
-0.021051386195664486
-0.028217173454797885
-0.03602185133866467
-0.04107351745392224
-0.04292916632155345
-0.04342154596635612
-0.041549268259146184
-0.03904106106230138
-0.035997879261391016
-0.030644533903320507
-0.02329513127951874
-0.016791877303590413
-0.011112755110125817
-0.005057061787218498
0.0006989928937118895
0.008340282146064743
0.018044126124155867
0.028191035110572617
0.039297709783732655
0.04689131768850352
0.050359663554308806
0.05218822007116377
0.0510517511749185
0.049167035475841815
0.04667602269153073
0.04126620597695867
0.0333418815046211
0.02676521682995898
0.021521661109014413
0.015968828400648484
0.011032211628688816
0.00377859117608867
-0.0060278597588180795
-0.01619427430859557
-0.027410323168418443
-0.03523213137966819
-0.03899085883870468
-0.04128608225861764
-0.04078809008879697
-0.03956831756586618
-0.03778062885592422
-0.03318078388914446
-0.026145891932585968
-0.0207424291813119
-0.016981081963553458
-0.013104784522087515
-0.01009772528415822
-0.004934057782664944
0.0026291367985929173
0.010300162163198696
0.018785864796857274
0.024592597206759714
0.027131704843953167
0.02856565879798439
0.027833040667708902
0.02643133774523561
0.024489330815630265
0.020290548027203807
0.014103330716129275
0.00934782195648766
0.006053155515822755
0.002709765042085116
0.0001513836778459373
-0.004116285604928549
-0.01029692762048512
-0.01648063621954177
-0.023248875861329663
-0.027969416561625753
-0.03017613850869244
-0.031532205083387714
-0.03123075184035519
-0.030357010439635682
-0.029007971336713644
-0.025902871207005553
-0.021232743179491795
-0.01765174020368333
-0.01518691659285911
-0.012653823016987049
-0.010699874654961949
-0.007401543840919439
-0.00259880883587934
0.002232372193820476
0.007541563582219183
0.01180259483981095
0.014707783583798836
0.01730570338532745
0.019121033928595838
0.02070359551069712
0.022119109445928587
0.02265838646652812
0.022418400963104768
0.02309168858114808
0.024711700847247105
0.026510617201107124
0.02890809881259402
0.030714960810530826
0.03183412956298159
0.03319835041071486
0.034533726039457584
0.03477468976822834
0.033912737843036986
0.03224645734207221
0.0294899906704364
0.026464888924552916
0.023176114368214585
0.018954089049783074
0.0139502114907484
0.008556679219371501
0.002712463282364326
-0.00368621790016185
-0.010567785452222068
-0.018372593657753122
-0.0271370875495096
-0.03659981022939223
-0.04687496577325397
-0.053859942215193184
-0.057125862217678756
-0.05869060212191082
-0.05737076686861578
-0.055478369320962284
-0.053123220177649914
-0.048078621681504376
-0.04077263284962488
-0.03426275700227893
-0.02848778199820137
-0.02221455832857766
-0.016159285078931333
-0.007877640332366003
0.0028225061776481755
0.014166684357342418
0.026735086153963642
0.03558565256441003
0.04005127407892814
0.0428901372025644
0.04264494939054657
0.041773685318332074
0.040441839580088804
0.03610163565041917
0.029208219136373705
0.024015669804315444
0.020513812554940475
0.016906423675872015
0.014218019698342967
0.009228166690097113
0.0016849644520846108
-0.005992356716948532
-0.014555410918311676
-0.02045645773625484
-0.023091417034424785
-0.024682856468316625
-0.02415361925853025
-0.023003984460240493
-0.021370205760152427
-0.01752211776340187
-0.011730974131555447
-0.007495982447767098
-0.0048525751935034655
-0.0022570253911409384
-0.0005654725206353487
0.002761373999983964
0.007928351522074972
0.012982596775313361
0.018513410500067218
0.022379299875129967
0.024157120114145256
0.025283781841954952
0.025091769938554376
0.024371323479149287
0.02320700409769087
0.020591069833471507
0.016659162952440736
0.013724615201946342
0.011823883472768875
0.009904675923962863
0.008535144925567974
0.00607122042706415
0.002373973293844369
-0.0012813155385944818
-0.005278029042022838
-0.00853091201693589
-0.010795287682216093
-0.01286242343017962
-0.014387184409340162
-0.015709049116659587
-0.016877000435917347
-0.017404239465112457
-0.01734802323271983
-0.018005818562719794
-0.01940942272753497
-0.020958484015181966
-0.02297622111485418
-0.024566664658057347
-0.025654856138334205
-0.026949737717636355
-0.0282448682932758
-0.028595599987230408
-0.027982535713279702
-0.026697364272946382
-0.024484354380637195
-0.022045120878911896
-0.019387025157307895
-0.015927891713675483
-0.011797199290051687
-0.007386795508811059
-0.0026477611525046957
0.002535793569860656
0.008087736059746588
0.014419123404823158
0.02156363005072649
0.029267737960234182
0.03763645397775392
0.04325998415031511
0.04577761971581928
0.04687352365155573
0.045562905569232155
0.043758599636154145
0.04155204988049422
0.03709545589328625
0.030742474267716934
0.02504798629461838
0.01996213509009604
0.014451634462805915
0.009115205668402604
0.0019137990379935182
-0.007313370841107919
-0.017085016505588725
-0.02788526033099601
-0.03546991116443701
-0.039269765314901776
-0.04164259864580289
-0.041337239696136105
-0.04047359816279652
-0.03919202297962836
-0.03529983236330044
-0.029188955720006196
-0.024496552842479112
-0.021211424834126594
-0.017798779492199178
-0.01513335972405026
-0.01045608213112265
-0.003550459169029777
0.003514163073144795
0.0113825879492539
0.017157526492633614
0.020337528721931245
0.02276186864578365
0.02355016133161206
0.023908707669929325
0.023952844097249775
0.022279520361997204
0.019108252210277222
0.01733554117860836
0.016996145098737155
0.016811073444726224
0.017491749740926796
0.016948191000986983
0.01501356136088924
0.013302764470863518
0.011332866024064222
0.009569748390940856
0.008231618398172635
0.006745671326705763
0.005285972752287539
0.003949436052888556
0.0026945429541325805
0.0016348060567394438
0.0007934441936716422
-0.0008025217315268356
-0.0032100422714607425
-0.005939693608329965
-0.009245661046703567
-0.012536921505710856
-0.015762831482306807
-0.019431367931060567
-0.023411705438295037
-0.025882378322414832
-0.02672156389521595
-0.026693316763137288
-0.025289434752591683
-0.023677829285801963
-0.021897764114108615
-0.01890844628841462
-0.014929635635039459
-0.011065877306407217
-0.00726581872077223
-0.003124957439330345
0.0011074367018879816
0.0063863089015479884
0.012783706674718818
0.019635474154548086
0.02717096038936152
0.03227841261536279
0.03458520092481729
0.03572746658293171
0.03479806771091123
0.03344505699389796
0.03176287984381353
0.028107055147583854
0.0227831175365523
0.01828589776860686
0.014589129323707147
0.010661835396788971
0.007097357386722564
0.0019584323124586774
-0.00490658300779825
-0.012065377766615688
-0.019973573806982087
-0.02556238194344855
-0.028380658501989238
-0.030209468287367404
-0.030134277595702585
-0.029604145452261588
-0.028725892287203316
-0.025945295630753675
-0.021528033853961168
-0.018243263610126143
-0.016096131863751414
-0.013896984786051178
-0.012315926669593373
-0.009286733816267509
-0.0046451680947727095
4.5071636565374566e-05
0.005265939311685218
0.009181085995479728
0.011444937066371662
0.013276441453503034
0.014110616478526402
0.014654883011517785
0.01498613438045415
0.014236131627913538
0.012531969280415467
0.011811746443171421
0.012107232390239852
0.012549927611334853
0.013618494693657805
0.013935530168575037
0.013389895704984675
0.013055130134547361
0.012613681104431347
0.011853943512799989
0.01086929397701847
0.009526543485936494
0.007791225970156863
0.006027571590419269
0.004220318420103271
0.002158677110935454
-8.708670565738035e-05
-0.00279126452254368
-0.00600189285470881
-0.009543102128200552
-0.013497957752360285
-0.017777284068182422
-0.02237211389664799
-0.02740311775812798
-0.03285638841962032
-0.036144664567520586
-0.03702716779765135
-0.03671259854348054
-0.034461070592735434
-0.03179305344968484
-0.028771319013478517
-0.023966337513855355
-0.017659581050807963
-0.011661098815138595
-0.005919302522881941
0.00027989019633225805
0.006518310699618834
0.014279465225856205
0.023680399205119777
0.03366084842860177
0.04457567017443745
0.051721784210083506
0.05452521266761492
0.055461776158278034
0.05315495823663701
0.050080154006535045
0.046375734396685714
0.03955563431117035
0.030074488125388814
0.021731863903743983
0.014486588303979326
0.006757890247870749
-0.0005528372535515576
-0.01039667826365431
-0.02300897053488763
-0.03621229839930544
-0.05070376782765438
-0.060472038111264614
-0.06469548335369142
-0.06671687133379081
-0.06475614832046574
-0.06179160554146497
-0.05801521811176813
-0.0503212239747907
-0.03925366142289331
-0.029996517828032945
-0.02253060508453905
-0.014653014910621816
-0.007606409869703813
0.0025455070758600646
0.016118490473581965
0.0301687816526817
0.045621355876306446
0.05628396836183837
0.06123489339889281
0.06406868644499734
0.06293381624874639
0.060739761541026026
0.0576967296012481
0.05066627399910058
0.04017686110086241
0.03184830113379507
0.025689047722600073
0.019273552118221942
0.013958959771708855
0.005549426445624965
-0.006293456167942294
-0.01840018445219991
-0.031753015467822596
