step, usd->oil, oil->usd
Band: usd 0 oil 0
Linear p-values:
1, 9.859230993589585e-17, 0.001475973645914459
2, 0.7844959556321426, 1.4162334552141302e-06
3, 0.7948726189865389, 0.028300880072713242
4, 0.9194120870756468, 0.02475379385433318
5, 0.9058001384558251, 0.15170297530647445
6, 0.9625879283737394, 0.015108888180902698
Nonlinear p-values:
1, 0.01275, 0.03344
2, 0.01351, 0.03308
3, 0.01425, 0.03211
4, 0.01485, 0.03198
5, 0.01566, 0.03266
6, 0.01665, 0.03314
Band: usd 0 oil 1
Linear p-values:
1, 0.31621908081368105, 0.44056099643202074
2, 0.6017000684404074, 0.6402108181810866
3, 0.8060149835559786, 0.9526768910144886
4, 0.8159892372178015, 0.9769746098126825
5, 0.7830021692374418, 0.9937628073807685
6, 0.6135246971835295, 0.9891502804268161
Nonlinear p-values:
1, 0.0356, 0.63091
2, 0.03872, 0.464
3, 0.04161, 0.52374
4, 0.0485, 0.58024
5, 0.0577, 0.64554
6, 0.06074, 0.70065
Band: usd 0 oil 2
Linear p-values:
1, 0.35820232696271237, 0.04672974158096899
2, 0.7007447154245959, 0.01228952224532788
3, 0.867782424179496, 0.09884197839278448
4, 0.7041189625513156, 0.1255285104691835
5, 0.7348294907225825, 0.1300714278576139
6, 0.4384738798436204, 0.06680217534356322
Nonlinear p-values:
1, 0.01081, 0.93674
2, 0.01015, 0.96742
3, 0.00993, 0.98481
4, 0.01081, 0.99087
5, 0.0137, 0.99313
6, 0.02069, 0.97755
Band: usd 0 oil 3
Linear p-values:
1, 0.4196649762561614, 0.178192470453348
2, 0.9083783864378119, 0.8197952917167112
3, 0.9968174161234281, 0.9823811635553963
4, 0.998673945054032, 0.9816527779480007
5, 0.9971609320851346, 0.9554252683782095
6, 0.9956336253922187, 0.9439511379139353
Nonlinear p-values:
1, 0.01102, 0.15979
2, 0.01344, 0.20285
3, 0.02895, 0.23303
4, 0.05189, 0.29248
5, 0.07077, 0.17912
6, 0.07289, 0.24767
Band: usd 0 oil 4
Linear p-values:
1, 0.9865312441590834, 0.778624256339912
2, 0.9476653360448773, 0.8572221661416796
3, 0.9964960657060707, 0.8092773694640674
4, 0.9545129493194745, 0.7016790196130414
5, 0.9768812507561455, 0.7163818696922308
6, 0.818138322111744, 0.6922189458090329
Nonlinear p-values:
1, 5e-05, 0.14925
2, 0.00044, 0.10124
3, 0.00287, 0.08767
4, 0.00674, 0.0829
5, 0.00766, 0.09967
6, 0.0088, 0.13947
Band: usd 0 oil 5
Linear p-values:
1, 0.9983623198941066, 0.9361642228176962
2, 0.8898904254484441, 0.1724345123156309
3, 0.019804211655468706, 0.004249323132423379
4, 0.5616222302359902, 0.0010281819247650841
5, 0.08263502728442175, 0.0003555084106744952
6, 0.011048868625281646, 0.0007308670813180239
Nonlinear p-values:
1, 0.00117, 0.12636
2, 0.00277, 0.05937
3, 0.01352, 0.05448
4, 0.03029, 0.04579
5, 0.05628, 0.05327
6, 0.05694, 0.06164
Band: usd 0 oil 6
Linear p-values:
1, 0.9901536274300656, 0.9670682490778194
2, 0.9599359328345124, 0.8386183928163207
3, 0.8872003698516149, 0.7872865618650896
4, 0.8719828263691721, 0.7082768851435519
5, 0.09524033484635293, 0.7221959018218381
6, 0.02410449305491922, 0.5536534421124282
Nonlinear p-values:
1, 0.0, 0.03002
2, 0.0001, 0.02626
3, 0.0014, 0.02668
4, 0.00246, 0.02705
5, 0.00312, 0.03728
6, 0.00424, 0.04513
Band: usd 1 oil 0
Linear p-values:
1, 0.019607947959191897, 0.04424163213454124
2, 0.0032459844809678683, 0.42837026997505145
3, 0.1986642191414139, 0.7914462542340359
4, 0.2264483678498311, 0.88248832774421
5, 0.3857253083387246, 0.9239468107501796
6, 0.19301573472876543, 0.9447858610224154
Nonlinear p-values:
1, 0.09861, 0.43925
2, 0.10915, 0.40312
3, 0.11217, 0.39749
4, 0.11258, 0.3668
5, 0.11764, 0.30884
6, 0.1259, 0.2731
Band: usd 1 oil 1
Linear p-values:
1, 0.1372459770369078, 0.37095232826246594
2, 0.9368211433635181, 0.00691094341503186
3, 0.9809522093873699, 0.16232433604599097
4, 0.9814133489561316, 0.1314274802188945
5, 0.9824147181427478, 0.28077032177217903
6, 0.9910113284661989, 0.06807077514308256
Nonlinear p-values:
1, 0.24248, 0.04017
2, 0.12642, 0.04217
3, 0.09519, 0.0462
4, 0.07327, 0.05233
5, 0.07191, 0.06505
6, 0.06941, 0.07667
Band: usd 1 oil 2
Linear p-values:
1, 2.2162165630189906e-06, 4.33350572865245e-21
2, 0.0003020926135631111, 0.06412695829590397
3, 0.02691060254448286, 0.8130737704937065
4, 0.020135624361010847, 0.41288839536037625
5, 0.012121067376034845, 0.2779346127600491
6, 0.0001593433866668922, 0.1909593314789812
Nonlinear p-values:
1, 0.05827, 0.1222
2, 0.0642, 0.10918
3, 0.07042, 0.08154
4, 0.06046, 0.06475
5, 0.057, 0.0456
6, 0.09373, 0.04749
Band: usd 1 oil 3
Linear p-values:
1, 0.5482559586688512, 0.648026261241252
2, 0.8731978753646162, 0.005765081512112817
3, 0.8445368162055339, 0.0456807312711045
4, 0.8491840686927528, 0.04790227713281255
5, 0.7643359672718435, 0.05847845407465882
6, 0.7315012554795057, 0.038453006032969764
Nonlinear p-values:
1, 0.05841, 0.01858
2, 0.04046, 0.01539
3, 0.0575, 0.01872
4, 0.12608, 0.02226
5, 0.13236, 0.01668
6, 0.10377, 0.0168
Band: usd 1 oil 4
Linear p-values:
1, 0.8173806807291271, 0.06925606765281449
2, 0.708424488375085, 0.05161057449108218
3, 0.37919668900675635, 0.2525270121291452
4, 6.536244096023386e-05, 0.0019516916285064602
5, 3.4430623737302714e-05, 0.0015136004683086225
6, 9.353787054653065e-08, 0.04942786850860768
Nonlinear p-values:
1, 0.00097, 0.1109
2, 0.00782, 0.08219
3, 0.02885, 0.08472
4, 0.03419, 0.0569
5, 0.03227, 0.04167
6, 0.03152, 0.04711
Band: usd 1 oil 5
Linear p-values:
1, 0.9307564445404427, 0.7761200438160443
2, 0.7805310437825708, 0.033974297000694466
3, 0.0012387099124361145, 0.00015540369291753355
4, 0.1283537498667953, 2.62688088464706e-05
5, 0.0005798305343431233, 1.6731897971474194e-06
6, 3.838934056469752e-08, 1.7516513785421567e-06
Nonlinear p-values:
1, 0.00206, 0.03131
2, 0.00512, 0.02844
3, 0.02018, 0.02894
4, 0.03555, 0.02267
5, 0.05662, 0.02355
6, 0.05772, 0.02224
Band: usd 1 oil 6
Linear p-values:
1, 0.9688500138999049, 0.986598427011912
2, 0.9673045699273525, 0.7869971668264173
3, 0.9165945185536573, 0.5499791698932434
4, 0.7261536005549578, 0.6940519434546948
5, 0.004057987277919134, 0.24479915623407553
6, 0.0006494313605341452, 0.40642867472795896
Nonlinear p-values:
1, 8e-05, 0.0301
2, 0.00431, 0.0356
3, 0.03331, 0.04334
4, 0.04311, 0.05025
5, 0.04969, 0.04584
6, 0.05358, 0.05169
Band: usd 2 oil 0
Linear p-values:
1, 0.034245836930422845, 0.7846286291915612
2, 0.18969990380384005, 0.820524001540726
3, 0.6366151466576504, 0.9632661645518038
4, 0.5046657829918382, 0.9126398241432787
5, 0.6499145905257284, 0.9054709951916134
6, 0.7042236145594575, 0.8387348944445985
Nonlinear p-values:
1, 0.15719, 0.37239
2, 0.21527, 0.32637
3, 0.25875, 0.30458
4, 0.24251, 0.27699
5, 0.25457, 0.26106
6, 0.255, 0.18841
Band: usd 2 oil 1
Linear p-values:
1, 0.0009303103668562633, 0.04226824408858785
2, 0.1320843034351443, 0.5612929480882304
3, 0.46443794766431956, 0.9447934269138952
4, 0.5779542111564755, 0.9804589445180883
5, 0.727099020128497, 0.9649873824566365
6, 0.6094331258654485, 0.9503631575620218
Nonlinear p-values:
1, 0.2578, 0.09008
2, 0.12126, 0.08956
3, 0.10904, 0.10277
4, 0.1296, 0.10638
5, 0.1317, 0.1312
6, 0.15011, 0.2264
Band: usd 2 oil 2
Linear p-values:
1, 1.252348167659457e-10, 8.403867988025412e-08
2, 0.017860154696772868, 0.05218094904944685
3, 0.057012126546795154, 0.42891182152739693
4, 0.07063315456753108, 0.28678205512123345
5, 0.0027695161625656112, 0.06695667603969334
6, 2.280422947071549e-05, 0.006137602294550339
Nonlinear p-values:
1, 0.07787, 0.16135
2, 0.05949, 0.15557
3, 0.04975, 0.14255
4, 0.045, 0.14635
5, 0.05706, 0.17644
6, 0.07091, 0.27982
Band: usd 2 oil 3
Linear p-values:
1, 0.07992556001605888, 0.0021532867635193796
2, 0.40057840618712326, 0.2816814445253867
3, 0.786872907191901, 0.5637630215582399
4, 0.5801510815494682, 0.6169957586312522
5, 0.7409136804882503, 0.8617131192614389
6, 0.48167602363789785, 0.8781390806865197
Nonlinear p-values:
1, 0.69499, 0.07731
2, 0.49238, 0.10842
3, 0.43231, 0.22162
4, 0.45238, 0.33667
5, 0.47699, 0.46662
6, 0.43502, 0.5682
Band: usd 2 oil 4
Linear p-values:
1, 0.536872337139314, 0.15599635868146872
2, 0.5229281796829051, 0.03755698122203658
3, 0.4784255175900872, 0.13460485614196077
4, 0.0001106410149414904, 0.00029935996792552745
5, 9.213434166316051e-05, 0.0001980147300033167
6, 1.0249675955353107e-09, 3.9877082991652854e-05
Nonlinear p-values:
1, 0.01968, 0.158
2, 0.02785, 0.17161
3, 0.06937, 0.19925
4, 0.05536, 0.24513
5, 0.04152, 0.21465
6, 0.03282, 0.22566
Band: usd 2 oil 5
Linear p-values:
1, 0.8860097080563181, 0.6167440350094752
2, 0.8364724168945414, 0.09798337112558847
3, 0.09472575828360895, 0.009368779519466765
4, 0.034248216379504495, 0.010433866411465766
5, 0.00018886711932808114, 0.010817397472884448
6, 8.238634666411788e-10, 0.005376865240701205
Nonlinear p-values:
1, 0.02938, 0.11808
2, 0.02635, 0.13321
3, 0.07199, 0.17764
4, 0.09925, 0.19995
5, 0.18587, 0.20065
6, 0.20312, 0.25015
Band: usd 2 oil 6
Linear p-values:
1, 0.9728883139277178, 0.7827161201267379
2, 0.9929929033300082, 0.13270656220658264
3, 0.09088372591033503, 0.011165792893066564
4, 7.252680096051406e-06, 0.001078773279855867
5, 3.2481789549966895e-06, 0.004617533922811522
6, 0.0002456435389512936, 0.005107460436563433
Nonlinear p-values:
1, 0.00388, 0.08069
2, 0.0177, 0.07009
3, 0.01887, 0.07418
4, 0.02086, 0.08267
5, 0.01842, 0.0165
6, 0.0181, 0.01189
Band: usd 3 oil 0
Linear p-values:
1, 0.26533795256320414, 0.7966116989854831
2, 0.031123165200619474, 0.9816485950087837
3, 0.11397639241532564, 0.9999224544863414
4, 0.12855631569469425, 0.9964502963209039
5, 0.20692087361341302, 0.9883095393971815
6, 0.29453069896689577, 0.9801637213221979
Nonlinear p-values:
1, 0.40769, 0.04672
2, 0.41857, 0.03988
3, 0.31553, 0.02235
4, 0.41709, 0.02683
5, 0.28138, 0.0366
6, 0.24163, 0.05061
Band: usd 3 oil 1
Linear p-values:
1, 0.00819138121062822, 0.34017050898623535
2, 0.32118446191630246, 0.4737824404155836
3, 0.6838262514488671, 0.8540977424160716
4, 0.5063052016971319, 0.5679064794009359
5, 0.1250378195960239, 0.26823362768983766
6, 0.016305556511925456, 0.12500270622907028
Nonlinear p-values:
1, 0.52098, 0.39012
2, 0.74473, 0.40835
3, 0.89503, 0.79087
4, 0.9731, 0.98647
5, 0.98732, 0.97675
6, 0.98545, 0.97175
Band: usd 3 oil 2
Linear p-values:
1, 0.004934626522709683, 0.15641390541132993
2, 0.3921776949928073, 0.2138120270458443
3, 0.7109294199409779, 0.6096739194189789
4, 0.6173210177708586, 0.48412454367839797
5, 0.4358088968292164, 0.6510329387895031
6, 0.015939983326440556, 0.4380806130846986
Nonlinear p-values:
1, 0.1923, 0.59814
2, 0.14749, 0.5971
3, 0.09385, 0.71741
4, 0.07478, 0.95289
5, 0.06206, 0.85503
6, 0.04715, 0.81125
Band: usd 3 oil 3
Linear p-values:
1, 0.15792579759551528, 0.06559528688238023
2, 0.08397315144872876, 0.03425636599490705
3, 0.3916321226332346, 0.13202237643432402
4, 0.09326480292940405, 0.006819817652822359
5, 0.26365782342890987, 0.08187117789536302
6, 0.01218452311015755, 0.0399599870457922
Nonlinear p-values:
1, 0.84241, 0.52172
2, 0.77201, 0.81208
3, 0.32032, 0.86944
4, 0.22815, 0.82161
5, 0.13755, 0.78814
6, 0.05874, 0.81151
Band: usd 3 oil 4
Linear p-values:
1, 0.6438715352004656, 0.37755725187266276
2, 0.7032750639428365, 0.8228230892430786
3, 0.9021272372141271, 0.8205929217638562
4, 0.8987872124866119, 0.6963256507457782
5, 0.9455857395994989, 0.7663338424019934
6, 0.9583335823418008, 0.6615462397855915
Nonlinear p-values:
1, 0.02636, 0.24452
2, 0.02862, 0.20317
3, 0.07988, 0.25644
4, 0.06594, 0.59793
5, 0.0702, 0.84554
6, 0.07797, 0.79597
Band: usd 3 oil 5
Linear p-values:
1, 0.7218286605506385, 0.31866411139991035
2, 0.5831714173310856, 0.3795599913559392
3, 0.06060291623124908, 0.0549923366096788
4, 0.10364556707500576, 0.15578873473297514
5, 0.17829329317274517, 0.0895384854137681
6, 0.5622639620331271, 0.3009829110601635
Nonlinear p-values:
1, 0.038, 0.26291
2, 0.01622, 0.27144
3, 0.06904, 0.36335
4, 0.25664, 0.77573
5, 0.35664, 0.79839
6, 0.36652, 0.68343
Band: usd 3 oil 6
Linear p-values:
1, 0.9722715109892324, 0.8871334964537964
2, 0.947699264587807, 0.7885041398046767
3, 0.9277594023603579, 0.7989603049903352
4, 0.8480821765530986, 0.708521859774897
5, 0.7444784172091561, 0.782249848188601
6, 0.7841661405262628, 0.4232579953438059
Nonlinear p-values:
1, 0.01547, 0.25121
2, 0.0533, 0.10713
3, 0.02771, 0.06104
4, 0.02647, 0.13488
5, 0.01477, 0.17541
6, 0.00816, 0.18342
Band: usd 4 oil 0
Linear p-values:
1, 0.9777800071638574, 0.9379126836849643
2, 0.452074775357059, 0.967077107749087
3, 0.6764266471356841, 0.9696955141570461
4, 0.72760650781339, 0.7447040656775958
5, 0.6869795814341741, 0.7433617101151312
6, 0.9138059181910376, 0.25497041733360476
Nonlinear p-values:
1, 0.77901, 0.01183
2, 0.3409, 0.03175
3, 0.20198, 0.03228
4, 0.23846, 0.05026
5, 0.23189, 0.04803
6, 0.19988, 0.03972
Band: usd 4 oil 1
Linear p-values:
1, 0.6909485647371741, 0.9392246191076107
2, 0.5850734261726398, 0.6987317120380172
3, 0.7534930281409464, 0.6556025644037686
4, 0.3480015448669227, 0.2375623848434485
5, 0.28316485198993874, 0.10141637263445431
6, 0.5951031703104014, 0.08689770341844992
Nonlinear p-values:
1, 0.30743, 0.10073
2, 0.30447, 0.34143
3, 0.34479, 0.5065
4, 0.26142, 0.46322
5, 0.20638, 0.41138
6, 0.16184, 0.34562
Band: usd 4 oil 2
Linear p-values:
1, 0.13129964985289513, 0.7772118138229972
2, 0.23384627378358713, 0.30693553066491497
3, 0.32199581748879014, 0.30901700151385164
4, 0.0020253691140042353, 0.00017484430146234072
5, 0.0016619975861160553, 1.054253201126659e-05
6, 0.005556558017300832, 6.904730536490497e-08
Nonlinear p-values:
1, 0.0995, 0.02375
2, 0.09857, 0.08796
3, 0.08117, 0.14013
4, 0.06986, 0.3477
5, 0.05846, 0.31043
6, 0.04863, 0.26947
Band: usd 4 oil 3
Linear p-values:
1, 0.26281259554137515, 0.33458439004539486
2, 0.19973162853927737, 0.1923969980153046
3, 0.16861678171337335, 0.23933339646466384
4, 0.019037810798334824, 0.4495926156542036
5, 0.04971907640165276, 0.6317023809841127
6, 0.05159906880529522, 0.26261408546259374
Nonlinear p-values:
1, 0.0995, 0.00683
2, 0.03876, 0.03101
3, 0.03232, 0.12785
4, 0.01481, 0.26528
5, 0.01337, 0.19522
6, 0.00561, 0.15264
Band: usd 4 oil 4
Linear p-values:
1, 0.3073196282589725, 0.8231119316255002
2, 0.0072517182150059626, 0.27171485301190146
3, 0.012945098381186026, 0.2694135158802447
4, 0.028143717711453117, 0.4471127260780928
5, 0.011931369358937087, 0.49445024791790326
6, 0.17070100194967064, 0.9325472504404533
Nonlinear p-values:
1, 0.02045, 0.10429
2, 0.01212, 0.01737
3, 0.06425, 0.01646
4, 0.13335, 0.05254
5, 0.11577, 0.05761
6, 0.06867, 0.06285
Band: usd 4 oil 5
Linear p-values:
1, 0.040353538373418624, 0.00010445955421057452
2, 0.0040999074601846255, 0.042228720983968564
3, 0.001813365444096441, 0.058190003976145224
4, 0.0043201768984712, 0.08383814031141174
5, 0.0047594851177334046, 0.0004308661610214921
6, 0.08856167731305739, 0.00993504521764517
Nonlinear p-values:
1, 0.03127, 0.01949
2, 0.01159, 0.07108
3, 0.01689, 0.16119
4, 0.0993, 0.13399
5, 0.11221, 0.12022
6, 0.14807, 0.09268
Band: usd 4 oil 6
Linear p-values:
1, 0.4785839621471464, 0.2153086639744571
2, 0.1824024860326162, 5.291094155011625e-05
3, 0.0008463073223157668, 1.2098600847612445e-05
4, 1.0493239672818907e-05, 1.2183915341356668e-06
5, 0.00036987871378011674, 0.00026164084973261093
6, 1.2516365734741868e-05, 0.1376380034349437
Nonlinear p-values:
1, 0.00331, 0.00322
2, 0.00655, 0.01519
3, 0.00443, 0.02047
4, 0.00625, 0.02544
5, 0.00739, 0.02852
6, 0.00592, 0.03432
Band: usd 5 oil 0
Linear p-values:
1, 0.9278687290505508, 0.877661061603063
2, 0.5117098830919086, 0.987806954021331
3, 0.3746478242703325, 0.869613401392745
4, 0.5591389539203874, 0.5699531486864076
5, 0.6010045717669305, 0.634740426601843
6, 0.5889208573756, 0.1446517171983953
Nonlinear p-values:
1, 0.12382, 0.01397
2, 0.12128, 0.01476
3, 0.0803, 0.01707
4, 0.08081, 0.02867
5, 0.08008, 0.03141
6, 0.07174, 0.03096
Band: usd 5 oil 1
Linear p-values:
1, 0.783756237966273, 0.9696901686133684
2, 0.35901159481715245, 0.9940771547220946
3, 0.35705344621935187, 0.9952296926866496
4, 0.5918438616171574, 0.7988913420351363
5, 0.603900493724492, 0.9363484571355579
6, 0.5231699485535349, 0.8279276217894449
Nonlinear p-values:
1, 0.03748, 0.00052
2, 0.05132, 0.00184
3, 0.0596, 0.00519
4, 0.09176, 0.03067
5, 0.12544, 0.08894
6, 0.17733, 0.11981
Band: usd 5 oil 2
Linear p-values:
1, 0.8633242846483776, 0.981150753233791
2, 0.5200441139554584, 0.9812141162050504
3, 0.7460224828746449, 0.9904184674302343
4, 0.6664426554924366, 0.9085993778737785
5, 0.5799338642747597, 0.8793909154147544
6, 0.26223458122674537, 0.6745384353962749
Nonlinear p-values:
1, 0.04565, 0.00739
2, 0.03147, 0.00858
3, 0.0282, 0.01463
4, 0.02777, 0.02776
5, 0.03103, 0.04095
6, 0.02627, 0.04262
Band: usd 5 oil 3
Linear p-values:
1, 0.6342790748709559, 0.5851364761052745
2, 0.3062093716966259, 0.5177843265605326
3, 0.08892615671529254, 0.16021035351989762
4, 0.1505936013911002, 0.40723234764909666
5, 0.16196349657597342, 0.47315393525922156
6, 0.32912377664421943, 0.38271489874657577
Nonlinear p-values:
1, 0.0108, 0.00546
2, 0.00114, 0.00278
3, 0.00117, 0.01078
4, 0.00413, 0.02027
5, 0.02087, 0.01746
6, 0.01632, 0.02562
Band: usd 5 oil 4
Linear p-values:
1, 0.0007316125536045788, 0.07704021341763272
2, 0.20868536794520293, 0.003676170932215289
3, 0.06142651640365291, 0.0012355652802615471
4, 0.12630887815387282, 0.11639612321719192
5, 0.038396194451485864, 0.0039334031114421795
6, 0.5442338569550602, 0.22733134383288614
Nonlinear p-values:
1, 0.01997, 0.01029
2, 0.01244, 0.00399
3, 0.07269, 0.01335
4, 0.09074, 0.05169
5, 0.0678, 0.04769
6, 0.06059, 0.02903
Band: usd 5 oil 5
Linear p-values:
1, 0.8522598550953693, 0.35702661151921333
2, 0.5104311918602329, 0.20235466779501865
3, 0.7777307286145028, 0.3403557516663426
4, 0.9450916869455845, 0.5401638545003004
5, 0.9559095259075796, 0.6430200288131791
6, 0.9845509018845086, 0.9220094999600815
Nonlinear p-values:
1, 0.03239, 0.01094
2, 0.09776, 0.0035
3, 0.03243, 0.01513
4, 0.09769, 0.05107
5, 0.06755, 0.07204
6, 0.06083, 0.06124
Band: usd 5 oil 6
Linear p-values:
1, 0.8587983956105806, 0.806224088950698
2, 0.8314275947345656, 0.8478103053435014
3, 0.1695874505606347, 0.5498986309064409
4, 0.5278764314524659, 0.5637742856252168
5, 0.325851784719993, 0.01709596921234622
6, 0.3808047572265966, 0.11459080735359957
Nonlinear p-values:
1, 0.00111, 0.00845
2, 0.00586, 0.0166
3, 0.00647, 0.05686
4, 0.00718, 0.16627
5, 0.00643, 0.08073
6, 0.00937, 0.04277
Band: usd 6 oil 0
Linear p-values:
1, 0.9618564016132486, 0.9405039690725289
2, 0.9465841065326075, 0.9866314960501117
3, 0.8617365607484292, 0.7868603960760694
4, 0.8486772861525319, 0.6086748367709128
5, 0.8792492219353407, 0.8051906768798461
6, 0.9640513574706985, 0.879669620360049
Nonlinear p-values:
1, 0.21717, 0.00358
2, 0.10986, 0.00276
3, 0.05141, 0.00321
4, 0.04679, 0.00361
5, 0.03831, 0.00807
6, 0.01035, 0.00803
Band: usd 6 oil 1
Linear p-values:
1, 0.9259211924927636, 0.9541951327291959
2, 0.8227949837954981, 0.9671506758713663
3, 0.6578380005231073, 0.6768292581112509
4, 0.4370189478930092, 0.2124703288122856
5, 0.283371769810807, 0.29489794803950836
6, 0.4808027135964966, 0.9055359366822797
Nonlinear p-values:
1, 0.05218, 0.10517
2, 0.03909, 0.0911
3, 0.04913, 0.06682
4, 0.06247, 0.06278
5, 0.08907, 0.0479
6, 0.10845, 0.0439
Band: usd 6 oil 2
Linear p-values:
1, 0.9232489016931467, 0.9052312290963125
2, 0.5143713245300334, 0.9758291872914101
3, 0.374884418787167, 0.6909095747223826
4, 0.23076468938031133, 0.6731426058952317
5, 0.21539168130116595, 0.358297255465544
6, 0.10692638547989285, 0.6814230864279709
Nonlinear p-values:
1, 0.0925, 0.01176
2, 0.09132, 0.01426
3, 0.08449, 0.01038
4, 0.08687, 0.01033
5, 0.08175, 0.00655
6, 0.07937, 0.00664
Band: usd 6 oil 3
Linear p-values:
1, 0.9249298814803385, 0.6346555508964422
2, 0.30652364563087603, 0.9946786285869276
3, 0.6028395596672737, 0.04176245660902265
4, 0.3387277509902338, 0.0012945282001983764
5, 0.04408971357273893, 0.01813707691376369
6, 0.3354605031605321, 0.1766468479287771
Nonlinear p-values:
1, 0.01735, 0.04876
2, 0.00824, 0.06507
3, 0.00807, 0.01449
4, 0.01358, 0.00828
5, 0.01546, 0.01145
6, 0.014, 0.01574
Band: usd 6 oil 4
Linear p-values:
1, 0.46251247452395317, 0.8577435011015537
2, 0.2559162067802208, 0.9642256246168339
3, 0.3699625287454882, 0.47031449748814025
4, 0.5991261867113562, 0.28071661205487064
5, 0.7850922495061801, 0.031321906094188966
6, 0.46818082368541236, 0.010557848924471537
Nonlinear p-values:
1, 0.0719, 0.02487
2, 0.09204, 0.02638
3, 0.6108, 0.01483
4, 0.55589, 0.01064
5, 0.56574, 0.01087
6, 0.60019, 0.01055
Band: usd 6 oil 5
Linear p-values:
1, 0.4811315536377341, 0.7523123246401755
2, 0.4359091863060267, 0.692892547471045
3, 0.33434811284659566, 0.22558043996124044
4, 0.48168686253066717, 0.1322921664600549
5, 0.4881503050860875, 0.12042159681645712
6, 0.37019955853582465, 0.18181006857426624
Nonlinear p-values:
1, 0.02425, 0.25429
2, 0.02288, 0.14971
3, 0.02637, 0.04116
4, 0.04857, 0.0338
5, 0.02929, 0.02683
6, 0.04785, 0.01895
Band: usd 6 oil 6
Linear p-values:
1, 0.7679716568933619, 0.008094029181036192
2, 0.10083430792800359, 0.0009580584229012161
3, 0.0565691690249293, 1.6268616504082782e-09
4, 0.0004373206212686483, 5.372681013038799e-07
5, 0.0077519458667129, 3.5444370800418313e-06
6, 0.018019863413706726, 1.1796981676527455e-05
Nonlinear p-values:
1, 0.01601, 0.00529
2, 0.02756, 0.00733
3, 0.0416, 0.0052
4, 0.04535, 0.00309
5, 0.03287, 0.00698
6, 0.02892, 0.00554
