0.045467165023592354
0.044591146680900424
0.04486312524546482
0.04657481169689369
0.045322865686607476
0.04219296467094786
0.03791571637729356
0.0319627660379067
0.024666718700090278
0.01601552049946413
0.004381822188256166
-0.01033968677190032
-0.02745415457439191
-0.047407530250796116
-0.059814739620029374
-0.06367094577112545
-0.064260710853953
-0.05865994639514208
-0.0527919329212929
-0.0470359997070988
-0.03584393246131976
-0.020389355654601198
-0.009301176456914455
-0.0025968066389510693
0.0031269244508218704
0.005733952817537241
0.011772380751857487
0.021652536087353815
0.030352978290066626
0.03933089175254844
0.0442687890659941
0.04416252394489011
0.0420631399257011
0.03656694660531404
0.028922270090711622
0.019267376744007296
0.0056591340528108
-0.011737730148426202
-0.022386470938024386
-0.025647721686077395
-0.026505543914752447
-0.022142687380229852
-0.019268877005203487
-0.018337775812166935
-0.013581495830503403
-0.006419142563559815
-0.0017043737518396748
0.0008522357668255742
0.0026263698242146205
0.0024968255778997925
0.004779944519856187
0.0096800719321449
0.014148649256575026
0.019148603276703147
0.02137033492354263
0.02017593261707328
0.01782033663556971
0.013287002293759908
0.007737166572579708
0.0013142860231402118
-0.007486006440460017
-0.01845750033414421
-0.024594578951107476
-0.02547426525753297
-0.024320296719867313
-0.01924704907682619
-0.0147281597268519
-0.01103423349258697
-0.004297996292552005
0.004555111617840196
0.009880555838717784
0.011642760009190085
0.011917267193856156
0.009270234556715265
0.00799754904366534
0.008304666810747314
0.006833668741734661
0.00449614846027097
0.0027329528491679047
0.0012790664223328461
6.730970561739908e-05
-0.0006139490746324858
-0.00248121407880233
-0.005577752119230391
-0.008831440406109274
-0.012625218823609658
-0.014226143085623894
-0.013272317833208447
-0.011335285892039254
-0.007620788595529928
-0.003438148730755902
0.001106314524826249
0.007377120909511305
0.015123047800239195
0.01949189705459967
0.02021912252002771
0.01945793522662578
0.015905348740021613
0.012743601527132735
0.010149423490235268
0.0054027299443533
-0.0008422369606597168
-0.004318084897968609
-0.004967923543381486
-0.00438929445199149
-0.0014860850524982532
0.0005429595175918862
0.0015478672407451197
0.0040597877651295695
0.007406142255625829
0.007500563525787637
0.004242526526230768
-0.0008974718577203446
-0.00900353073334828
-0.017055003006964553
-0.024951070025617344
-0.03515193215472809
-0.047055187241155275
-0.05172893256257873
-0.04859625205450519
-0.04147168764066848
-0.02788362932555299
-0.013659844174591604
0.0009651088591410644
0.02110534549445356
0.04563112609773437
0.05979000452093554
0.0628440855921932
0.061074829504543446
0.05051444773101538
0.041138900276398375
0.03344155213574793
0.01897984664656377
-0.0002157518926895163
-0.012428654711868561
-0.017642245204292462
-0.02011102906670253
-0.01688078862256533
-0.01704089123149988
-0.021035657389399963
-0.021842725571041496
-0.021408497555671844
-0.02060381303722835
-0.018677418984760687
-0.016538520299328344
-0.014186248651837964
-0.009285614628043289
-0.0018164673879239252
0.007143531265848868
0.018150502917486117
0.024118093734360215
0.024332458344663476
0.022592283507428437
0.01691763511804393
0.011176002775239158
0.005669840265813296
-0.003265966170664667
-0.014841508533881363
-0.020706173069781533
-0.020564922540840573
-0.017878315856925293
-0.010453634942899272
-0.004092266653263156
0.0009012932783750375
0.009307882973740508
0.019918147593513267
0.025409473426684752
0.025666541884499103
0.02334746467096782
0.016548727549687645
0.0107655652011847
0.006218894851993209
-0.0014783763900501432
-0.011196676843694095
-0.017579190230543922
-0.02065174975717119
-0.022204949122546874
-0.0208820217387589
-0.020973962119091555
-0.022652511420418114
-0.022621382323658016
-0.02178145556476713
-0.020196150677719876
-0.01746831295618484
-0.014164713569082344
-0.01017642540153118
-0.004575022000761928
0.0026563420740858437
0.011202547729776233
0.021306419667789563
0.027761065361833134
0.030081332356565356
0.030936687901885793
0.02887461647462039
0.026865793046842664
0.025114673111933765
0.020860834085125395
0.014703907171560759
0.009771086679513869
0.005960705336160021
0.0021454051467460727
-0.0009433413534862334
-0.005878544367499792
-0.012829030798909773
-0.01993547374874433
-0.027791464833458998
-0.03153662924814109
-0.030495013362553197
-0.02738563324327982
-0.020765668416049706
-0.013000743370532544
-0.004243697497376554
0.008000733205413746
0.023304475872102524
0.03179999957869722
0.032920959047508414
0.031113171970881863
0.023721390542747398
0.017175950887413687
0.011846408326026205
0.002218240915503918
-0.010382318104413387
-0.01808502299463425
-0.020854505285936784
-0.02156243701575695
-0.01821376808303884
-0.01683931521226184
-0.017726549631080193
-0.016178607063212135
-0.013477278105251235
-0.010999780088904757
-0.008313566926381692
-0.005630609683679087
-0.003171627766983126
0.0010958879057166846
0.007215652329744746
0.014037082137807074
0.022027122397126883
0.025939020553130795
0.025178036104398692
0.022575514790216147
0.016632221240359055
0.010102722861170659
0.0031829889721330775
-0.006837410735445125
-0.01942135739225505
-0.0261636668868345
-0.026644743767054703
-0.024524725708754285
-0.01755670640971632
-0.011347464480023673
-0.006200858147631636
0.0026300263703702993
0.013989832037590511
0.020527078742026902
0.022144778922125196
0.021571457484565727
0.016915682800180416
0.013701212004202027
0.01217940000168671
0.007976909838010542
0.0022506517902969726
-0.0010859550439506166
-0.0021864608696722156
-0.0021280246340572087
4.275876799190946e-05
0.0008996960935603935
0.00032442253593028517
0.0008254308688602839
0.0016754194846055667
0.0009390486145078459
-0.0012989151972730237
-0.004633034895929425
-0.009550007495679464
-0.014276192131210346
-0.01878888484981604
-0.024399225784099535
-0.03075368798249903
-0.03272534013781824
-0.02995187063381181
-0.024606389999774166
-0.015250367873271347
-0.005203544485363334
0.005419412898802155
0.019572870900912778
0.03662973214295318
0.045631811946894876
0.04591763447912397
0.04228746722892948
0.03175295003188132
0.02149658822013998
0.011870504651571287
-0.0033391922611036595
-0.02269236138996999
-0.03348081718433674
-0.03530338915746886
-0.033264589514828496
-0.02402714781760144
-0.016651519637078515
-0.011581519350208692
-0.001419050533644109
0.011954185668945879
0.0196518024917454
0.021742407085748188
0.021189889460364278
0.015757173995517945
0.012561649945232433
0.011895267669212945
0.008309731483709556
0.003305946851668515
0.0004329487805269487
-0.0006040393504393274
-0.0004630018955811764
0.0016855947155805682
0.002347763885375106
0.0014386954507125617
0.0013898016054375657
0.0014602539429778606
0.000361810376508751
-0.0017819663371040901
-0.004888068202752195
-0.009273212558354858
-0.013552759598039775
-0.017735833446213163
-0.02279597458558274
-0.02846444633531274
-0.03006777384242353
-0.027245367032737316
-0.022013610467682895
-0.013050025258645178
-0.0033290598276127688
0.007047891319390549
0.02076317322946631
0.03726085610119716
0.04563289066823763
0.04518779527664735
0.04074783259738115
0.02932714165627868
0.01800378601472916
0.007125358110950796
-0.009472886736847746
-0.030377538028050072
-0.041727503626006836
-0.04300459913584158
-0.039876629838057086
-0.02867513686912369
-0.019114645035039787
-0.01167015902973517
0.001682508664061676
0.01893992680756923
0.02866188083198131
0.030759013112323003
0.02933216387650282
0.021448643388188117
0.01588147458002911
0.013008208803150973
0.00594372172955855
-0.0034773582828032217
-0.0091699106234241
-0.011376766751041408
-0.011746529689282918
-0.008794685284523313
-0.007876989397062188
-0.009172042127751074
-0.008760848069421063
-0.007777143417127992
-0.006665430234596989
-0.005026083635829514
-0.0034270955617862636
-0.0018759504743344202
0.0009281008583721072
0.0049736051675688805
0.009638984084870135
0.015218547571693268
0.01775066009309884
0.01682037336447045
0.014525504421511426
0.009746692786361068
0.004614931480875887
-0.000718997480175446
-0.008310348004192093
-0.017737919899277296
-0.02247190194284408
-0.022169993229405226
-0.019664398089430313
-0.013198889345578616
-0.007106183154331954
-0.0016099724116205721
0.0069835165698824515
0.01779134960875931
0.023446231639756152
0.02371295284615919
0.021505146145383566
0.014879692300615522
0.00909310426351469
0.00438535809302078
-0.003550742639184635
-0.013635371993209815
-0.019219206927869676
-0.020200106167754854
-0.019014720988315574
-0.013939232253606059
-0.009981185428922318
-0.007352219573284727
-0.002069434404331271
0.004829931550538361
0.00874350600372717
0.009714394451211876
0.009230819013067989
0.006130787002244851
0.004147803091041827
0.003423219265630148
0.001104162722697795
-0.002027723971040195
-0.003587582540923729
-0.003678539749522213
-0.002898238430569597
-0.0006615415688418304
0.0008912862890137021
0.0017011441028199513
0.003332350669619192
0.005338284623480531
0.006050519099953809
0.0054790386238991575
0.00410304879782608
0.0014886382923783126
-0.0009812189413923283
-0.003276655994367606
-0.0064696483457651974
-0.010285212102484337
-0.01187773399910583
-0.011097046080217709
-0.009104599577600592
-0.0051227848744999395
-0.001095275765166289
0.002902206142448177
0.008529709114911039
0.015405029854883
0.018435966444419187
0.017342939010859305
0.014289211089002288
0.007890854047888167
0.0015524123925622765
-0.004570535145996871
-0.013395662508674407
-0.02424244307703127
-0.029027334995611446
-0.027342098362733252
-0.02256967512231692
-0.012524802858680215
-0.002676781282852446
0.006726821052927212
0.020335174576220416
0.03705072481470096
0.044740667273352894
0.04282398158260522
0.03632668865092151
0.021978153368596872
0.008059309757830434
-0.00505856919111005
-0.024377884273632962
-0.04823335164636376
-0.05992789830174951
-0.058741846897718865
-0.05149455797076758
-0.03371343933989425
-0.016963825658182947
-0.0017666181565550501
0.0215602349522858
0.05067517484566245
0.06515299390520461
0.06424996052181937
0.05610519373607874
0.03529049890014734
0.016250383126444966
-0.0003735099666440075
-0.026517677785179466
-0.059239423634684964
-0.07473700566180763
-0.07220364044376956
-0.06096523146920448
-0.03470421582025153
-0.010412246380672247
0.011183815718629884
0.044070164626674346
0.08479231655802791
0.10488860135221821
0.1033521956925287
0.09137541102779041
0.06138695795227793
0.03363682821661118
0.008986992060942275
-0.029276449750567965
-0.0770456633310064
-0.10332275308784346
-0.1072267596028677
-0.1007482501934062
-0.07572782291482995
-0.054654379884688145
-0.03851481420413792
-0.009013823358806522
0.029230799071082038
0.051254889165766725
0.05694591112677746
0.05509152221992223
0.039311321666662756
0.029004789768508496
0.024991621073400354
0.01214271255468529
-0.005479075407788441
-0.014765003085020012
-0.01625815454943166
-0.013424345631633042
-0.0030630768587805706
0.0032163383042423817
0.005046327106354705
0.010914020250959135
0.018371449401741367
0.021976038022182308
0.022137146554984798
0.019730549920821846
0.013439333787582086
0.00865940480859738
0.005459783681602975
1.640632485782386e-05
-0.006570735032639514
-0.012078722018582927
-0.016721759858162048
-0.02080871139562166
-0.023818884927026465
-0.02811598103763978
-0.03374289349961864
-0.03908455660806036
-0.04463881564028526
-0.045491673437885835
-0.04096982948532874
-0.03371896179708821
-0.022270756227070483
-0.009000519285413733
0.0059729194810707745
0.025188216831320418
0.048239617941088844
0.06167090122273238
0.06457280719226524
0.06310640611895321
0.05359098238914978
0.04456183519204739
0.03648608682002395
0.02187292589349999
0.0024445750207808268
