0.05389773919260156
0.0174280513308796
-0.03330616975360491
-0.0024642064503052757
0.015673800311367433
-0.027208474232717262
0.013238244338571325
0.05629511638125613
-0.04020959682415204
-0.07991045899426903
0.11059716787350521
-0.03489261879386858
0.017742778029409236
-0.09599691418065279
0.0822836342163202
0.07449710130792456
-0.07857328741956666
-0.11888188148325936
0.13311175860518562
0.06581841472453548
-0.10201768616071015
-0.024019307391861616
0.06597305704141665
-0.0413859343273699
0.005130325472657876
0.054755056851964155
-0.07292600069134367
0.04130087675343712
-0.04337592279488419
0.07602355217496075
-0.08401378027602359
0.08066742203124351
-0.04435626010733726
-0.002488777936501617
0.04138434277298794
-0.1252648751665751
0.07669422019022767
0.12402429530938146
-0.17772666690095973
0.11819692488854897
-0.0663829193629729
-0.03711578830776954
0.0012672335290629649
0.2083475218591417
-0.23948579674813275
0.09634554767037494
-0.022143184281808313
0.016924394035528537
-0.009168711491259161
-0.018175947894697786
0.00597415163595102
0.057325154882562526
-0.06606620641802542
0.01882265865248938
0.00306200970898803
0.00919160342520338
-0.006386044481806054
-0.033106100446140485
0.018736128805909642
0.06597345676322272
-0.07799668338928972
0.013139496112409655
0.008800636681765023
0.011306416984647141
-0.015538428040733403
0.008937789357765326
-0.0008794759377503033
-0.017670788703590234
0.015323727203527867
0.017004900700826282
-0.018072651374517374
-0.017627828838851965
0.024755726257389223
0.000722847058501043
-0.008532747087899095
-0.010448295566817306
0.006603360676044411
0.030552014074234586
-0.030127158749058233
-0.0145632130576101
0.02859836120341517
0.00022335306414942094
0.0006259938932650149
-0.05277304818261291
0.045557396546404366
0.041349944454638306
-0.05071687415147767
-0.027690354672456625
0.04268580048767455
0.0036981217567509123
-0.02233935704004745
0.021571189357410047
-0.010462418485817774
-0.014413678157340428
0.01917289525543196
-0.0072566489211496376
-0.002940807837397066
0.016032457495917026
-0.017626493487641032
0.004707396529416344
-0.005743606526647539
0.01686779608413335
-0.022840933164937467
0.0353582674351262
-0.02345005210512791
-0.018853965634109328
0.025462151104611697
-0.0021618929224361625
-0.016707535137044892
0.034794533486542906
-0.03625297068756108
0.023582221654941816
-0.009777797686012907
-0.0006887946263190517
0.010921461607692601
-0.032162430031420546
0.025834802736016876
0.016168070503542506
-0.02381495791555637
-0.006725552590446894
0.01341146972358266
0.0055585905072525425
-0.010721291893018165
-0.001534619583460438
0.004695533767905581
0.011667028059407896
-0.0059949291732411675
-0.03521620989330771
0.0337643297522397
0.020220609204179136
-0.0312310239158647
-0.008791313081295871
0.014419305656277127
0.021178257493085783
-0.024294553128591388
-0.00627287148129907
0.016588220698045844
-0.007475988365892765
0.0009903783068616829
0.0008574908623315223
-0.007100292873078667
0.018972671774183793
-0.02409257891975506
0.018787337885647758
-0.01746552562648217
0.032274876987579415
-0.02241054102115802
-0.025793944687170743
0.027178349232047545
0.023361185782648865
-0.03529433360851511
0.010187198387145813
0.0035124166655954897
-0.007368351669893528
0.011461245935076863
-0.009243241904633213
0.013727047438766704
-0.03812036823391634
0.02926128593014321
0.023624750877585185
-0.03305978758663968
-0.006753136293411904
0.01410716961136451
0.014192813175470049
-0.02166857267299114
0.004537288676865791
-0.0017765023792623157
0.01824717153515793
-0.017039781719682724
-0.006310703854786201
0.012679327242853033
0.0027796472211413688
-4.325311520110732e-05
-0.02132425984837592
0.027868471948947593
-0.023458058701072093
0.014025535683116598
0.00026903613112261564
-0.007697050446693493
0.010995254551307591
-0.008768213173684708
-0.0016346591788259381
0.005530118109085496
0.002951187780196738
0.0014670180636657932
-0.027773665783035268
0.028870473704645582
0.0034078127022278953
-0.0036438727069420316
-0.030961848333904203
0.0424419683157542
-0.025971795172257534
0.02117422736766772
-0.03662212772963224
0.021992780043691883
0.01543453361493385
-0.038073010076892656
0.06659450994463273
-0.04959441362357294
-0.029648152327655372
0.0466075478794338
0.010470974208615076
-0.01277545956800212
-0.04144456094234677
0.05769527375739199
-0.047190982475491965
0.030515580967223264
0.007497374749670917
-0.005429485014502454
-0.04765780173942296
0.05366795020675044
-0.008518932419050313
-0.00476698685506635
-0.01504055381035787
0.02130840838343041
-0.008867633124869954
0.0076636816290419985
-0.03012368809815859
0.024592374050915935
0.027134805098375313
-0.026443863405733577
-0.03628039671373398
0.03536771397627072
-0.0021485285252362697
-0.03392277959201162
0.15082533349867022
-0.10035896610091884
-0.1847400725051264
0.2004941758381159
0.06190303194091025
-0.15861074635435726
0.09920207080656783
-0.055482940420847844
0.04483805313970818
-0.0065349921800992115
-0.08065362105783082
0.09103396679309263
-0.014694328567763513
-0.007197850435014076
-0.029433607134418394
0.026871530254240543
0.000414467961822651
-0.02699872905242128
0.08018619529862026
-0.0624547552783024
-0.027228378862436606
0.04533183409304391
-0.04320924607459209
-0.01604281342774141
0.200291294882577
-0.18119582253176106
-0.07781178731182856
0.14170041554873203
-0.0019722289688735434
-0.03329888520933552
-0.029494022724361788
0.05688153474787337
-0.06859028666494266
0.05376108788268466
0.006237240189675499
0.0022335284880159387
-0.06978398882723585
0.10349202831892965
-0.12756384671736506
0.0928771453153614
-0.002909792121425281
-0.04200695051431448
0.061169847257044684
-0.03879384175515897
-0.01913800388997193
0.04720649462968046
-0.06402637851904527
0.03322269105469775
0.03768784683412503
-0.08233412389419616
0.11290915369350688
-0.0995277429574568
0.05850966956687209
-0.020694622515488023
-0.07253380187408984
0.07490516209576813
0.13342754792409375
-0.06131415014051017
-0.38128158608008433
0.4097648860865186
0.008231463184036225
-0.20823662148222907
0.1312222106427676
-0.2572735592052174
0.5788047721342909
-0.7106613552201905
0.739989396865395
-0.6192041866575343
0.25515496568492807
-0.14438261221765392
0.41241687098984
-0.3083227422634975
-0.27746766977298315
0.42633449525703854
0.02314866007066063
-0.056786475562693915
-0.5747472430192891
0.43720759997803965
0.5862443441822919
-0.8382118441666381
0.3556025127359179
-0.08906129836837033
0.02789021504703094
0.019105226386588896
-0.07729890376920506
0.06211717464320859
0.02015056731520047
-0.05771247515995594
0.06995575907927787
-0.03324046116936735
-0.0351091951852443
0.08738290693524108
-0.1551902305680278
0.13156122179918972
-0.0075600529860226015
-0.04909206424265874
0.02467253606743469
-0.03699572619282543
0.1067442339737502
-0.10281160943312036
0.006955658170393529
0.02733037460839718
0.03236022935874178
-0.001269968318887422
-0.1348646825407426
0.15876631939359817
-0.10170502399660358
0.037195346368925186
0.07485583720732757
-0.07138733442460413
-0.06482896453670633
0.09728024375882321
-0.01932556111091839
-0.010056631709446527
-0.02498989090865443
0.012641139466360052
0.06134637142191615
-0.07174972913965105
0.011276453203610466
0.011490963411598065
0.021035570093301995
-0.010631098220181188
-0.06281041890703304
0.06069595195705803
0.02257652551325141
-0.0533822211647047
0.030559578438563943
-0.02513810027572567
0.03881778389854979
-0.03685149267783345
0.026031808288914347
-0.012652115448383731
-0.011205782862463525
0.006871716362610796
0.02140901516247217
-0.03747588996476198
0.05598538532881311
-0.05016832576585903
-0.009698260203897401
0.009594633212118309
0.10166338683963194
-0.0802432702145632
-0.12165457034259354
0.137549300031543
0.04690137140538706
-0.09527558618448068
0.023739688886259144
0.023485645825203752
-0.062429996673749176
0.055674533698214346
-0.004112692923350956
-0.025351585261542377
0.019907648526727426
-0.01802355376158847
0.07404867577375697
-0.026621695267408436
-0.17790132069122158
0.17728802191006432
0.02546117379121731
-0.1077978619785391
0.09869934758260998
-0.044409931387889644
-0.0400521146856272
0.09052468174075012
-0.15832686399144144
0.11302378152907452
0.06854210177681538
-0.10544074573436506
0.01755389152489203
0.04484962504942572
-0.11331143144930622
0.11341256498625299
-0.012293604041781554
0.012063418963941317
-0.13888218786859924
0.15004545141855194
-0.035834605132801955
-0.0037083825826937722
-0.04285296685046115
0.048986306177728506
0.013780219050228741
-0.006860863622967603
-0.1087257742144788
0.1076697787476776
0.04734597636258104
-0.06214645207172265
-0.08219688879710974
0.10593263777858734
-0.012181785918650954
-0.035265640807731674
0.03723364013848447
-0.03861874866198156
0.053859144810270765
-0.042213351453292525
-0.009237347725452438
0.007514990604481344
0.045152599894965915
-0.07142090590754979
0.0820479939285263
-0.08709516390181367
0.016412991443245074
-0.03077834157489314
0.23008682534559055
-0.09440976962822549
-0.3264655780095093
0.5610594341132167
-0.7690182468015487
0.6374883851812085
-0.06908603875825378
-0.058445365636022234
-0.27612124914079106
0.36167556461280165
-0.1937854423459568
0.11337071423683646
-0.14743641356376103
0.10263258547108352
0.03506681496553201
-0.06485286246316795
0.01863494272076177
0.03780500163284988
-0.14730800216927123
0.1360374342609452
0.012743713589649583
-0.04648369914284695
-0.021333559844010197
0.061919562724532855
-0.09947603875148063
0.0880759569957461
-0.002997086720060646
-0.006101772087785483
-0.08283239919708128
0.08423941051197167
0.015164956533800306
-0.04344304503704446
-0.00941465795978767
0.0138257806975333
0.03700113888743529
-0.04578781256913252
0.014457048396735402
0.0004978597685210365
-0.002377987445727817
-0.0024551631109097824
0.009142487777576161
-0.016777174742801847
0.03361148679420788
-0.025921544642290937
-0.0063973059670493215
0.020826193990631292
-0.020698904808256174
0.015584997703388958
-0.0031649698212026776
-0.004312296992769981
0.001782245101936894
-0.013176228323716985
0.033068247760942374
-0.04229041297991043
0.0614488724441381
-0.038585352702192176
-0.0397535226240215
0.05342102689930277
-0.004639967419343801
-0.019232689227484452
0.01758127855283735
-0.013607487734684717
0.020497657418687847
-0.0015644451838252476
-0.04808379673071755
0.05525746056506717
-0.0372266288965977
0.006149816944014997
0.05618730401086659
-0.056212379825653205
-0.009069033972267469
0.03446817537612668
-0.019474456392657123
0.012710619386742915
-0.024236603698453953
0.01661565370917991
0.02630633024476154
-0.02416755308146468
-0.0353400455795078
0.04080012135387504
0.011418508593299109
-0.02882301234078402
0.01399430606563631
-0.010078148104080368
0.00766330515394716
-0.017257078249361835
0.05098170422745104
-0.04810681649876027
0.0008648103118650882
0.009920618789956846
0.018214633250459373
-0.022407232170049654
0.006041915270988833
0.00452820769493506
-0.01786743886690943
0.01569134993525316
0.011208505754752079
-0.007157697783110771
-0.0293316080997598
0.041463560483503505
-0.03265008603840741
0.022046869835722387
-0.009877860005723566
0.0011993686135601139
0.00631484850336767
-0.01086492004273835
0.0010391199017632823
-0.0050244068994556995
0.04688405598674693
-0.02884824568176508
-0.06190206038708805
0.07620690781848616
-0.023555373826110556
-0.012671536726075974
0.04655302707732454
-0.049113936625837094
0.002918956828433558
1.7240230220556124e-05
0.06582293142456623
-0.05574760042434314
-0.04850188788883168
0.06657956779493672
0.005752462796670039
