0.008569907447672262
0.009546915238891411
0.010858138194444991
0.012551359349941494
0.013995050368336169
0.015357219786223678
0.015273316078087096
0.013523610374644352
0.01085770973079634
0.006852104129235119
0.0021238718209713164
-0.003304678423465455
-0.010140641937838842
-0.018290323434968357
-0.022818861005072973
-0.02336234498219526
-0.022215620819447453
-0.018017650059319396
-0.013841219506239861
-0.009853875128060293
-0.0033218214023853043
0.005140746057893204
0.010220541511067762
0.011780130710203687
0.011955207076640217
0.00936733675061109
0.007845172645342666
0.007589880254254577
0.0055145121533334415
0.0024274860448012863
0.0005409657541497978
-0.0003136420494543697
-0.0006444229980273025
5.839064326965995e-05
-0.00029758294264367206
-0.0017873713294041906
-0.0029546266778760397
-0.004256192007354423
-0.004851574343139103
-0.0045094159560520155
-0.003952973635726401
-0.002909800993267473
-0.0014948640374783833
0.0002429874335182942
0.002609800018438753
0.005589472424843506
0.0070489970314932
0.006843308128019093
0.0059848604748119075
0.003895580290101981
0.0018905161664125748
5.289236590343615e-05
-0.002775986718047085
-0.006325332508244716
-0.008135790744008015
-0.008121235379995359
-0.007269568129199855
-0.004930470455178815
-0.0028323254966557683
-0.0010555174085660854
0.0018266453284884185
0.00545986477122926
0.00738963558094623
0.007558069269730651
0.006893746929594602
0.0047538686999022755
0.0029423669004641478
0.0015363357541179413
-0.0009207079754786861
-0.004057854015012982
-0.005837597128227099
-0.006244011635713218
-0.005996629402819794
-0.004571368133729056
-0.003540622161688878
-0.0029686044690259705
-0.0016208976312543095
0.00017561700984385287
0.0014291716908275856
0.002194841990391694
0.002724808019635186
0.002782977536861319
0.0032760485520165607
0.004236027024316006
0.0050156414438229935
0.00581020324590861
0.005847666708610044
0.0049797167952502774
0.0037049930266875963
0.0017824759021861374
-0.0005134109219241295
-0.00315871870037484
-0.006514213104001094
-0.010537415994429604
-0.01234739851986913
-0.011723573775059901
-0.010010238510181211
-0.006409222370710872
-0.0026905483629935142
0.0010515705666780122
0.006406946769823262
0.013025296968443281
0.016280218891214657
0.015937714840882005
0.013966409520020966
0.009120571644437112
0.004511220485851182
0.00028999505699709967
-0.006184830631719018
-0.014282619024908842
-0.01830058349233591
-0.018026705040465347
-0.01575002992650154
-0.009955267950762117
-0.00465575624282726
-3.3237103705044586e-05
0.007233999566612206
0.016327226224090104
0.021067851841158093
0.02127711913265761
0.019341863745197543
0.013633604020299435
0.00862425320488972
0.004507181688722696
-0.002362768459430873
-0.011069999028482122
-0.016021840533278407
-0.017134865304106756
-0.016454842464730453
-0.012532586378514236
-0.009591554646401946
-0.007810437893929673
-0.003834555789185498
0.0014604691903911842
0.004820811044443936
0.006345710131042524
0.006995293839614357
0.005971246561467532
0.006060733726203127
0.007369443548051021
0.007837809281463168
0.008059847655473283
0.007393726511046055
0.005538836728761614
0.003203013619770706
0.00013480822366378735
-0.0038417924095684513
-0.008703428778741876
-0.014611309145453149
-0.02162968397151295
-0.024781979838045674
-0.023636777138891996
-0.020611657109356273
-0.014315267144137772
-0.007681810686808052
-0.0008786307759870394
0.00879323895936248
0.020756433341953165
0.027428796907423433
0.028450594446674395
0.027055132067091366
0.021214911305616403
0.01605953991639718
0.011851822576442957
0.004269288461934985
-0.005636297028970523
-0.011547881786003517
-0.013416767472157986
-0.013554173091124956
-0.010348419860938483
-0.008622700857235566
-0.008600881911696145
-0.006506460216739623
-0.003358296647912879
-0.00131281268885861
-0.0001231616310468912
0.0005453272534063075
0.000215635302213874
0.0011326258250286953
0.003360615371471679
0.005399599160661367
0.007740131107392524
0.00882388434862194
0.008352091122880148
0.007413828901196445
0.0055358888878673735
0.0032344093597955997
0.0005846299140798183
-0.0030971356266076893
-0.007715217816772706
-0.010262315671863824
-0.010562793705381178
-0.009995124280820203
-0.007752368125037451
-0.005759232859250214
-0.004132514219046484
-0.001213300278578638
0.0025993364141162667
0.004779140431914544
0.0052988190720901305
0.005095240672142275
0.003521705746262147
0.0024795493376521655
0.0020574013239687875
0.0007556869006201292
-0.0010253749605125344
-0.001996330991360547
-0.0022131045849771228
-0.002016065635447154
-0.0010917385334222045
-0.0005816410941994186
-0.0005226123392565218
-8.19384056050853e-05
0.0004990380743457037
0.0008167931644411338
0.0009242235795898429
0.0008448043267602018
0.00048673520942550886
0.0003037225001535219
0.00029913370088223407
0.00016942125213292785
8.40976256106952e-06
0.0002737411659955876
0.000980970842376256
0.0019811797239411948
0.0034007033471472143
0.004892874372494193
0.0064529718269465885
0.008369066575502496
0.010576607292221223
0.011603448104277821
0.011341897635907212
0.010446005307673367
0.00850542056728307
0.0064539077671306915
0.004332205246510972
0.0013077206882276611
-0.002438746871702242
-0.005998340711852815
-0.009406259411005976
-0.012990453616620446
-0.016541289620572205
-0.020828681871205394
-0.02590600429771159
-0.03122700871928387
-0.03697240901219471
-0.03855275723077373
-0.035447825743673556
-0.029942047090051733
-0.020693750495004482
-0.010212189213450169
0.0013921640198464444
0.016598298271175402
0.03495565399167116
0.04613460624316433
0.04950580074661466
0.04971103236235157
0.04394852883766363
0.038922125883573015
0.03499808213284965
0.0263827251714707
0.01444171554466107
0.005726320719246871
8.011238502377916e-05
-0.0047469459232915585
-0.007173676546647593
-0.012581405630395476
-0.021261104007365136
-0.029239912205736178
-0.03771284280095897
-0.041762834711271686
-0.0404633848427667
-0.036971786368599026
-0.029759186282613242
-0.020671011236058558
-0.009869003310348502
0.004982332090943139
0.023583394776068058
0.03353390097830836
0.03403481514995075
0.03083814841951509
0.020585266747067916
0.011142734394387972
0.0029827664300970903
-0.01074249971085078
-0.02841467897623434
-0.035862737582159576
-0.03260572738057917
-0.024295245789287295
-0.007185962250522239
0.008711680287203602
0.022938897548526377
0.04374115155778845
0.06906749962474405
0.0807794639602627
0.07813399314326958
0.06834263443691481
0.04653743926319106
0.025407662163673177
0.005473431826630761
-0.023872689912617033
-0.060087498519816505
-0.08105320444718535
-0.08599667520377204
-0.08374831200854574
-0.06844986316623058
-0.05582129590364173
-0.0465829780919323
-0.0278034998170128
-0.0027063331797845805
0.013195301431126249
0.02006332082795289
0.02315441607140395
0.018598621883065356
0.01889328751475864
0.024600802551905065
0.026235901382889636
0.02647343092599818
0.026062481886613545
0.023968732438201214
0.02166508606023141
0.019046582578381977
0.013201809781718688
0.004137146740351543
-0.0068927529555073315
-0.02057727252283462
-0.028517114303280716
-0.02988838492387448
-0.029225572190996228
-0.02419925527519532
-0.019398740928745047
-0.015202960059490933
-0.007293701930684581
0.003376169041821379
0.01074611761505344
0.014843717830547918
0.01795075543507415
0.018572585521103233
0.021357464304351384
0.026573244961941567
0.030668745041621502
0.03466737800460194
0.035215564707762256
0.031567181212351636
0.026007984907192874
0.017453321708931508
0.006939912789034829
-0.005436773258257518
-0.021216452660099527
-0.04026201162591457
-0.0509093995277676
-0.05230767913697101
-0.04995065682495355
-0.040637681037463375
-0.03158775959357235
-0.02322168152759231
-0.009128423951457106
0.009232518322633693
0.02014186405000052
0.023341377180996634
0.023466135342764385
0.017488798935849495
0.013936731740827739
0.013250428057130205
0.008595122438944157
0.0017732060645143587
-0.0017364273606271256
-0.0022403621532007157
-0.001121772692783262
0.0029231434908124658
0.004932255740092162
0.0047359971387611775
0.005888699721565016
0.0073264356636488686
0.007538179186281527
0.00675163191501437
0.004927376211546717
0.0017180812338871716
-0.0010850823026292834
-0.0034964323988613028
-0.00671215561097592
-0.010376675378308301
-0.012066036659344588
-0.011664411711851737
-0.010069977318909427
-0.006612277126473066
-0.003037131901876368
0.0006113198290785213
0.005809027534928518
0.012223466525027538
0.01558044073200616
0.01566267195601044
0.014287780794414529
0.010303722227562066
0.006611077209929343
0.0033516332860812565
-0.001929238200105223
-0.008642028020405425
-0.01281807253395651
-0.014395233760428285
-0.014874490205955172
-0.013233638459873853
-0.012438437531145286
-0.012629680597627872
-0.011454844439724794
-0.009537651546324855
-0.008053815277644299
-0.006826122916339743
-0.005712182941741387
-0.004955024230346906
-0.003247613967835676
-0.0005458985584332558
0.002315232828211937
0.00563072010939178
0.00857855055569809
0.011009970626734235
0.013536473975457639
0.015918962661471765
0.0184348252377292
0.021141073543272826
0.02369350999639487
0.02615609582969217
0.026059035287001223
0.023090581911811597
0.018440373710624895
0.011362645628800452
0.0031876379109881067
-0.006053427057807383
-0.017723805897252972
-0.03160687316420452
-0.03919223347791098
-0.03986162877876889
-0.03753141783602185
-0.029852969925794563
-0.02216616191904732
-0.014752154501438353
-0.0028716559688706502
0.012411745357932163
0.02142899719294825
0.023895803853438403
0.02373172704956076
0.018414699065265584
0.014850621785492606
0.013399193822334373
0.008454273358806377
0.0014666759193105526
-0.002917836416645489
-0.004950917044065362
-0.005869774046143753
-0.004574313597551973
-0.005236042943729902
-0.00801582597577875
-0.009930366663973813
-0.01188482140054737
-0.012539599173486302
-0.011442937256466737
-0.009864163038073423
-0.007341841700647896
-0.003882439485012115
0.00044098546689830124
0.006063755252638838
0.013008421498467398
0.016721583041842524
0.016866263131062265
0.015643908702193655
0.011811665299151291
0.008129296298669887
0.004774550578137584
-0.0007133943711235311
-0.007768866657050434
-0.011814162729816375
-0.012738135054331653
-0.012347755991317216
-0.009454484199329833
-0.007363751885707755
-0.0062400961636673285
-0.003416386150750794
0.0004147900048476924
0.0030859797798307624
0.00472026764716331
0.005884803972278742
0.006067825656639758
0.007232548409812893
0.009454054676456797
0.011333883035848187
0.013298512846009521
0.013804772811867748
0.012547913376646104
0.010553143107833602
0.0073385747426915
0.0034316992468701435
-0.0011142302773107444
-0.007008186027828406
-0.014166853018108551
-0.01832748950770303
-0.019200391846112493
-0.018772571705415957
-0.0158827924242649
-0.013205298588378283
-0.010897560807526591
-0.006610510022793521
-0.000889501981125844
0.0027156360291606414
0.0041807039196034715
0.004843505140620578
0.0038062909339635874
0.0037604899569359355
0.0048455748744630715
0.0049633193028082775
0.004691578423784157
0.004744518087330308
0.004942587557985849
0.005342285373218864
0.006074096365464835
0.006183129970834654
0.005653119478156857
0.0050535342697073625
0.0041716439247241315
0.0033101077755239637
0.002537873790808484
0.0015478517631698436
0.00042293732258112275
-0.0008752417652390912
-0.0023863965915932907
-0.004028311942441696
-0.005822133067614355
-0.006841740424064111
-0.006982612974116892
-0.006697606133465674
-0.005714699293624433
-0.00456364479120943
-0.003266153085134177
-0.0013085271784017845
0.0012135190520644096
0.0028149572001242087
0.0034315565749481287
0.003716362064610176
0.003278656716531638
0.003132217117754355
0.003338932262981349
0.0030591770916176724
0.0025084550826716717
0.001945015356127793
0.0012854830062310652
0.0005485350217517865
-0.0002290447436740577
-0.0014174087901446556
-0.003032270380846994
-0.004871638283853913
-0.007025905898217821
