step, usd->oil, oil->usd
Band: usd 0 oil 0
Linear p-values:
1, 0.001125454732406286, 0.06139650690362759
2, 0.4593834756811235, 0.8404787384321859
3, 0.8103214965710823, 0.9615094023093448
4, 0.8752664824046912, 0.9885103720453878
5, 0.9506266974836316, 0.9956135500032939
6, 0.9476473532088663, 0.9987457746305759
Nonlinear p-values:
1, 0.37807, 0.14809
2, 0.38563, 0.15127
3, 0.39495, 0.14491
4, 0.39325, 0.12631
5, 0.37706, 0.10385
6, 0.37553, 0.10321
Band: usd 0 oil 1
Linear p-values:
1, 0.09499655557318307, 0.00037245771905474286
2, 0.7106145154658104, 0.12151240888664831
3, 0.9583485984998235, 0.8485160960092022
4, 0.9836256318747892, 0.8799810754188666
5, 0.9967917330037254, 0.9864809124340657
6, 0.9975366036963225, 0.9263241696659951
Nonlinear p-values:
1, 0.94986, 0.96887
2, 0.94634, 0.96178
3, 0.95181, 0.95806
4, 0.94849, 0.93275
5, 0.93927, 0.8957
6, 0.94256, 0.79112
Band: usd 0 oil 2
Linear p-values:
1, 0.8591116176651548, 0.6325514375338431
2, 0.9552554936659049, 0.2245491105192451
3, 0.9885712509262331, 0.6216928983402243
4, 0.9868092137573202, 0.6598766042468911
5, 0.989965703439102, 0.7826786471641042
6, 0.9876547957792915, 0.7690559727171266
Nonlinear p-values:
1, 0.24855, 0.5802
2, 0.21489, 0.69093
3, 0.21469, 0.8155
4, 0.20439, 0.794
5, 0.22396, 0.79751
6, 0.27789, 0.79149
Band: usd 0 oil 3
Linear p-values:
1, 0.7186703843661195, 0.2518882104785307
2, 0.8842721836679941, 0.503766429202231
3, 0.9808410683353087, 0.8881592074180299
4, 0.9909058794643261, 0.9458800852275925
5, 0.8554001415642177, 0.964421780887644
6, 0.7386087022823481, 0.9687533589350875
Nonlinear p-values:
1, 0.11241, 0.42677
2, 0.09011, 0.50485
3, 0.11025, 0.51657
4, 0.21815, 0.63309
5, 0.29768, 0.54626
6, 0.30767, 0.32889
Band: usd 0 oil 4
Linear p-values:
1, 0.9961428069265189, 0.9692038503741117
2, 0.9814385954818738, 0.9262777011952372
3, 0.9945805423316082, 0.9893084733224623
4, 0.8995813390714333, 0.9303951674557718
5, 0.9385515487035737, 0.9377993761092855
6, 0.6054205999204294, 0.8980126000404216
Nonlinear p-values:
1, 0.00337, 0.71937
2, 0.00194, 0.60815
3, 0.00422, 0.58478
4, 0.01248, 0.62874
5, 0.01264, 0.73559
6, 0.02421, 0.74751
Band: usd 0 oil 5
Linear p-values:
1, 0.9753640450973975, 0.9783644502093402
2, 0.9946802929519958, 0.8286493628645113
3, 0.9798278839250794, 0.8735216682320228
4, 0.9999689007323578, 0.9534631299003088
5, 0.9992932861472522, 0.9590804367807981
6, 0.9991301240576735, 0.9001898346827877
Nonlinear p-values:
1, 0.0044, 0.94576
2, 0.01747, 0.96344
3, 0.04859, 0.94686
4, 0.09284, 0.93188
5, 0.10598, 0.9401
6, 0.1235, 0.94956
Band: usd 0 oil 6
Linear p-values:
1, 0.9772567813920272, 0.9829686951893425
2, 0.9997474885887249, 0.9264296065476815
3, 0.9999656335269783, 0.949556231225222
4, 0.9995267074243709, 0.969429783609554
5, 0.9140753796762419, 0.9768877276011505
6, 0.8642639552957608, 0.9981305628509717
Nonlinear p-values:
1, 0.11445, 0.97664
2, 0.11133, 0.98712
3, 0.10667, 0.98769
4, 0.08971, 0.98787
5, 0.08069, 0.98666
6, 0.10637, 0.98242
Band: usd 1 oil 0
Linear p-values:
1, 2.756900490081115e-06, 0.17859278858119046
2, 0.008500800186078116, 0.17503104028232
3, 0.14011460249939842, 0.6746433222766752
4, 0.1530400946343984, 0.681268658550459
5, 0.30931132378196086, 0.8330135487334916
6, 0.20420521894645047, 0.6656456377421991
Nonlinear p-values:
1, 0.04339, 0.98846
2, 0.04468, 0.98431
3, 0.0467, 0.98242
4, 0.05326, 0.97663
5, 0.05753, 0.95945
6, 0.06918, 0.95026
Band: usd 1 oil 1
Linear p-values:
1, 0.0011810887175436938, 0.005496828896440623
2, 0.6261644662261576, 0.6187960469797955
3, 0.8088422420469117, 0.8281194431149639
4, 0.9224949953848408, 0.9073164332520085
5, 0.9607385703877815, 0.954295454457842
6, 0.9867773714502512, 0.9665346589157299
Nonlinear p-values:
1, 0.5223, 0.41757
2, 0.53874, 0.47617
3, 0.58966, 0.49208
4, 0.59281, 0.5012
5, 0.59791, 0.51843
6, 0.61104, 0.52782
Band: usd 1 oil 2
Linear p-values:
1, 0.12402348890000882, 0.006138720452960405
2, 0.5911677153943127, 0.9845762010976878
3, 0.8754135527128981, 0.9925132090774207
4, 0.9335880819887851, 0.9991785545357735
5, 0.9685906655108347, 0.9994822197068872
6, 0.9520253056449188, 0.9999264121083067
Nonlinear p-values:
1, 0.78359, 0.81441
2, 0.76776, 0.79743
3, 0.67614, 0.7137
4, 0.60508, 0.54711
5, 0.56907, 0.43731
6, 0.60441, 0.33746
Band: usd 1 oil 3
Linear p-values:
1, 0.6609897527410216, 0.48331543149489764
2, 0.9648665269739879, 0.9147908845413978
3, 0.9970262036291654, 0.9950235927027679
4, 0.977434696032339, 0.9799763465260548
5, 0.8882553005633539, 0.9746669219152437
6, 0.8557665709708507, 0.975557414213323
Nonlinear p-values:
1, 0.12419, 0.20904
2, 0.08617, 0.31279
3, 0.0342, 0.32015
4, 0.0439, 0.35819
5, 0.06367, 0.30535
6, 0.07839, 0.311
Band: usd 1 oil 4
Linear p-values:
1, 0.919408101969372, 0.5033060611579495
2, 0.9498883006531249, 0.7311293592303505
3, 0.9421501154965208, 0.9215812968417335
4, 0.6249722842691809, 0.6529223595936722
5, 0.6519059465922716, 0.7466117709137085
6, 0.6405533569100736, 0.9146989756345817
Nonlinear p-values:
1, 0.93601, 0.9342
2, 0.82544, 0.90618
3, 0.90103, 0.90812
4, 0.96166, 0.92956
5, 0.91178, 0.95752
6, 0.93356, 0.9626
Band: usd 1 oil 5
Linear p-values:
1, 0.9610830128023502, 0.9760183133038277
2, 0.9982937951031876, 0.48813078236310925
3, 0.9755765209638924, 0.4892163574209559
4, 0.9878845541522053, 0.6887809126311468
5, 0.9943943499227491, 0.8485216560820712
6, 0.8576278873588901, 0.8188507387802704
Nonlinear p-values:
1, 0.41815, 0.96237
2, 0.37208, 0.97931
3, 0.3178, 0.97732
4, 0.36151, 0.97546
5, 0.30643, 0.9659
6, 0.32258, 0.91146
Band: usd 1 oil 6
Linear p-values:
1, 0.975666258488172, 0.9673350453925089
2, 0.9997031793519879, 0.9443600810349146
3, 0.947801152866391, 0.7744265300810806
4, 0.6928312332200648, 0.7805433746378827
5, 0.3885944528918375, 0.8559295334951749
6, 0.7897626838384982, 0.9241384570798661
Nonlinear p-values:
1, 0.98889, 0.9239
2, 0.98559, 0.95213
3, 0.98128, 0.95995
4, 0.97349, 0.96419
5, 0.96631, 0.97114
6, 0.92223, 0.97482
Band: usd 2 oil 0
Linear p-values:
1, 0.014211002857491543, 0.6562899384154057
2, 0.02823133717844191, 0.767933344584236
3, 0.2130954210770534, 0.9758018345374293
4, 0.27353947512124765, 0.9190403637389987
5, 0.21789190747002496, 0.8698588761095846
6, 0.16384171509009565, 0.8731054888744625
Nonlinear p-values:
1, 0.13794, 0.25399
2, 0.12311, 0.23259
3, 0.05497, 0.22014
4, 0.04954, 0.20428
5, 0.03838, 0.17046
6, 0.02579, 0.11454
Band: usd 2 oil 1
Linear p-values:
1, 0.0001858957770796948, 0.026386078526189613
2, 0.9647511878502518, 0.5722437767979603
3, 0.9898426904816636, 0.8934082805217235
4, 0.9396071404965578, 0.8765602014706204
5, 0.8185305623534491, 0.7865928122712138
6, 0.8720493069653918, 0.6449639016107289
Nonlinear p-values:
1, 0.29947, 0.42506
2, 0.32875, 0.37351
3, 0.35988, 0.34997
4, 0.36016, 0.31319
5, 0.34124, 0.27859
6, 0.32033, 0.28256
Band: usd 2 oil 2
Linear p-values:
1, 0.19180182636240317, 0.11451599846372408
2, 0.2720680581900966, 0.3139369223527568
3, 0.8237972995609699, 0.6867057582971359
4, 0.7498565496189384, 0.7122451920075132
5, 0.8369923327513249, 0.5886055256389251
6, 0.654248381300736, 0.30471531817555036
Nonlinear p-values:
1, 0.99268, 0.17212
2, 0.99326, 0.11407
3, 0.99064, 0.09352
4, 0.98629, 0.05824
5, 0.97917, 0.03854
6, 0.96898, 0.02351
Band: usd 2 oil 3
Linear p-values:
1, 0.9561450379217921, 0.8131488965895135
2, 0.9696236867849927, 0.7820819013043883
3, 0.9923241130584491, 0.9506726623039483
4, 0.9940328833678651, 0.9675178034865669
5, 0.9906792377241558, 0.9884247579848743
6, 0.9682507816716706, 0.9615415506493724
Nonlinear p-values:
1, 0.09918, 0.02864
2, 0.07738, 0.0106
3, 0.07516, 0.00792
4, 0.07897, 0.00722
5, 0.09091, 0.00693
6, 0.09969, 0.00484
Band: usd 2 oil 4
Linear p-values:
1, 0.9670411755056656, 0.7014289491712999
2, 0.9814931279725677, 0.5692845894548177
3, 0.9980908778176678, 0.7962574584889999
4, 0.9918758819811628, 0.7520915089827097
5, 0.9969534454181497, 0.8468603800029748
6, 0.9947684309908215, 0.8086175664258769
Nonlinear p-values:
1, 0.75398, 0.56025
2, 0.42943, 0.41689
3, 0.2871, 0.44091
4, 0.24506, 0.49356
5, 0.40496, 0.43132
6, 0.55776, 0.28877
Band: usd 2 oil 5
Linear p-values:
1, 0.9555696359947408, 0.5604906495571097
2, 0.870040869159696, 0.27110843947174523
3, 0.3764816843044812, 0.11697076116944788
4, 0.8633906713290956, 0.3065138350568212
5, 0.6866078362395205, 0.13948786316198722
6, 0.7712809806983958, 0.25816227945472525
Nonlinear p-values:
1, 0.64622, 0.61288
2, 0.50152, 0.58169
3, 0.32526, 0.37274
4, 0.2424, 0.17299
5, 0.21959, 0.05047
6, 0.19816, 0.00664
Band: usd 2 oil 6
Linear p-values:
1, 0.9828573601434717, 0.9480578799092505
2, 0.9887361364705877, 0.5123733906468123
3, 0.3599039612635349, 0.40580696377981496
4, 0.40913971610614297, 0.5575487586405619
5, 0.5976688265170073, 0.4380463983279673
6, 0.8736514932967767, 0.6767661898526092
Nonlinear p-values:
1, 0.23233, 0.48835
2, 0.33929, 0.24375
3, 0.33677, 0.16438
4, 0.25756, 0.17201
5, 0.27315, 0.16354
6, 0.88407, 0.12285
Band: usd 3 oil 0
Linear p-values:
1, 0.6823833705420705, 0.940472122729636
2, 0.7918908265751161, 0.9792808715883269
3, 0.9676533254285374, 0.9958278500051827
4, 0.9888370099284436, 0.999374934692068
5, 0.9960909223409622, 0.998582023704441
6, 0.9970771892839717, 0.9979616199288952
Nonlinear p-values:
1, 0.01459, 0.39567
2, 0.01071, 0.64563
3, 0.01111, 0.97511
4, 0.01133, 0.99013
5, 0.01155, 0.99692
6, 0.00982, 0.99778
Band: usd 3 oil 1
Linear p-values:
1, 0.08164192167975312, 0.5363590265713021
2, 0.2492128489736081, 0.6509188033457949
3, 0.658858747953809, 0.8505520674683742
4, 0.6260041046101903, 0.6474786480431458
5, 0.027429502861918864, 0.07328038082017693
6, 0.0010913274927305157, 0.020336370498582154
Nonlinear p-values:
1, 0.12488, 0.23678
2, 0.12982, 0.39251
3, 0.14153, 0.96518
4, 0.12311, 0.94418
5, 0.10393, 0.88787
6, 0.09288, 0.73101
Band: usd 3 oil 2
Linear p-values:
1, 0.10781569736826771, 0.32464913889430025
2, 0.34501804339719466, 0.4850927319833921
3, 0.7657286316116569, 0.7903758847731033
4, 0.81172307803807, 0.796365507195117
5, 0.9244501409721355, 0.9386954830664003
6, 0.7830108769597848, 0.9229429883411137
Nonlinear p-values:
1, 0.71487, 0.98226
2, 0.71852, 0.95556
3, 0.7866, 0.74181
4, 0.72376, 0.68051
5, 0.63452, 0.60434
6, 0.49914, 0.66128
Band: usd 3 oil 3
Linear p-values:
1, 0.7075844688719675, 0.7916588427313254
2, 0.9496784354002438, 0.749325155588187
3, 0.9953849629260079, 0.9423760008309453
4, 0.9939111669132424, 0.9365148422222261
5, 0.9969673911301743, 0.9884132179771393
6, 0.99537718470416, 0.9772670819355899
Nonlinear p-values:
1, 0.35567, 0.99496
2, 0.38911, 0.9983
3, 0.34842, 0.99639
4, 0.33473, 0.98556
5, 0.39154, 0.93242
6, 0.41318, 0.80746
Band: usd 3 oil 4
Linear p-values:
1, 0.13896242987108143, 0.0073201073390756636
2, 0.2150226427102183, 0.7957889906524153
3, 0.4383822691515765, 0.9243120288791924
4, 0.3034108521597556, 0.6097855539561845
5, 0.2627831028266102, 0.8069983019316249
6, 0.2593351469819078, 0.8818815179249082
Nonlinear p-values:
1, 0.86387, 0.99046
2, 0.53648, 0.95738
3, 0.45695, 0.81047
4, 0.5527, 0.85922
5, 0.52825, 0.93233
6, 0.4898, 0.94483
Band: usd 3 oil 5
Linear p-values:
1, 0.9758423815565409, 0.8351651635985329
2, 0.991267284956493, 0.7422002710374274
3, 0.9968059913266406, 0.8999396599808556
4, 0.8018818285581143, 0.9281122135773172
5, 0.81953148068344, 0.8631559664873654
6, 0.4630452295337444, 0.9155230591439818
Nonlinear p-values:
1, 0.96966, 0.98474
2, 0.66098, 0.91313
3, 0.39649, 0.85844
4, 0.27575, 0.88493
5, 0.22401, 0.89145
6, 0.25345, 0.82647
Band: usd 3 oil 6
Linear p-values:
1, 0.9213485311109954, 0.8591251832527148
2, 0.9414231067961043, 0.24277068561032536
3, 0.932349150509884, 0.003766396097704589
4, 0.748151792442638, 0.02115762092231237
5, 0.07184439813797978, 0.044457039696593995
6, 0.6758447116798447, 0.11299948531773155
Nonlinear p-values:
1, 0.98969, 0.98151
2, 0.98886, 0.98938
3, 0.98969, 0.99375
4, 0.9885, 0.99669
5, 0.9891, 0.99768
6, 0.97715, 0.99768
Band: usd 4 oil 0
Linear p-values:
1, 0.9301111103981187, 0.9747432778583783
2, 0.3420586409441477, 0.9969039409398667
3, 0.42487893371432783, 0.9996054671230867
4, 0.5940121508955194, 0.9999545815867222
5, 0.6211719085029381, 0.9997646301725611
6, 0.8433981546657181, 0.9422210786780864
Nonlinear p-values:
1, 0.15841, 0.99936
2, 0.09867, 0.9953
3, 0.1116, 0.96554
4, 0.09943, 0.97304
5, 0.09416, 0.98021
6, 0.09503, 0.97743
Band: usd 4 oil 1
Linear p-values:
1, 0.9788956544535892, 0.9332721497752094
2, 0.27153096278498506, 0.9848817072113869
3, 0.38428581207711465, 0.9984871029158993
4, 0.5401378479452512, 0.9998110881587812
5, 0.5632326641066412, 0.9994891870519056
6, 0.7937162257421811, 0.9268064495674841
Nonlinear p-values:
1, 0.29506, 0.05681
2, 0.39313, 0.14479
3, 0.38053, 0.09624
4, 0.35284, 0.12361
5, 0.34585, 0.24116
6, 0.37654, 0.35651
Band: usd 4 oil 2
Linear p-values:
1, 0.1079845948430719, 0.7622528660730955
2, 0.11624697994136288, 0.435731493344816
3, 0.330803019395843, 0.4898986874413275
4, 0.010735362601499357, 0.012224730902076037
5, 0.01208974005520001, 0.004683572154075478
6, 0.038607802442624725, 0.0007184456583589953
Nonlinear p-values:
1, 0.74922, 0.99135
2, 0.68852, 0.97217
3, 0.76914, 0.97783
4, 0.78965, 0.98104
5, 0.86827, 0.96558
6, 0.85226, 0.93832
Band: usd 4 oil 3
Linear p-values:
1, 0.06313239670620842, 0.4199262743401805
2, 0.5488538156434732, 0.35149183977539533
3, 0.7111879972355664, 0.5016572991196098
4, 0.6879269339209098, 0.4170686418018249
5, 0.8498319142915092, 0.42494419096080516
6, 0.8909332990335367, 0.33401043228866495
Nonlinear p-values:
1, 0.78199, 0.75941
2, 0.63982, 0.55338
3, 0.46562, 0.41962
4, 0.43147, 0.42815
5, 0.50635, 0.35666
6, 0.62431, 0.2788
Band: usd 4 oil 4
Linear p-values:
1, 0.8673192913369293, 0.7466179591288165
2, 0.982355626173065, 0.8691185528518863
3, 0.9963348254634452, 0.9579665230201726
4, 0.9916622877228706, 0.9415829483447841
5, 0.9936157691432016, 0.9240383002086296
6, 0.8939387078314198, 0.8478330823573877
Nonlinear p-values:
1, 1.0, 1.0
2, 1.0, 0.99998
3, 0.99992, 0.99885
4, 0.99927, 0.9971
5, 0.99898, 0.98864
6, 0.99826, 0.95458
Band: usd 4 oil 5
Linear p-values:
1, 0.39899363145617406, 0.32049795692903116
2, 0.23175175326504105, 0.9486660821810842
3, 0.4511047787242921, 0.8668756630430795
4, 0.5924353439604111, 0.9162988773173577
5, 0.1652678002930927, 0.7877786314031507
6, 0.3948463253447587, 0.9676342474480424
Nonlinear p-values:
1, 0.99998, 0.99964
2, 0.99998, 0.99942
3, 0.99976, 0.99185
4, 0.99867, 0.97395
5, 0.99789, 0.67347
6, 0.99694, 0.50132
Band: usd 4 oil 6
Linear p-values:
1, 0.8269228544649541, 0.9443283722053155
2, 0.9408734253675133, 0.7600106106772514
3, 0.8104353826881312, 0.8798893208292942
4, 0.7279078788016273, 0.9497252586225937
5, 0.7924531330024587, 0.6694148285492061
6, 0.9407291883513095, 0.6228535385315161
Nonlinear p-values:
1, 0.98038, 0.98264
2, 0.99512, 0.96791
3, 0.99072, 0.89147
4, 0.98726, 0.91323
5, 0.98719, 0.90482
6, 0.9824, 0.89335
Band: usd 5 oil 0
Linear p-values:
1, 0.9952110719503526, 0.9762142408525862
2, 0.9621790867058622, 0.9998080202007954
3, 0.9742343053631587, 0.9883524103950336
4, 0.9945604664740779, 0.9704181623171617
5, 0.9979841748807593, 0.9885615094883609
6, 0.9993946855352058, 0.9943489755577778
Nonlinear p-values:
1, 0.17068, 0.91413
2, 0.10645, 0.79762
3, 0.08983, 0.88106
4, 0.04846, 0.8732
5, 0.02761, 0.88326
6, 0.01777, 0.88097
Band: usd 5 oil 1
Linear p-values:
1, 0.9176681630841561, 0.9623767218800807
2, 0.6817809220993041, 0.9980966668049185
3, 0.5907531241661348, 0.8790334315313798
4, 0.5973954252804974, 0.9397004178592829
5, 0.7181066032327541, 0.9656485061497952
6, 0.4311115161459935, 0.9766348598667758
Nonlinear p-values:
1, 0.24813, 0.03138
2, 0.30047, 0.05584
3, 0.30673, 0.11698
4, 0.31757, 0.19377
5, 0.34268, 0.24087
6, 0.34016, 0.21635
Band: usd 5 oil 2
Linear p-values:
1, 0.9287244403061897, 0.9779036033917139
2, 0.9629219344893378, 0.9997119600164881
3, 0.9530688528530805, 0.9785323198859942
4, 0.8602400889412671, 0.8207619211227557
5, 0.9031357563788455, 0.8929521803417042
6, 0.6778864004849355, 0.6949988546452319
Nonlinear p-values:
1, 0.97285, 0.99316
2, 0.89939, 0.92261
3, 0.85123, 0.68078
4, 0.81959, 0.60251
5, 0.8314, 0.58716
6, 0.80055, 0.5982
Band: usd 5 oil 3
Linear p-values:
1, 0.7645843195129942, 0.9525176624839512
2, 0.49158223493645725, 0.9813372913969036
3, 0.6843063883207808, 0.9971739374390748
4, 0.8725918520797732, 0.8075193511836241
5, 0.8344654019757499, 0.8673175364563723
6, 0.8762590862898209, 0.5156932205256475
Nonlinear p-values:
1, 0.29504, 0.90911
2, 0.29747, 0.98607
3, 0.16814, 0.9885
4, 0.14629, 0.98053
5, 0.1719, 0.93753
6, 0.23081, 0.87727
Band: usd 5 oil 4
Linear p-values:
1, 0.1968951686973574, 0.31972351443810876
2, 0.8824611276348211, 0.379932441560635
3, 0.7769600491723241, 0.44045812696782716
4, 0.8948801118026272, 0.8262338525020426
5, 0.8785438881282519, 0.634240023304665
6, 0.9920059569498116, 0.7304841561557381
Nonlinear p-values:
1, 0.99964, 0.99703
2, 0.99967, 0.9934
3, 0.99966, 0.91866
4, 0.99948, 0.84675
5, 0.99779, 0.80834
6, 0.96864, 0.83234
Band: usd 5 oil 5
Linear p-values:
1, 0.5993180784770032, 0.427566052248074
2, 0.1682039463515393, 0.17751102952236136
3, 0.44855089822157035, 0.39273894325029957
4, 0.18383140247143012, 0.2231497449285341
5, 0.18182379004658994, 0.14425530208694518
6, 0.7307820344149625, 0.48448820253492286
Nonlinear p-values:
1, 0.99993, 0.99649
2, 0.99822, 0.94658
3, 0.99864, 0.65999
4, 0.99802, 0.58522
5, 0.96592, 0.48002
6, 0.96268, 0.52786
Band: usd 5 oil 6
Linear p-values:
1, 0.9585282021118615, 0.7289225414185931
2, 0.9039618557864392, 0.8274683800190453
3, 0.7747049749889928, 0.6418014683239197
4, 0.7247382643287992, 0.7554299415057364
5, 0.8228434444296209, 0.8184764954909294
6, 0.8583907473723906, 0.9064956721522345
Nonlinear p-values:
1, 0.97401, 0.93394
2, 0.95337, 0.89536
3, 0.97506, 0.72488
4, 0.96673, 0.76857
5, 0.84908, 0.66147
6, 0.86692, 0.67382
Band: usd 6 oil 0
Linear p-values:
1, 0.9747642066228271, 0.9815446765039912
2, 0.9518981567420038, 0.9993133765688336
3, 0.9285994358410868, 0.9403632916954744
4, 0.8397517321535921, 0.873694630316442
5, 0.9394660790466649, 0.9905909909416137
6, 0.9519474817798891, 0.9917998526490872
Nonlinear p-values:
1, 0.08387, 0.8474
2, 0.06567, 0.84294
3, 0.06093, 0.76372
4, 0.05367, 0.77863
5, 0.05012, 0.78478
6, 0.03473, 0.76093
Band: usd 6 oil 1
Linear p-values:
1, 0.996913011597254, 0.9689334187635199
2, 0.7402323264149682, 0.9904719031812571
3, 0.5429115014039947, 0.39186442732954513
4, 0.10821384988088002, 0.0288823599260025
5, 0.27962837974473437, 0.1496720742533852
6, 0.1932780224334801, 0.4773803969578817
Nonlinear p-values:
1, 0.07202, 0.03056
2, 0.04883, 0.27617
3, 0.06348, 0.61904
4, 0.07087, 0.98259
5, 0.07959, 0.9828
6, 0.09795, 0.97911
Band: usd 6 oil 2
Linear p-values:
1, 0.9075812364070132, 0.997903994807968
2, 0.7775019223793709, 0.9984568725621229
3, 0.6843727797967343, 0.9978307463959643
4, 0.4966647050961406, 0.9587742553754008
5, 0.4730037818870637, 0.9970302000571458
6, 0.4247094545934884, 0.9373069234595441
Nonlinear p-values:
1, 0.65614, 0.88466
2, 0.70976, 0.66918
3, 0.71241, 0.70841
4, 0.73614, 0.81244
5, 0.76937, 0.85178
6, 0.7632, 0.88007
Band: usd 6 oil 3
Linear p-values:
1, 0.9651366878892501, 0.9814893192440348
2, 0.9786284646280837, 0.9999983077246536
3, 0.9809676735133325, 0.9673736761225367
4, 0.9538741568169615, 0.9625016848420003
5, 0.912171071328164, 0.9973062657524229
6, 0.9262758593197664, 0.9999993146052019
Nonlinear p-values:
1, 0.44291, 0.96962
2, 0.31968, 0.91622
3, 0.157, 0.86639
4, 0.12014, 0.72799
5, 0.12101, 0.77917
6, 0.15436, 0.83688
Band: usd 6 oil 4
Linear p-values:
1, 0.9685204057377244, 0.9173652178484568
2, 0.9605409964263879, 0.9929748048816847
3, 0.98516876778536, 0.9894729116528568
4, 0.985323016166167, 0.9983122676110682
5, 0.996946699171132, 0.9899676971772823
6, 0.9979827575428459, 0.9915082200555472
Nonlinear p-values:
1, 0.99708, 0.96957
2, 0.99609, 0.79958
3, 0.99919, 0.7399
4, 0.9996, 0.77103
5, 0.99955, 0.80158
6, 0.99637, 0.78179
Band: usd 6 oil 5
Linear p-values:
1, 0.8974885852477495, 0.5537890114506079
2, 0.8288245396990472, 0.7573082298478311
3, 0.820098612469045, 0.598233336061819
4, 0.9255706564621227, 0.7818386078001901
5, 0.8677649283976443, 0.7550908563035905
6, 0.7426934097397231, 0.6251174861286999
Nonlinear p-values:
1, 0.99512, 0.99575
2, 0.94699, 0.88564
3, 0.96644, 0.84627
4, 0.97623, 0.81782
5, 0.97792, 0.85001
6, 0.98446, 0.87701
Band: usd 6 oil 6
Linear p-values:
1, 0.04163008115343487, 0.6636745413938452
2, 0.0720576127588232, 0.9329716098362197
3, 0.1268300632005655, 0.6695497782919241
4, 0.09988177019999983, 0.6867141523594011
5, 0.17926132511651266, 0.9367673033206688
6, 0.36681754687734086, 0.9951370455330972
Nonlinear p-values:
1, 0.98134, 0.96464
2, 0.96855, 0.97011
3, 0.92924, 0.96647
4, 0.88509, 0.9868
5, 0.83287, 0.99064
6, 0.65403, 0.98826
