0.0042951742304901935
0.004412507975779236
0.004531988584247643
0.004653685302777542
0.004776954512060282
0.004902000327976105
0.00497152855130332
0.004979580717616854
0.004953091515161228
0.004875359939733238
0.004779027019700056
0.0046652148428217
0.004502293783880646
0.004296043367887523
0.0040877882868915185
0.003876250465907051
0.003644472939122395
0.003401848536900752
0.0031144320178937922
0.002779267176017954
0.0024203095680724487
0.002029241392107312
0.0016450436932049326
0.0012735741195508566
0.000889940447405494
0.0005054820343013242
0.00010241353327471918
-0.00032134719535982075
-0.0007469591817887361
-0.0011781419755939218
-0.0016531281946089065
-0.00217278101143476
-0.0027212149981201967
-0.0033081916902326296
-0.003906746683329492
-0.004515251920229426
-0.005155371041812764
-0.005821284551737293
-0.006469843960492374
-0.007099295740261837
-0.007725909936193353
-0.008337980145841245
-0.008965783240465453
-0.009610246031915844
-0.010245826839327458
-0.010878386506055536
-0.01153145840923154
-0.012203679684955957
-0.012887320040627977
-0.013587682751891931
-0.01428358250485011
-0.014973630437671888
-0.015672435044821242
-0.01637500436939224
-0.017118566344474676
-0.017908143053254513
-0.018722434127588918
-0.019572332918297564
-0.02043960089328551
-0.02132282481860642
-0.022240897144399512
-0.02319033737755041
-0.02413905332935278
-0.02508699543456671
-0.026047583853346535
-0.027013002156254986
-0.028007272208449823
-0.029032173883315
-0.0300694424786691
-0.03112459733445853
-0.03201804372127742
-0.032729397873484486
-0.033346663626213656
-0.03381710909586086
-0.03423933016826288
-0.0346171688726075
-0.03485296673657154
-0.0349641165521626
-0.03508633368982291
-0.03521626775652733
-0.03529732181569377
-0.03536065960541819
-0.03529684762908382
-0.03509635255742006
-0.03483728232423124
-0.034492951197187656
-0.034179649969761396
-0.033915618004147795
-0.03362526052283742
-0.033342618353696014
-0.03301616620284627
-0.032639631981123525
-0.0322687044717054
-0.031892639529796186
-0.03139466970415159
-0.030771993505837137
-0.030073585233368918
-0.02926961310891271
-0.028441975511568306
-0.02759570826908097
-0.026664872235452254
-0.025667171807933403
-0.024745914653195176
-0.023907669237204488
-0.02309732178763479
-0.022353991519751898
-0.02157871988042865
-0.02076846165811015
-0.02000756081397616
-0.01927698052734869
-0.018496681521559755
-0.017671106167458234
-0.01682723339943285
-0.015947028272638435
-0.015101945651099432
-0.014296832858908138
-0.013482347477014827
-0.012675405509238692
-0.01175510952583421
-0.010705033941131053
-0.009594950956392151
-0.008389512219364617
-0.007147676469103297
-0.005874184036440661
-0.004507902398507454
-0.0030601684408577403
-0.001636228350417824
-0.00023643706317281362
0.0011831693973526815
0.0025968460443439832
0.0040829808323327825
0.005647285054237715
0.007229873551992979
0.00884866160107992
0.010273953618163491
0.011475775201712344
0.012574571496863843
0.013501985125260416
0.014375645953100973
0.015201109725817495
0.015856768959161674
0.016363153465240417
0.016907582702485355
0.017487162604020813
0.01802171077128159
0.01855485491319829
0.01893978654401876
0.019163633600862633
0.01933295760317919
0.019412178258421023
0.01953677090953562
0.019729711099745948
0.01989966720952854
0.020086738082762935
0.02023438054108118
0.02033506105881831
0.020452396278968676
0.02057460861560314
0.020559140186523953
0.02040211305488175
0.020164255115916723
0.01980904264682598
0.019435283601158166
0.019049187831843284
0.01857073197908201
0.01802127960307189
0.017602446867420296
0.017324991026912893
0.017108958704417702
0.017009838925617447
0.01689169287815442
0.016750224487419276
0.016703021366753733
0.016724126449027335
0.016696783670921592
0.016626984376655485
0.016555412694977966
0.016455701772352616
0.016430680738725827
0.016487593142426718
0.016555146346410764
0.016657788231416434
0.016631138870896088
0.016452540661372604
0.016218042865510932
0.01587958693192216
0.015516625125128594
0.01513584838828707
0.01465457895295017
0.014088217107579763
0.01358195655882649
0.013136622807246064
0.012691552676894365
0.012282442261160662
0.011801857077480576
0.011242105063762612
0.010685736724990498
0.010108343427552093
0.009608821891415346
0.009206251671081883
0.008836732020239404
0.008531208254004278
0.008252354287231837
0.00799691568134442
0.007812214045836369
0.007692208883171188
0.007535079942876611
0.007340036768768105
0.007153819233142429
0.006951925100879364
0.006808283607862002
0.006729615145112131
0.006659843834751926
0.006616658015409105
0.006562199696516952
0.0064872269939990805
0.006422984530244447
0.0063576029950268695
0.006301168216025568
0.0062562952287257365
0.006207397119479903
0.0061566464049360855
0.006155175975138881
0.006205232565129914
0.0062836937645198935
0.006403915686748549
0.0065325643538990995
0.006667438151974059
0.006836518629262937
0.007032686668567392
0.007139871385048994
0.0071498193006132365
0.007112182623066765
0.006994452206081652
0.006870386174249763
0.006742594996416716
0.006544968138441973
0.006291400677031415
0.006055253299892155
0.005833562463923177
0.005599087299520727
0.005368567777040156
0.005079558908926273
0.004727396696126161
0.004355975438186854
0.003950392727260965
0.0035973726836898727
0.003309450756552579
0.0030343925048931988
0.0027976317620352137
0.0025584783729866722
0.0023131623665432477
0.002104709010558387
0.0019251436110797211
0.0016949892587157674
0.0014134223446635066
0.0011138346304281769
0.0007765146264705579
0.0004594466576144984
0.00016669338888603499
-0.00014678657311120177
-0.0004679408095194498
-0.0007537286687927406
-0.0010047335202786772
-0.0012317558338532032
-0.0014235565838755875
-0.001615481274601049
-0.0018078169940792192
-0.0019728545835877827
-0.002117311373484543
-0.002255395717106931
-0.002384635479572876
-0.0025022115528714507
-0.0026107216081711895
-0.0026933733617375928
-0.0027490147544082747
-0.002787598471740709
-0.0028048972050626515
-0.0028462868334016025
-0.002916768066607115
-0.002991494541693689
-0.003083305016133816
-0.0031677868138580215
-0.0032430042470712487
-0.0033324517418484964
-0.0034311807085011183
-0.003502696754362174
-0.0035469277897249916
-0.0035782262407296054
-0.003587555403760314
-0.003602416082789022
-0.0036245109649121745
-0.00363268468943838
-0.0036330355633450973
-0.0036330519353671127
-0.003631121922191316
-0.0036280462733138167
-0.0036253708684608633
-0.0036136276202457717
-0.003592874282524718
-0.0035691099976291325
-0.0035403982880509205
-0.003508755767905741
-0.00347497240185185
-0.0034367508557772643
-0.003394782261462598
-0.0033496295505864534
-0.0033011362371340772
-0.0032496522543059
-0.0031953141991137683
-0.0031242287423931727
-0.0030351347691898417
-0.0029347016719092887
-0.0028190026191618933
-0.0026961055614882884
-0.0025664156670003957
-0.0024223855792839177
-0.0022655538434920405
-0.0021054387856191247
-0.0019417974514793
-0.0017709511586762668
-0.0015951255948535345
-0.0014065833967020034
-0.0012047536165362242
-0.0009952284057335144
-0.0007761879721983104
-0.0005848198699880353
-0.00042545763328882174
-0.00027932339316912914
-0.00015731202690410793
-3.9338944146182156e-05
7.552175437424459e-05
0.0001672875262551451
0.00023956690051871545
0.0003211856228952215
0.00041160161692140935
0.0004988233258076264
0.0005895656778395474
0.0006609468843406
0.0007110500432829435
0.000756441144568258
0.0007916172360307298
0.0008395421383789293
0.0009040035195147146
0.0009699616402562741
0.0010442222918100434
0.0011169747359414716
0.0011870427512191669
0.0012653675855471475
0.001349963445090933
0.0014174787406540292
0.0014673947845121914
0.0015096784519241686
0.0015384128580550388
0.0015700207417526963
0.001605592120827175
0.0016320073685031481
0.0016528760027609295
0.0016969392681399813
0.0017655811674933439
0.0018478450042682668
0.0019516270560138674
0.0020572068777613465
0.0021640458535096795
0.002289084463971018
0.002428586229247477
0.0025666344144569778
0.002704190665664088
0.0028467122228957066
0.002990668996413233
0.0031504113234593237
0.003326979255480369
0.003510586538524252
0.003704685298351517
0.003885257706378622
0.00404910092712997
0.004210197161135587
0.004361575076803004
0.004515049193353374
0.004671637584999894
0.004819234496497218
0.004960170578100479
0.0051154979985252496
0.005285361252448381
0.005461068349855875
0.0056478243213868495
0.0058300788900788394
0.006006766540552941
0.006189896572355776
0.006375971340030139
0.006538425367455709
0.006675851830354665
0.006798166704005354
0.0068979695335140805
0.006993320126261985
0.007084575733232705
0.007155986980207068
0.007210866119058692
0.007263858173514258
0.007313954690157036
0.0073559424942518225
0.007392973572841491
0.0074116223256910675
0.007410794606107227
0.007399438876268936
0.0073742281366514185
0.007357800836601892
0.007353051507430525
0.007346657597441767
0.007345101016011303
0.007337015817367922
0.007321321970785625
0.007309392564936242
0.007298889616259077
0.007269804428562538
0.0072218871954418595
0.00716321937995124
0.0070887656486397065
0.007013114808970581
0.006937153953835946
0.006849411256039974
0.006753075811162892
0.006662195924610734
0.006576856713597433
0.006492683079811343
0.006413363788956768
0.006327969580041721
0.0062362549829613366
0.0061469356828521594
0.006057870251115833
0.005962938073731347
0.005862723329519869
0.005758823112510013
0.005649918211208733
0.005542121419354762
0.005435784779252353
0.00532688047533198
0.005216850093876848
0.005091649493914017
0.004949540718740933
0.004798231896207011
0.004633648846345531
0.004462994737709101
0.004286771362448433
0.004097724304412197
0.003897227816404048
0.0036967614716194477
0.0034962771720454537
0.003291051414304616
0.0030838565080993597
0.0028659431056626654
0.0026366634959547586
0.0024025957736573313
0.002161718895376448
0.0019511828681193183
0.0017754758391531034
0.0016157321195080557
0.0014829059295839739
0.001357218078010475
0.0012377904040489288
0.0011445469265815922
0.0010739887856379094
0.0009969631611900635
0.0009140267776854121
0.0008374498084062277
0.0007604675811446192
0.000706207847472214
0.0006766633474765267
0.0006551382684528722
0.0006472322149358931
0.0006300242605473812
0.0005997533192920434
0.0005715452222769936
0.0005386346883805693
0.0005108472351789428
0.0004894091014252087
0.0004634353730451609
0.00043495218147884644
0.0004274541762425985
0.00044151589204278856
0.000467166833148832
0.0005103973807463801
0.000554779606877278
0.0005992664295729453
0.0006570736242945281
0.0007246279815871526
0.0007713749549892705
0.0007957935711327067
0.000809750985862091
0.0008048591298353663
0.0008019634165550721
0.0008016870691619134
0.0007861053206730438
0.0007591947872470174
0.0007382345662437765
0.000722267767117382
0.0007053517817402626
0.000691362962142709
0.0006649124679159836
0.0006249147964695965
0.0005819691282145229
0.0005324054742869278
0.0005015644248489584
0.0004928868411897377
0.0004916295117912767
0.0005051825145561564
0.0005211947072828661
0.0005386289116419658
0.0005702567598706103
0.0006136738589962163
0.0006466357519139032
0.0006690192185076331
0.0006900793701574908
0.0007043431629478851
0.0007282862909360352
0.0007630757340047571
0.000796047118160493
0.0008309359983662605
0.0008573812954951638
0.000872945381026571
0.0008851700420719219
0.0008907044198286567
0.0008925095551012317
0.0008909842427283212
0.000881527432886729
0.0008645701077947461
0.0008522582888215111
0.0008448146542146554
0.0008364820358767491
0.0008302244845787011
0.0008175453309096237
0.0007976544980558364
0.0007771360583977194
0.0007539681438167477
0.0007306179765135822
0.0007079984121273362
0.000683427843306377
0.0006577505104777382
0.000630940017819465
0.0006027643157511462
0.0005739923657015209
0.0005446023973841268
0.0005099959872940531
0.00046989259697779084
0.0004264813181684797
0.00037853553511377934
0.0003288628435767392
0.00027765430498543053
0.00022245406570222813
0.00016385007688714167
