step, usd->oil, oil->usd
Band: usd 0 oil 0
Linear p-values:
1, 0.0016186498892003587, 0.003756775431582284
2, 0.8615304920479837, 0.4926704208236562
3, 0.9919388911185686, 0.8698703984551198
4, 0.9985469522768755, 0.9360681408200423
5, 0.9998346826217949, 0.9826477726629657
6, 0.9999462698890805, 0.9869339569325646
Nonlinear p-values:
1, 0.95243, 0.11564
2, 0.94769, 0.12497
3, 0.95384, 0.1269
4, 0.9498, 0.13773
5, 0.94274, 0.14367
6, 0.94692, 0.15313
Band: usd 0 oil 1
Linear p-values:
1, 0.7170511199510545, 0.3863300715908896
2, 0.915761070696283, 0.7803977470979123
3, 0.9939944082498254, 0.982608493101359
4, 0.9985399853479898, 0.9943396522341577
5, 0.9999004852152111, 0.9995524927077941
6, 0.9999297663781951, 0.9994490991230701
Nonlinear p-values:
1, 0.4086, 0.89424
2, 0.44652, 0.91416
3, 0.4075, 0.91435
4, 0.37396, 0.91902
5, 0.29803, 0.93451
6, 0.28709, 0.93651
Band: usd 0 oil 2
Linear p-values:
1, 0.8414935449192369, 0.4080620716834781
2, 0.9607182689197197, 0.9333219621379023
3, 0.9975807562632081, 0.998536682882456
4, 0.9958946805254255, 0.9958399036527249
5, 0.996558001094166, 0.9972687946913138
6, 0.9986249423480184, 0.9992194786159283
Nonlinear p-values:
1, 0.97556, 0.99854
2, 0.97805, 0.99885
3, 0.9812, 0.99936
4, 0.98383, 0.99967
5, 0.98533, 0.99984
6, 0.98045, 0.99962
Band: usd 0 oil 3
Linear p-values:
1, 0.9973808943667428, 0.8779009566049526
2, 0.9962503530025341, 0.8127384240975634
3, 0.9998646451126768, 0.9484564007721861
4, 0.999982631225483, 0.9813696888365208
5, 0.9999977255363115, 0.9955254179707674
6, 0.9999991578258236, 0.9986459486198916
Nonlinear p-values:
1, 0.49547, 0.88751
2, 0.26187, 0.90581
3, 0.15534, 0.89034
4, 0.11342, 0.87122
5, 0.08347, 0.90328
6, 0.10158, 0.9055
Band: usd 0 oil 4
Linear p-values:
1, 0.9958565281776418, 0.9502968764741592
2, 0.9998142088066226, 0.6728509164343787
3, 0.9997285037411149, 0.8254656224489356
4, 0.998201605183512, 0.9103320667094167
5, 0.9970458435871675, 0.9203262196215879
6, 0.6724450291760574, 0.9458755583032779
Nonlinear p-values:
1, 0.70242, 0.8918
2, 0.51857, 0.74005
3, 0.54112, 0.58469
4, 0.64943, 0.61976
5, 0.52917, 0.59783
6, 0.3994, 0.53225
Band: usd 0 oil 5
Linear p-values:
1, 0.9992121602348776, 0.9213038323796293
2, 0.9965168584084754, 0.6760749357079694
3, 0.9661842277662115, 0.6515135536507581
4, 0.9999941261540641, 0.8339654567439111
5, 0.9965264340605103, 0.8443695924459129
6, 0.9981696983003651, 0.8027174464648216
Nonlinear p-values:
1, 0.99241, 0.92931
2, 0.95156, 0.93029
3, 0.9401, 0.92336
4, 0.94407, 0.88755
5, 0.93764, 0.90966
6, 0.91591, 0.95791
Band: usd 0 oil 6
Linear p-values:
1, 0.9972746034472494, 0.9939111047677764
2, 0.9998788061619677, 0.8316940257956402
3, 0.7819082222216847, 0.6978400662103273
4, 0.7888888350916079, 0.7837934653829985
5, 0.912490130036868, 0.8786124155313995
6, 0.9302357206266219, 0.9611510776212895
Nonlinear p-values:
1, 0.63464, 0.96924
2, 0.42983, 0.98622
3, 0.56251, 0.94576
4, 0.56719, 0.9058
5, 0.5307, 0.86412
6, 0.52909, 0.79753
Band: usd 1 oil 0
Linear p-values:
1, 3.281234641311201e-15, 0.0001504650532948908
2, 0.25311034609203575, 0.0604539943208481
3, 0.9690371211968866, 0.47952613627681784
4, 0.9455689973117318, 0.42838148640996254
5, 0.7941873525910935, 0.3762365284744525
6, 0.6793776190074576, 0.3404855862084561
Nonlinear p-values:
1, 0.41103, 0.86278
2, 0.44128, 0.84297
3, 0.47477, 0.82709
4, 0.4676, 0.80591
5, 0.46824, 0.76516
6, 0.45751, 0.84107
Band: usd 1 oil 1
Linear p-values:
1, 0.7834470996531117, 0.7522916605005522
2, 0.536070516982251, 0.9489246016729207
3, 0.9087541897541951, 0.996208336068892
4, 0.9305561009499761, 0.9977421627993123
5, 0.9839431671971111, 0.9977967134699842
6, 0.9781489521460963, 0.9990801138821097
Nonlinear p-values:
1, 0.17996, 0.74237
2, 0.20445, 0.78863
3, 0.25857, 0.77689
4, 0.29926, 0.75846
5, 0.36185, 0.7673
6, 0.37846, 0.80275
Band: usd 1 oil 2
Linear p-values:
1, 0.8081678373424419, 0.8265675864178348
2, 0.8906870974308906, 0.3448248052466684
3, 0.9898516081073317, 0.7815212092410571
4, 0.9974189229079412, 0.8619338027712247
5, 0.9997073190238757, 0.9506835527258553
6, 0.9995418523573701, 0.9340209825272341
Nonlinear p-values:
1, 0.93834, 0.76755
2, 0.94448, 0.80939
3, 0.96572, 0.82732
4, 0.97611, 0.83855
5, 0.9674, 0.83815
6, 0.97283, 0.81599
Band: usd 1 oil 3
Linear p-values:
1, 0.8823571684638392, 0.5455586262807266
2, 0.9061734931586458, 0.6170745040840517
3, 0.9794281158134328, 0.8562569335937263
4, 0.9824188090799696, 0.9273314988391994
5, 0.9723882417811505, 0.9424958102963781
6, 0.9591554512968109, 0.9278269683453977
Nonlinear p-values:
1, 0.2334, 0.99913
2, 0.12323, 0.99964
3, 0.07286, 0.99874
4, 0.06357, 0.9961
5, 0.03332, 0.99069
6, 0.02497, 0.99082
Band: usd 1 oil 4
Linear p-values:
1, 0.9677983338106617, 0.5819304445424487
2, 0.9374085654960579, 0.4671859944514286
3, 0.9559826705291, 0.7327951521417871
4, 0.6220421324503005, 0.5300454268438752
5, 0.6269774766326837, 0.5559776444079604
6, 0.4055606786254114, 0.7695751231984226
Nonlinear p-values:
1, 0.60245, 0.63898
2, 0.40113, 0.4361
3, 0.30978, 0.24361
4, 0.41352, 0.24999
5, 0.2492, 0.16334
6, 0.19693, 0.06822
Band: usd 1 oil 5
Linear p-values:
1, 0.9995063647015923, 0.8233725044636164
2, 0.9898275500476191, 0.35311335075699457
3, 0.8872534271941955, 0.2904189705762077
4, 0.5795386118294192, 0.5358658805620281
5, 0.7037376958091031, 0.47145455914686196
6, 0.48834309676605414, 0.41701251862755506
Nonlinear p-values:
1, 0.9285, 0.99237
2, 0.76797, 0.99102
3, 0.82679, 0.99239
4, 0.83916, 0.97039
5, 0.82582, 0.9705
6, 0.808, 0.94033
Band: usd 1 oil 6
Linear p-values:
1, 0.9953794416948413, 0.990575468291756
2, 0.9998188410647448, 0.9515729917237834
3, 0.9807994512614924, 0.8370545534691463
4, 0.999974864227169, 0.8898512654331653
5, 0.9996940721500667, 0.9625015635728134
6, 0.999958919951204, 0.9645902703333236
Nonlinear p-values:
1, 0.98281, 0.99369
2, 0.94571, 0.99543
3, 0.94593, 0.99519
4, 0.93756, 0.99636
5, 0.90317, 0.99598
6, 0.90258, 0.99635
Band: usd 2 oil 0
Linear p-values:
1, 0.181901592511341, 0.6920338825635177
2, 0.43744483620547825, 0.8827637794805203
3, 0.8819400601852456, 0.9863431132001069
4, 0.8575417235238562, 0.9862098408056689
5, 0.9274562937504175, 0.994046248232798
6, 0.9503662595696966, 0.997609169381269
Nonlinear p-values:
1, 0.86006, 0.99968
2, 0.88328, 0.99974
3, 0.88866, 0.99978
4, 0.89783, 0.99982
5, 0.90058, 0.99984
6, 0.90071, 0.99984
Band: usd 2 oil 1
Linear p-values:
1, 0.08709608575163676, 0.33615322563161054
2, 0.7252672128445954, 0.8464057067600548
3, 0.9210593734263531, 0.9861773022350473
4, 0.9680112532007621, 0.9925719882318977
5, 0.9878287975235633, 0.9973403576336203
6, 0.9916591800155322, 0.9957335311380034
Nonlinear p-values:
1, 0.99139, 0.98748
2, 0.96991, 0.98209
3, 0.92393, 0.97343
4, 0.87295, 0.96484
5, 0.87398, 0.95378
6, 0.89205, 0.9431
Band: usd 2 oil 2
Linear p-values:
1, 0.4769345732252721, 0.3381419742713392
2, 0.8031914547157059, 0.7279330695215203
3, 0.9810150021266855, 0.9366221714001978
4, 0.9930227414508181, 0.9704830256440625
5, 0.9986016321810608, 0.9755034763249564
6, 0.9966162587052679, 0.9632912343725287
Nonlinear p-values:
1, 0.99823, 0.99994
2, 0.99849, 0.99997
3, 0.99847, 0.99997
4, 0.99889, 0.99998
5, 0.99931, 0.99999
6, 0.99855, 0.99999
Band: usd 2 oil 3
Linear p-values:
1, 0.9984635260724142, 0.8762842995785423
2, 0.9776135398999123, 0.7303529524719243
3, 0.9975179505153984, 0.9318568732878374
4, 0.9984901857203425, 0.9561810387818659
5, 0.9991203377668751, 0.9891072187505708
6, 0.997769533606333, 0.9847736465578991
Nonlinear p-values:
1, 0.9707, 0.99837
2, 0.92655, 0.99899
3, 0.83069, 0.99944
4, 0.72217, 0.99725
5, 0.58511, 0.96813
6, 0.5872, 0.85542
Band: usd 2 oil 4
Linear p-values:
1, 0.9412807505830575, 0.9545732571175755
2, 0.9708608926825729, 0.5291392894101261
3, 0.9957745340997625, 0.7345759803478272
4, 0.9995337931050717, 0.8502959544492115
5, 0.996542536476964, 0.9115305538249934
6, 0.9561432909780154, 0.989941144178635
Nonlinear p-values:
1, 0.36293, 0.99848
2, 0.27589, 0.99921
3, 0.41002, 0.99863
4, 0.58929, 0.99852
5, 0.51833, 0.99845
6, 0.54552, 0.99905
Band: usd 2 oil 5
Linear p-values:
1, 0.9751581490123571, 0.8991798001074321
2, 0.9786609627124183, 0.8976175055792773
3, 0.9000350287633945, 0.8658964687830077
4, 0.9801480860651343, 0.9466503805654484
5, 0.9205982233230767, 0.9629639897649943
6, 0.8825723420574423, 0.99470915529712
Nonlinear p-values:
1, 0.99903, 0.99654
2, 0.99468, 0.9981
3, 0.98925, 0.999
4, 0.98899, 0.99929
5, 0.98922, 0.99971
6, 0.99158, 0.99979
Band: usd 2 oil 6
Linear p-values:
1, 0.9995388369386542, 0.9985491268984338
2, 0.999960598271149, 0.9983737010280118
3, 0.9996590212479916, 0.999559355441368
4, 0.9999880393658104, 0.9999832700630771
5, 0.9999992671360621, 0.9999980194432033
6, 0.9999998394672884, 0.9999981720211504
Nonlinear p-values:
1, 0.99839, 0.99512
2, 0.99547, 0.99694
3, 0.99324, 0.99826
4, 0.9925, 0.99912
5, 0.98552, 0.99955
6, 0.97605, 0.99956
Band: usd 3 oil 0
Linear p-values:
1, 0.9389294735574302, 0.9810191907574015
2, 0.8565666258763742, 0.9987318632152852
3, 0.966085065537215, 0.9999077670197679
4, 0.9907905761239513, 0.9999557094475117
5, 0.9969730908335411, 0.9999943758056629
6, 0.9983586961024603, 0.9999953588188925
Nonlinear p-values:
1, 0.94959, 0.99999
2, 0.96029, 0.99998
3, 0.96623, 0.99996
4, 0.97206, 0.99996
5, 0.97857, 0.99985
6, 0.9802, 0.99962
Band: usd 3 oil 1
Linear p-values:
1, 0.34378623355680493, 0.8577431565685543
2, 0.3235234073575851, 0.9124479184677714
3, 0.6431879759580712, 0.9843877643847324
4, 0.7263962262880258, 0.9838108312052195
5, 0.7431412684026798, 0.9578805837787139
6, 0.7330399689845779, 0.9579207012416892
Nonlinear p-values:
1, 0.862, 0.97782
2, 0.80795, 0.97725
3, 0.79012, 0.95243
4, 0.77503, 0.98368
5, 0.77767, 0.9914
6, 0.7035, 0.9908
Band: usd 3 oil 2
Linear p-values:
1, 0.06565709020214193, 0.3910226999910723
2, 0.9149848476338208, 0.626058101723718
3, 0.9783002647229849, 0.8883590667106531
4, 0.9947322378121416, 0.8995810294158251
5, 0.9978256741556024, 0.9715623909981993
6, 0.995996234440793, 0.9688646804724942
Nonlinear p-values:
1, 0.99917, 0.99999
2, 0.99926, 0.99999
3, 0.99926, 0.99997
4, 0.99946, 0.99985
5, 0.99968, 0.99925
6, 0.99942, 0.99862
Band: usd 3 oil 3
Linear p-values:
1, 0.575609575443518, 0.49344327769754637
2, 0.9081421354935167, 0.9646124806577657
3, 0.9803739339566749, 0.991375687414008
4, 0.9844537963979, 0.9964561310859211
5, 0.9965401148984231, 0.9992521511948342
6, 0.9978999546939962, 0.999954539888888
Nonlinear p-values:
1, 0.99266, 0.99799
2, 0.99584, 0.99891
3, 0.99652, 0.99761
4, 0.99527, 0.99033
5, 0.99482, 0.95038
6, 0.9937, 0.93566
Band: usd 3 oil 4
Linear p-values:
1, 0.5223957657984986, 0.22667108281157558
2, 0.5969089790050408, 0.9797707115300466
3, 0.7857376406236545, 0.9974723570964681
4, 0.6797729844145665, 0.837569065004389
5, 0.6458337417541102, 0.9269109212511675
6, 0.38425760675550974, 0.9727249371866915
Nonlinear p-values:
1, 0.84335, 0.80913
2, 0.68754, 0.86282
3, 0.73137, 0.78344
4, 0.81127, 0.62257
5, 0.66842, 0.64733
6, 0.56309, 0.6412
Band: usd 3 oil 5
Linear p-values:
1, 0.976993389788525, 0.8937183819525039
2, 0.9898835731055734, 0.9752023921659605
3, 0.9919149955011515, 0.9875126602099348
4, 0.9998243419014323, 0.9969308425462855
5, 0.9999214580273145, 0.9994608752990313
6, 0.9999967596543303, 0.9999154495743857
Nonlinear p-values:
1, 0.99962, 0.99867
2, 0.99837, 0.99923
3, 0.99725, 0.99925
4, 0.99737, 0.99808
5, 0.99771, 0.99363
6, 0.99787, 0.98238
Band: usd 3 oil 6
Linear p-values:
1, 0.9787233604053299, 0.9560808957821834
2, 0.997712696462721, 0.9570835757255178
3, 0.9838745397053653, 0.9729216383736405
4, 0.9757662558846664, 0.9841165630804998
5, 0.9686767178493131, 0.9768881534787202
6, 0.9956720109564897, 0.9889822138297647
Nonlinear p-values:
1, 0.99871, 0.99295
2, 0.99722, 0.99604
3, 0.99386, 0.99208
4, 0.98978, 0.9882
5, 0.98921, 0.98254
6, 0.99166, 0.9889
Band: usd 4 oil 0
Linear p-values:
1, 0.8924760458439027, 0.9942384162988482
2, 0.9503673650550907, 0.9991152992472692
3, 0.9854202277672364, 0.9957349225961251
4, 0.9902414964352112, 0.9925488978087698
5, 0.9966334732241812, 0.998316291335715
6, 0.9996039608954357, 0.9998393096469926
Nonlinear p-values:
1, 0.73102, 0.99994
2, 0.62822, 0.99988
3, 0.46591, 0.99983
4, 0.50625, 0.99912
5, 0.53246, 0.99878
6, 0.57422, 0.99801
Band: usd 4 oil 1
Linear p-values:
1, 0.7283505249732145, 0.9659525469714594
2, 0.7111801952357844, 0.9909710347456696
3, 0.8971380403275464, 0.9983182361096169
4, 0.9196061710031861, 0.9785544763081877
5, 0.9625671458924328, 0.9909975357653796
6, 0.9905390213054166, 0.9819230531486508
Nonlinear p-values:
1, 0.46999, 0.99351
2, 0.44124, 0.9904
3, 0.42549, 0.99563
4, 0.49561, 0.99411
5, 0.55626, 0.99092
6, 0.6061, 0.99363
Band: usd 4 oil 2
Linear p-values:
1, 0.8636851568686662, 0.9541735352671042
2, 0.30634775631013283, 0.9675460015207682
3, 0.4642342840668373, 0.9859765216404087
4, 0.6666974102423083, 0.9931924878690548
5, 0.7540462215283628, 0.9987179072882508
6, 0.874862290562419, 0.9943980246870677
Nonlinear p-values:
1, 0.99843, 1.0
2, 0.99881, 1.0
3, 0.99893, 1.0
4, 0.9992, 1.0
5, 0.99945, 0.99998
6, 0.99883, 0.99998
Band: usd 4 oil 3
Linear p-values:
1, 0.2697930780751168, 0.3629362468752584
2, 0.9756103331273318, 0.772954512500085
3, 0.9987423078079837, 0.9206401831188944
4, 0.8947162364947345, 0.9430017526843805
5, 0.964428825938318, 0.9775829338808071
6, 0.9769110128559293, 0.9756254238929566
Nonlinear p-values:
1, 0.99749, 0.99991
2, 0.99812, 0.99973
3, 0.99381, 0.99921
4, 0.98735, 0.99804
5, 0.98616, 0.99144
6, 0.96529, 0.98515
Band: usd 4 oil 4
Linear p-values:
1, 0.7468557887716528, 0.5446407427777572
2, 0.8553128043043134, 0.9520277479048591
3, 0.9552612557612388, 0.9857417654221274
4, 0.9880313401462762, 0.996052154179791
5, 0.9916282502664593, 0.9991558422941246
6, 0.9996471050483895, 0.9996449570824828
Nonlinear p-values:
1, 0.4322, 0.99793
2, 0.35011, 0.9558
3, 0.49267, 0.51397
4, 0.75305, 0.36005
5, 0.68116, 0.53811
6, 0.65942, 0.58299
Band: usd 4 oil 5
Linear p-values:
1, 0.9997912232420663, 0.9122922984884896
2, 0.9930123066912802, 0.974953191496134
3, 0.9996992483254177, 0.9967934203647056
4, 0.9939516238327897, 0.9963534127147946
5, 0.9955563284040954, 0.9926838689398262
6, 0.9994584920095628, 0.9968345051062267
Nonlinear p-values:
1, 0.99951, 0.99873
2, 0.99753, 0.99924
3, 0.99523, 0.99891
4, 0.99432, 0.99679
5, 0.99082, 0.99631
6, 0.99208, 0.9833
Band: usd 4 oil 6
Linear p-values:
1, 0.9662246463679889, 0.840002845491531
2, 0.9774336943010477, 0.7951340352970122
3, 0.9511786349464622, 0.8093819324226139
4, 0.9126901374185064, 0.9133229890501141
5, 0.8713884050062346, 0.9581387215988675
6, 0.9580921513959448, 0.9997258773674669
Nonlinear p-values:
1, 0.85491, 0.99728
2, 0.75806, 0.99888
3, 0.80412, 0.99861
4, 0.82495, 0.99937
5, 0.81604, 0.9993
6, 0.84549, 0.99927
Band: usd 5 oil 0
Linear p-values:
1, 0.9269827620756088, 0.9998812914021376
2, 0.7502713991836212, 0.9958264687871216
3, 0.500334612433381, 0.6749742217889767
4, 0.7065191013235239, 0.9685625797737085
5, 0.6653194326828821, 0.9104435534877172
6, 0.8593465284048276, 0.8866449594024991
Nonlinear p-values:
1, 0.99115, 0.99946
2, 0.9793, 0.99983
3, 0.97252, 0.99642
4, 0.97184, 0.99477
5, 0.96592, 0.98838
6, 0.95732, 0.98515
Band: usd 5 oil 1
Linear p-values:
1, 0.946162328302132, 0.9834275465982354
2, 0.8436012794394051, 0.996265980205783
3, 0.8084275468569175, 0.8857113271823447
4, 0.8741178576657525, 0.9613274201453107
5, 0.9380017477305644, 0.9799381548333707
6, 0.9662618650732877, 0.9974757314472176
Nonlinear p-values:
1, 0.80499, 0.99964
2, 0.79811, 0.99806
3, 0.62589, 0.9992
4, 0.5804, 0.99966
5, 0.59787, 0.99997
6, 0.50996, 0.99993
Band: usd 5 oil 2
Linear p-values:
1, 0.840343607119814, 0.9900615952324845
2, 0.7620331752641039, 0.9921484911065082
3, 0.8421656605391881, 0.9821500052641645
4, 0.9433721280677954, 0.9703851487181978
5, 0.9341266850603308, 0.9884309599943243
6, 0.9068851942802462, 0.9471079008573565
Nonlinear p-values:
1, 0.99895, 1.0
2, 0.99889, 1.0
3, 0.99944, 1.0
4, 0.99879, 1.0
5, 0.99035, 0.99998
6, 0.936, 0.99997
Band: usd 5 oil 3
Linear p-values:
1, 0.7851425755940549, 0.9336970500607987
2, 0.9310650013885415, 0.9834045127701336
3, 0.9436555786003478, 0.9468226782402241
4, 0.9849623379660417, 0.8978875528655816
5, 0.992742605442894, 0.9653369522987586
6, 0.9995611039268043, 0.9806570816990233
Nonlinear p-values:
1, 0.99832, 0.99931
2, 0.98852, 0.99846
3, 0.98546, 0.99672
4, 0.97776, 0.9932
5, 0.95934, 0.96509
6, 0.92035, 0.96726
Band: usd 5 oil 4
Linear p-values:
1, 0.5371028001768772, 0.4512522116323546
2, 0.736790880152922, 0.455041198202248
3, 0.6762914575112204, 0.6930986377962748
4, 0.7424364968234813, 0.6898173469663775
5, 0.4711201979607348, 0.31711470469312303
6, 0.3288304327536059, 0.29846157141741125
Nonlinear p-values:
1, 0.87044, 0.99522
2, 0.57534, 0.98459
3, 0.70816, 0.88169
4, 0.91018, 0.9336
5, 0.64102, 0.9548
6, 0.31399, 0.92881
Band: usd 5 oil 5
Linear p-values:
1, 0.9011044174954528, 0.870815603541402
2, 0.961212298705698, 0.9956644520364655
3, 0.9814995094269053, 0.998888630874265
4, 0.9978601395577931, 0.9943790768084751
5, 0.9618082060168768, 0.9963764267980671
6, 0.9786440811692197, 0.9950959833045353
Nonlinear p-values:
1, 0.99014, 0.99954
2, 0.91718, 0.99985
3, 0.86979, 0.99982
4, 0.83581, 0.9998
5, 0.83266, 0.99961
6, 0.86422, 0.99972
Band: usd 5 oil 6
Linear p-values:
1, 0.9456492439500684, 0.9376364151997877
2, 0.9852455497241908, 0.9814509551521237
3, 0.9818650706177255, 0.9974439679477417
4, 0.9932890466065719, 0.9993705460321639
5, 0.9950045848525741, 0.9904599826288024
6, 0.9951283692656849, 0.9881892289499986
Nonlinear p-values:
1, 0.99134, 0.98568
2, 0.73349, 0.99183
3, 0.55687, 0.99715
4, 0.63882, 0.99816
5, 0.65466, 0.99362
6, 0.69205, 0.99396
Band: usd 6 oil 0
Linear p-values:
1, 0.9989309912053148, 0.9963876455465939
2, 0.9862452145322956, 0.9999933305194826
3, 0.9903508913425952, 0.9856286822614482
4, 0.9920697930750862, 0.983923984095645
5, 0.9990328964164916, 0.9986180338001097
6, 0.9999079246352442, 0.9982970060472999
Nonlinear p-values:
1, 0.86092, 0.99687
2, 0.87239, 0.99652
3, 0.90445, 0.99585
4, 0.86321, 0.99483
5, 0.88703, 0.9924
6, 0.88965, 0.99284
Band: usd 6 oil 1
Linear p-values:
1, 0.9323622492302297, 0.990798948555035
2, 0.4135557423076729, 0.9996645385708441
3, 0.23307403429485862, 0.706104472613564
4, 0.1941268685257331, 0.7659815732207214
5, 0.2244653631333862, 0.9409464968563928
6, 0.41501427850838224, 0.8779828596271879
Nonlinear p-values:
1, 0.6351, 0.99899
2, 0.88447, 0.99944
3, 0.91513, 0.9988
4, 0.8898, 0.99736
5, 0.85741, 0.99571
6, 0.69968, 0.99525
Band: usd 6 oil 2
Linear p-values:
1, 0.9771203007253839, 0.9963870500922029
2, 0.9738473705918238, 0.9996635265707551
3, 0.9903822973723059, 0.9994330950723898
4, 0.994513599858534, 0.9992134756704513
5, 0.9991145733253382, 0.9996980419851732
6, 0.999810656055583, 0.9973857995083425
Nonlinear p-values:
1, 0.98843, 0.99904
2, 0.99209, 0.99876
3, 0.99434, 0.9981
4, 0.99451, 0.9971
5, 0.99626, 0.9949
6, 0.99511, 0.99492
Band: usd 6 oil 3
Linear p-values:
1, 0.9655895887638141, 0.9463975886089167
2, 0.8624220241896907, 0.9932124935993357
3, 0.9145138150456706, 0.5535379694108828
4, 0.8663628450057187, 0.4723261751801239
5, 0.9287817606955516, 0.7912441805829746
6, 0.9940990534179621, 0.8510176585554174
Nonlinear p-values:
1, 0.99608, 0.99625
2, 0.99824, 0.99545
3, 0.99841, 0.99275
4, 0.99849, 0.99288
5, 0.99746, 0.9919
6, 0.99371, 0.99303
Band: usd 6 oil 4
Linear p-values:
1, 0.81759532771238, 0.9848684894359299
2, 0.8024118685544703, 0.9846497520358242
3, 0.8719642243236049, 0.9299998844613161
4, 0.923174105922394, 0.9366399699743984
5, 0.9856214127684934, 0.9950605799715507
6, 0.8865992343301085, 0.9890122715727881
Nonlinear p-values:
1, 0.77856, 0.86456
2, 0.82299, 0.82978
3, 0.64916, 0.78532
4, 0.62642, 0.76777
5, 0.43878, 0.70194
6, 0.37399, 0.76091
Band: usd 6 oil 5
Linear p-values:
1, 0.8126655611616252, 0.7636154066391228
2, 0.7393813658663941, 0.85963274150607
3, 0.8182464836456753, 0.7127961165346098
4, 0.9253871641701943, 0.829065666594637
5, 0.9841942454431323, 0.9624737730666243
6, 0.9992205363108957, 0.9920708524205375
Nonlinear p-values:
1, 0.99097, 0.98667
2, 0.98201, 0.99211
3, 0.98557, 0.99473
4, 0.97817, 0.99332
5, 0.97983, 0.99102
6, 0.98428, 0.99146
Band: usd 6 oil 6
Linear p-values:
1, 0.9138471526620808, 0.49839073266413003
2, 0.7588134211948862, 0.6509354499900313
3, 0.9067597239865569, 0.8541524011676527
4, 0.9152017305368738, 0.9047033662123753
5, 0.9788245404934998, 0.9648834599271991
6, 0.9921524243649822, 0.99590370136971
Nonlinear p-values:
1, 0.99156, 0.99191
2, 0.99104, 0.99353
3, 0.99176, 0.99421
4, 0.99085, 0.99307
5, 0.99284, 0.99095
6, 0.99401, 0.99164
