-0.004971770981901246
-0.005076593986445925
-0.005183027623365499
-0.00529111727895338
-0.0054004501050811905
-0.005511157992183786
-0.005613561702962208
-0.0057066263472762965
-0.0057949769044404065
-0.005875787960494683
-0.005954510049532957
-0.0060313435669364455
-0.006100975540590995
-0.006164373579252997
-0.00622864303209848
-0.006293584801094502
-0.006356272535279435
-0.006418330702258436
-0.006473969725457431
-0.006522689473644368
-0.006568600050202973
-0.006610288659182179
-0.0066542316412574794
-0.006701420697278908
-0.00674770160677442
-0.006794965518960315
-0.006840293653928289
-0.006883343543505281
-0.006927237648829194
-0.00697136963665485
-0.007009344039169799
-0.007041017581460755
-0.0070690626179904965
-0.007091849177901792
-0.007113886534290494
-0.007135452841155294
-0.0071529304984144434
-0.007167296715467801
-0.007185985442062162
-0.007209316406992322
-0.007234473181209556
-0.007263480142250234
-0.0072911572851184474
-0.007317350029572783
-0.00734645189874876
-0.007377465872877847
-0.0074063106726823535
-0.007433223879719385
-0.007459564325878005
-0.007484415755595907
-0.0075114499092127475
-0.007540914554699972
-0.0075702840355527535
-0.0076004283322376135
-0.007624991955750201
-0.00764311926077066
-0.007658464400152211
-0.007669171306713156
-0.0076783553052681
-0.007686264974954623
-0.007689681200477684
-0.007689203609211384
-0.007690337698340526
-0.007693099859047754
-0.007695194950146358
-0.007697969248873465
-0.007697316547533547
-0.007692938440893315
-0.007687969937802797
-0.007681472709891549
-0.007683079250013679
-0.007694112266781331
-0.00770938409716603
-0.007731776170576869
-0.007756499239587117
-0.007783308197909648
-0.007817245576677215
-0.007857478653457591
-0.007895917119498363
-0.007932657640524273
-0.007971194402779349
-0.00800963265798753
-0.008054244303676978
-0.008105579666705104
-0.008159055633701723
-0.008216187912866232
-0.008271528063143137
-0.008324118399502919
-0.008377693002669327
-0.008430630179988232
-0.008485136157826567
-0.008541517356739175
-0.008597238949426678
-0.008652759552008333
-0.008713935034299635
-0.008780932193093139
-0.00885123823420626
-0.00892635468829256
-0.009002242849930505
-0.009078645623902072
-0.0091588410246946
-0.00924195509613721
-0.009319245363239229
-0.009390221932473979
-0.009458386818912715
-0.009521326563096212
-0.00958488516230908
-0.009649248276954818
-0.009709332886566332
-0.009766251274330446
-0.009825126773524501
-0.009885702664639284
-0.009946173475026614
-0.01000769641546425
-0.010065777988223239
-0.010120096997090032
-0.010173771625795587
-0.01022573139257352
-0.010283015898163318
-0.010346599817705035
-0.010412350115690276
-0.010482324285159494
-0.010553129683196615
-0.010624475101759182
-0.010699893934107696
-0.01077872600188536
-0.010854719255741161
-0.010927832194576055
-0.011000676022368521
-0.01107171030467814
-0.011145548927923386
-0.011222519394175907
-0.011299067722709007
-0.011376239303541742
-0.011390733041032521
-0.011335646816533334
-0.011241321755473425
-0.011089221636145535
-0.010914727516141311
-0.010719109732898803
-0.01046766750580674
-0.01016663359609727
-0.009862704821078077
-0.009554559199497234
-0.009222842082721675
-0.008878203457731599
-0.008482596660673566
-0.00803268518358944
-0.007555430081389071
-0.007041512428479422
-0.006532976802089686
-0.006036251466408876
-0.005524221794501057
-0.005009137820022551
-0.004472042844628875
-0.003910655889370488
-0.003345198307223216
-0.0027716922802494943
-0.002148390111717061
-0.0014742978936214755
-0.0007668061991398446
-1.5235169233238709e-05
0.0007510896090414255
0.001530404254858916
0.002346336148162727
0.0031925698338134603
0.00401993180805951
0.004826310561011098
0.0056304771104210335
0.006419064064505528
0.007226325116368106
0.008053334745484673
0.008871082991184482
0.009686197950509002
0.010525880495514896
0.011388615976747061
0.012265375322760563
0.013162306445205267
0.014055077349842713
0.014942085410724157
0.015840162172378706
0.0167435780516661
0.017694309539423983
0.018698061058147683
0.019730743938325145
0.02080465284495728
0.021899307431422446
0.023013111538821355
0.024167339154861342
0.025358085697294256
0.02654902310089518
0.02774008409077648
0.028946485353841117
0.030159376610619373
0.031405920906413365
0.032688135336264364
0.03398535720151768
0.03530382859150476
0.03642367209360502
0.037320107503170066
0.038100498518668355
0.038700323031555295
0.03924067922391676
0.03972623372879982
0.04003726463133095
0.040195138839935945
0.04036537027044524
0.040543786249612634
0.04066144932464098
0.0407563323499534
0.04069476571452367
0.04046510264816113
0.04016265612180117
0.039754815261844885
0.039384606248596986
0.0390743738990896
0.038731292505444395
0.038397203780076675
0.038008560490246715
0.0375576537309458
0.037113033329010364
0.03666144333965983
0.036059572975156474
0.035304000496236373
0.03445478003338237
0.03347529932479102
0.032466121055840985
0.03143341703539201
0.03029623344029741
0.02907630490160364
0.027948370379290252
0.026920369287511004
0.025925196017869467
0.025010526614221408
0.024055548570610843
0.023056543987523936
0.022116399855391204
0.021211862794822216
0.02024550610056486
0.019222752328913257
0.01817637765138378
0.017084427643902403
0.01603392943398608
0.015030770392240494
0.014014857958525972
0.013006786171323816
0.011858880478153564
0.010551086685410927
0.00916857112744459
0.007668152380822641
0.006121870708035935
0.004535500244187861
0.0028343466878270893
0.0010322527283703705
-0.0007423249445420029
-0.002488972877613844
-0.004261357636334328
-0.0060280682835032896
-0.007884819812234184
-0.009838596703730416
-0.011816306483636274
-0.013839834799557018
-0.015597616684096397
-0.017049866037548312
-0.01835820422025522
-0.019430115247713826
-0.020427045997204792
-0.021356392198342126
-0.022052469899838233
-0.02254351115091358
-0.023080544157053684
-0.02365933614023046
-0.024172864133732562
-0.024679469202671826
-0.024981542721344913
-0.025061778525625144
-0.0250632388176495
-0.024937986876333404
-0.024872740586013076
-0.024898745748337833
-0.02489092809093086
-0.02490444727792187
-0.02486052552778486
-0.02474883803071025
-0.02465737317161526
-0.024569720780856497
-0.024291002730362724
-0.023816027179756935
-0.023227595067388276
-0.022475804072468072
-0.021696005296489802
-0.020896676023096163
-0.019968312714465156
-0.018940181222722435
-0.01808167666177282
-0.017406867983391174
-0.01680941613940692
-0.01636337446887792
-0.01588644374918686
-0.015372888745295157
-0.014980046089086768
-0.014673068288317189
-0.014296793468665706
-0.013859282061278205
-0.013414344749689805
-0.012926955051948429
-0.012534046147691795
-0.012245213361457613
-0.011965580234377292
-0.011727684296574186
-0.011310733431822293
-0.01068436460726376
-0.009977345774747522
-0.009125126729415171
-0.008234579401954085
-0.007314642193835615
-0.006254172519389025
-0.005073861595147023
-0.0039682969809643285
-0.0029385182511342256
-0.0019032312928341578
-0.000910240708146608
0.00018457780248891015
0.0013915689444945136
0.0026000845989747603
0.003842897299738482
0.004924226686588044
0.005812025061888225
0.006621563434706267
0.007292974016484827
0.007912507069538803
0.008485782347869963
0.008914424663091999
0.009212972823261889
0.009563282041491771
0.009965004014072423
0.010336953597855175
0.010722297626375957
0.010984637907318079
0.011111746671746988
0.011205129108204677
0.011231953268580072
0.011286204131899038
0.011386764194336799
0.01146423845866079
0.011547127946670342
0.011602172743048826
0.01162359138938145
0.01165320990201834
0.011684009951360957
0.011605204094412796
0.011412862127746113
0.011155556543041376
0.010804620648907411
0.010434599660626634
0.010050272298689914
0.009590197328099495
0.009070384786425809
0.008693487031317398
0.008472465512830249
0.008323120331897901
0.00830180517246941
0.008276584788907028
0.00824297758678321
0.008317501393411676
0.0084751469363596
0.008592066532157239
0.008673753271813004
0.008765101667499574
0.008837946806003232
0.008999051259374476
0.009256197042407084
0.009534701028921065
0.009859990762435822
0.010075118723063528
0.010157824009024123
0.010201423501623338
0.010159935258003175
0.010107900754772959
0.010051940990747178
0.009913731622432783
0.009707798043209268
0.009575756155515838
0.009518783152916679
0.009477488790632548
0.009486856107167077
0.009442931096607751
0.00933834680358577
0.009253458412643313
0.009164761034211856
0.009082204102839615
0.009015625782497814
0.00894348233515702
0.008870879192880952
0.008811068001103668
0.008762729033343237
0.008724302928959697
0.008698831554009454
0.008649281239661454
0.008573076456534486
0.008490529399214483
0.00839200518551568
0.00829864859175193
0.00821272486843971
0.008115736434789108
0.008012564136981322
0.007925032586706536
0.007853083206444516
0.007789906161842518
0.007741118559227329
0.007689980556871154
0.007636058262538461
0.007592613115844048
0.007556321594008108
0.007519736862746878
0.007483899890718828
0.007450282924715368
0.007417387731361649
0.007393376869217708
0.007378697227176513
0.007368226644474185
0.0073639153655614305
0.0073154758568479165
0.007217426821375424
0.007094860617661405
0.006933206093557862
0.006760232380157998
0.006577279560959131
0.006357253964370165
0.0061052565971773
0.005859105484227767
0.005618058053519231
0.0053667003498689405
0.0051138737853591975
0.00482943451770029
0.004510960943391483
0.004180319853950109
0.0038303251713410116
0.003491179550064345
0.003167920726316318
0.002840856459468751
0.0025189813802554903
0.0021895160081878856
0.001850978293362517
0.0015177730243601296
0.0011873637463365536
0.0008292224256797529
0.00044273590292635514
4.1026646349198444e-05
-0.0003835913121050747
-0.0008095388470384667
-0.0012353226115213018
-0.001678063934216774
-0.0021329689639162162
-0.002533678129121445
-0.0028753647187620495
-0.0031857044700162873
-0.003445943253952099
-0.0036982363905416135
-0.0039437744224430655
-0.004144455411324014
-0.0043080082743880916
-0.004475748780090065
-0.00464569587883159
-0.004802223415159588
-0.0049545474391828334
-0.005066891456237641
-0.005136351211739662
-0.005187592129215221
-0.005211876874388481
-0.005260208604131013
-0.005339644821860404
-0.005419305200887758
-0.005513952785744452
-0.00559906318103919
-0.005672187349148615
-0.005758603039093372
-0.0058533095947485075
-0.005909482165509601
-0.005926432664891281
-0.005923437084971282
-0.00588871166808922
-0.005856092579822169
-0.005827721763484556
-0.005776926854927337
-0.005711141005852244
-0.005668683112707972
-0.005650347419660552
-0.00564335381908573
-0.005657939217149913
-0.005665516981297913
-0.005665431798283658
-0.005681070642917626
-0.005706912642292219
-0.005724839069357295
-0.005736371608955306
-0.00574684555819496
-0.005752337424660604
-0.00577033215539404
-0.005801959609505455
-0.0058356074070622516
-0.0058754528277397125
-0.005885441483317386
-0.005861036649420995
-0.005822433597117038
-0.005759194022842041
-0.0056896317454409
-0.005615139363330216
-0.0055172435904271445
-0.00539949836377905
-0.005292061788835301
-0.00519494296523919
-0.0050957644580573
-0.005001887359830984
-0.004890602656165804
-0.004760296782213993
-0.004628240504544786
-0.004489254645381392
-0.004371141233661621
-0.0042785824097883104
-0.004194801830543251
-0.0041283098332369275
-0.004067190482643614
-0.00401057664465182
-0.003972260275913974
-0.003950212698854308
-0.003918038794057085
-0.0038756966537230905
-0.0038349848129131643
-0.003789590446116261
-0.0037591045129250567
-0.0037452534665393454
-0.0037333316832198855
-0.003728019630551369
-0.0037168573629302116
-0.003697182811897697
-0.003678414056216765
-0.003656719600940938
-0.0036361902427211965
-0.0036175833585071083
-0.0035954433540309996
-0.003570612816380768
-0.0035582314446240904
-0.0035588414064328653
-0.0035657025956813454
-0.003582719468515825
-0.00359974086023488
-0.003616081489566354
-0.003640092627601526
-0.003669572858237543
