0.016842982486585417
0.019229226798191078
0.02163812898070545
0.02405873633183422
0.02662887311976458
0.02931055925545039
0.03132666603145949
0.032613729469383526
0.033508982361084946
0.03379102632102442
0.033939182232867106
0.033968270354627794
0.03343732002867356
0.032433771984299295
0.031466511021262286
0.030514673380740324
0.029380956057141194
0.028180035350011318
0.026479965444324016
0.024245339509517835
0.021777196012331204
0.018970340228426245
0.016406165397281444
0.01416740261777544
0.0118980216747259
0.009766938842876889
0.007499079620829317
0.005066324042219276
0.0027553019437703804
0.0005100258199345214
-0.0022117251867589303
-0.005418520563036807
-0.00888576998357628
-0.012750039535605093
-0.016621083949151606
-0.020473966574884383
-0.02461686109076144
-0.028963992453224167
-0.032389519847827675
-0.03481400665597445
-0.03670448578786003
-0.03774371523386917
-0.038652725326753415
-0.039452257808374316
-0.03949433129671972
-0.03891190340992059
-0.0384035182518634
-0.03793595090219706
-0.037247188548530666
-0.036493534705503455
-0.0350699588261819
-0.03292824463406139
-0.03048639618660015
-0.027597276389468045
-0.02514315977847188
-0.02324607364561886
-0.021375563978769392
-0.01978754395718486
-0.018057247061923912
-0.016143603195434477
-0.014485250358778456
-0.012996439597254368
-0.010872747359009087
-0.00810371968029061
-0.005021491083779603
-0.001424511768287546
0.0021032893184617565
0.005523996951832441
0.00929565591708626
0.013289130901403958
0.016469586974939804
0.018783702214290213
0.020625153619550127
0.021707596620663367
0.022736053769815648
0.023727848607626414
0.02407228963881173
0.023901150605946133
0.023793510749889744
0.02371348460637373
0.02345814449356909
0.023154765771064297
0.022280220985401403
0.02079463345803043
0.019052428059066047
0.016926337544794275
0.015292766960776007
0.014267006565818313
0.013336631806869576
0.012754835551134354
0.012087460556187589
0.011295670243651976
0.010820662808675198
0.010575465227257441
0.009788639817462797
0.00845325125237019
0.006885397617979627
0.0048930892488952445
0.003043343792012581
0.0013734480888556709
-0.0005574324622697499
-0.0026230573007101506
-0.004293481715906419
-0.0055642012547350884
-0.006593907963508407
-0.007241785872098998
-0.007918289307196067
-0.008629698227523876
-0.009045055086411959
-0.00924262712750679
-0.009444383573841551
-0.009625187803231596
-0.00972523278463106
-0.009789941175464601
-0.009589718465303716
-0.009108891949140892
-0.008493468420173182
-0.007687172044586516
-0.007218550629338352
-0.007150180757282211
-0.007188427261310695
-0.0074845487339793935
-0.007762459740997727
-0.00800045489238964
-0.008470498654560307
-0.009117656378259125
-0.00950639009231819
-0.009635889798608577
-0.00968122206833342
-0.009535146851522198
-0.009525096716317382
-0.009672722377701126
-0.009727141329699006
-0.009761866853622089
-0.009770344402641344
-0.009724390680051601
-0.009679705756010595
-0.009627490582501019
-0.009511542160523186
-0.009335397594015542
-0.009117848170364947
-0.008846662500944019
-0.008616995222462651
-0.008437102866260909
-0.008251863833767564
-0.008086463982869007
-0.007890981671607754
-0.007659547931442668
-0.007438015186639507
-0.007214899606799528
-0.006895120154981416
-0.006474942819036539
-0.005991056571684163
-0.005417887358986018
-0.0048205141600767935
-0.004201178054699113
-0.003504756560430846
-0.0027439475668769625
-0.001965929114222902
-0.0011674275888837282
-0.00033354869489876844
0.0005252790574506568
0.0014525317428703702
0.0024510686383117436
0.003491381928971386
0.00458379063408191
0.005538531162239208
0.00633380377958706
0.007066460697893082
0.007681239262496743
0.008280674180887801
0.008869988447072137
0.009347774892767934
0.00973281741203181
0.010172127474646492
0.01066332193595015
0.01114584181708629
0.011654229897149806
0.012072518651216885
0.012391361579117258
0.01269539766293866
0.012957041078547638
0.01328841777915755
0.013708667172607512
0.014144066790758152
0.014628152884193932
0.015114323561816773
0.015597092756346728
0.016129703817920893
0.01670296814693461
0.017202161448566445
0.01762492935508636
0.01802086825915107
0.018361110565617074
0.01872658275960365
0.01912296574703977
0.019486044840879197
0.01983384135626782
0.01998800668388085
0.01992269527039992
0.01973385995454443
0.019367396939983707
0.0189096956491415
0.018364539558985253
0.017638506808130717
0.01674590297997392
0.015838158820279436
0.014912967479511948
0.013903450676967412
0.012844578894905201
0.011618233414451125
0.01021331970065602
0.008715096859362424
0.007094461692823423
0.005452913531994651
0.0038077262434343703
0.002088174669704904
0.0003239865305043952
-0.0015269580141900056
-0.0034711001819745435
-0.005461561558245924
-0.007507647570808289
-0.00972005608406219
-0.012102624450238039
-0.014608843568950616
-0.017267619622276183
-0.02000379064502586
-0.02281322601906087
-0.025758200656202795
-0.028822997837656395
-0.03118859227986647
-0.03277900949645981
-0.033967115589877854
-0.03451730707236317
-0.034915076674102576
-0.03517720634080006
-0.034846310179504965
-0.03401033731010217
-0.033236063441276324
-0.03250435546289313
-0.03158949353413443
-0.030620491429356515
-0.029126603943753167
-0.02706870969983865
-0.024778662355296896
-0.02214208767201057
-0.01974058604235671
-0.01766015455505841
-0.015537832679905675
-0.01354332194236218
-0.011408040097460565
-0.009103187941621951
-0.006912893370359065
-0.004782382686297241
-0.002155953015027601
0.0009763942079313539
0.004382861435477312
0.00820381699963758
0.012042241240989031
0.01587271117295116
0.02001015704491015
0.024367494995492678
0.02778686018606727
0.030186647693184285
0.032048224031697325
0.033045535431156604
0.0339199390901633
0.03469316759589372
0.03469929943649742
0.03407531186743711
0.03354034841687417
0.03306060617424583
0.03236669338076359
0.03161979227043892
0.030197834955745267
0.028051535856557824
0.025611280695672752
0.022726038419093816
0.020300054137540827
0.01845882253754535
0.016658719480012407
0.015162268889420445
0.013534962748022942
0.011734960756400657
0.010211790072772963
0.008877952618999634
0.006908860546696194
0.004294008311308003
0.0013743459580124928
-0.0020565396303103387
-0.005399765629332831
-0.00861617884225585
-0.012175130287363107
-0.01594396799271302
-0.018924858570236146
-0.021069400167013076
-0.022751321823638666
-0.02369525765287573
-0.024587494486927722
-0.025444315100275484
-0.025674420943445735
-0.02540623356035442
-0.025187712771287528
-0.024983254486192676
-0.024603182654085336
-0.024167406595877523
-0.023176786195845137
-0.021593445878663083
-0.01975411363585493
-0.017537237210199657
-0.01579753568544401
-0.014646450507304969
-0.013586098291662187
-0.012863148416699862
-0.012052185957458987
-0.011115458810078624
-0.010483963740550314
-0.010072450385412934
-0.009132318038801709
-0.007657150491005984
-0.005953106203812545
-0.0038339588723013125
-0.0018507339297379117
-3.959262452277309e-05
0.002027552378947338
0.004228014853860653
0.005998286093353832
0.0073289071741162275
0.008396731018761643
0.009050726181814697
0.009717430805834301
0.010403824653661424
0.010761409559805823
0.010871091791604486
0.010983582009531711
0.01107331503019585
0.011067726905218558
0.011018872916442072
0.010674774192379818
0.010017635744233547
0.009209617772166093
0.008188917746006831
0.007503071662416956
0.007217895738216933
0.007026449905799319
0.007085547363865677
0.007111241770425653
0.007080600442014968
0.007274332384891924
0.0076357517493704855
0.00770848010885888
0.0074909620054626576
0.007167006680464995
0.0066239176097955335
0.0062032330953138174
0.005927363855139305
0.005533701403651334
0.005098694485541842
0.004711675847653164
0.004352749268606669
0.004034639447763471
0.0037759042039479294
0.003462273157143208
0.0030952254693579436
0.002747398498194384
0.00239588644560553
0.002070898898701419
0.0017829413654186863
0.0015022529261583943
0.0012391891156786927
0.0009980192569231181
0.0007772172100990651
0.0005843787953158943
0.0004210903596377896
0.00012267702034991676
-0.0003248444935326723
-0.0008419149480702701
-0.0014744774173634032
-0.002125197748074785
-0.0027885681765544923
-0.003553906897573948
-0.004402054545805134
-0.005220281063264926
-0.0060108771848791315
-0.006816200085166626
-0.007609387477493128
-0.008481130378468708
-0.009437439835403691
-0.010411675120004966
-0.011424629616345404
-0.012178706125005169
-0.012636699771201333
-0.012953181971706966
-0.013040254241818849
-0.01305303700616874
-0.012999047883182223
-0.012720317003746791
-0.012244376302196375
-0.011808879490760482
-0.011409989059499873
-0.01094724092371599
-0.010476089798801567
-0.009809693862476333
-0.008932068506267418
-0.007978947418627372
-0.0069052831213782155
-0.005883907892234737
-0.004944289515397573
-0.0039703560140839575
-0.003013414333657542
-0.002001686748366428
-0.0009258171164316377
0.00013293894353782554
0.0011893442131969583
0.002424349499612008
0.00384261909091659
0.0053667477394432304
0.007042906599386474
0.008745231251897113
0.01046558337847368
0.012305437371724076
0.014237385864683927
0.015711721247609035
0.016684343069210603
0.017393663813934736
0.017683488541618816
0.01789409636120156
0.0180363317908247
0.017798297111514406
0.01724241663723897
0.01672700110196611
0.016237472711890452
0.01563576407210222
0.015002811550403589
0.01403454523221833
0.012706396438028213
0.011230657499115653
0.00953352753167057
0.008024419109718297
0.006761850419729316
0.005495533637775432
0.004344622889404632
0.0031159159824136477
0.0017899110347496475
0.0005685569565507514
-0.0005872395185189058
-0.0020586498126149207
-0.003851407517623654
-0.005807214305455787
-0.008021852971874173
-0.010220488475209882
-0.012385283518059094
-0.01473274792577446
-0.017202244258738092
-0.019119244691040847
-0.02043969700382618
-0.021436806852716567
-0.02192141807389866
-0.022333091097988093
-0.022683860639255204
-0.022582738459817637
-0.022111042343255234
-0.021675471511813645
-0.021255055676864754
-0.020699769659515203
-0.02010012660953229
-0.019099746271072235
-0.0176704865088818
-0.016057135025364492
-0.014172952840072668
-0.012557697703025734
-0.011284883623202782
-0.010032442719142151
-0.008956690657262891
-0.00779544982979556
-0.006523851668059249
-0.0054111776241876144
-0.004404549862861098
-0.003016647053945739
-0.0012416034063209755
0.0007199336158489249
0.0029898972791528554
0.0052134339410424705
0.0073675015242666494
0.009729904592852591
0.012222085275117206
0.014220706669809091
0.015693733287772262
0.01687764565988032
0.017599907753069507
0.01828551508089281
0.018944724904338794
0.019209395058420883
0.019158856805940948
0.019141191189846602
0.01913459322623721
0.01901704655746976
0.01886492368809419
0.01836327166665064
0.017487972328333025
0.016452104439249837
0.015178939815580605
0.014197924794724495
0.01357850478488745
0.013011145078048807
0.01264869666025233
0.012228485414514607
0.01172694699419693
0.011410644129836141
0.011226864221531007
0.010709722450974776
0.009854950511102245
0.008853226793579368
0.00758852858765528
0.00640317524061975
0.005319564453447431
0.004071387885525041
0.002734772288088829
0.0016334993358118064
0.0007705820611094252
4.827436756735286e-05
-0.0004473676348224863
-0.0009665313297695414
-0.0015131904327996778
-0.0018854519260905487
-0.0021310788784288737
-0.002387019784329523
-0.002638116074882023
-0.0028472105840138557
-0.0030424766395011293
-0.0030830743535239756
-0.0029594464159934403
-0.0027614935716443073
-0.0024547758163959398
-0.0023613132296949513
-0.002519408234793752
-0.002750118198189489
-0.0031456876292706533
-0.003538243607462823
-0.003914643185236828
-0.004440555148239334
-0.005082651552350696
-0.00557537080559901
-0.0059182747559286646
-0.006218293211835174
-0.006410097085512552
-0.0066934049471602565
-0.007081513624796987
-0.007421521520316784
-0.0077583368010392065
