-0.0007230438912856187
-0.0020666538818620603
-0.003766106395077993
-0.005851814733887294
-0.008049501166879266
-0.010448574022910924
-0.012013214255701352
-0.012612195525042285
-0.012798772851482433
-0.012268372562214028
-0.011556822498747416
-0.010694849675526625
-0.009137908564762574
-0.006983888362643475
-0.0050868241380983385
-0.0034389926430516775
-0.0016821100200544326
-1.915358051014489e-05
0.0022093010739751852
0.0050563030693371765
0.008033961422410862
0.01129809927851705
0.01350759532800209
0.014478749014602589
0.014957474097527918
0.014546445700844015
0.013909688862470614
0.013089899371979246
0.011394107319827521
0.008943473479315399
0.006896133689580783
0.005247821375046493
0.0035060457034255645
0.0019483836757541527
-0.0003044849713670474
-0.003323214555986987
-0.006450277568412545
-0.00989237800552396
-0.012270505868851325
-0.013379266546045774
-0.014019766575226673
-0.013779693145979098
-0.013306695209906285
-0.012647731468848206
-0.011104093322825415
-0.008793495338389074
-0.0069685020098542464
-0.0056311859986626165
-0.004240982076201751
-0.003100485294689967
-0.001274894205896282
0.0013110922307694763
0.003951055690231807
0.006863742646304333
0.008918676202901439
0.009929400215958489
0.010588590473062242
0.010553900463729808
0.010318264672622656
0.009923051716489573
0.008809952928460436
0.007067730861426937
0.00578977409757557
0.004984416889776322
0.004171151689102269
0.0036163084507190107
0.0025198773538894384
0.0008168968327981097
-0.0008809615144885214
-0.0027601270507488676
-0.00412702255816219
-0.004847854258942072
-0.005385615032804217
-0.005525518483989068
-0.005529562535030512
-0.005426039240583257
-0.00488760868168048
-0.003960385073087573
-0.0033866736474655896
-0.0031785869634411382
-0.0030010744154451274
-0.0030370695836520515
-0.002759293989499555
-0.0021243037282917565
-0.0015423405174466766
-0.0008912428612624038
-0.00035829373798157036
-6.268699057578115e-06
0.00034216863315746624
0.0006225112595964203
0.0008500052678533068
0.0010363264163504883
0.001113969906702299
0.0010839592286616827
0.0012452345188642743
0.001610735956380103
0.0020346093133533864
0.002593191979962737
0.0030939027280159448
0.0035201054149861626
0.004030787683427108
0.004582273378270097
0.004891089788268427
0.004947016896337613
0.004851967017363152
0.004529011380596104
0.004177868075210138
0.0038033596429946632
0.0032368271533022375
0.002516189961333475
0.0017805479012424595
0.0010187186824502988
0.00018614116573979173
-0.0006873544749139215
-0.0017335552557220316
-0.0029620373557009854
-0.004285538844949323
-0.005736164429261198
-0.0067127386698446565
-0.0071476350467292475
-0.0073479852841975175
-0.007139538840222799
-0.00684989924245083
-0.006496518312120426
-0.005758089268888612
-0.004695447256551833
-0.0037741058887504862
-0.0029872780468066665
-0.0021448912730122564
-0.0013569948014376494
-0.0002575408956675062
0.001182055857875222
0.0026931877783118357
0.004362210179205402
0.005519446370954335
0.006071124055898225
0.006396336439692937
0.006296593087680519
0.006098060375361221
0.005823216815562575
0.005129008460309989
0.004075380376139904
0.003249289356281862
0.002650066996169529
0.002027749246086908
0.0015237627749202726
0.0006958541286285763
-0.0004910427193833077
-0.0017041923908011978
-0.003046995828015058
-0.003978083974641473
-0.004408908303974282
-0.004670232506752187
-0.004598375408951805
-0.004430527655466381
-0.004186534710466616
-0.0035988079128752115
-0.002710180957258083
-0.002041108563479771
-0.0015953826501572108
-0.0011447165006152808
-0.0008158553195664333
-0.00022757473781323447
0.0006509920090612359
0.0015284965096346672
0.002493747072326719
0.0031730160926976255
0.0034981135893513075
0.003709835921651523
0.0036932442285806106
0.003597898178555382
0.0034381020741779448
0.0030339716594619363
0.002411848896838152
0.0019562257228514434
0.0016718602670184606
0.0013864906463839208
0.00119425165375807
0.0008184802004565194
0.0002362459789541815
-0.00033910849568891203
-0.0009720403965455231
-0.0014552501895411575
-0.0017453242682844267
-0.0019869758064048923
-0.0021151088446480625
-0.0022012015010775643
-0.0022541138389322057
-0.002178424255818424
-0.0019864360712072804
-0.0019129340859668912
-0.001962721375447921
-0.002028344842390705
-0.002167961900604692
-0.002217178175618035
-0.0021622964503839647
-0.0021322732096167325
-0.002089094080797255
-0.0020141238353280537
-0.001919336053525317
-0.0017856455558015768
-0.0016109365700134627
-0.0014349213448258172
-0.001255673725925027
-0.0010517776738370901
-0.0008309815643954021
-0.0005547103244363124
-0.00021731167403925728
0.00015771690972929574
0.0005816534424065081
0.001039255241115831
0.0015290490088637363
0.002068774782423919
0.0026556579287914652
0.0030630905995139676
0.003271077732593044
0.0033845881502088124
0.003339278118315579
0.0032702555451644996
0.0031832786289672874
0.0029528385717309813
0.0026042704169103883
0.002293275307970374
0.0020153593156042866
0.0017100871916310592
0.0014135514537216727
0.0009978084658893577
0.00045310051535891766
-0.00012894590024165503
-0.0007787227284937843
-0.0012520031657140625
-0.0015157081645451147
-0.0017075994711797486
-0.0017558259484182002
-0.0017811437421614484
-0.0017921563542032252
-0.0016636628586143211
-0.0014182783694310992
-0.001267381602424087
-0.0012108756529323576
-0.0011597753016132353
-0.0011652476941366393
-0.0010681299579933837
-0.0008562357702710503
-0.0006497838509569478
-0.00041186926417137275
-0.00022642011530651793
-0.00011421623038079501
-8.554610616395107e-06
6.37151996983875e-05
0.00012386978984387268
0.00017655603203397334
0.00018669934570711568
0.00015807772766064592
0.0001977459249151913
0.0003092450365339603
0.00044278871957964387
0.000625499847205215
0.0007856082208473477
0.000917381596252546
0.0010789608598665897
0.0012541604680471902
0.001357571437649743
0.001387229869467475
0.0013716942801232322
0.0012880622985567479
0.001199047438975637
0.0011059699673389655
0.0009570483404843498
0.0007642579932255969
0.000566171504160137
0.000359113009497497
0.00013168373192849246
-0.0001080065269385473
-0.0003979938241837125
-0.0007409371112575013
-0.0011120992791377568
-0.0015207556057293087
-0.0017990553784232059
-0.0019281891996377643
-0.001994209545091463
-0.0019485513241227317
-0.0018826624511953664
-0.0018015502689399587
-0.001615668208741452
-0.0013420936335770083
-0.0011107968070842493
-0.0009199869876773402
-0.0007167495599181707
-0.0005318894444776984
-0.0002634098422204023
9.65562490447127e-05
0.000472977475208273
0.0008898346453261554
0.001170968780806638
0.0012912225450153803
0.0013512097959362595
0.0012985878597946883
0.0012180824383284568
0.0011156503568645
0.0009014383209461046
0.0005909727105513367
0.00034016936420208914
0.00014898114761824918
-4.926753265361764e-05
-0.00021698126007319837
-0.00047128346371847114
-0.0008215082966848342
-0.0011794183550327012
-0.0015724061116872733
-0.0018159174476664133
-0.0018822367693302185
-0.0018782115964424417
-0.0017484819603955553
-0.0015794071335080522
-0.0013770235539306084
-0.001047671443183341
-0.0006068505853088006
-0.000222039071768486
0.00010670023315553091
0.0004519970228308697
0.0007735612984981887
0.0011967608236077296
0.0017319080106661605
0.0022846552615681053
0.002884514577278141
0.003257727585876052
0.0033669352561331366
0.0033624207760161503
0.003162849807530163
0.0029046075201410657
0.0025958158849333905
0.0020941150673920634
0.001424030749420839
0.0008200831253547616
0.00028080767293479545
-0.0002939180082635775
-0.0008482686170836842
-0.001561538060723495
-0.0024485175917108156
-0.003376087516459081
-0.00438674775102358
-0.00502289557226187
-0.005224977338730008
-0.005239406604758495
-0.004931071376034573
-0.004533796911095683
-0.004061029909974228
-0.0032729025688914403
-0.002211821907067888
-0.0012601748548681673
-0.0004147863444987456
0.00048588732813971826
0.0013509846518591935
0.00247492478263509
0.0038816885020088046
0.005353343625776802
0.0069596093541737505
0.008022741939606844
0.00845266520051377
0.008619529965728689
0.008323003393442845
0.007904952075379605
0.007386079364995411
0.006413327542842248
0.0050489223966856045
0.003867169398287321
0.002864508623590744
0.0017977533442971743
0.0008039319392263731
-0.0005563795626497591
-0.002318694810759061
-0.004156204349707141
-0.006172582365606008
-0.007583179344497626
-0.008276245587887527
-0.008697481627172241
-0.008613519637447857
-0.008403751122952302
-0.008094113487105694
-0.0072829027884181346
-0.006039337698466523
-0.005057783367369665
-0.004337610112595088
-0.003581635983614526
-0.002957029444252405
-0.0019411635070723141
-0.0004921266157891313
0.0009970522165885728
0.0026488516246437497
0.0038397883055332023
0.0044671305630225085
0.004914587405406859
0.004993663466079247
0.004975868013958554
0.004884637827772968
0.004412835430845889
0.0036097649432928155
0.0030797179740828474
0.0028278686410847615
0.0025892402498182737
0.0025114233911187793
0.0021533859455451633
0.001479757263387141
0.0008287135213111501
9.78664826937063e-05
-0.00047702375628391785
-0.0008367744615465112
-0.0011674456379059412
-0.001392958507506433
-0.0015729788939636408
-0.0017197692793618964
-0.0017337657688457615
-0.001624964480820684
-0.001696864697035716
-0.001959020126902776
-0.0022692840885962504
-0.00270413683560158
-0.003059117517574143
-0.0033173337461195546
-0.003643376348348546
-0.003990671308597839
-0.004176207387435503
-0.004200013696035595
-0.004114481564994786
-0.0038715001646202588
-0.0036141827571692722
-0.0033445304531079427
-0.0029481602305612867
-0.002452403636379953
-0.0019230510457509831
-0.0013504431253842295
-0.0007193053732222596
-4.228346957401933e-05
0.0007536941902514175
0.0016736691509533436
0.002673019349964342
0.0037699592179228367
0.004576308477079986
0.005050204362241134
0.005388526902929701
0.005479527441763047
0.005537908506479523
0.005575381313591728
0.0053840045950643775
0.005004188099901995
0.004731840104706757
0.004562628133976467
0.004377309836895884
0.004246071260388936
0.003935859878071038
0.003429041815903697
0.0028970164596514745
0.002285171484099743
0.0018041675637922659
0.001491847827234428
0.0012082533678594459
0.0010171889366735263
0.0008351119503530763
0.000652262562418317
0.0005678557718484223
0.0005660192243853032
0.0004287117530921846
0.00015184174225250344
-0.00016866843475321042
-0.0005872209418762399
-0.0009496669051548801
-0.0012444263049469135
-0.001592871357622702
-0.001960118071396262
-0.002277741876348572
-0.0025523450396425233
-0.0027910138329142187
-0.002977429278488543
-0.003179362917562839
-0.003396776396990021
-0.003581615952498699
-0.003747188663617421
-0.003896292611280997
-0.004023313113433068
-0.004135360220058775
-0.004231361188276633
-0.0042951576956568515
-0.0043262124885215395
-0.004330804016351906
-0.0043046865557424575
-0.00417316245861768
-0.003927859378570588
-0.003599631514923176
-0.003165714130147996
-0.002669166528163174
-0.0021097141251036756
-0.001444043533938799
-0.0006785809316909511
0.00013494114059945089
0.000999704948646552
0.0019386962413050456
0.002941277164441204
0.004053048846934238
0.00527923726060252
0.006590221645701394
0.007998246148182734
0.008873404901064726
0.009149768795886047
0.00913253449578534
0.00863924113266451
0.008026649724566482
0.0073100655376878605
0.006145238127989606
0.004597224627877375
0.0031332308368720724
0.0017425119135441396
0.0002353956667310167
-0.0012796154208263885
-0.0031789028263032775
-0.005493067480481948
-0.00795111855352483
-0.010643287771838657
-0.01244432584251775
-0.013215202228626642
-0.01355240711691029
-0.01312629774035259
-0.01252582998609803
-0.011784680335803458
-0.010309500927416991
-0.008208601583316232
-0.006399606421907926
-0.004873715868154362
-0.0032485045781649752
-0.0017421821291804976
0.0003554315286760813
0.003100749294443214
0.0059683806809331195
0.009125755649019981
0.011343640010245497
0.012446096959722234
0.01313534096020124
0.013045921620618297
0.012769276809920724
0.012346899074394173
0.0111514024222888
0.009291100466190508
0.007857610746243995
0.00685084908089599
0.005803751151363119
0.004979631490081825
0.003558889212055323
0.001476213161437978
-0.0006506917881391047
-0.0030134719839618627
