0.0072553162998453885
0.007656115643706381
0.008067197534712177
0.008488594651988923
0.008921273107898515
0.009365121756571648
0.009677839712109585
0.009844989067960365
0.00993309649953181
0.009900821267477506
0.009829964536796899
0.009723380486500508
0.009502343604080707
0.009181441196079474
0.008862536394805684
0.008542463996809312
0.008179724652561523
0.007797509161341612
0.007312035275553002
0.006716109703675427
0.006068915039875837
0.005349986597936674
0.004657079534968594
0.004004868008712694
0.003331293776461977
0.0026648402067324995
0.0019608500188935305
0.0012142246415751475
0.00047234083084028337
-0.00027405938045365306
-0.0011202518456898988
-0.002068257774243761
-0.0030784013679172884
-0.004174924676315055
-0.0052903825789857644
-0.006420613462887731
-0.007619587666016443
-0.00887266783130243
-0.00988855568281405
-0.010643879240806684
-0.011264903065815707
-0.011668842876090569
-0.012036145685598423
-0.012372542391571316
-0.012512666821048261
-0.012489615894862029
-0.012493561416295111
-0.012516793793310454
-0.012486014580045208
-0.012444192450625058
-0.012229986222372879
-0.011830363145911906
-0.011357992641585395
-0.010773721308606987
-0.010296044577864245
-0.009956152824786742
-0.009620664418737
-0.009353177440847316
-0.00905047399547841
-0.008702191603546634
-0.00841618622425434
-0.008171598164657241
-0.007765273932693573
-0.0071942079820477
-0.006542778513578581
-0.005759964605606212
-0.004992351630163001
-0.00424947861930054
-0.0034159457465681754
-0.002524119902616701
-0.001780173283693707
-0.0011918293805932186
-0.0006852057894003049
-0.00031647136854744053
6.088285766458107e-05
0.00045028845152262064
0.0007281567012468111
0.0009222700591979451
0.0011394239988312932
0.0013719185063368498
0.0015848021260200986
0.0018013449506695462
0.0019221249127954964
0.0019400137388274796
0.0019216664620638204
0.0018430376232041808
0.0018868618201224338
0.0020766188070207724
0.002307509546455834
0.0026323321803425896
0.0029593731798767293
0.0032809641236524966
0.003689842639026582
0.004167862275871902
0.004557915078040154
0.004859162161850286
0.005135934213172397
0.005349433932234975
0.005616344379120932
0.00594456984987377
0.006244213664188011
0.006541503094650013
0.006773474290812533
0.00692373098261594
0.007040460576858453
0.007102802014183181
0.007125333232880214
0.007110430694616354
0.00703119796144042
0.006889354850664221
0.006762777376753743
0.006653020836211367
0.0065223144391254925
0.006389599087882235
0.00620091040372269
0.005950964318612224
0.005681566620082573
0.005379728331391509
0.005054467022243228
0.004710796141282451
0.004334573881297048
0.003929137997360412
0.003497878087987629
0.0030393071940144033
0.0025545977901366766
0.0020441276165631497
0.0014829215040552774
0.0008688849139667638
0.00021400871639436404
-0.0004886614741106357
-0.001225095925754383
-0.0019945469395231817
-0.0028102088328998505
-0.0036693945386471268
-0.004359423583317941
-0.004860541645029416
-0.005270805063881967
-0.005529209831603476
-0.005761414465831975
-0.005972179776066191
-0.006043295827563394
-0.0059977809518133845
-0.005983934342944846
-0.005997182050394197
-0.005978745541212528
-0.005962657663982924
-0.005826629795991892
-0.005560773023878073
-0.005251940030900516
-0.0048706654833181795
-0.0045646980748630436
-0.004356368481992343
-0.004153370667368026
-0.003999062241058793
-0.0038261608822101898
-0.003627583033534642
-0.0034754229604103144
-0.003356167368639125
-0.0031282395355385017
-0.002789273252451104
-0.0023988332322282596
-0.0019213338159144889
-0.001458175118880182
-0.0010161118109916806
-0.0005150976443120285
2.242458708622626e-05
0.0004549313437820357
0.0007772166352963318
0.0010398173896564145
0.0012042032559484276
0.0013710639844391281
0.0015427366217374966
0.0016343514235419878
0.0016650002972813855
0.0017073999578447665
0.0017562055483969262
0.001787717367457733
0.0018177400100550555
0.001778348510028965
0.001664665921324113
0.0015221336495217018
0.0013343056304332224
0.0012259014814086629
0.001212911718286009
0.0012237601929938296
0.0012944560809788855
0.001362356011526935
0.001422190833395447
0.0015372341251863432
0.0016950637709122834
0.0017884440650839239
0.0018167730893468453
0.0018239092049857303
0.0017833472427911303
0.0017746791013820626
0.0018032654292032791
0.0018077306501797336
0.0018059396660565987
0.001786692185886606
0.001742040580590951
0.0016899727569787296
0.0016254849106763858
0.0015403007882179539
0.0014353989191389905
0.0013099830490659755
0.0011619756928613486
0.001021692700051007
0.0008908911434206433
0.0007531037838922089
0.0006160529094995196
0.00046165785441643417
0.0002879197122544516
0.00011011017590017087
-7.60595165310691e-05
-0.0002862395358917563
-0.0005202914443006394
-0.0007740194452984727
-0.0010515035447122671
-0.0013404880395265102
-0.0016408541169600274
-0.0019623669113466536
-0.0023027108700987386
-0.0026576618638406717
-0.0030282004145554416
-0.0034150096836539426
-0.0038174268355087595
-0.004240935699945033
-0.004685959590425125
-0.005149458771941882
-0.0056328708045625155
-0.005966772370316103
-0.006133710474373486
-0.006214165159650941
-0.006158969336075882
-0.006064696484485276
-0.005935036204834597
-0.0056768309456984726
-0.005307446070231465
-0.004949655684779485
-0.004600018245449844
-0.004208557765715717
-0.003803433168340846
-0.0032844751206538656
-0.0026432446646582437
-0.0019510063108552993
-0.0011834566365660421
-0.00045379136166709465
0.00022058087269143114
0.000911848377568184
0.0015868527904257556
0.002296474862677598
0.0030465055362391687
0.0037822403739914416
0.004514110074367882
0.005353191559376675
0.006301776022530956
0.007313239851746696
0.008415753794401098
0.009530642897917978
0.01065289223354307
0.011845275196670103
0.013090601976522447
0.014043789284838905
0.014676905299716823
0.015139520145655698
0.015333431016608313
0.015471912290398774
0.01556161308534449
0.01540666452460171
0.015046054082990104
0.014705125906729004
0.014374629370717826
0.013967431396313847
0.013534342825623302
0.012884013897634087
0.012000840923011135
0.011018230154080273
0.009889632640160139
0.008873057101638033
0.00800524644974517
0.007128349627602155
0.006317365420949807
0.005450275897291478
0.004514671641622739
0.003637796142669265
0.0027948644565324227
0.0017455026655315215
0.000485983976980292
-0.0008840522918875126
-0.002425097218483461
-0.003964018775605755
-0.005489695427811285
-0.00713872430690281
-0.008873000879632735
-0.010257133016530457
-0.011262408951272666
-0.012065987565197427
-0.012545746004338228
-0.012984787986082815
-0.013391017138607226
-0.013512381881630444
-0.013401305455082264
-0.013321675197281037
-0.013260155882605849
-0.013119264147727197
-0.012957854368731458
-0.012545302530410574
-0.011863456295006007
-0.011071033038497696
-0.010111979871801345
-0.009333743275660264
-0.008783840204782048
-0.008254857957197489
-0.007847509824166371
-0.007393401013721247
-0.006876596199017872
-0.006470388243781255
-0.006140884432564312
-0.005574089160030193
-0.0047662686806530285
-0.0038468956661830167
-0.0027374586899535517
-0.0016666511581327338
-0.0006494109821419378
0.0004931867489282736
0.0017104486475439113
0.0027304720041982644
0.0035459007768220696
0.004248355405081455
0.004764406495779154
0.005293542859820281
0.0058398016984548195
0.006237711181762024
0.006525167417520126
0.006833298986296568
0.007150948452152287
0.0074375546729188976
0.007721134840856927
0.007875341591313546
0.007891248737684282
0.007852074912943168
0.007727113646486707
0.007768469186382798
0.00800752989888553
0.008301468405410021
0.008722847188635986
0.009143100984749365
0.00955172831759257
0.010077363988707703
0.010694504286409832
0.011189896826422418
0.011562674895009204
0.011899533533647444
0.012147861400981771
0.01246676008553675
0.012866898669117015
0.013225938884542971
0.013579618529187945
0.013673465293748119
0.013467814501064825
0.013107169963132707
0.012513988144829645
0.011804637543867836
0.01098561326985174
0.00992699107397301
0.008648203786827475
0.0073760150528367745
0.006108673609343182
0.004745317914271071
0.003339121840208258
0.0017171341648105428
-0.0001365163929637232
-0.002094855071649134
-0.00419997161971297
-0.0063249097896897356
-0.008445690722705975
-0.01065478024844809
-0.012914315092604801
-0.015272142168763835
-0.017736447162553102
-0.02025019870016798
-0.022823885634101277
-0.025603861624601713
-0.02859553902428915
-0.031735992902546334
-0.035063402293535176
-0.03847946128321686
-0.041978409570566644
-0.045641901398580244
-0.049449214555333194
-0.052281642426708484
-0.05403487458342261
-0.05521855805489697
-0.05551064607109999
-0.05557306943743261
-0.055428565476134624
-0.054452633089703745
-0.052764972550818266
-0.05114013867855859
-0.04955185289205984
-0.047691129240509667
-0.04573412701256158
-0.04303740535125946
-0.039547251260061575
-0.035716963015494825
-0.031390031681150614
-0.02735785039823292
-0.02373740231968509
-0.02003395460700769
-0.01647827570005596
-0.012704924220363437
-0.00867439178972632
-0.004772992063874248
-0.0009259789745598309
0.0036240637784456355
0.008891093782585
0.014559457602712211
0.02082069695960865
0.027134303404927777
0.033465911104674846
0.04024482812250926
0.04735271486705846
0.05303348639093806
0.05715783444682667
0.06046548651926678
0.06246039618495176
0.06425520354040203
0.06588324218077218
0.06633859794052284
0.06582628115305938
0.06545453722415896
0.065173501245387
0.06456391376495857
0.06387473444092903
0.06215313608423199
0.05932303790151505
0.05604545822300134
0.052089005069593464
0.04880817843025087
0.04639250007390588
0.04402364789698158
0.04209509340222812
0.039959147211442905
0.03755253747084344
0.03554712686228244
0.03381225554931014
0.0311051240980441
0.02740899485767676
0.02323829193424813
0.018281511518798487
0.013439258049132883
0.00877021832849303
0.0035673899606657056
-0.001970026463755887
-0.006469476231226261
-0.00987185061089661
-0.012679866083814426
-0.014517068346597831
-0.016343057029617122
-0.018180312171100898
-0.01921064312506086
-0.019614730110643935
-0.020124940506622665
-0.02069104483465941
-0.021066058617826077
-0.021409824635771495
-0.021047893281901806
-0.019930358207367768
-0.0185106378089469
-0.016624950755089598
-0.015470459077787364
-0.015201973466227458
-0.015127540745989291
-0.015592782643665128
-0.015999054880292178
-0.016294723105806538
-0.017085427242615307
-0.018251895902587745
-0.018755313465035253
-0.018588378094472016
-0.018176032729811848
-0.017260734044730573
-0.01661044659251399
-0.01627629331216376
-0.01566399009749992
-0.014945271349950006
-0.01439752537236996
-0.013982764996692511
-0.013693253429934566
-0.013592301504565507
-0.013377916747617203
-0.013051203475224192
-0.012817311891451954
-0.012616120553887248
-0.01246317773144409
-0.012383438321033712
-0.012330098230333937
-0.01231417180314213
-0.012387895605686582
-0.012550936629002257
-0.012789528997312541
-0.01311723715891808
-0.013119056949692627
-0.012756127738912383
-0.012235893443712394
-0.011441660664433891
-0.010611257423209688
-0.00975905888459773
-0.008662721379989182
-0.007368956222557591
-0.00617517439443574
-0.005076871363272553
-0.003959762721346843
-0.0028951584496008137
-0.0016476396249448912
-0.00020135376895451837
0.0012692482796993585
0.0028180613973364174
0.004087139796447118
0.005022132292895729
0.005830259778800919
0.006403844636909132
0.0069078566393100055
0.007353538362652321
0.007559953527279151
0.007556249786156185
0.007663074256140096
0.007879777422406729
0.0080664176146474
0.008299577793716864
0.008338063272029957
0.008161408845719418
0.007949894892684476
0.007646216886105699
0.007418062197585456
0.007299678166149596
0.007168840035990605
0.007076939192598337
0.006965766884288805
0.006825904359786577
0.006732390602225619
0.006673600410337431
0.006454704383127758
0.006069651043783395
0.005605025260006677
0.005011057705899932
0.004420326345880039
0.003842121611558197
0.0031687584056101763
0.0024293811199624675
