0.029406675675884814
0.02600013496573541
0.01630751611012244
-9.349640887377765e-05
-0.022951456681292927
-0.0535256106512997
-0.04392914428953504
0.0100999770604258
0.0847000604197967
0.1932313656055663
0.16752501950407875
-0.008611822016673615
-0.2438980675644192
-0.5847697212696359
-0.6406392424979496
-0.37290589472887264
-0.0072840590407839325
0.5625241256653227
0.7868920871283226
0.608280732390106
0.38030271114657155
-0.04287048951579386
-0.25457147175414885
-0.19948736652845345
-0.1950635155114197
-0.13497046065032495
-0.10912008947707315
-0.15269773056732483
-0.13668242538739442
-0.08821149613462234
-0.046491543700182575
0.003566755665784213
0.0608884019970576
0.12171368102153278
0.1547213055426534
0.1549353596695854
0.13537754714124822
0.08558433975674862
0.04263217475507245
0.007796450859804079
-0.04728380681841279
-0.11487308696829068
-0.14617634527523535
-0.13966248046789007
-0.11306244428724338
-0.053273739839356404
-0.009560628337394454
0.01557155691090843
0.05788429352627918
0.10640218136537313
0.1184594684706766
0.09332914158844327
0.0429926129187924
-0.04421415077578825
-0.08151658776529787
-0.06330508190959276
-0.04189043013095453
0.0043664367815524786
0.025431565930962796
0.014068911187967817
0.012039600188608788
0.006464307579106517
0.0009011910831068371
-0.00023803703632507985
-0.008789448719152314
-0.02304875269141514
-0.021594032959086313
-0.004368152048823477
0.01972194818430779
0.05588433896451274
0.06280228989036116
0.03669547735209417
0.0015734428899125397
-0.053608017674999585
-0.07447400127810255
-0.0551600582122868
-0.031008414703707816
0.012444718371702789
0.03266498076906639
0.023871373274893325
0.018568940188891648
0.005530812854156319
-0.000880621717386009
0.003269316318736614
0.001950986960279076
-0.0007258927866046651
-0.0017379901532406342
-0.0027492942754088886
-0.0020026307003038423
0.0007716453130536408
0.0016108389922476825
0.0006776090471821149
6.733310588126143e-05
-0.0010116040532482384
-0.0006889917008885599
0.0013719185459169702
0.0037190275102685555
0.006883547230577821
0.004555680637359652
-0.00400324655878906
-0.015379323717585639
-0.031389390107862576
-0.03301674942343217
-0.018415761584895707
0.0017949854124911552
0.03283021976970484
0.04622918927485873
0.03914040350793772
0.02966597352533996
0.010292813676905533
0.0003463800764567024
0.002481645432818366
0.0011086549725404132
0.0012166677486927838
-0.00729331864040104
-0.026869794379906803
-0.048796781936685074
-0.07617922897906904
-0.07349060200435363
-0.03651070316635232
0.015381459902574416
0.0924288243067204
0.11574150565750677
0.07779489099623288
0.025208323723227358
-0.06318714316394484
-0.09769533787520981
-0.06841547971518816
-0.03626780472246004
0.02233093913740033
0.05254192548311456
0.04552378629303596
0.04709315827482779
0.04261312195889994
0.03067677701869868
0.015247041197090978
-0.014925951156006123
-0.05980824925800357
-0.07380080865957914
-0.05516663010599246
-0.026019057250432673
0.025159248135700182
0.046017117699434174
0.03160658853644054
0.016747840388398234
-0.011964049974348178
-0.021889285656638398
-0.007765821883560114
0.0038312431667432987
0.021714132815207465
0.025990552507723214
0.012420343024610704
-0.0023995913033958483
-0.024358318036080927
-0.031146107580071757
-0.019361024226169983
-0.004607095371774337
0.01944200347237744
0.027657014695509546
0.01683534380701065
0.004380173548896336
-0.01650736754502647
-0.02337624968731727
-0.013054805095718441
-0.0019433227263105242
0.016069049037017443
0.022009769837785985
0.012952942768357012
0.0030235978320324987
-0.013038254853025398
-0.01879391287970225
-0.011720456881702736
-0.0040620241786845325
0.00873294841757945
0.013684015186700642
0.008729677388096468
0.0038787547343263652
-0.004448969607345939
-0.008355728808150307
-0.0063555084408058
-0.005201629940280331
-0.0026892069536234415
-0.0009509129841749155
-0.0007762877524155156
0.0006748544516790895
0.002747265574634918
0.0042188038256644
0.005350984646056187
0.006219200045787875
0.006607121127646268
0.005473438304990824
0.0026207834759776004
-0.0016513260983438386
-0.007726909854491102
-0.010204243870434533
-0.008671333466392518
-0.006085615077758456
-0.0010177374630648628
0.0019348477498005554
0.0023028187543641583
0.0035264435895813423
0.004467247139317145
0.004742449086868202
0.0046075557008610395
0.003338784082154603
0.0008475278651715722
-0.00040527260743162635
-0.00040828242004851284
-0.0004666487602592572
-2.1450420142721164e-05
-0.00115916236223154
-0.004141657022779302
-0.00753759335282562
-0.011909032816334451
-0.012041614705061413
-0.007329397307964652
-0.0006983783380085553
0.009333854423210119
0.014449925958637241
0.013845627190943403
0.012801076001853644
0.00913430497628056
0.005002272526049324
0.000827872142461604
-0.0062937400368318274
-0.015915209845222957
-0.017933930996071053
-0.011850925861495209
-0.002206946645176505
0.013671941643763745
0.019201607134714103
0.012948256740928036
0.005167700194543533
-0.008434908553979721
-0.014447149349599118
-0.011124739539187474
-0.008461361571745344
-0.0029230797619743203
0.00038071472393036334
0.00021428103966959457
0.001917732660858536
0.004064125849871138
0.0052220392727507
0.005872616449011111
0.005576845458067614
0.004096459916028217
0.0024451056491869173
0.0004901139962189449
-0.002485682257063093
-0.006358161478751666
-0.00667343077710898
-0.003109690704813789
0.0022673357303105365
0.010684628618600426
0.013671272783538463
0.010490012692300087
0.006269192653838642
-0.0012054452790746242
-0.007641430573294698
-0.01245400300849649
-0.019591761979027497
-0.028024442123165197
-0.026632519904617645
-0.014765464699705848
0.0031089626633149523
0.030070944641321165
0.03983189165655462
0.030218275416077234
0.01652352928890112
-0.00815625586159214
-0.020282996612651438
-0.01717798385898515
-0.015973275420149726
-0.010614149587040793
-0.004251576033273403
0.001556963773532614
0.013282621299606515
0.030097127665493693
0.0319494805035116
0.01804844855465629
-0.0025609089060227973
-0.035065963208210905
-0.04547340564577379
-0.03073991138358475
-0.011546224802668209
0.021019169786650856
0.03323482672853607
0.021046454124899368
0.008040916961609348
-0.01472312439728674
-0.02131163348380181
-0.007719551111756031
0.0062912163431196495
0.027840064493425243
0.03411168992300634
0.021454471248417206
0.006623180550467794
-0.01681780005389357
-0.029647810622810623
-0.029023201778504187
-0.029595167823429733
-0.02615006954591801
-0.018922914044756337
-0.008946681928806582
0.008307043060462135
0.032889087720696666
0.04186034969979702
0.03411243103497945
0.020867827853410004
-0.003787948530506806
-0.017158758185169116
-0.017182115652795323
-0.01984101477951651
-0.019504761601387477
-0.01547422417881845
-0.00885818767188138
0.004577688942798065
0.025092159520703705
0.028826977212200296
0.014611678445819027
-0.005720019441872494
-0.038303561063555425
-0.04203228448040993
-0.012905963869246154
0.024309600514753633
0.08060455457259415
0.09447431173142931
0.0590875290479691
0.0129921343168332
-0.06050118658748519
-0.0932659993769145
-0.07730088806765621
-0.05934066269580435
-0.021274540802968363
0.004721373858759736
0.012912271985163426
0.03391957949473487
0.059424579472596044
0.05928605545806861
0.033989806406494925
-0.008632896745837226
-0.07634327196368676
-0.09695047235625825
-0.06522940322995938
-0.0225807260418044
0.04962368387660235
0.08404781756883901
0.07300263527349422
0.06436333595003037
0.040625763404256054
0.019646920666572917
0.006368226614667731
-0.022228853828574164
-0.06148749780962938
-0.075993590982598
-0.0656807791500159
-0.044100747824333375
-0.002454336830962497
0.01922430204201637
0.018031459166558933
0.020821122529253253
0.017867088624527114
0.018856463764719066
0.02664447684102442
0.028841918969914216
0.028074089420568264
0.022534047560955686
0.01018634783855717
-0.006337181771189536
-0.02831303327774374
-0.038815867495885586
-0.036186342907424444
-0.029801596469417567
-0.014987629831078281
-0.0030377342855436706
0.004995225495599961
0.018712247825204247
0.03554567154978531
0.03591766080603628
0.018995526650620893
-0.007846246033156113
-0.04993780557003608
-0.0624943273539096
-0.04191402670834288
-0.014326703435723443
0.03195978006590681
0.054690313087960775
0.04901404750937392
0.045016082698583565
0.03170185631452555
0.01821018336666898
0.007433988357435882
-0.014115958723414156
-0.04411835579591434
-0.055024036798092896
-0.04632724013825927
-0.029611226198324604
0.002060982739032064
0.01858049094374213
0.017575965558254202
0.01949765028380958
0.016964537291425004
0.013662551546904919
0.0113934852652812
0.00244731693870001
-0.012246693192304365
-0.017219386714270892
-0.012430106080132156
-0.004795493789271889
0.009381185279535097
0.013853039761660581
0.00711624650072209
1.5898727467712997e-05
-0.011580409972079351
-0.015307355026371821
-0.009273576832854019
-0.002728489386439594
0.007735849888859629
0.012701714758980819
0.010633751109299731
0.008874125167279097
0.0048157900921360665
0.0018768085667832022
0.0009127019140662937
-0.001902571262586881
-0.005635252139969995
-0.007480438329807461
-0.007651614968052641
-0.006772505091367269
-0.0041986785460294005
-0.0014724697176856834
0.0014299848923550178
0.005836849538297001
0.011495100206167971
0.011692604320392843
0.005968124663899445
-0.0026386237185367627
-0.01597378986357446
-0.019378988472633144
-0.011566191054413652
-0.001151017368291397
0.01574452439177157
0.020947537415662996
0.012439744663446934
0.0021676599030214863
-0.014713522604668289
-0.020926107945357396
-0.014193860913709319
-0.006815967672858738
0.005867410036911569
0.012978377183014558
0.01270680487823727
0.014148401275783755
0.014367567288365692
0.010840125691897918
0.004102211745566914
-0.007074542426428683
-0.023354462786101517
-0.027968127930823
-0.01988850752544139
-0.007783359959607633
0.012718090638797905
0.019808573679959016
0.011350128531785813
0.0014937315427780888
-0.015444403327541411
-0.017132165481675895
-0.000638194012219
0.01870647778653975
0.04700361587625548
0.05239651596415381
0.03091703697681051
0.0028071493415589522
-0.04077539665958549
-0.06028698761824402
-0.05120026362720892
-0.03997882414434252
-0.01606995472856119
-0.0006968458820716429
0.0027535176254786585
0.013362872972853749
0.02569094676011806
0.03153785282896508
0.03215791566899791
0.027227336594955177
0.014875917384369065
0.004763989902491142
-0.0032139319745352075
-0.015516462641856145
-0.030242590863715745
-0.03290936521074134
-0.022759838910131756
-0.005322466072631355
0.023418737469779044
0.03388035711965721
0.023790562880867304
0.010920698392985402
-0.012316082383052762
-0.022068907884377726
-0.015325259348958948
-0.009812498834982943
0.0007095980244355255
0.006351602960979376
0.004816465513193914
0.005915195365196007
0.006858308615975669
0.004420167459449409
-0.0006735488650734981
-0.009147309921171295
-0.021695675019692006
-0.025025666777211967
-0.01833515232629109
-0.008595298178019704
0.007633686038648939
0.018332623615709073
0.022306033400220606
0.028264651124714612
0.033207285254289585
0.027850433413876167
0.011917272398973989
-0.01267522853020684
-0.048631897517080545
-0.05559714696045772
-0.030434341635262638
0.005127799314110938
0.06184645436942302
0.0802101785713427
0.05427280805648569
0.021650099795665876
-0.03338953427961461
-0.06304289206673738
-0.06107521037900772
-0.06359572373913686
-0.058068919819766626
-0.043326555743599546
-0.02194930865056338
0.015904210279390922
0.07067974651057414
0.09158002687302236
0.07627475113209196
0.04991437659761351
-0.00048146040975409514
-0.02750403685554392
-0.02672320119587047
-0.032001524682348674
-0.03158565979387629
-0.02660792960994187
-0.019784200630924596
-0.0011113472366075202
0.029114090840664547
