-0.06097094107099333
0.13873879311384868
-0.16191594749255586
0.06233797702270962
-0.08565579322736182
0.3342648589250029
-0.2756501338151617
-0.14134707522697
0.25348136573726965
-0.056643479578233416
-0.016105499083327614
-0.03948613465124715
0.04178986776532845
0.011807463557886994
-0.03430566257768741
0.025414892782698068
-0.027327942728299782
0.03762124256799021
-0.0438691771181209
0.051240201403673094
-0.04611171247492555
0.022658163888455832
-0.01422412691428203
0.03237801422088452
-0.021653754134101946
-0.024129245521472074
0.029552842877426575
-0.002659019885467401
-0.021881021162765413
0.052253114930826065
-0.05628738481620356
0.03157838951758857
-0.024096353280960305
0.03304908602802447
-0.0345107192590618
0.029164438124229294
-0.02101172326714809
0.013477234045767133
0.0002689717492329183
-0.015106959778964398
0.02345796959110151
-0.04532236306807222
0.026976514888918134
0.04602696902795733
-0.05192005324717481
-0.00028503326613586386
0.029199267610978713
-0.056726858100362855
0.038460261785148685
0.03996260117953552
-0.05657534431072992
0.0021166147482170068
0.010725596506488303
0.03028353935795277
-0.027024043465304577
-0.026866374949100352
0.03876183548880592
-0.009537969581776622
-0.006503933750868012
0.006044045423791896
-0.010670468715418116
0.03226455334276494
-0.029966056085434057
-0.014645240134569077
0.008255708342267023
0.057751378176018976
-0.06381536595554389
0.023531488009829002
0.013725300141328788
-0.06299468840517336
0.06360976387485268
-0.014281963362778913
-0.0061632915815304215
0.00011630051552765372
0.004508387629145593
-0.0033127151095591473
0.0053543529283161615
-0.020384031327039136
0.009883651877142586
0.02784558454542205
-0.03902290000117171
0.03264466482947531
-0.016320952284656035
-0.010661484691420333
0.015809468534020304
-0.010039150646613948
-0.014263343649301118
0.057761894402378
-0.07654400628051336
0.07602928137944853
-0.06280654671410081
0.04216195176938027
-0.02171774685552417
-0.00751076272682117
0.01243406415984152
0.014261927711400321
-0.014553747082346325
-0.017490508956016056
0.02295726935997122
0.0009917032134545423
-0.0060306521529524286
-0.00888285658793299
0.013790736664166348
-0.008764353045019421
0.00882120710015327
-0.011122559630014144
0.015242379157476123
-0.02692456551940182
0.025432265902091154
-0.005346945779589477
0.005751248322776868
-0.026576929398552267
0.033331527151550557
-0.03211957897425
0.023694879418573497
-0.0034678814631242394
0.003656943455957891
-0.015559543999376027
0.02507603177407945
-0.05428845237805861
0.0349957283705416
0.04799520744672833
-0.06011572287081598
0.0016048009948691384
0.0239465389980931
-0.020311200848265674
0.018172975944876164
-0.010096125716219276
0.011215924710233775
-0.034715267593183455
0.022745011557663633
0.030607217827232247
-0.044407392889120226
0.023256263886236667
-0.009596865028799828
-0.0030096892377631038
0.0014175009409318658
0.019021571833893816
-0.02117073638142445
0.004652013104592899
-0.0015852929911304532
0.004776452816536168
-0.014326270240410697
0.03872660008920123
-0.03548368139049667
0.0020284646455374037
0.010822507143542886
-0.0016559800716309172
0.0008474717161453619
-0.010097255809257591
0.00944697560695482
-0.0009280364455501139
-0.006231676904529271
0.011913788719016535
-0.010673633860022954
0.01369507136909296
-0.0026412785133921608
-0.039632835586828445
0.03295200528969177
0.03011131018386174
-0.043408321955709255
0.01054566423702775
0.010075719962750028
-0.02059938215900106
0.025727550851623603
-0.022461130631159378
0.021231904872168063
-0.03163671968550943
0.02111406269483646
0.01914217006265336
-0.025536381414144965
-0.004481954153255686
0.010288421947986855
0.003493515678665847
-0.013535158641969459
0.02843256171917083
-0.023691214174843222
-0.00608758603344877
0.010056866069918872
0.010083847665341525
-0.019289718632621328
0.02136871889915229
-0.01564619942743628
0.0004977407982653384
0.007609686553807415
-0.004741037687850893
0.010130835591144655
-0.027341306468292498
0.028120622411306532
-0.012137291158206873
0.0022512107784264488
-0.0037168534516762684
-0.002767547819163741
0.022910768403140734
-0.01807120988427144
-0.004122196197503327
0.022404348324392892
-0.0505727472221486
0.04258988667754653
0.009911456612446022
-0.02474836216199543
-0.003223824042608991
0.0030694868975909215
0.02187351242903556
-0.0321610620251253
0.03933422823132036
-0.023143270776284915
-0.020221608133620075
0.03462847600083539
-0.019207058950318358
0.00812641800723136
-0.012069584550035666
-0.00430338912647882
0.053145854972958956
-0.06059069830833121
0.015443049847583106
-0.009269243990051199
0.05153647082560079
-0.048457579669216995
0.006771649225283538
0.015632214508090637
-0.039932263657681266
0.023312607995279105
0.0524698606384849
-0.061400421050351574
-0.009851402173091377
0.026487852936371716
0.03267130351926362
-0.032122886279743405
-0.05519065195364857
0.05201072616335633
0.05898486488883982
-0.08220459958300498
0.011713983247413233
0.006593192649172396
0.0247136705927668
-0.03551898191712302
0.030122433709364835
-0.015358947154643737
-0.0027575839372083674
0.02277158567975113
-0.04995238039840168
0.052685311313918695
-0.0311011803971014
0.01413430291479599
-0.00887113101920834
-0.00820712652569324
0.04332935236288496
-0.05049560723763634
0.026531980018457933
-0.01513403484106449
0.02732386694212119
-0.014761424474879789
-0.030967602538224205
0.035134903091972675
-0.001699562266040842
-0.01968055667507403
0.031016598549294033
-0.031378278903673465
0.02655719803825351
-0.012236631171269354
-0.011243914170199699
0.020967920237431815
-0.02543936602368483
0.015472815127391038
0.01441212116924828
-0.018186210726824983
0.003391628220330555
0.007889499764945067
-0.021799345051296007
0.002511669993827701
0.022030477538861518
-0.0693955435790846
0.16512557225511484
-0.14811637716795634
0.03812423521813637
0.05281450054335521
-0.13764531967641314
0.1581328718856527
-0.1303918741873084
0.09227809459295842
-0.02469440932792656
0.006957254449065617
-0.057391620539974916
0.04330868296505426
0.045338778381734016
-0.07695119929301814
0.03482323017557766
-0.030479798575545003
0.1033027955569995
-0.0791154234574406
-0.080081522640564
0.09633735711263154
0.05103828852220347
-0.08504899398181472
-0.008365410972354864
0.027761804826567767
0.04139840707174925
-0.04714325886047523
-0.019721428782839022
0.033541427436417276
0.00893202398774574
-0.021451978467431874
0.009056324823622008
-0.008925365550975787
-0.004697698216905587
-0.019703836961688627
0.11339626010171082
-0.10375701333121001
-0.018570741088022494
0.059714174856126595
-0.020887969276153044
0.002162524394538734
-0.014980757878735294
0.006315217754596451
0.039601493833714745
-0.030562809018551327
-0.033607957400896005
0.06135069101290312
-0.06016630671404996
0.04971783557813882
-0.025722134553395237
0.015551388488965728
-0.0243239611488183
0.016415914601190882
0.008583020292835503
-0.017919889868590843
0.015415039247671482
-0.005263071437575792
-0.0032939287895054578
0.011958680365747067
-0.051262939722587705
0.031026813362691974
0.08166100962453578
-0.0786640517682825
-0.04334870079552479
0.08043314650929284
-0.05475103104592478
0.010085636835471394
0.06677627349851196
-0.08649295922717573
0.046681395640030515
-0.03095533188970767
0.04572976154476602
-0.040475038612346505
0.005131791567811577
0.0004446127160761203
0.035696965548462876
-0.03369376244745069
-0.019849720800966322
0.029437905430863293
0.02672120613019248
-0.0267135529172988
-0.06050640281397399
0.053179475355617414
0.07088650115674143
-0.08985470837413569
0.0008175924476485803
0.02816012867548409
-0.007889077508343782
-0.01045134069707376
0.033965946433596204
-0.026812703189722547
-0.0008482751592152234
0.02942008930646665
-0.06981788113899405
0.07070940517457604
-0.03301942698616714
0.013306979318219236
-0.007078525625433778
0.004525755360557748
-0.014766317827501528
0.009567892033546913
0.027552868612775373
-0.022535337192886216
-0.03838561827271774
0.042291020516784426
0.016403178793426433
-0.03730216361978167
0.011961733644173442
-0.011677758945511924
0.05207116925879407
-0.048473005757647625
-0.019167645870182014
0.02737697723390626
0.047937461860841614
-0.04336893969004743
-0.05471109742889707
0.07155304946235785
-0.015275259457053181
-0.016057379155230932
0.03428528039400142
-0.02027449870775644
-0.01305716230922412
0.03795241383126329
-0.08375912048597019
0.05601509196147965
0.05136389647172936
-0.0853102852118558
0.055181807192578106
-0.018161973888165373
-0.015983276936102842
0.05353786539155071
-0.10176195295332674
0.10615200004264372
-0.0829604662919399
0.04938474097546493
0.02124769666989263
-0.028009064911853742
-0.05867708751687013
0.04837304282262506
0.06907283141188782
-0.0953051128749149
0.045912849453966884
0.0011418189099364063
-0.05040307950450624
0.06419624605197866
-0.05166544758311942
0.02139558845606771
0.009291335507377886
-0.03910920184002198
0.11109908307443156
-0.08180658194008515
-0.08060786106771606
0.10850260867589268
0.016159354150604592
-0.04971155665309959
-0.03544596966075066
0.034065777441696365
0.08078482502845893
-0.081636737251167
-0.036474316869973794
0.08504811794845955
-0.058453757225413405
0.05104856536111101
-0.08650488086529853
0.06601329289363335
0.03444920747972163
-0.048961696399405334
-0.04343596496432642
0.05729171100819695
0.028976740505414097
-0.029727920561342287
-0.06029779177587045
0.0836857917777751
-0.05133798570123369
0.018138804811626053
0.019459168730385393
-0.03520921816010883
0.031124470426468834
-0.024172866066945638
0.021688660034264316
-0.0109237730589246
-0.01545956589502382
0.00963464870406444
0.015458432121149186
-0.03721589610168352
0.08748981920640511
-0.07111757379443283
-0.0567750680179068
0.06440530620359874
0.09542049819747073
-0.0844843200590317
-0.11239376489861279
0.1692476678311576
-0.10446212166957426
0.05958539327996447
-0.0022058894249908003
0.0009375783714877135
-0.12182352270507352
0.10473144570476274
0.13973667997500544
-0.10687910314844215
-0.24934404902654894
0.3320146030986525
-0.14048691892078607
0.05948262692317568
-0.08562740009188731
0.08798549895506971
-0.03258271994318557
0.02329921719848155
-0.06702304011728262
-0.03592258998647233
0.12333965396750933
-0.40201099302175575
1.0244260663680376
-1.0214724457303972
0.4281925274244922
-0.08219842520928845
-0.07937057484932833
0.11563793421112824
0.0011207663812914728
-0.01563873309803958
-0.09218753068450618
0.08472763435117057
0.010927700522517785
-0.0845384615737834
0.17601466324884174
-0.15021875210402166
-0.005189462161378118
0.0766940360704193
-0.04437221789358306
0.06655121397614423
-0.17001896332786592
0.17395822733855879
-0.06237242941838484
0.026555881290043052
-0.08433481073216897
0.0756535938536603
0.019496068513180257
-0.04188866619793007
-0.030478796747498527
0.025466959731663734
0.07042485218942057
-0.08804629606274812
0.028811714683226738
0.0009288223724708363
0.004231000691827255
-0.0024580857914128736
-0.02519958840686806
0.00780412656455013
0.06782792466527537
-0.08256388409154701
0.02927427353086471
-0.010581644233282922
0.041754367404575596
-0.030919070594693274
-0.035152777372504385
0.0416832503554527
0.01235960118401685
-0.03538665717575585
0.029157990219844988
-0.027405407733452607
0.029820485953709133
-0.03248468167580656
0.02591944404599166
-0.02728137030422676
0.05144831894675981
-0.027939644132914974
-0.042014722355926695
0.08101807289828064
-0.09552546791919736
0.09692306687835074
-0.08213683305453698
0.07390805134661345
-0.08641073487414745
0.07637435316351995
-0.014425781393542073
0.02210891007850848
-0.12678666190203725
