0.05938259437821785
0.029964607849479418
-0.00036136277155808397
-0.030971162375859097
-0.07349491316268147
-0.12533987932929386
-0.14951131735713993
-0.14395885689069035
-0.12453408582445251
-0.08119423609027136
-0.03852728775078101
0.002307818389416622
0.062411215367017575
0.1368530399481579
0.17625451163437145
0.178591579375099
0.16406918185083366
0.11952351245364506
0.07928697954166267
0.04496485174725289
-0.012039839571359753
-0.08472229783070871
-0.12404788871992287
-0.128928678081011
-0.11801221195338205
-0.07850944421995276
-0.046536274307798636
-0.02370113265904178
0.019043014590678718
0.07421796528482845
0.10081558401307632
0.09843032108112033
0.08148097678920388
0.03936396630649451
0.0035663421278914393
-0.024689247805986494
-0.07026079485303105
-0.12665788692303748
-0.1543941713063851
-0.15262584024848838
-0.13567056387569418
-0.09313705163092886
-0.054538869804228784
-0.020968060156523395
0.031365005983303204
0.09647869934031394
0.13391554137018
0.1427280211373057
0.13814220158640197
0.10955192365847036
0.08689168438606149
0.07142455366679751
0.03902734181773979
-0.004146826624865558
-0.032173287877495335
-0.045588380905289695
-0.05264485533572427
-0.0469370545013268
-0.050037124076436706
-0.06285367078811928
-0.06925943675647356
-0.07387403274524117
-0.07007650640827441
-0.05533437278216704
-0.03591474664960556
-0.009372118327958916
0.024722574918428514
0.06616534529142683
0.11713717240376703
0.1779791535587884
0.20591793267413863
0.1973482185093673
0.17291933651158778
0.12070822947294596
0.0661771615505024
0.010778042464948344
-0.06875863237693222
-0.1674002574973053
-0.22316724105667285
-0.23327545736278785
-0.22395218300258912
-0.1786777834423091
-0.1397051337188699
-0.10919654872121941
-0.05173043732576933
0.024003983271271526
0.06954708267374915
0.08479972133039701
0.08707431843074806
0.0640922839038478
0.053446483015321504
0.05685916963440249
0.045172276715722263
0.02635561254320504
0.016685822632265302
0.014277251800854054
0.016836813582230218
0.027989069059739836
0.03066157042454347
0.024433741004329313
0.02074345650241815
0.015902054711332412
0.01082045208889506
0.00668031543743366
0.0003776127030296363
-0.0076471674878839675
-0.014982299959588063
-0.021945372087066366
-0.029376415484801563
-0.03684570715730582
-0.03966923119819639
-0.037370205391551496
-0.03182528954508979
-0.021620989850313473
-0.009799038895276611
0.0036287225050900622
0.021521187171109724
0.04337697069425712
0.054712223836829624
0.05455219427252476
0.049494190015404456
0.03557215485168767
0.02207163924976326
0.009493705545837392
-0.010279443092921304
-0.03537326704787207
-0.04934076809520817
-0.05167582486882725
-0.048974683739986966
-0.03692416413919219
-0.02724909749905527
-0.020524907531859843
-0.007185324238843695
0.010332970648380697
0.02040412120386701
0.02310086233992088
0.022314585603052238
0.015111443439111796
0.01076932405344529
0.009665741592670885
0.00467915863352039
-0.002238471720927302
-0.005870914196524269
-0.006549892985618647
-0.005417326337143751
-0.0012257746965104641
0.0011199907294021942
0.0014907341979034326
0.0033788916106538324
0.005750676411195647
0.006400632371208424
0.0054866517172507175
0.0033271058152889673
-0.000621887762382189
-0.004158246920471217
-0.007268860977002324
-0.011528883241116165
-0.016499785285357872
-0.0178502648932086
-0.015325985735120751
-0.010670127399560128
-0.002680939167668031
0.005696827680299281
0.014367790788897578
0.02588127185978181
0.03967386126131836
0.045773913797539076
0.04354499947493742
0.03734562292198294
0.024436123374227528
0.011300766286943988
-0.001761221261551788
-0.020411165350994916
-0.04336679715535989
-0.055573290597235786
-0.056325280263071355
-0.05193640051093672
-0.03836882222185006
-0.025894860113524612
-0.015008965753117495
0.0029391941969809867
0.025859947095297067
0.03845884702349444
0.04037551504616564
0.03749821624387938
0.02583768433502192
0.016591522296458744
0.010273573158022332
-0.0021388673817848754
-0.018321400684719776
-0.026817439956981395
-0.02763141654657579
-0.02463881271774883
-0.014917872452853202
-0.007506169776804367
-0.002755770872596822
0.006343749459350313
0.01791042347808224
0.023779426257296066
0.023988871704876104
0.02112780104974431
0.01310571934553913
0.006516306759640329
0.0015745712593367256
-0.006814205918373159
-0.017296888872567563
-0.022404004878219686
-0.022015349715492943
-0.018754538371607007
-0.010663876902462927
-0.0034473076997287144
0.002693579079686499
0.012310955309178655
0.024247164617933782
0.03044954641866242
0.03069766160075552
0.028036914050678968
0.02034112849453862
0.013514619343788323
0.007797311164765607
-0.0016082239154203881
-0.013499209342767299
-0.021023273834846774
-0.024124880978894758
-0.025264245716884116
-0.022683896068341324
-0.02166211046998052
-0.022427960585383162
-0.02084565330218724
-0.018021088356882153
-0.01510454808725789
-0.011694637466744885
-0.007976720572475945
-0.004114744898944848
0.0016719449165523296
0.009439555658062072
0.018217863314825864
0.028431409338143695
0.033536477042295953
0.03283185118730581
0.029734391621518218
0.022378350389612316
0.014326582407531416
0.0058086977290090665
-0.0066190920607288
-0.022265911975820403
-0.030905890076379165
-0.03204866475762639
-0.030126741769750456
-0.022414151136813866
-0.015783595784762912
-0.010609587443686473
-0.001102537639160315
0.011315871779914607
0.01867621399787596
0.020955467129299105
0.021000529848354474
0.016788609470213666
0.014477814859888171
0.014346510286817656
0.011605533433203388
0.007556439776169087
0.004727668746828854
0.0027901135693844826
0.001425536473556394
0.0011831745630804455
-0.000664720628288433
-0.0041901518356714205
-0.007598138069637846
-0.011485495512683807
-0.01370943985607794
-0.013889192429719132
-0.013468181517454528
-0.011803708809519534
-0.009674068561896438
-0.00718052533912295
-0.0033580464757022536
0.0016460151575030907
0.004876881156752624
0.006212632280435249
0.006982904172433632
0.006418734376601738
0.006495962432532469
0.007347067345666489
0.007335717562625979
0.006888356027631533
0.006162168268571453
0.004963265885678205
0.0034993942996500026
0.0017451000725992526
-0.0008121862142404666
-0.0041903384106320735
-0.008185863550786151
-0.01293307710975538
-0.015084032859456208
-0.014314420776093623
-0.012316983109622422
-0.008147282997952018
-0.003708875699798471
0.0008806520504296006
0.007410749037673985
0.015507591054308432
0.01946670635606798
0.01898467361022482
0.01653083065448577
0.010567655569011562
0.004883817392776582
-0.00032833675682865447
-0.008302620215907662
-0.0182693047762172
-0.023536330468971228
-0.023874870265606384
-0.021953299413875464
-0.01600166416353991
-0.010764308935966924
-0.006458694598398514
0.0008187964811303932
0.010095456782889154
0.01565798832991393
0.017449426294409338
0.01753859601886499
0.014457285982289129
0.01256770616500029
0.012059668082890137
0.009500128236139058
0.005801063193261141
0.0029742775965815446
0.0007919341647023123
-0.0010930474914636443
-0.00223960011257736
-0.004733677458783204
-0.008646352950511063
-0.012591076136543474
-0.01703097484620085
-0.018360629304413043
-0.016087080901681552
-0.012242143720390687
-0.005762939666640164
0.0016226182074043432
0.009795141591755074
0.020580930602469603
0.03366368399671106
0.03997403469944446
0.038905277547622276
0.034569928943146686
0.024484629695021274
0.014406301695571949
0.004637792440433939
-0.009879026475441002
-0.02799013456839105
-0.03875204101160701
-0.0417862049916218
-0.04154547055253626
-0.03514697046132913
-0.030307133086592206
-0.02740868583946624
-0.020112547760983132
-0.010018172641165545
-0.003297063071508219
0.00026531696699687323
0.0025484440093406233
0.0020619978025469866
0.004083826440626026
0.008844712236424081
0.012482582087142726
0.0161446539692036
0.019003636603518784
0.02055506712517449
0.02199448953177414
0.022977773292557804
0.02299691927632947
0.022115795618621842
0.020253078170300254
0.017278378821699813
0.014243805812055232
0.011163396936624825
0.007397251218002025
0.0031768751201872026
-0.0021580458697875613
-0.008722440278434754
-0.0160309473156935
-0.024273879969023585
-0.029140842564115053
-0.03016573019013527
-0.029533541157212437
-0.026002019172285094
-0.021991788210647314
-0.017635472559173603
-0.010605007465202277
-0.0013588127980030183
0.004536128817351709
0.00689281717436205
0.008092689776734758
0.006690282459903091
0.006580450475963369
0.007999653064609234
0.007778817022870241
0.006753537854132341
0.006754388064519325
0.007567564856916023
0.008889389777031447
0.011119010018930776
0.012382418548033857
0.012619279588653432
0.013078000962726492
0.01334493227812774
0.01261794080810725
0.010926240249023042
0.00833713512631177
0.004629999686149229
0.0005691474655956345
-0.0038723411516052783
-0.009288342582547333
-0.015550917462286843
-0.01933997404013465
-0.020408762763170097
-0.02025164282594678
-0.01794374878878157
-0.015599362264974022
-0.013316797227942493
-0.009217064815127485
-0.003713839493214216
-9.931171205824606e-07
0.0018797684625737224
0.0031950631384097205
0.0031358174607521213
0.004086482102459747
0.006184716905320783
0.007563613752702191
0.008741703319493541
0.009548601544917632
0.009744730780020121
0.009764530272752373
0.009492098083846023
0.008549709481715
0.006943323899306676
0.004733574724650906
0.0018187296840262365
-0.00017062709294589677
-0.0011073823540381199
-0.0018600357024876422
-0.001992403153173169
-0.002456801944875812
-0.0033404567928343423
-0.0037991301650920337
-0.0040429552638679665
-0.004249866572209104
-0.004325029994926377
-0.004322625512905169
-0.00425376160362307
-0.0038058968484313894
-0.002964044288984337
-0.0018768376081310487
-0.0004637978731758758
0.0005974031636232614
0.0012418741901263966
0.0018600490338691587
0.002268561534144995
0.0028390796519400935
0.0036119035606802822
0.004246944550511514
0.004828086810801986
0.0047821889286266215
0.00400447738406843
0.002818260162602401
0.0010400176156599242
-0.001084297350993331
-0.003548091328851829
-0.00664974569015946
-0.010355607058794706
-0.01212111117179228
-0.011748611547317152
-0.010429733212407788
-0.0074585101663085145
-0.0044006970495178675
-0.0013402632435875962
0.003129151382933749
0.008697326745766749
0.011728168982229928
0.012061433336567659
0.011224707454980583
0.008248784767026356
0.005623975378777032
0.003475316859158363
-0.000281661170906868
-0.005135668586347234
-0.00798418484319787
-0.008795690244267507
-0.008706666117731366
-0.006921608584002638
-0.005797689560591475
-0.005441434837989729
-0.003997789532928361
-0.0019617137032138677
0.00011034001553593674
0.002394682538034402
0.004827626453058369
0.007324188062639504
0.010704326173086568
0.014994202362997791
0.01973767738459074
0.025129003197078555
0.027203513548137916
0.025537056729853586
0.0221450432319901
0.01588892782507166
0.008949111708711571
0.0014469630619610046
-0.008731028573304097
-0.021173446992838137
-0.02931703076144978
-0.03283932374212158
-0.03461299570387283
-0.032888362167131605
-0.032066535676554604
-0.03239425373023649
-0.03016262330665732
-0.026285667683167185
-0.022471240717354787
-0.018386564191049486
-0.013800865650464202
-0.009022097217957117
-0.002055000726684952
0.007210257297605568
0.017584566760677
0.029554146299848576
0.03755318685874794
0.04095732496752453
0.04277595412470614
0.041422586843083586
0.03986946698145248
0.038333828517221315
0.03392348233882643
0.0272260624365994
0.02147137594740213
0.016525071559587896
0.01118203889084896
0.006175361707161426
-0.001182056465465759
-0.011093197981788651
-0.021660598825690658
-0.03352535902643305
-0.04127327755469566
-0.04418935495220126
-0.04530666041954717
-0.04303913705710974
-0.04009782310203542
-0.03667578917168071
-0.029989812736303953
-0.0205516528490386
