0.011157755202712899
0.01134178279828553
0.01152554319278242
0.011708771147122751
0.011894447507411922
0.012081708463378728
0.012234417795117792
0.01234918791646182
0.012442293042496458
0.012503291797272295
0.012553569855965728
0.012593786336535847
0.012603692863941566
0.012587104572206046
0.012568828916470414
0.012547941144686289
0.012514476238589449
0.012474020895851163
0.012405805198783027
0.012308037474324553
0.012195223305812856
0.012062260060898083
0.011934960945739363
0.01181706256670775
0.011692383911952889
0.01156840251594641
0.011433051576527749
0.011284983025067736
0.011136788698217815
0.010985952232726219
0.010807748159840971
0.010601669248911257
0.010377919241199672
0.010130202064260158
0.009876078975654722
0.009616607943126102
0.009337740265860027
0.009043273731541667
0.008758691120823848
0.008484886116135026
0.00821250325212776
0.007948417871679747
0.007674438285239191
0.007390027928723588
0.007110381928724035
0.006831967536458647
0.006541314728500688
0.006239263300763442
0.005930114509887614
0.005610846034158257
0.005293744898493814
0.0049795982407609355
0.004659978055923358
0.004337776143849139
0.003990458208277032
0.0036150242181430302
0.003224267561561357
0.0028116009118101335
0.0023881476956515713
0.0019547494500106537
0.0014999322400369383
0.0010258147152757075
0.0005516366385231362
7.740429347090164e-05
-0.00040491317763839826
-0.0008906400777509791
-0.0013942305440036785
-0.0019167599153366126
-0.002447267744598655
-0.002989081863982355
-0.0034600692148866056
-0.0038506461717227607
-0.004201658102762552
-0.004488938844923121
-0.004756998406073479
-0.005007661402515549
-0.0051965150098147945
-0.005331412279648375
-0.005475429475897818
-0.005627153665131223
-0.005760161755137074
-0.005888997119143564
-0.005963138104983597
-0.005978196115747369
-0.005970392609843726
-0.005927438732547789
-0.005901543117721075
-0.005901037709749897
-0.005891774645442108
-0.005889082542481133
-0.00587011416948336
-0.005832056997934701
-0.005799829073324219
-0.005768682259663819
-0.005685752832072272
-0.005549757432177464
-0.005382964113011068
-0.005171873880923086
-0.0049535098582185015
-0.004730176365743356
-0.004472064704656233
-0.004187193599010212
-0.003942262505181821
-0.003740447880840135
-0.003555962128933441
-0.0034070562957241356
-0.0032479244332931094
-0.0030771674658215766
-0.0029339767876280782
-0.002809568684995935
-0.0026664440107130936
-0.0025066713359999694
-0.0023430043038615623
-0.0021670040487876963
-0.0020120897056502677
-0.0018805637464468128
-0.0017493617256416542
-0.0016264165082265324
-0.0014558851185479719
-0.0012301748372939379
-0.0009816232549394023
-0.0006939163596804175
-0.0003942671411341547
-8.490129575070548e-05
0.0002623793027767827
0.0006423185368920466
0.0010061265167973388
0.001353597320646095
0.0017050859031316954
0.0020486311528171027
0.0024204915822511356
0.0028232824024799308
0.0032292384198462608
0.003646622100035188
0.003998857994468563
0.004275102061165146
0.004517156512447282
0.004702022029300454
0.004867076166259307
0.00501428551601658
0.00510380015640188
0.005142075121727644
0.0051944514816612795
0.00526023958649863
0.005311031010007321
0.0053621487869124585
0.005363181044404154
0.005309671069486568
0.00523853433935755
0.00513758127028814
0.005049128490323485
0.004980738064840147
0.004903083565099289
0.004828778328669586
0.004740943258808615
0.004637149655198366
0.0045369633348114145
0.004436854722464947
0.0042907264186183985
0.004097201614132376
0.003876095356054444
0.0036155584623737192
0.003347242332736848
0.00307314636611604
0.0027674917573306747
0.0024371059849423705
0.0021531123547546393
0.0019195805787831856
0.001707805990481786
0.0015374359641369894
0.0013611191453498201
0.0011773159242294787
0.001027289378133121
0.0009020192643969011
0.0007594759284751375
0.0006017018397490276
0.00044356314023100027
0.00027554076600396816
0.00013434704408237465
2.2599199505378033e-05
-8.524630884074766e-05
-0.00018045745239977928
-0.0003199517581262739
-0.0005116582524801924
-0.0007221151971239864
-0.0009679776037401916
-0.0012219095858584693
-0.001481567162564093
-0.0017754996990319255
-0.0020984009542387924
-0.002399615452234595
-0.002678809820653767
-0.002957181056231445
-0.0032222559890996826
-0.0035114136023619664
-0.003827322923262359
-0.004141205640454725
-0.004461541632125182
-0.004735363289485961
-0.004954098615610567
-0.005148631175621506
-0.005302771158453875
-0.005440087231478364
-0.005562047568104557
-0.005641911871906981
-0.0056836368995005215
-0.005735950843928265
-0.005798686626486778
-0.005850099810036889
-0.00590171865881409
-0.005916834141109806
-0.005892130571210026
-0.005854825424690097
-0.005796053966918697
-0.005741726758436164
-0.005696943349398065
-0.005642687909511806
-0.005586777786714323
-0.005519834983262924
-0.005440248861528072
-0.005359598607629179
-0.005275884347077692
-0.0051588236410166355
-0.005007335477085747
-0.004834618558505314
-0.004632821562163705
-0.0044223252686086114
-0.0042044052504841434
-0.003962235039665015
-0.0037001706097179936
-0.0034727544748380484
-0.003283420022935455
-0.003109516291683728
-0.002966182350204182
-0.0028177978754981565
-0.0026631297334188024
-0.0025335488604854572
-0.00242227752830137
-0.0022960186037210887
-0.002156229410757501
-0.0020149196620695533
-0.001864497233643954
-0.0017336407508297545
-0.0016244106974888561
-0.0015167050832053809
-0.0014173318102241943
-0.0012838704841282927
-0.0011102889231514815
-0.0009217390881143904
-0.0007057738115663834
-0.0004825177735661751
-0.00025372697314543545
1.79216911254367e-06
0.0002801424956532628
0.0005431462457768021
0.0007905200611210333
0.0010383124867224692
0.0012771166944356902
0.0015350194329273397
0.0018140390495351383
0.0020925229802624405
0.002376845855334537
0.002623552561152484
0.002825820062204672
0.003008564380985463
0.003158552601690646
0.0032955825761788447
0.003420825908773407
0.0035121650123439386
0.0035729407386254144
0.00364242084365391
0.003720397317151071
0.003789438949718765
0.003858810416265903
0.00389874761407593
0.003906567702693542
0.0039042592225058247
0.0038846257117076135
0.003869727494323649
0.0038637804444671014
0.0038508544987001974
0.003837576480805815
0.003815705222307863
0.003783893740853665
0.00375210062920395
0.0037185739581253553
0.003658038412535935
0.003569626952297675
0.0034643023671913557
0.003335522306234212
0.00320038419541027
0.0030599543393671565
0.0029001593790695364
0.0027246577761078036
0.0025775365741585662
0.00246151841888169
0.00235839142949979
0.00228037892990512
0.0021985718964108703
0.00211197856653028
0.0020459991012858033
0.0019951288287129447
0.0019326122115227765
0.0018596408708004763
0.0017858252195795106
0.0017050696497469995
0.001640473600247627
0.0015936910025651338
0.0015485473037645762
0.0015105253573594398
0.0014451146136193306
0.0013474252133024215
0.0012378767583244173
0.0011063460980722487
0.0009692422431964296
0.0008279882028776847
0.0006653258282997399
0.00048443122655370343
0.00031628470408801734
0.0001611070330276191
5.88199295459056e-06
-0.00014176091018695225
-0.00030463425700787567
-0.00048437878033568267
-0.0006634194118877614
-0.0008469362296729856
-0.0010083908544324504
-0.001143147549988377
-0.0012673554061843285
-0.0013728207801084293
-0.0014706212774910706
-0.0015615444055481198
-0.001632471722656104
-0.0016852350376215927
-0.001745451752556089
-0.0018131568596038653
-0.001876770556292147
-0.0019423968495833033
-0.001991037055512388
-0.002020967676454454
-0.002046408842017731
-0.0020627884647330995
-0.0020820231266487606
-0.002106644620306929
-0.002127544791923149
-0.0021483651809197503
-0.002165168156940337
-0.002177184784990933
-0.0021896016643637023
-0.0022015761892190725
-0.002198456388718938
-0.0021796742389938025
-0.002151701932617241
-0.0021107296117978897
-0.0020665041025346963
-0.002019646617260862
-0.0019620602813445642
-0.0018958269950521763
-0.0018501482922334072
-0.0018269728026922
-0.0018140045997461238
-0.0018193830863257516
-0.0018242746242975094
-0.0018280205439614031
-0.0018473415035866296
-0.0018786700679403652
-0.0019038835671020293
-0.0019237457642796545
-0.0019448843940481175
-0.001963165480218422
-0.001994110608196285
-0.002038855468057883
-0.0020865052124482697
-0.0021407534358604497
-0.0021792867787443536
-0.0021989087446637494
-0.0022129423924852733
-0.0022148417719998308
-0.0022151404721086256
-0.002214782575164957
-0.002202654667547283
-0.002180807307757521
-0.0021694860659231445
-0.0021688678485973526
-0.00217044382880674
-0.002179217050938029
-0.0021803485705630065
-0.0021727838027034334
-0.0021680010499089486
-0.002162644649245906
-0.0021494253478970982
-0.0021288528623290607
-0.0021019228012194124
-0.0020668276397327132
-0.0020304430964495977
-0.001992748957929242
-0.00194870570783002
-0.001899630204425306
-0.0018464705634328904
-0.001788659722847438
-0.0017265445949181829
-0.0016601642189699335
-0.0015874005028690284
-0.0015081289993152955
-0.001423326963221998
-0.0013324311807737812
-0.0012444960341531743
-0.001160400910461225
-0.0010753855910918962
-0.0009919776212186497
-0.0009050689605951403
-0.000814279463232257
-0.0007243743622298527
-0.000634309599710026
-0.0005372087655894821
-0.00043308888318798616
-0.0003245716421838567
-0.0002099581271705008
-9.45137448136074e-05
2.1451691952645852e-05
0.00014196496735313391
0.00026586383174969253
0.0003939072977910721
0.000526626832102181
0.0006628500241050631
0.000802918926933236
0.0009473945090314917
0.001096224906212647
0.0012494726101168888
0.0014072876914464792
0.001567751365905724
0.0017307668783068378
0.0018974012551213613
0.002067177376806626
0.0022412605130938627
0.002419793591318249
0.002601819713843864
0.0027876270869142974
0.0029784732561830077
0.003174389975808683
0.003375010418854933
0.0035806812328728057
0.003790496991835007
0.004004460682797275
0.0042233451594725704
0.004446993437104207
0.004674976441958017
0.00490737758008635
0.005144327485562572
0.005385759496449967
0.005632182693657714
0.005883651968440157
0.006139887298528781
0.0064010310177058626
0.006618861011939932
0.0067884187978614645
0.006932376684830339
0.007036709271677372
0.007128987167581726
0.007210185937573346
0.00725368484396237
0.00726439504888277
0.0072770356350353674
0.007290552778455142
0.007290762811664886
0.007285577549067635
0.007246505518199886
0.007171096083972424
0.007079498422631901
0.006964754218967384
0.006859678408655909
0.006769223983589579
0.0066724908179689795
0.006579044717661721
0.0064739520793927
0.006355491891790821
0.006239541576658546
0.006123001507373424
0.005973763556864726
0.005791133156951554
0.0055884913289777835
0.005357662793875202
0.005121346010557332
0.004880939310609949
0.004618261394552401
0.004338234547072258
0.004076648998522421
0.0038349562200266493
0.0035997484848088674
0.003380747549152269
0.003152824369846701
0.002915239759053271
0.0026892119584951977
0.0024698959988247154
0.0022379052136152987
0.0019944035684350985
0.0017457694522396397
0.0014876578566179945
0.001237606144762948
0.0009967855443132466
0.0007531581982351931
0.0005108765103444223
0.00023902283830827154
-6.65425404293347e-05
-0.0003881056471832766
-0.0007346928430698672
-0.0010911010402524625
-0.0014561308797301016
-0.0018454660732602861
-0.0022561841025283483
-0.0026616176284512787
-0.003061702736732882
-0.0034675496235267817
-0.0038726445220754004
-0.004296911016525009
-0.0047418009407680945
-0.005192123344603579
-0.005652436251979407
-0.006053418945230711
-0.006386337877648191
-0.0066869288782651646
-0.006934638146673708
-0.0071656374372523896
-0.007381558021996483
-0.007545444435457912
-0.007663632381483694
-0.0077915661382447635
-0.007928266458283637
-0.008050158367239057
-0.008170113377731898
-0.008244375373934725
-0.008269118145627667
-0.008275975699556007
-0.008254330155531318
-0.008246068637891691
-0.008258151704168817
-0.00826262192078387
-0.008271842199855044
-0.008268041402120592
-0.008248912838148844
-0.008234233558901351
-0.008220303371110441
-0.008163605183887411
-0.00806299538735587
-0.007936940917199195
-0.0077743033651692895
-0.007605345427533282
-0.007431961204226933
-0.007229685650086383
-0.007005064252837385
