-0.4692064364486365
0.7707219299450674
0.7037561045724952
-0.4561174528742618
-0.7077589002929535
-0.38538398077889313
-0.03532729370992996
0.6671961435001765
0.5632063791155333
-0.45010597099961547
-0.4901347450500549
0.26783731726139265
0.34491865710199215
0.01270027181508069
-0.025737962373365342
0.03363001558288903
-0.1479385601124531
-0.5072087341022203
-0.2596668396049258
0.6073913410592131
0.5793141020156216
-0.2694086687364096
-0.3515247814977859
0.11419601010749621
0.06340223840575604
-0.28920849368775053
-0.21142350758176046
0.18570944989458169
0.3445198965492784
0.3597059489502389
0.16475133306297834
-0.35484718728853293
-0.49717136780297966
-0.26959404508415985
0.024901431490166413
0.5427097316395153
0.41784459836756266
-0.4350314984619267
-0.3815777184558741
0.4618413981250562
0.3325334165625587
-0.56241288711955
-0.393635865059052
0.6450699350033208
0.4332585307113933
-0.8347654018542443
-0.6680384938553869
0.6964572735300513
0.7736827412217802
-0.11906976845923581
-0.3081241516450257
-0.1487839241472806
-0.15442172847421282
-0.09606540827444535
-0.059909778381940886
-0.08470251923668472
0.2237421981217806
0.8702342289339249
0.48263923249421964
-0.968655863114798
-0.9668049094836166
0.34538001013584674
0.5390330030316374
-0.012097437183021613
-0.07601944040199402
-0.0011992695399624023
-0.0043258997735205265
0.05661099794370251
-0.013271036014795316
-0.22990012613559332
-0.14476442921790147
0.2310397862060792
0.28782311708382907
0.08168123424291222
-0.007321899744088433
-0.07974437849906481
-0.21699373471363384
-0.3755231330277115
-0.20643704446571373
0.32353340071165554
0.4497196096456028
0.21233794024776628
-0.06952655171686191
-0.5532324556761286
-0.31627410769040065
0.7379850185291996
0.5740259790485515
-0.7108136938152592
-0.6403758423235107
0.5287319574864598
0.5499608385780376
-0.254658686031639
-0.3576039910350386
-0.06047014250253467
0.07228842040762508
0.25420512476849805
0.08055265491627338
-0.540878786407174
-0.42547367134820696
0.3923132053474448
0.6072221461786681
0.39357202849205447
0.11021665307841572
-0.47450440179286807
-0.5998086328088214
-0.210749478947569
0.09711918000204331
0.49675614366760884
0.38681357673731437
-0.360627574011077
-0.3703747441417772
0.2653026978130608
0.23368239267914104
-0.27279938380438645
-0.26454293714444477
0.09729336306680456
0.20264685512095407
0.18347674430312153
0.02553328514107504
-0.3760690946153762
-0.1600943547513962
0.7043558371175054
0.5623885075681857
-0.5017598651121328
-0.7202110393214255
-0.32611762198871086
0.00328722886312878
0.5655012418662835
0.4964902395604705
-0.32385772667250345
-0.43652578305830236
0.011280948496688434
0.24732921817548773
0.5122485591270821
0.27452790558306106
-0.6068677002964228
-0.623052961371525
0.1627020291450804
0.2752786496084357
-0.05613431444444082
0.05240133818855202
0.4055560948204128
0.21985532327785637
-0.43805255956903455
-0.46883327345497544
0.0497468095037187
0.14454643559328503
-0.01726606914309606
0.1118960293175821
0.40696575630690374
0.1771792752183222
-0.5584778193647301
-0.4946131811439896
0.3142922910413428
0.3107264930785563
-0.3293566280332623
-0.0887212259796336
0.8494014034013471
0.6061288867706509
-0.6824020074104324
-0.9047559014524441
-0.3018538555114878
0.09919604427859495
0.6542838578023044
0.5563946776820999
-0.3739909362995992
-0.42652971592071937
0.26225394748096165
0.2503063388328408
-0.21677357578892345
-0.14265504582146868
0.30417320155557337
0.12261446306275903
-0.595467380669496
-0.4343555743802145
0.5152708891754207
0.5293920648767906
-0.2194975865422105
-0.378559644513735
-0.19832990328708397
0.1670959272454976
0.9466921741503719
0.5801934076294646
-1.0171939998489459
-1.032850427122699
0.34688167827967975
0.5229741983422855
-0.09267044080965903
-0.07563518880001781
0.2174077786987131
0.07776782398669778
-0.3520916362397895
-0.18714767910302277
0.5295864708173059
0.37066108690824123
-0.580374580945511
-0.49643635367398836
0.455476809290996
0.41679748631141955
-0.38225388595123616
-0.2806296704066881
0.4944988279059562
0.414502539412496
-0.3306207803638271
-0.45738586947477033
-0.16490995562703945
0.010773165471688682
0.26998533398742114
0.27061315165206284
-0.06795056652997249
-0.21244035369130362
-0.2407678703354865
0.012395888342941547
0.6656314709446838
0.38090384338312144
-0.86905276418158
-0.6364748412522854
0.9448598409589061
0.7812063951834594
-0.8362570703985491
-0.8133392916071522
0.4598402869961798
0.46780933143858455
-0.38880807657943384
-0.23819854762045628
0.6166678090678225
0.399077574368718
-0.7027297438290245
-0.5372663644266762
0.7115596656283135
0.6189348232586649
-0.5569614673243174
-0.587056381894355
0.21614921490129588
0.3101182755715466
-0.004498357299276917
-0.04393153644057354
-0.013748686211809061
0.0025955689911415763
0.08505744084609192
-0.02661655860327617
-0.346497835676099
-0.243901553429712
0.2686798442319602
0.40147301738400953
0.24246886976007323
0.03652537552969085
-0.36326177674647736
-0.3591608182797373
0.09935719836895733
0.18927618333142468
0.0157470717178478
-0.032638440159559426
-0.08463643433658298
-0.09599451731111079
-0.021663149447437687
0.12548631872089408
0.3763226808966676
0.21313385764538062
-0.40130469469300817
-0.4132025435096625
0.12075797997377576
0.24464400464907562
0.12185612631013946
-0.025673103474957045
-0.352878718238691
-0.20008313796013288
0.4820714480931633
0.38007671419387484
-0.43505046641637324
-0.35113562267205245
0.47179014878691444
0.2872590613520571
-0.7199051265980947
-0.5493820381884649
0.6124785089667493
0.6713778125719945
-0.1244721166033743
-0.27527229001331477
-0.08159865407019473
-0.028121739909237043
0.09630672762295697
0.1288212819375729
0.02319204468375931
-0.11618313191789217
-0.3409341133505237
-0.19375906618681918
0.37014815011956587
0.3804442077214123
-0.11118950133652404
-0.21987559557984157
-0.09540540449982701
0.009300935402474855
0.23357283494450448
0.12070067773393775
-0.37475523988622456
-0.2330300279427369
0.5031210583196444
0.35058920167045315
-0.5834750087111474
-0.43235765567438555
0.6388684585135223
0.5163408625063736
-0.5826882189804976
-0.5254908096172801
0.43033457984358553
0.43012025161814327
-0.25522846894558243
-0.29205577299537894
0.07889924328123932
0.14742817471857944
0.0899928926995001
-0.01987065838937576
-0.2844059819179006
-0.15920685067423498
0.3822118446464628
0.3185827214691447
-0.2919785469045482
-0.24412497229402438
0.3338692551897744
0.15650465327255342
-0.6406392054509086
-0.4694423849116343
0.5441022714149781
0.631681537826546
-0.008499342627583704
-0.21587075348252277
-0.2601544298999469
-0.17246497731681223
0.22509421533322801
0.2070076997304696
-0.22108480208940873
-0.1543946478115639
0.30793128336184156
0.2646851643803093
-0.17917673381799282
-0.2719534279779013
-0.13397293949154562
0.04585579426497102
0.39531816285101706
0.20305178373164143
-0.5898532430886189
-0.4105798538969208
0.6753395981705448
0.5148854708522579
-0.7120953777266333
-0.6173807380906567
0.5399818306801718
0.5741172365679827
-0.2089816686045037
-0.3303283591423823
-0.08873956147138275
0.09112669959057439
0.4244143451733985
0.2448656752314684
-0.526356688751932
-0.48414465459703676
0.2940225766701915
0.3041967839955753
-0.26177748804672407
-0.1250784536690495
0.5295645658030165
0.3928253331159353
-0.40758880464975955
-0.4919096633566847
-0.021351787773202756
0.20120134721852892
0.3943861615599583
0.10448306552532023
-0.8233281434824318
-0.5726490407152375
0.8378680230751985
0.81069471543384
-0.4293687966018097
-0.5253904932943972
0.1633668164893387
0.22387197843887374
-0.02220465109463602
-0.07221783019202974
-0.1041843740063635
-0.07815278694401379
0.0643675391292127
0.020365796545962548
-0.20496123479245812
0.03201626409874815
0.7181366626872666
0.5032631185196423
-0.5781537181120942
-0.7393049858218174
-0.15626014990061035
0.20239505682663492
0.6397497505900275
0.3035925777547997
-1.0009496802677877
-0.7713088365258342
0.9136617467191667
0.9402246051207308
-0.3634991610964202
-0.5381601757725836
-0.021239392471845822
0.11419123966647987
0.2136891505433544
0.08272458968513469
-0.4230163750229236
-0.23784280247174072
0.6269157449992698
0.41618341283574894
-0.7646152259641461
-0.5492941403879227
0.8725956689202193
0.6943141656048094
-0.812025939358218
-0.7165373698628172
0.640881610610353
0.6180838764031081
-0.4157054823212746
-0.473853994996994
0.10132692315885025
0.17850748840760114
0.02070928976254062
0.028287417149381787
0.0591101763278133
-0.007946647169516381
-0.14192005949657743
-0.11930066563725279
0.06003497345594428
0.040476840018198366
-0.15033682278849814
0.09345864805461676
0.7501621470363183
0.5364397439571353
-0.5208218402794617
-0.8791499191150954
-0.7257166733614425
-0.19536895561726436
1.0255263220133368
0.9617625286759034
-0.45756222569424454
-0.6775031582521145
-0.015597044382632524
0.23878425966302164
0.4858241554120933
0.272624288316433
-0.5957741510545665
-0.5415584154479129
0.3777505236166803
0.4050145309129855
-0.23945750620689368
-0.28804476730865647
0.019443345879658278
0.029259509453125512
-0.09665834946990227
0.14077914940780786
0.6907412584028491
0.4224341973516643
-0.6619655316422796
-0.8016880166586293
-0.13404537345061326
0.15752600775870246
0.36731027039364045
0.39460217512032825
0.058327025744427004
-0.11081847739505032
-0.1762162353725698
-0.20897060090227734
-0.1118933203127966
-0.020567969349334022
0.08360221361110082
0.19206274946419497
0.2809470135405419
0.09067342210757653
-0.4206351586413979
-0.3323232835207347
0.3525179525845673
0.34588069039523656
-0.23004032593434837
-0.2446880888867095
0.1262673611406658
0.17274453752992108
0.04447167107324331
-0.10489668866651543
-0.3815755813639872
-0.2331657961979007
0.3866377895908454
0.423325371228965
-0.05504383991005835
-0.17169289092579906
-0.0914656497120712
-0.03679635542398502
0.12467670633409511
0.13564789746468614
-0.024905391350971914
-0.1419548645342522
-0.27150338753601355
-0.12617477358644225
0.35106977561448016
0.34179276837955763
-0.1276171315021813
-0.17981735487187298
0.06340797772770085
-0.028518885919530834
-0.34244671650144104
-0.24115895253915734
0.22284032604892184
0.4195754184379756
0.43835142150491635
0.17719522113771652
-0.5027274841199754
-0.5584272642411792
0.013751128153566897
0.24585496306757562
0.3267538421801511
0.11521611721335115
-0.5671473280435838
-0.42444473235287
0.5440100641581362
0.5083353812894998
-0.3638330531487392
-0.4232150681603134
0.08187930123935189
0.2922311452086734
0.448503039396544
0.22550629676387354
-0.5256089197509424
-0.5712413465406139
0.05046996920596791
0.1937376835680107
0.05834073433397929
0.13432299955653162
0.2626484246692922
0.08889845563846727
-0.367348707438008
-0.34420198750777337
0.1411137661287356
0.1738877065144249
-0.13506618585968966
0.006138748924135847
0.4846293508863012
0.3383718375387557
-0.36862453843442367
-0.5011256068719528
-0.18104259482726093
0.09055297425520428
0.5141999682920296
0.2733060646895255
-0.7480843316900954
-0.5911492101921361
0.6595809911318009
0.7006883512039638
-0.20855506296220805
