-0.0044922629278665634
0.00908862722996583
-0.02621641996799366
0.07210131491720127
-0.0685688422070857
0.00928378948556952
0.0057186022944572005
0.019258005092140332
-0.032759875295761784
0.04060045812401907
-0.03448740978721693
0.014527260936487586
-0.004578613605409262
0.0026475582517237585
-0.004796558205823604
0.008706656421076618
-0.012224160883912195
0.02270954102493676
-0.019385183626021398
-0.007796289072949192
0.0058731979136947485
0.03300814779165527
-0.03874203583103326
0.004874939950476267
0.0039233574928403065
0.025289176486928557
-0.022670101327245836
-0.03100017011939609
0.026616771737047726
0.045885075130282935
-0.056071953625345075
0.013228507494155054
0.015495124113105298
-0.04436583223629084
0.03672851302552058
0.0121836023651478
-0.029437435243980948
0.008867764010258898
-0.004524531417318235
0.029807136762436813
-0.0165721502973026
-0.040408808072743246
0.05696446208692472
-0.03819130126449269
0.02376729931896835
-0.010356488077499367
0.009192192057328807
-0.015087402069881722
0.022044048841308318
-0.03332217013884468
0.023007672317029295
-0.009493526556337718
-0.019191248951711273
0.08917758173024008
-0.07701712633557732
-0.014511124911294793
0.04648755448226098
-0.05688951506810342
0.01745614830052513
0.11976248202146084
-0.11725164280231556
-0.05879101419136429
0.08283974512628807
0.05140241907685921
-0.08998565108211727
0.041434953298697536
-0.0010904026946526148
-0.013461655607919088
0.03676074793923623
-0.10406977302882767
0.06884190874520782
0.07136321195060569
-0.12855896703995945
0.12525627787649338
-0.09526861622600188
0.026829673928908813
-0.013184954563573595
0.04485287906854383
-0.06186839844154502
0.08331332656140907
-0.06002084652071896
-0.016474396393754528
0.043426288567048624
-0.01809086135959327
0.012825093888127099
-0.03399793374001042
0.032900304819022626
-0.006274890479412321
0.0025787590687659425
-0.013915923047612046
0.02414053602846769
-0.05044775059353086
0.039147998684891425
0.030812361315178376
-0.04047891718278714
-0.0391562328480009
0.036823607985423015
0.0857494442748202
-0.09273702768172075
-0.06499972608779907
0.06118737938336915
0.08190372346216766
-0.08364696068069272
0.13449132453068807
0.10457344580930245
-0.7820725724912961
0.7873591178383338
-0.1583743885338888
-0.24965212437702805
0.41251710292565275
-0.5434694367381181
0.7300342637494663
-0.6232327304454475
0.26434555239086244
-0.020159235342010175
-0.17601466613380828
0.16923274522684567
-0.0015960119630308925
-0.10021046332424995
0.24516747275241813
-0.15666915039766693
-0.23637671579427103
0.30124173602194143
-0.029899966391070745
-0.07509914362208482
0.01997504885096787
-0.006661587596684199
0.02465791450483214
-0.04013630383465066
0.0730907286853819
-0.060151036887148956
-0.01241930439956462
0.0214334845245235
0.028070486658537737
-0.05006123216410712
0.05777927662357059
-0.03669450000385589
-0.005694429920153336
0.02416810965931225
-0.06731981084497615
0.039083162134512295
0.13856944311541783
-0.10765636970924895
-0.18584641710622335
0.2222438555551985
-0.006099970682043793
-0.08470594841598546
0.0756108746765766
-0.03774714427677149
-0.03204307519794321
0.06271999482008474
-0.054873931426970085
0.04116828074656466
-0.042551117643884306
0.011171016712072709
0.08091896047658385
-0.08848430797627121
-0.011085375752386016
0.020578678690648743
0.06929496191900592
-0.08564542933354864
0.035603222964696174
-0.0018865579463002715
-0.019902256379935826
0.023774289937773103
-0.02183748026692514
0.011913655913622562
0.033821602582548696
-0.02004194092425441
-0.08455339667314926
0.08528760234794046
0.03600616452190476
-0.06066665976084533
-0.01813906595433181
0.043169361791026595
-0.005125997231742157
0.0036926188875708
-0.0461827127562424
0.0470136943912818
-0.01262307147185496
-0.01145845961500704
0.0324259807953452
-0.02856925565376417
0.005111639642535028
0.01450647515828574
-0.033107949101866416
0.03422129419231641
-0.022271697472839018
0.0028285002114460645
0.01473976272951197
-0.03218834756515055
0.07122362738310509
-0.05547187861930713
-0.025681123857471764
0.04476180519009092
-0.0053587168673797266
-0.014197111224817247
0.020464271239683213
-0.01666968807427456
-0.000932625177798756
0.00246037185040723
0.011518625470217234
-0.017965619288549117
0.016224627990979568
-0.013192475249553116
0.014119911626997082
-0.003578973845774961
-0.01906907678131812
0.027533905132930418
-0.02567553224338643
0.017253422401040504
-0.004179088856581409
-0.004228033882840479
0.013042735283321864
-0.008493150705267663
-0.008992879348672055
0.016128420070150213
-0.01919892568134553
0.013486276095889359
0.007338645571280012
-0.006952467291288415
-0.018634879372498983
0.02659188487256644
-0.009977685129301089
0.011194613804159054
-0.04010232791727551
0.03683093768950127
0.001251875356576752
-0.010554258548479287
-0.0017708674963839758
0.016889401468773078
-0.03891054949187244
0.04009639625583637
-0.02542739961464433
0.010245178968882883
0.009431663329855568
-0.01362631856770475
0.0009508257834293051
0.0047766762733484356
-0.00045522739293933374
0.006305657283144641
-0.020838266728890296
0.026963236970378127
-0.034789723558695286
0.02712781707958411
0.010596076645803356
-0.008611059880347249
-0.04619536275350075
0.05161003183503355
0.004081125161029736
-0.014809146073639763
-0.031101003608918355
0.030185108151543925
0.02287189392926676
-0.038185083829417335
0.013097239351705266
-0.00383865472596058
0.016859636416301307
-0.009497480698983495
-0.021443011498827515
0.03125062036543024
-0.017491756876220156
0.011758286023313764
-0.02092826460659062
0.010750520043304767
0.018615191300753932
-0.028487739448511632
0.030751828044604405
-0.017257830464414783
-0.0265289956035963
0.027350098813136596
0.024510325089944402
-0.031130449170312605
-0.010239071535552133
0.02304034191578557
-0.010087029015550695
0.004799721234513109
0.0005934751011852646
0.006259255691274518
-0.03271900783342879
0.03151026197738208
-0.0032928990108204567
-0.008631250352616505
0.010902969957243238
-0.004449770921689441
-0.01617621284391191
0.016257699853913822
0.002162707631392675
-0.009544728700973821
0.015379642412772673
-0.005055171431035097
-0.028232638650603478
0.030738576418496328
-0.007078362312234483
-0.006497896029843242
0.02027623464252608
-0.01059939418629986
-0.024912563965756435
0.03498342617210025
-0.026495353592727477
0.013219612456401655
0.007742279581264434
-0.00965690039707311
0.0009428131564677305
0.013667870061427794
-0.044602573996896155
0.04335108749297414
-0.004260194245262578
-0.006928595152996077
-0.013891157617179194
0.015311945346075887
0.009844817881139337
-0.015870788138492988
-0.01158447377189379
0.002349232709804286
0.051581915137323214
-0.05463483787596274
0.02185255000884008
0.010319392584006272
-0.06292649368793322
0.0549540604455097
0.025573285361668353
-0.051850603595474436
0.010491426874297903
-0.016302971639623173
0.07867409539480083
-0.08885733899022615
0.0462167496282375
-0.024701376105212156
0.028332537718934687
-0.020129681838725166
-0.003371912840082358
0.007072380898598481
0.007942435201886169
-0.019975938307908975
0.021043208938522247
-0.02777920730051025
0.06260694088078458
-0.04837648607272139
-0.03289132382729529
0.035993533656384434
0.035910292646417374
-0.0706459108188061
0.07621693034770724
-0.0665799098228891
0.03964517205183121
-0.021167212139868847
0.022638450270875632
-0.0066114505627073595
-0.04392047756031422
0.0408069679420033
0.02246250759992273
-0.04034708735924339
0.009276185463511947
0.004551243575383105
0.016822068199116937
-0.0034689678309408663
-0.06624385924535363
0.05950887840883024
0.028225739517429634
-0.06204684151556312
0.04142081563641775
-0.03196112280899125
0.040688467230972705
-0.027280292655838558
-0.007643217024211956
0.02496714828998409
-0.02824560228694828
0.02112649020815488
-0.011323996494699614
-0.0035646703123480253
0.03541967695401717
-0.032638929993750884
-0.010225857553387833
0.020823724501281848
0.0005737128426603283
-0.008109578280379661
0.004676978300677631
-0.000956215709007836
-0.007397775471939251
0.006134691354691418
0.010644066807426108
-0.011329790522101837
-0.010650366958008433
0.009884125523342436
0.016932960866482324
-0.02290957744078928
0.008746139550785173
-0.0020290668467349386
0.0024775573928631084
-0.003654388930975231
0.0018250306760395963
-0.005447838720005501
0.017504472958155957
-0.015068272630661982
0.00097891245649719
0.011070587918699066
-0.023735459633097006
0.026421879837381018
-0.01977036438240607
0.01614482714573091
-0.013575118765506274
0.013745042890401007
-0.01706367721358568
0.014447000137685703
-0.009665232790317833
0.0006032492115085346
0.017355920923215067
-0.021939837083131634
0.005138055404618857
-0.005649176971144117
0.036822242451232626
-0.030616413119670283
-0.02396114861896333
0.03278917210541386
0.008458130221582916
-0.01764086389940262
-0.007163567626734377
0.018158179527628816
-0.005369481049089351
0.011247298349698334
-0.04912749928709639
0.04056217334860055
0.01283326726079493
-0.03574040382212683
0.04240365191327143
-0.02731209672622999
-0.01909350862518011
0.02452892635755789
0.010372553107856208
-0.025881649937138172
0.024818819995252428
-0.021510877318618695
0.013438037126756848
-0.009107882814840252
0.01709673943478221
-0.009459419381701376
-0.023404913675057763
0.02199729728971814
0.018572928383599696
-0.03378421095494571
0.014919806668725544
-0.01890556871677662
0.05709584285036533
-0.055528155577558906
0.007939985450672453
0.005779956666495924
0.016793173253742102
-0.019595340870861594
-0.0001863231450942868
0.008957797636437902
0.0012991216552301161
0.00689686129518562
-0.040534209341860666
0.042492144837516094
-0.016550358455006676
0.0027924742361640576
0.010533368532014689
-0.0029757264698678228
-0.03883172894887595
0.04027013508916186
0.010226935448492486
-0.015474197332801337
-0.032361375295696375
0.0409742024728539
-0.007672149257593076
0.0007135886928966601
-0.01372995223291166
0.022358517460728627
-0.04298215360185087
0.03205554689965338
0.031722453931213306
-0.03368131506921439
-0.044042386461102395
0.04805178454253152
0.026620980742333246
-0.04993436808889184
0.022348045921645986
-0.00732154015965178
0.010848901774015356
0.00044673570436392165
-0.02919255083679029
0.03578916411966207
-0.024345290200029304
0.009730594475129322
0.0040239749118601955
-0.014007224152740045
0.03191695538764598
-0.021885330796917984
-0.02333901860529059
0.03503422922470497
-0.008140221524758687
0.0033076282763018056
-0.024539932248625995
0.02232757160135511
-0.0034712091901318593
-0.011538729857160476
0.034255596979963845
-0.023916089828199535
-0.01593863817273176
0.03347006814692188
-0.04657745171490213
0.027240771264443263
0.03644558062921666
-0.0459099896841205
0.003304438918686736
0.015312818001173543
-0.021417063857858007
0.015337272851758359
0.0238021817325111
-0.016688164434438
-0.060189519187457394
0.057480753120270574
0.03612344029825659
-0.059659100995507024
0.009982358279301346
0.008666826627620802
0.012547155431952105
-0.008645631368119305
-0.03495544633744467
0.036139630872236206
0.022239277170436306
-0.02620100315685909
-0.04201866904844226
0.04573868227541266
0.02892484331240782
-0.0423930843766953
-0.017653768136408447
0.02784804148043754
0.025802644760261784
-0.027629546562302022
-0.033807029550018
0.04427817074068106
0.003926243754655121
-0.01394941652642875
-0.022983537868270204
0.028311576899761506
0.011649454049748511
-0.011459634255570367
-0.04365928944213983
0.04446563718432432
0.014238983067798517
-0.027978094397510922
0.004203286285710407
0.013600256372235952
-0.03641965651951612
0.032570426414870055
0.005489910940878782
-0.012301885078385252
-0.0159037218305083
