0.8024500756469743
-1.0950462376895842
0.5591252139058751
0.8569332295188095
-1.3821555446486289
1.3456537771327886
-0.9566608905640217
-0.05728750253002157
0.023148383851291435
0.9131729283704273
-1.4253370920033466
1.7501236794561623
-1.3541138933788825
0.35302757865088047
0.44634953619320333
-1.061561523686844
1.3369709773172929
-1.2945513672895776
0.9502092777335066
-0.6640814585564638
-0.18334305410007676
1.834302853746365
-2.269296056246709
1.5945215731853475
-1.255435593874234
0.8987649727198623
-1.022989820673303
2.0402451155213956
-1.6624564165429698
-0.05152912352147743
0.8439862292591955
-1.1439594949561838
0.7274406596987747
0.5852950695310354
-0.8050116597106027
0.015273750703654776
0.5959599436560188
-0.956558480647562
1.3382316619201613
-1.818670625296099
1.8696824591422554
-1.5754890689148153
1.2567597116670832
-0.7830830047506783
0.5614510759222269
-0.8382925323475281
0.5384027102583705
0.5773916355401166
-0.7777949842797663
-0.09965749337169402
0.28274598489911945
0.5005333812978661
-0.5306215069767494
-0.5679948067572159
0.45937638560109506
1.017069703348014
-1.326574532066855
0.5572496241722602
-0.03898445151751751
-0.27386328049002273
0.46642276637315083
-0.5136046685495745
0.5596747492300876
-0.8369930461992501
0.8128495307197088
0.010816351021036313
0.3669092399761258
-2.1531041580442127
2.359646754362628
-1.3506826017493108
0.2486477904240826
1.123460861963001
-1.4891491296625976
1.0396092041616485
-0.4935662199864915
-0.20159274488551787
0.5123189362887901
-0.4944038653237717
0.42753279897065444
-0.2507185336867611
0.15563429057489164
-0.3156848783776739
0.11891219034211126
0.6046087326889469
-0.656170775706028
0.10558242176585919
0.09834511880655328
-0.23537973135728438
-0.15950221144125018
1.111478329185095
-1.3107655439289596
1.3162636555219467
-0.7001600418493259
-1.3780061983707315
1.1383635210351002
1.8785186431699075
-2.331540517340013
0.3919822181034418
0.6679342011489242
-1.002936557878462
0.8464465389114625
-0.4540819630827996
-0.2133292436524366
1.2446761425010284
-1.5046243670779007
1.1753990245507888
-0.64349722765159
-0.23633529573654072
0.7259734855224211
-0.43263942951997814
0.8939374438600683
-2.4051875799037137
2.353297982067291
-1.0450271697499174
-0.11443509075490121
1.237079636726522
-1.4473585365605033
1.1758147579321545
-0.28074714813137985
-1.3174099872008334
1.7918033975174947
-1.628411097327477
0.853517066689361
0.9011761386284269
-1.1773608847262633
-0.0943249653887161
0.5672941177125008
-0.19537282752212082
0.17870861269407048
-0.5240475526619662
0.576393824065475
-0.5602321231616466
0.3302360079940995
0.3976584732299175
-0.1884494163104517
-0.9273960564761096
1.4520031817277965
-1.5182435672842773
1.315508873281453
-0.7299154693708207
0.3075094897933258
-0.592514358611544
-0.02131195447541656
2.1763261493353356
-2.0464495106015232
-0.40739647900932774
1.361813134805707
-1.1406059028187276
0.6556541553380817
0.26797992553248484
-0.459685720727518
-0.10412944233506011
0.3350693163414778
-0.16063868673384557
0.2044217785246801
-0.50787795050303
0.4868468249893512
-0.22105032926701443
-0.08798954862571237
0.4501543922625254
-0.6310667999486437
0.6564502094852406
-0.5763680928962375
0.5056219913461044
-0.3188735411516689
-0.19513449818577563
0.15977091046364186
0.47036257266183096
-0.4710774956817398
0.19652011872958242
0.4139839716822773
-1.6548260509210664
1.6151079531740977
-0.47231233579230886
-0.3712130477087643
0.9987302905058045
-1.0791430902262702
0.8804167430265852
-0.28756682514945886
-0.7691220462639642
1.116722474560881
-0.9665491107919659
0.5813774071860994
0.12234797545194886
-0.28349061277536225
0.11575364696870216
0.15334495193532363
-0.8186070805097224
0.6329615356548088
0.5845160461738255
-1.0132082108980995
0.3218096747254254
-0.44269200590805974
1.6974277268486853
-1.491904853776639
0.14457048911280795
0.8023850005989551
-1.9137441844902519
1.460281139441013
0.4790103417336079
-1.3350397593097794
1.6189616143164232
-0.9682865785663032
-0.7108581239382776
1.227422583229106
-0.8662009134315447
0.18896230055589228
0.8202757454705483
-1.3021584198897385
1.368981830608488
-1.1565672038611163
0.7140699079419026
-0.26385437663723316
-0.023311872128211925
0.34777364323930143
-1.033082271481587
0.7186245506421631
0.4640553083608884
-1.06920411687181
1.4728403546225275
-0.9634753550684287
-0.4033766743196805
1.0925443926611333
-1.3950167782800533
1.0791234565135353
-0.17922814730989828
-0.19664820885630702
0.39251262150422017
-0.009608620139236902
-1.0513450230607497
1.1532591810774069
-0.6855672585918843
-0.14965309883901634
1.5925715037677337
-1.8008179055210072
1.0267540856880615
-0.3262869315912114
-0.5300011660829046
0.5700749940412405
0.24161777166527593
-0.6873988797143122
0.5954891295921216
-0.8533871603777413
1.672152883383304
-1.6951131075178492
0.8648998057368813
-0.560420171333629
0.7015669213871252
-0.6981587430274888
0.8126221029236094
-0.4690005220018913
-0.49222990288986124
0.5860884554189822
0.09624133843907434
-0.6138012809719753
1.0489849296106333
-1.293429547023929
1.110183404319045
-1.270634708312961
2.0385409731246265
-1.7163689097392407
0.5166460129431133
0.34972126514700685
-1.3755287898757693
1.3239088871124725
0.2771425539701448
-0.3076719991890064
-1.5241997318155203
1.784303746210493
-0.5700101274030701
0.027742107543658065
0.11961179492048908
0.2575968217745874
-1.1177259937881747
1.4490604186756877
-1.6280719670456938
1.1570062999318511
0.23547607515725083
-0.49278112153865716
-0.49599289757143333
0.8231193644810043
-0.25572449588938123
0.3202453439518522
-1.2679311811353067
1.207288844062782
-0.08877941608920442
-0.4140179072208114
0.20623031724032112
-0.22357880883932865
0.7534965798652842
-0.5757109441366915
-0.5825340738413307
0.7384143868065718
0.3678610039865523
-0.5816932260388823
-0.5348757893041932
0.44018803789962946
1.2530493582473157
-1.2525019706948914
-0.3589096238429547
1.0841536778143601
-1.4040964724190454
1.0366433425274848
0.4737985712241046
-0.40990915970273184
-1.3781868327668754
1.9876993171027786
-1.2913807269715036
1.1163718262880977
-1.6429780522552349
1.358744247610288
-0.40383857359028597
-0.25094597203213587
0.9641701785119567
-0.9380894588457565
-0.27918347440062863
0.2654362689241493
1.3793126959693318
-1.332588390280518
-0.33159671382723865
1.0627064551433032
-1.2144082482911687
0.745350827353598
0.378844401576405
-0.7842312609262299
0.6487306461208866
-0.2235795674417994
-0.4087084809128183
0.8488913635255927
-1.2509010817324477
1.1470083256822534
-0.5827953830699115
0.1775925192429742
0.020534341482928174
-0.1304395139534407
0.41762808767248605
-0.12814578400181922
-0.73940731714659
0.8873795404327356
-0.7589801922018429
-0.033492230319841686
1.684954602643444
-2.0494396795718886
1.3044588523667886
-0.5691819773950474
-0.14827728129900472
0.6109624318544158
-1.0109600330575417
1.0665424584536296
-0.4693244998463714
0.581802919778883
-1.71846240215572
1.6825473330952543
-0.22877879565632941
-0.28665327714866873
-0.5498293266831097
0.19569048959360674
1.5643376345448678
-1.845639847782318
0.9037403085716594
-0.06268367198283607
-0.7917589385827543
0.9357095696547413
-0.7785461956057382
0.25674599123012665
1.214688508142333
-0.984752411527256
-1.0623973172698704
1.5741766818520955
-0.9256002422512959
0.02098601526406175
1.2880960995863795
-1.6556589826258068
1.3269182861894815
-0.8734453646371398
0.005233125951638551
0.04935032878516539
0.8605014392658269
-0.9479688841737255
0.19498340032213005
0.18317629108158917
-0.10260290071171212
0.21742919281466772
-0.6880003518970648
0.6413062687636211
-0.12944650895448304
-0.024834363250901638
0.0494107837026347
0.39838647805034466
-1.3441693832045365
1.7847156225442227
-1.8045211586803485
1.7298761858908862
-1.3234566115219715
1.1836789874837168
-1.7076609434458812
0.9958259592103091
0.7807573022111339
-1.7694655938473218
2.5141943029622076
-2.011140784894019
0.06956856773525655
0.619072933552384
-0.045732735713336914
-0.12443725460617672
-0.22739485419020372
0.24492363077798215
0.24198114402852927
-0.16291225513283636
-0.5582674101894205
0.7793213730445154
-0.4335961066246832
0.31860127614231304
-0.6046558130460409
0.45516615142761885
0.3694198328421441
-0.5261772634407468
-0.33377613768874764
0.1886062209425144
1.1608157946592341
-1.3133854385750674
0.3454664852794858
0.30866916394423405
-0.6474063331512829
0.9465711925629815
-1.0921415909175458
1.1657107604910877
-1.4307152611665115
0.8737306637349951
0.2479189447344763
-1.062072843613289
2.087360259202898
-1.6872994524206333
-0.22341843032900355
1.0184744671959303
-0.7320343515022909
0.5220913458003505
-0.6291708480936766
0.29971556079417244
0.6979609737153849
-0.7729334625170794
-0.15304756903534897
0.538279150358017
-0.224927827041775
0.36103944343628774
-1.0479120347050248
1.0433189067231248
-0.6724752424825502
0.19962496355849063
1.0383023236708164
-0.6952004100084277
-1.6104932272347876
1.8526560068775262
-0.20735315938666338
-0.8258345632683766
1.3808070859849682
-1.478947023760848
1.0952529028076283
-0.7090071310386061
0.5681784752448698
0.109316768307595
-1.240889108885554
1.7478488712176699
-2.0967195768499933
1.4820948978203632
0.34659001628344505
-0.916439245277687
0.26873397075589134
-0.15895432015571742
0.3421920026513087
-0.7932247630462239
1.6717709386677404
-1.7900051937616508
1.1492298781688226
-0.7285511079974385
0.6664556270741624
-0.3638798317434361
-0.4027338331466519
0.5073107810215488
0.3006365182130376
-0.35496194871501413
-0.6613146758470865
0.6295862570693495
0.6241159744617231
-0.81160491480372
0.10904382076026736
0.30569000993718853
-0.9032118727386673
0.6147549083338337
1.065968571758173
-1.0750554500182872
-0.788177054718775
1.1585939946584576
-0.2230829547538209
-0.4233481404507805
0.9394442663877904
-0.9046117036132928
0.4237854411275749
-0.043267154633978115
-0.47991687166365976
0.523611667456378
0.18649345463101608
0.004520043406755932
-1.072026047548307
1.4565387756183368
-1.314451425962322
0.754191141776124
-0.12920358039228752
-0.6840900649402659
2.1564742656235176
-2.053927319221376
0.2133919987933931
0.5847146883624044
-0.05406805689287447
0.3315136264143237
-1.6923078001978078
1.7845552226914898
-0.5430213917097775
-0.07871562446977474
-0.05211071838831978
-0.2854997952593445
1.0755102367758043
-1.4051424035235014
1.425475756821781
-1.0750475739171719
0.5496368715273072
-0.06537167756721583
-0.7022715791011795
0.45745775010365347
0.68747166078512
-1.2738010810041123
1.6423866479864313
-1.2230217028489874
0.09140130558972526
0.40829240984236126
-0.7322018928820465
0.20600593359177505
1.3481997476086047
-1.6577971846476087
0.9616640529751692
-0.29287618116195596
-0.6623177323600931
0.8473339195802895
0.06095408736285329
0.079353299709346
-1.3875948123317727
1.6548745141590915
-1.0650438863671727
0.5013283864327016
0.16900167129507265
