0.0016914578604747155
0.001693614335658705
0.0016944647081200647
0.0016938722978241676
0.0016932972696447027
0.0016923065190617614
0.0016906282870226795
0.0016883912199095285
0.0016854080098028068
0.001681636532846514
0.0016775717536940131
0.0016731939289430348
0.0016682214249541466
0.0016627510088637976
0.0016564292128049786
0.0016491948705514633
0.0016412802900815158
0.0016325797184248154
0.001623206690395543
0.0016131749813249137
0.001602332138888729
0.0015906973360676157
0.0015789866260122714
0.0015672424830166357
0.0015551332520278164
0.0015428509232449342
0.0015299373101957568
0.0015163635959016468
0.0015025242043464648
0.0014883235012901803
0.001473309262645772
0.001457489800162552
0.0014410174411056327
0.0014237812506986238
0.0014061473371492234
0.0013881332607612888
0.00136946436133128
0.001350220059435372
0.001329869502459572
0.0013083270460514424
0.0012858960803251406
0.001262413612089004
0.001238113235894079
0.0012130072682914848
0.0011868272851988141
0.0011596107624283504
0.0011318243193734704
0.001103462569962591
0.0010743147573085846
0.0010444888365298713
0.0010136265430267723
0.0009816931557682154
0.0009489486146647385
0.0009153042615441135
0.0008809762922190849
0.0008460077725412969
0.0008102265778814207
0.0007736961686132519
0.0007363409407668266
0.0006981429654066601
0.0006591938141577641
0.000619474381629935
0.0005787120891033642
0.000536892865879123
0.0004941318395228302
0.00045035543394535555
0.0004057388057810419
0.0003602896944270279
0.00031385587944027655
0.00026647189474556074
0.0002246777785616176
0.0001891240249155892
0.00015677325772103573
0.00012952144261630681
0.00010358219366516055
7.882432793545019e-05
5.887436745992197e-05
4.305501946548694e-05
2.6723874798578267e-05
1.002885981890674e-05
-5.147704502468102e-06
-1.9862145104709112e-05
-3.0285997605324364e-05
-3.609241172897079e-05
-3.998325171208773e-05
-4.102401646970206e-05
-4.3739990669032e-05
-4.880746570338875e-05
-5.336412910468629e-05
-5.872849072684598e-05
-6.28269574724844e-05
-6.542563788867538e-05
-6.872151280361018e-05
-7.228584521848165e-05
-7.172756894724652e-05
-6.695619352671394e-05
-5.980004651462408e-05
-4.914326084200707e-05
-3.809984483803376e-05
-2.6863025993784673e-05
-1.2944862244194647e-05
2.977647466002044e-06
1.6130747967120386e-05
2.6326519753166482e-05
3.533755711994699e-05
4.1867834860876446e-05
4.9282308597292136e-05
5.7677158023840754e-05
6.421571203339197e-05
6.95458873205856e-05
7.622845863643775e-05
8.41046087486056e-05
9.233583908085699e-05
0.0001014939674840791
0.00010925056659826411
0.00011544939263653132
0.00012168330318845803
0.0001273997740633591
0.00013674852426475247
0.00015028155211798015
0.0001656237640494204
0.00018398506802437087
0.00020331789019406018
0.0002234601401851578
0.00024651799736242824
0.0002720966377487371
0.0002966232340157098
0.0003200886716238694
0.0003439781657004069
0.0003674182121256812
0.00039307777133394683
0.0004211499084382463
0.0004495980568123709
0.00047903179153824265
0.0005031003045229556
0.0005209347030078291
0.0005359485014685473
0.0005462426434312147
0.0005549812274178857
0.0005623251696008473
0.0005649472824440276
0.0005633977872019523
0.0005629975415233646
0.0005636813812167435
0.0005631525816887985
0.0005626566359271221
0.0005580649593001065
0.0005490151666287282
0.000538522355981541
0.0005255884484360562
0.0005138111210891631
0.0005038212260003948
0.0004931548670238712
0.0004828823111400187
0.0004715438544866815
0.00045893697241339244
0.00044673612964807606
0.0004346376166240542
0.000418778935657314
0.00039905006398150035
0.0003771073227175051
0.00035196013918719927
0.0003262726611490719
0.000300214084009304
0.00027162178413461975
0.00024107201143724007
0.00021429430835083309
0.00019160773742425027
0.00017071928498704118
0.0001532098928020252
0.00013524547838881973
0.0001167040038656181
0.00010091769254355695
8.715629352940799e-05
7.206629378015451e-05
5.581588447678217e-05
3.958496370783838e-05
2.261586353837235e-05
7.850659783541174e-06
-4.500962308843567e-06
-1.6480890317704528e-05
-2.7388616201109895e-05
-4.184361478893793e-05
-6.04854373211302e-05
-8.060376237949795e-05
-0.00010354899658110897
-0.00012709461793104912
-0.00015105016477739606
-0.00017773493842705306
-0.00020671609665019747
-0.00023389391674968806
-0.00025924189280051305
-0.0002844727868831938
-0.0003085769306963809
-0.00033458119991722543
-0.00036270092197241436
-0.0003906056925333503
-0.000418981754390232
-0.00044379350332974827
-0.0004643726135023915
-0.0004831007858618237
-0.0004987406342616603
-0.0005130548801743172
-0.0005261571258303304
-0.0005360221939455301
-0.0005429443596182779
-0.000550686122054259
-0.0005592392823553778
-0.0005669176452199489
-0.0005746127755151927
-0.0005795021936729943
-0.0005813301145899419
-0.0005821939984083921
-0.000581412499162146
-0.0005809067026425639
-0.0005810628202504543
-0.0005804527972649958
-0.0005796578858758019
-0.0005779993825876784
-0.0005753557949226356
-0.0005725787232854396
-0.0005695227345366692
-0.0005639074973892978
-0.0005556488343899719
-0.0005457436263845282
-0.0005335996148740509
-0.0005207450007682062
-0.0005072752871178863
-0.0004919251691252307
-0.00047502065183448904
-0.00046077738570061896
-0.0004494644025649326
-0.00043932318588927016
-0.00043152464543758654
-0.0004233238652281131
-0.0004146248130056384
-0.0004078488368985596
-0.00040247366626966556
-0.0003959129912346377
-0.00038827807164909175
-0.0003805043103045815
-0.00037200135141881934
-0.0003649919318788094
-0.0003596358606041007
-0.00035437326303274435
-0.0003497315678519953
-0.00034244743301131643
-0.000332055206990242
-0.00032049237420173277
-0.0003068009123787834
-0.00029252574211362687
-0.0002778019932136612
-0.00026100030513613896
-0.00024241967921113816
-0.00022500226647885238
-0.00020877023396950905
-0.0001924858031542416
-0.0001768739303983216
-0.00015977105974108137
-0.00014102149105845707
-0.0001222933789468248
-0.00010309558934866011
-8.565429019901837e-05
-7.037966221799279e-05
-5.587634914142782e-05
-4.283703648929746e-05
-3.0378049744021615e-05
-1.8430634765325383e-05
-8.07831494771447e-06
8.228089435490126e-07
1.0494439204513051e-05
2.0946308711488938e-05
3.116477374796233e-05
4.168137939308588e-05
5.0865142403444066e-05
5.8567222934770156e-05
6.601548037409621e-05
7.281798816630141e-05
7.990787607799032e-05
8.7495520903192e-05
9.484250801699491e-05
0.00010223675006489015
0.00010939445525763785
0.000116252996758215
0.00012320891552780984
0.0001302008835629522
0.00013603186180512417
0.00014065210212374182
0.00014459515271858568
0.0001475486871171185
0.00015030089387391667
0.00015290226979177882
0.0001546939345587103
0.0001558437740504467
0.0001589139225310354
0.0001640812069411741
0.0001702564225134593
0.00017815531067731424
0.0001861381697888867
0.0001941467895368655
0.00020364372800130444
0.0002143189310095334
0.0002245646162337263
0.00023444637233861724
0.00024455664399689004
0.0002545281957943971
0.0002657322177438373
0.00027826973930533666
0.00029117660185497176
0.0003047792323138986
0.00031714183026041744
0.00032798528678672055
0.00033847007795354884
0.00034802803615702655
0.00035756923818599053
0.0003671762625979824
0.00037588672765313054
0.00038387802628722005
0.0003929151740386356
0.0004030146435797368
0.0004134340265181716
0.0004246099630711335
0.0004352511341804229
0.00044526599016830377
0.00045565476773479555
0.00046612577539653985
0.00047505034102469283
0.0004823710523023607
0.0004886399129862931
0.0004934103536808608
0.0004978504892649625
0.0005019781883322381
0.0005048050960761845
0.0005065470597263598
0.0005079993932886525
0.00050909042014274
0.0005095590765570128
0.0005095708131352191
0.0005083548777867031
0.0005058497108154626
0.0005025541518318747
0.000498275670929349
0.0004944821636212287
0.000491352126625172
0.00048803848788099265
0.0004849590934670437
0.00048135871911186677
0.00047716834757440343
0.00047313179716294086
0.00046909347013390947
0.0004637904897916858
0.0004572097651984449
0.00044985570109838213
0.0004414110586703252
0.0004328035343904035
0.00042408868777822016
0.0004145395895626799
0.0004043589475227603
0.0003942185055357935
0.00038410149906180027
0.0003738333881787754
0.0003635845527544105
0.00035278730610314936
0.00034143061793550934
0.00032994644392084525
0.0003182214226786149
0.0003060227797072124
0.00029338265931874567
0.00028033919951405664
0.0002668440961685434
0.0002531571195066866
0.00023928964395849266
0.00022507654037209662
0.0002105780036851719
0.00019504592717301341
0.00017839180387644235
0.0001610128714410056
0.0001426922885920428
0.00012382252647922696
0.00010442775836853408
8.411654828595945e-05
6.296259779741695e-05
4.1553335082614853e-05
1.9882481452121233e-05
-2.290939430839288e-06
-2.482701037399871e-05
-4.818161959222145e-05
-7.238983236667751e-05
-9.711404787275217e-05
-0.000122461063016742
-0.0001445667891811427
-0.00016300123627052319
-0.0001796514006574672
-0.00019338640219742983
-0.00020634391397023795
-0.00021860895877657313
-0.00022807761598858412
-0.0002351299172352835
-0.0002426684067300448
-0.0002506218582031414
-0.00025778739871679395
-0.00026483292060354956
-0.0002694170501515301
-0.000271338741827365
-0.00027227165087362164
-0.00027164680274436654
-0.0002719780891922838
-0.0002736603701132167
-0.00027506735681793586
-0.00027693642024029605
-0.0002781543428223709
-0.00027858869310716045
-0.00027944594445713464
-0.0002804961504535993
-0.0002792278214603309
-0.0002755839080637418
-0.00027062075899902726
-0.00026369892694097334
-0.000256585881551394
-0.00024939278346222476
-0.0002407021101543698
-0.0002308981292387218
-0.0002229996068608485
-0.0002171435941858998
-0.0002121789816143491
-0.00020893059951630378
-0.00020531021984597343
-0.00020125647325336767
-0.00019854981200939127
-0.00019679020240344892
-0.00019430694337382298
-0.00019119692781861743
-0.00018802346243086037
-0.0001844123638314535
-0.00018186396962768155
-0.00018048189991415076
-0.000179235469164404
-0.00017848167081080583
-0.00017566633517487852
-0.0001704455794818416
-0.0001642949000964701
-0.00015646942014699454
-0.00014822048912417501
-0.00013965048792900013
-0.0001294681763882467
-0.00011791607017899844
-0.00010721762156741829
-9.738222113866672e-05
-8.748496319378835e-05
-7.80713591725591e-05
-6.748839709470263e-05
-5.561783130242376e-05
-4.3726136085089196e-05
-3.1437266657057225e-05
-2.4090378170347374e-05
-2.2370671962553228e-05
-2.350959647743009e-05
-2.909456548739935e-05
-3.636547200823376e-05
-4.519785733393426e-05
-5.843099659444924e-05
-7.55843190295928e-05
-9.23561154035642e-05
-0.00010882087908450337
-0.00012681670279669326
-0.00014534552163856322
-0.00016779669826480433
-0.00019446931995766769
-0.00022291325449205396
-0.00025395248859459853
-0.00028439632485978216
-0.0003137122059580715
-0.0003440428106157081
-0.000374447114557106
-0.00040627344193122747
-0.00043970090873880877
-0.0004732277316044432
-0.0005071367206622022
-0.0005447655317346139
-0.0005862056461753048
-0.0006300420971887959
-0.0006771314225460583
-0.0007251600811737339
-0.0007739854254113953
-0.0008254838085784571
-0.0008791569176924178
-0.0009303893302575432
-0.0009789419667227243
-0.0010266407260086379
-0.0010722185605368199
-0.0011188020210814223
-0.001166491885999155
-0.001212593877707425
-0.0012577075967303351
-0.0013044962473115517
-0.0013528241855810827
-0.001401770801868149
-0.0014519392117796437
-0.0015009840588693004
-0.0015487432214391398
-0.0015968459551312269
-0.0016447368169992896
-0.0016962014692002867
-0.0017517627203236935
-0.0018092163217413707
-0.0018696707809513586
-0.001931297535126975
-0.001993945824494977
-0.0020595223844315767
-0.0021276751438329593
-0.0021950718199316797
-0.0022616969713834187
-0.002328946241447538
-0.0023960027938732414
-0.0024653388365162843
-0.0025371340649772913
-0.0026094947259222056
-0.0026829848406490727
-0.0027469660105617147
-0.002800141511768877
-0.0028478945004192647
-0.0028870788778905003
-0.0029233433408764518
-0.0029569265876212393
-0.0029821149229868247
-0.002999897433838432
-0.003018615124537149
-0.003038097599328513
-0.0030548163430628972
-0.0030706980917452028
-0.0030791059643953764
-0.003079457280594606
-0.0030765236207855556
-0.003068689231309973
-0.0030625541336247375
-0.0030591889085365928
-0.003054227574902563
-0.0030496098584433776
-0.003042483419168577
-0.003032484512207221
-0.003022744936417339
-0.0030126680714602973
-0.0029954786789466595
-0.0029710015759030826
-0.002942095031421583
-0.0029070238446293312
-0.0028705097075083746
-0.0028328433475525825
-0.0027902080435218096
-0.0027436224729769105
