-0.0035577496524864245
-0.04768649506635061
-0.06367660719851052
-0.04726523124168782
-0.025302667860191738
0.013745680790053774
0.03030658526596961
0.019543536514000735
0.010130870071038557
-0.008317358102579225
-0.013609258817578525
-0.0015566119723882284
0.008748839712962076
0.023482930192331677
0.024430442366225113
0.008071668351160681
-0.011936179017766519
-0.04102431604726988
-0.04428323338100115
-0.01754508834696188
0.01794083436124585
0.07191487243965272
0.08497067557464694
0.05077498950409762
0.005995117797184681
-0.06543619473474739
-0.09186448336274645
-0.06507545170658982
-0.032914654058265894
0.023754832147292654
0.04896499819634851
0.03481530743747524
0.024101326771487196
0.0018902275926042785
-0.010784211372672395
-0.008622829711981903
-0.01395003723523577
-0.02082341710481878
-0.020591770797229382
-0.014998952454490008
-0.0034575617121218503
0.015800335684115634
0.025248288148388625
0.02417526982277459
0.02254547226084604
0.016140032042527352
0.009191874359976438
0.0024951380145533733
-0.009472605725194247
-0.025832601114405926
-0.029933555120180352
-0.02107415303395568
-0.0066622993443229165
0.01765451318054812
0.02717264009948772
0.019784276198470743
0.011089361247886996
-0.0052435033552496275
-0.014290706548657215
-0.013844647552516106
-0.01630291076857308
-0.017784188874687728
-0.014626646359592143
-0.0076186189717587045
0.004625436726654813
0.02300507042782243
0.029486993767441412
0.02308076405988752
0.013288001732264182
-0.00449936322046888
-0.012024458608497697
-0.007414330589085813
-0.0033071290258204515
0.004977869275026536
0.005537900621206263
-0.003644453867627973
-0.013093598207843272
-0.02611100963275018
-0.026744343712521764
-0.012667209115241662
0.0058535236704538255
0.0334144082776514
0.04071256475533451
0.02457811005667163
0.002941178632200977
-0.032175457982606306
-0.0435220907191881
-0.02692641885235729
-0.006969047656769815
0.026289865552949467
0.039577459786409835
0.028429209260111377
0.017058156757987553
-0.003473317101941755
-0.012259341595719963
-0.0056533728229489506
-0.0010516434572498301
0.007292858137570679
0.005811410772624154
-0.008330921613423999
-0.024000786645562853
-0.04521392717602786
-0.04710806011622968
-0.02641926504363398
0.0016866981780889385
0.04430531624715597
0.05987934484935001
0.04407059949793505
0.022873423335297034
-0.014850955177845801
-0.03352825503968711
-0.02875159489207508
-0.027009153923714793
-0.01903943312171546
-0.007051573018309558
0.006775720867526053
0.031138863104918098
0.06549624677673985
0.06912787172718614
0.03987464266628759
-0.0030344773242255638
-0.07030808691877456
-0.09230731133881886
-0.06267265184471023
-0.023866360596856616
0.04242539518500203
0.06923130271803166
0.04847476649392027
0.027565116414070993
-0.011182866448806212
-0.032295581935907265
-0.029270188256730285
-0.03370350900562589
-0.03599389207439581
-0.029358340589843254
-0.016193748636695548
0.008055569888790998
0.04483741533779353
0.05811903067604063
0.04618592415326009
0.02772229388563507
-0.006375572016174206
-0.0218244001905391
-0.01512105965460951
-0.010366156767258137
0.0011633066044706973
0.002993927282373416
-0.008199663104061864
-0.017501532852648227
-0.029496339535090656
-0.028727499200429024
-0.01218436069691573
0.009154352796756998
0.04000397484115846
0.04732740061987664
0.027469755621068195
0.00026989802128582854
-0.04337240487671105
-0.057574630159786026
-0.03740283835043761
-0.01257564126118176
0.029124207340671216
0.04796916256501896
0.038721801691924705
0.03062958301608308
0.013124980667470932
0.0016593488995340399
-0.00023401376550834284
-0.008697789800185736
-0.01952677730077573
-0.025193776680540524
-0.026894927793452275
-0.024960178412104274
-0.01779909716200393
-0.009743279166674623
-0.0004791570721110164
0.013561336215208327
0.031781432675284285
0.03719904393060939
0.02874192892898925
0.014226701863593812
-0.010948521439922157
-0.02010558962358842
-0.010978009785091124
-0.0003848612655227696
0.018513114218701714
0.01907819427445858
-0.0021482796754786777
-0.02685601755613423
-0.062296447242279604
-0.06662048760613525
-0.034675030257769274
0.007636492570990144
0.0720017436167713
0.09247356632178108
0.06189481336130612
0.02174084472990821
-0.04577724673621219
-0.07093939192241612
-0.04540042687774417
-0.017543578470506173
0.031165120954320606
0.04821908713209136
0.025585264077878436
0.003702855700555075
-0.03173508216055194
-0.04341357759314905
-0.024668270746915744
-0.005075432476589617
0.02593902617610509
0.0380481134702847
0.02616443246764378
0.013611517017916205
-0.008138869403421983
-0.017458411031663446
-0.010671085898056954
-0.00528532540244491
0.00467279320255173
0.006322800971681325
-0.0030001226058719343
-0.012235849999881414
-0.025106983966153833
-0.026669206195177965
-0.014525011129203442
0.0011512400728026827
0.024703821482355632
0.035091450797405985
0.029879982048078683
0.022876710204353938
0.008407370300042277
0.00020510534586907808
0.00021149382388782254
-0.002978071229812223
-0.0058357735011660685
-0.01113196848763349
-0.02025214758658578
-0.02911767310829938
-0.03871437332646697
-0.034553868103089545
-0.01462581190469275
0.013487680090944724
0.05417478944526999
0.06573103959524967
0.04433035909319174
0.013779723375815962
-0.03715858276005257
-0.05509855521939233
-0.03444687074316489
-0.01034116118928002
0.031262268900386275
0.04380018723865616
0.020882268603056618
-0.0036042441087003807
-0.04224183803325633
-0.05309601623536872
-0.029807211473179347
-0.002757696463113914
0.03974601109366833
0.05517656244243624
0.037588892927361714
0.017115145567166246
-0.01793483249084484
-0.031606902232088376
-0.018681843464822667
-0.0061733394092278225
0.01567059767410343
0.02095333903638776
0.005227572755230058
-0.01110148180072075
-0.03529144283701981
-0.03984562342432402
-0.020549116233257655
0.0035053108985522354
0.04014175503943266
0.05072263590888678
0.030567140072628896
0.0047620132635228735
-0.03726717967700051
-0.05098550149924603
-0.031012433259857048
-0.007572409917018747
0.03130832011786789
0.046623331859807986
0.03294909572206526
0.018930829761159437
-0.005975881121357214
-0.015416866541288751
-0.004901035190026536
0.004239955299399505
0.01928532871042385
0.0164235673243927
-0.008426664070864322
-0.03799231128864259
-0.07917304518172173
-0.08265793018872192
-0.04264501158684022
0.011613663422092114
0.09394212597284674
0.11889662645492881
0.07762141769237929
0.022791441644009248
-0.0685732982453529
-0.10196371612616276
-0.06637774336014189
-0.026448542693941455
0.042920908769768264
0.07093238898061424
0.04697346828447443
0.02573062071926023
-0.011940916875708049
-0.029018183142721865
-0.01774498079565582
-0.01155851025637149
3.60992548338908e-05
0.004970312841044863
-0.0010427522203875783
-0.003641972856937305
-0.006699388305424155
-0.007215649411087601
-0.0032559011722902258
0.0005785800806334844
0.0055815991763880635
0.0074796401319842006
0.005367985334022053
0.002434718108114681
-0.0026482099274512784
-0.006132233191575973
-0.007535545164747776
-0.009845831604514363
-0.01210456444185318
-0.007990003988886638
0.0028786498475965464
0.01831001359552147
0.04011453651211181
0.04187383273515392
0.021303495303209644
-0.0074208397744761
-0.05147622220625641
-0.06325725826977706
-0.038082641690112246
-0.0048226051553608455
0.04925547494543642
0.06693159609231066
0.04168829656038407
0.011608543626534277
-0.03858283036469455
-0.056850559514257895
-0.03615907367406
-0.014116454247157665
0.023324344854570182
0.03826412611283915
0.02457907800636885
0.012033324272292076
-0.009795563703909695
-0.020690060878484004
-0.016439253608594755
-0.015341199660382235
-0.011681379316603159
-0.007857309745851483
-0.005799802796088113
0.00034485182100039145
0.0096677799578678
0.015402692216942248
0.017889289886486758
0.019714985279701967
0.01939850189994272
0.015503549995215693
0.007779473923726616
-0.004364505870421716
-0.0216035126825253
-0.027585751650767605
-0.02119053625526096
-0.010960238034638687
0.007424501099162613
0.017342445289612773
0.017199623633997668
0.01869953409142079
0.017670261840500853
0.009326984212370364
-0.005989924450744298
-0.0294552419114373
-0.06253094086788111
-0.06606161769762162
-0.03716490426782834
0.004089716429976419
0.06820543090528049
0.08962512860504393
0.06208960640826332
0.025936236455748322
-0.03617388229124658
-0.06156640033975783
-0.042642894797128586
-0.023972328727009832
0.010988699436389991
0.027012802703507664
0.017746661927434605
0.013679633294689773
0.0051979461787207476
-0.0010726682313600244
-0.0016660744339495159
-0.007546585775701824
-0.016448080759498048
-0.01591225670246477
-0.00628294695428195
0.008308781839042654
0.0308433422590529
0.03608638933506474
0.021964788838461903
0.0030269316354651094
-0.027359147296119914
-0.03992212062279593
-0.03144259092771396
-0.021508134943662844
-0.0023863745844558207
0.007552214662879414
0.005475928267824232
0.00663857001162354
0.006193668715079666
0.008115178045086264
0.014200065274791762
0.018677786889888453
0.022871933455515237
0.02021848069792656
0.00925933578227984
-0.005902804855289657
-0.027459111955388173
-0.03511464369841069
-0.026945408616108422
-0.014631962442445107
0.007317429020980996
0.017042297354735142
0.01223398700136413
0.008090989651217932
-0.001023381694679682
-0.004851807089002541
-0.0013927169322158453
-0.00016449268580140928
0.0016149907399564476
0.0007883956272638447
-0.003962604425830512
-0.008952645928432347
-0.015312672533167739
-0.01284011055925851
-0.00015583939512876213
0.01695310051649968
0.04148979897103222
0.04457190748109901
0.0233780964740575
-0.0057228547318709175
-0.050625337070021925
-0.062464237082390336
-0.03624671246377988
-0.002042066306721054
0.053257232382231866
0.07172222467799608
0.046654006091551646
0.01678421903702613
-0.03338080125004555
-0.05608908939651715
-0.04469681813214848
-0.03500199377138808
-0.014207205539567938
0.0003854784198975556
0.004549763506717559
0.017178825198085865
0.033538349348484306
0.03635761716333911
0.02626836640764195
0.007808100786263395
-0.023262108591023713
-0.0342107996544477
-0.022783577206618204
-0.008357014865570864
0.01735407407696696
0.025490606512814228
0.012471400787992616
-0.0010677668336293922
-0.02276593926118508
-0.029324536334822796
-0.017073739610825995
-0.0033847752394255996
0.01823666959633211
0.02812142101051379
0.023240915636478884
0.018439752919263523
0.00829552479307719
0.0022679556854957065
0.0022662619210787093
-0.0007950433962176438
-0.00435600529227411
-0.00993016686060624
-0.018676086636172512
-0.027886495585276876
-0.03825064163134015
-0.03550754442767892
-0.01787566833616527
0.007357162575132971
0.04442872740450443
0.05693875624744172
0.04159346071141917
0.01954770602547369
-0.01892346981122157
-0.0355739434159386
-0.026226045167332943
-0.017489156329016695
0.0005701358154827243
0.011003301016523357
0.010453131533376457
0.015211480965826784
0.020739452565150522
0.020256235233941156
0.014894456343597073
0.004308591020996953
-0.013003355068160815
-0.022863216024234342
-0.024713149172048966
-0.026729399008468126
-0.025524180683430986
-0.018388150976327334
-0.005379968535693108
0.015052832595267887
0.043953042178635056
0.04999406505863148
0.030979279549778502
0.002946715690471737
-0.04245213111733832
-0.056763736117906194
-0.03536073486202578
-0.00856750958623392
0.03635233414581056
0.05153463441945085
0.031016378066546314
0.008297652166070897
-0.029425523813321287
-0.043523877765310776
-0.028193411101178577
-0.012498571958713471
0.01413482601182748
0.026450744727462845
0.01998791366462074
0.015610899204075986
0.0063190610791968235
-0.0008823773940615325
-0.003612849801183603
-0.011032508033551464
-0.021081920282978197
-0.020158031443229925
-0.008148169963145512
0.01009634129904822
0.038054002512136864
