0.4397405488857484
0.1989252580306347
0.015488006023742649
-0.26163690831200087
-0.3419955941071813
-0.16223426988319917
0.045577890723532
0.3682780778150847
0.25561444040620557
-0.36176091075402894
-0.30262413534432187
0.36457782667554944
0.30600647407316844
-0.32624833278440585
-0.26858714369943615
0.3181917671308193
0.20938112393533526
-0.45105527387190403
-0.3684209157168278
0.32144106267223865
0.4321985848714959
0.13435445233937182
-0.050268082149980124
-0.3100078617856105
-0.28559599620237447
0.10686916879067732
0.16309044125121705
-0.04937874981810682
0.04300739503608397
0.343951046794144
0.27001298273491475
-0.12966079338470957
-0.40683122722492576
-0.6555525973225396
-0.2623352724815243
0.9104231995436207
0.7481887617817562
-0.7203097257593193
-0.7478585861175591
0.37740705771243593
0.5270779018381638
0.0903024255063712
-0.12355751156466098
-0.42002304854750994
-0.19572643268403464
0.6823065212506239
0.4999999850880802
-0.6879061400968302
-0.638160312066964
0.4362736460583807
0.4545911017554236
-0.28657029674054746
-0.27425344311732575
0.22250285554797333
0.18843031695775406
-0.1960297940870448
-0.13314513153064203
0.26471008360935694
0.19524595547924617
-0.25595707317417
-0.27258220633394614
0.04780417250002137
0.06374258670851413
-0.11333290217380781
0.0711855201011653
0.5533705076675246
0.32094099194363623
-0.605934447972554
-0.5744486485276455
0.3099032568035944
0.37640967991291124
-0.14213625419907636
-0.19239100707918827
-0.007043508345219239
-0.03865712653560792
-0.1601056821463387
0.05366063052190122
0.5811427815903613
0.2779880734706301
-0.860680661742198
-0.5447445174972556
1.13649092158895
0.9173442903422783
-0.9465665752159941
-0.986463739806382
0.37958598073823707
0.562486710719277
0.04286902220714901
-0.2041186143839373
-0.5500653402032574
-0.37468720761583724
0.46980077991293245
0.6874424585427927
0.3861723426666474
0.04093595760505721
-0.5948439362370308
-0.6130688104375831
0.07740117459359337
0.22747765248332596
0.004163021600771157
0.06741533820236796
0.23394110852684738
0.026611084900086984
-0.5152689363320874
-0.19935102726061663
0.9771337394800097
0.7001491152148529
-0.9303704869645166
-0.9218627059882194
0.4411926237384573
0.5891200712601055
-0.0601137972670361
-0.24130550783615165
-0.32033073684841507
-0.1993850745264086
0.2973416268681259
0.374488896884154
0.061086272770315614
-0.12554421675899669
-0.33079593284159975
-0.10050613782337003
0.6757161747552997
0.5017477188560803
-0.5926385993760732
-0.7129466273188634
-0.06212942443535545
0.16210459145836476
0.25394446043151053
0.30175841644638585
0.13685298252061057
-0.0023583250471812672
-0.14920588199920276
-0.26698314861925865
-0.3117500713026638
-0.0854928915623355
0.4660023286116996
0.4387025703579479
-0.17191490503593018
-0.20483572034840372
0.20556533046909253
0.006405143871854264
-0.6615996417233185
-0.42261413960054284
0.6434708625572578
0.656598008731741
-0.22959555613968144
-0.4167759805734409
-0.18427377127231817
0.07470879518706841
0.6161637073532563
0.35559687262758166
-0.7958546696095837
-0.6321315744880991
0.7304773763572546
0.6726352752199426
-0.5263621063136535
-0.5318792419186149
0.3149929633715691
0.4313123460464756
0.12787149300474276
-0.1875468133856182
-0.7557918055751861
-0.3668938726807117
1.0951022640685788
0.7474559642358368
-1.3118221660769795
-1.1111598880299147
1.0101877996888586
1.122038539231331
-0.2541659106745479
-0.5465867900543979
-0.31205272437964493
0.005627278059363382
0.7891862295833993
0.5295534698543807
-0.8605237169993362
-0.7995197532356035
0.5224786618264793
0.5707197748542702
-0.3034028030737689
-0.3365589204779062
0.13282632111269185
0.1667769504116954
-0.013075880310063709
0.03483601194960328
0.2034767655100513
0.2001881583399708
0.06795925639754567
-0.3398639812191069
-1.100941985982485
-0.6151403512786785
1.1987593442498414
1.2964069775899032
-0.14359333789327522
-0.4761359185059843
-0.1780132096954012
-0.28176863515517075
-0.41482316079612264
-0.1717153639948478
0.38997957902045893
0.5277183483732348
0.2631988983018314
-0.03999927618535325
-0.5431840287201519
-0.3749523265330281
0.5654592089590151
0.5338474794663175
-0.35463871614148074
-0.49904214647834
-0.15392524865995882
0.0626989468851036
0.3967743786758972
0.3092885063143754
-0.3001781509585477
-0.2654281032798825
0.3362980702496829
0.16603830731775243
-0.6353079351944732
-0.43617359045460885
0.6322933913007985
0.6650917040179659
-0.1441411792304286
-0.23572793616974777
0.12047497342683436
-0.09702283357527075
-0.7005088743818932
-0.414619470786035
0.6997970979635646
0.7289670295238835
-0.19212646020440666
-0.3983395594558074
-0.18135432150672987
0.05722201913245287
0.5833696630034121
0.4109028355556352
-0.5361535378273148
-0.6514566687067864
-0.0776165808236379
0.15490549517511562
0.3061699448189125
0.3004505371235613
-0.01757339074454389
-0.07885205044896634
0.07730696849966003
-0.09783649299117018
-0.5305758116169556
-0.2799187705968712
0.6371707114125892
0.5459235493905435
-0.46816143240856706
-0.5045387164950282
0.21023309041132449
0.344900741078302
0.1707059545993923
0.002021173928362409
-0.3582483667949776
-0.2514345492685995
0.37858330205956164
0.30458168052817375
-0.3919067746332411
-0.34054716139505237
0.30426830471337735
0.23796163651201993
-0.37335220596128715
-0.1544999064586708
0.7574646737638233
0.5180082026986789
-0.7471950210285199
-0.782084831467774
0.1931042237526496
0.3061030999029187
-0.12227358702561665
0.05232044528135379
0.5949025280867855
0.30864908222218973
-0.727633024624888
-0.6264677705125821
0.5045716904352049
0.515336019106683
-0.3433388308478648
-0.33319425257085483
0.259179812513506
0.2743345502873979
-0.07099624778041431
-0.14005884564029525
-0.0823823461550823
0.04868748048071684
0.3511074130103535
0.05650825051299112
-0.8801858109610652
-0.6088329574344866
0.8240939944318231
0.8666586308438531
-0.2529917480952713
-0.4911537712077699
-0.2259028339397685
0.05384490797640147
0.6663704879334453
0.4217804210154883
-0.7755242256828061
-0.6529073786792976
0.6496292320946456
0.6281329043543644
-0.4213676070910269
-0.5279929460844619
-0.02943097074333699
0.09018450911926966
0.10387365384580736
0.2114568061029745
0.2973992578296653
0.10757378459947546
-0.3814149543564106
-0.39294713073371007
0.06291562777722043
0.14493331173802823
-0.022274118965145914
0.05707441848588493
0.26845655927658596
0.13070775505070706
-0.3260990060346381
-0.2597853463709967
0.2931390410242906
0.3022506330439638
-0.12152359781543011
-0.2695365042437969
-0.29653652372167666
-0.12601700692290949
0.36568387329938906
0.39367356580429824
-0.03794998322864769
-0.14622564027927795
-0.06288355913205788
-0.07813503424198204
-0.07698855094473898
0.007209575292097999
0.15937136442337607
0.12903885685891822
-0.09417145751624263
-0.0826366450805227
0.13073062558179388
0.004208609610432192
-0.41716282693258877
-0.3185076683277324
0.2561437264332298
0.4293274409733756
0.316449260806265
0.02279959278982329
-0.6233247602903408
-0.376349951483152
0.8288722166747664
0.7028592165867805
-0.6111142652441816
-0.7703207392408299
-0.091647569360776
0.18879353822337863
0.42731374007657813
0.29737283312664814
-0.39302166310305103
-0.34621407930008213
0.38658450779082515
0.30119329804281203
-0.43095637518561725
-0.32471913938881414
0.44591359302682093
0.36831940441750555
-0.3876124190840106
-0.3052607922773853
0.43572546534207957
0.26269849791723765
-0.6550921080208569
-0.44911178344644637
0.7197372789962789
0.6406086928016512
-0.4734816981899102
-0.42286390547901603
0.5123028794998691
0.2318680206111141
-1.0128000591644075
-0.7180111701085985
0.9148328747516036
0.9825806565530548
-0.2140220677657702
-0.4596076524961695
-0.17890178852273658
-0.02204025494867829
0.3375889862938315
0.27273586344872497
-0.2969393673802504
-0.3301880804798105
0.07327944702477991
0.1476658935480133
0.04589829997766172
-0.013365157025721565
-0.13997146334824057
-0.13184838452097744
0.03757407481787817
0.1671676890382906
0.30305964140603237
0.12517774298759946
-0.4283572572473525
-0.35547905921705686
0.32393098064092896
0.30805834123567144
-0.269964600413785
-0.23515673104279294
0.24297426791002716
0.21128495320819216
-0.18902602308219524
-0.16012771581476312
0.18525353237333045
0.20942623296825827
0.012934877040800957
-0.13697023242087394
-0.33964480980151085
-0.13477341512716098
0.5480107515462734
0.29571411789338947
-0.8723158519861303
-0.6966509069386825
0.6728692627686014
0.8775764645539331
0.22442253208062585
-0.09155130473462256
-0.44132731926166135
-0.5091082666356315
-0.12436185036269737
0.12481369039856595
0.3467349804554734
0.304590442971251
-0.12147426287755424
-0.13242010128558376
0.224143492843828
0.020426195676533317
-0.6474187952570302
-0.3481501811798123
0.8577375063040891
0.6261065756791817
-0.9126073612240091
-0.7616829076743418
0.8008633700046254
0.7720171850364295
-0.46860224698575
-0.5163172263366886
0.23705732328794346
0.23341771930519706
-0.21853816155128636
-0.25492744535874445
-0.06620725462584666
0.18837927149658198
0.6405396945160596
0.2851948348893848
-0.9594586742222766
-0.7034535804995591
0.9764550526501309
0.7938104347688987
-0.9662577106397172
-0.7487025308681666
1.048865475733399
0.9036254506949836
-0.7626585290467633
-0.8535893470848407
0.1828249247756515
0.40964106864219985
0.2606424628177686
-0.006597936736032938
-0.6825438211829002
-0.48285086055843424
0.651283328845376
0.6705801012425904
-0.25515928685867595
-0.40974842575946535
-0.09229467144061108
0.1408115041756297
0.5513144375244297
0.3582462821222698
-0.5394552084381478
-0.6249986478128728
-0.007102664583931145
0.17946956798692504
0.1770775970631951
0.1613493629196736
-0.03498115517464728
-0.13317007580640344
-0.1394696545119764
0.005708630865672757
0.37549148122832016
0.257149443282623
-0.3645322099554026
-0.3440660616494082
0.2310525674351737
0.3193748229122706
0.08468039634040088
-0.17754197013733453
-0.6398646190416097
-0.34900702518584703
0.7852177386714067
0.6616256456703928
-0.6249434353184525
-0.6418049962156309
0.3298028815632583
0.48054245336788515
0.1510799462594353
-0.02578562282855409
-0.3115083365070656
-0.2720444101545923
0.1814868334933717
0.24317863724486366
-0.009406037573032086
-0.09966420833688801
-0.15645977645197523
-0.049041073255783246
0.299922284665758
0.15887971856126673
-0.4725854165022898
-0.3709270108676772
0.3877437589570539
0.4086145472351273
-0.15181987603750413
-0.2701280112787174
-0.14678678622723706
0.094182782375095
0.6201886921921317
0.39180363437007115
-0.6465229398620315
-0.6499701036999096
0.25556669232635876
0.38553918121091424
0.010103265772530448
-0.13244493199542362
-0.2907362788465823
-0.17959729021120865
0.3082160674104127
0.3935176095140282
0.12589061312111663
0.03066598099118677
-0.02361615975024057
-0.27202454451383984
-0.663971209803107
-0.28287578109915995
0.9224194131764034
0.7223674516527615
-0.8237016890263777
-0.7723578014703956
0.5896490207516785
0.6402660407288274
-0.224887197825326
-0.3244243119950908
-0.008936495034802264
0.0765210139343783
0.15582128726422387
