-0.0031715008931283875
-0.0032895687800684197
-0.003412056374395195
-0.003539293256012559
-0.0036678329486191045
-0.0037987071833755753
-0.0039059255166942813
-0.0039864487565658396
-0.004053178883206496
-0.004098461586277139
-0.004136373990745648
-0.004167481810384587
-0.00417772196799402
-0.004169569424229209
-0.0041629603055127916
-0.004157436237343777
-0.004144632062025216
-0.004129135941026992
-0.00409495795461147
-0.004040699534860495
-0.003977805390208156
-0.0039023780107991872
-0.0038309585940630164
-0.003766175472643225
-0.0036971990932942694
-0.0036288781933119353
-0.003553953181427357
-0.0034715228760469376
-0.003389479288971735
-0.0033063058009523494
-0.003205244285726851
-0.003085878939462091
-0.002955253041181988
-0.0028090800548243033
-0.00265908162149909
-0.0025059776852992934
-0.0023403134870795565
-0.0021646199413014287
-0.0020000616190898055
-0.0018476393166941794
-0.0016991533328272696
-0.0015603885146754936
-0.0014167979068576103
-0.0012679275487211172
-0.001126207984745685
-0.000988842058212156
-0.000843908438883856
-0.0006920535479629974
-0.000537320738524918
-0.0003770194648550808
-0.00022175314837819308
-7.224355601878203e-05
7.884447265720236e-05
0.00022900131830807402
0.00039596101228147386
0.000582143664256767
0.0007772940529329783
0.0009865999898779573
0.0012014348824034517
0.0014211018837224946
0.0016545602642243599
0.0019001516297533574
0.002142397676439983
0.002381242492298709
0.0026231575504060828
0.0028643554858969133
0.0031163554478958505
0.0033799972603543995
0.0036464769001298652
0.003918426749590647
0.004159831663347992
0.00436605291410841
0.004555846138448755
0.004718506624887515
0.0048726123472999
0.005019022304183979
0.005138614812840219
0.0052346346431481105
0.005336231380958773
0.0054429274157055995
0.0055422734572353315
0.00564104826612836
0.005716340615666294
0.00576614144284232
0.005807051053913669
0.005833512138492684
0.0058669875718981735
0.005911084919609668
0.005951391607461899
0.005994251394288363
0.006030641293626119
0.00605937043892441
0.006090539502409959
0.0061222677122573545
0.006132084879237934
0.006119386283890338
0.006093725817990062
0.006049347292193276
0.006001842944238052
0.005952189060590303
0.005887763347079118
0.005811935889045632
0.00575605906054804
0.005721783462785939
0.005696707541837405
0.005689452926436495
0.00567883265546511
0.0056641774948150364
0.0056637873329251276
0.005673612783107862
0.0056755525703842385
0.005670540647282311
0.005664865010794908
0.0056544376161249375
0.005655216739631803
0.005668321669173153
0.005682689917375619
0.005702113176045885
0.005700946318073534
0.005675658034371606
0.005641213899392514
0.005590115242051907
0.0055347658387029045
0.005476204615662823
0.005401525847295692
0.005313130902051303
0.00523363895160752
0.00516317249666121
0.005092279334916789
0.005026516869653158
0.004949135923586448
0.004858934116227269
0.004768772022879384
0.004674841197843517
0.0045898325660090845
0.004516435450622284
0.004445956917821447
0.004382423604262324
0.004321568994895852
0.004262933749165
0.004212384985706819
0.004169252102386521
0.00411961185451471
0.004063274613744559
0.004006721470627687
0.003946571786143259
0.00389273728162472
0.003846120844254398
0.003799109852420648
0.0037540627357402537
0.0037069410163038975
0.0036565784979745294
0.003606651591042836
0.00355584833788354
0.0035048809938683606
0.003454053073332946
0.00340183411411197
0.0033483792928428015
0.003299828868408034
0.003256487675849194
0.0032155045064322678
0.003178490664908098
0.003141534219391494
0.003104365076254995
0.003070305433272306
0.0030385191081461036
0.002992966345430935
0.002932439481252394
0.002863898132395601
0.0027828284997397017
0.002699278902226532
0.002613607518201124
0.0025167228761481066
0.0024105067423692934
0.002305267933128451
0.0022006049615490705
0.002092635410381198
0.0019837112869564703
0.0018651043929788108
0.0017361493488158492
0.0016029872169548108
0.0014635284961038132
0.0013295097294821333
0.0012026406717896467
0.0010757912115545824
0.0009524013116697235
0.0008269945966383806
0.0006990462731614212
0.0005743564418784844
0.00045184363477912326
0.0003206463046450817
0.000180633812682235
3.636612370546757e-05
-0.00011486087482578634
-0.00026515992621797786
-0.00041398729363713576
-0.0005674967351563801
-0.0007239217121440386
-0.0008879875264802406
-0.0010608756113128959
-0.0012391256545804523
-0.0014243005902628944
-0.001615177376901343
-0.001811604431616191
-0.0020156702942743603
-0.0022272320327042356
-0.0024406501380434486
-0.002655841962668094
-0.0028755453699137873
-0.003098405250554932
-0.003328395399666426
-0.0035659167958745027
-0.0038079360289477874
-0.00405542280675418
-0.00430731456254802
-0.004563221840426183
-0.004824395915823101
-0.005090489771346293
-0.005361515683586933
-0.005637610363082164
-0.00591847533179982
-0.006204145321120556
-0.006496757565511558
-0.006796474357479783
-0.007102319987922955
-0.0074148881815295255
-0.00773293049479467
-0.008056390593687911
-0.008386422264887467
-0.008722788969270612
-0.009058541549472941
-0.009393151129780938
-0.009729747537186964
-0.010066389538594024
-0.010407406112524331
-0.01075299002294679
-0.011099245234196243
-0.011447006661964533
-0.011800912587127618
-0.012160831726649593
-0.012525037067744497
-0.012894616507405886
-0.013265742756637925
-0.013638151457698986
-0.014014604835283918
-0.014394212025050408
-0.014781991359091801
-0.015178714586361403
-0.015581358847378653
-0.015991420992430234
-0.016406633423576712
-0.016826803313408942
-0.017254416949730546
-0.01768905253416019
-0.018126076876117378
-0.01856546162790892
-0.01900920449003087
-0.019456174817571822
-0.01990978173653385
-0.02037029083057774
-0.02083509476286077
-0.021304981680163274
-0.02171031567963838
-0.022043658785453456
-0.022338141069471313
-0.022573417525253603
-0.022788742218411692
-0.02298551083789957
-0.02312544153312829
-0.023215474038920707
-0.023306542849148834
-0.023397165816180322
-0.023466334275154977
-0.023525658801389796
-0.02353352651999836
-0.02348630999418295
-0.023413470177615622
-0.0233048225620161
-0.023207163642167496
-0.02312760556126982
-0.023036122383746683
-0.02294634873146445
-0.022837093071778877
-0.02270584821822555
-0.022575177746072827
-0.022440652206198064
-0.022256080851196007
-0.0220204020023376
-0.021752854583528075
-0.021441642240467667
-0.02111929167276294
-0.02078777526254227
-0.020420943315671118
-0.02002581788376318
-0.01965604311496046
-0.019313895172585863
-0.01897900389244163
-0.018665953542905487
-0.018337308166839584
-0.01799191839144337
-0.01766147522280203
-0.017338746415873806
-0.016994222606480862
-0.016629585481393906
-0.016254616723090858
-0.01586266528776262
-0.015480214235805072
-0.015109019621063957
-0.014730807728668017
-0.014351827938388689
-0.013926138376044854
-0.013447525102872466
-0.012942349039926528
-0.012397169501557472
-0.011834457118030219
-0.011255973761470743
-0.010638432381673755
-0.009986130891186426
-0.009338803339543409
-0.008696534398734398
-0.00804271219720162
-0.00738702760186554
-0.006699786457059223
-0.005978799674022141
-0.005246678745348442
-0.004496612174992482
-0.0038146916922753705
-0.0032121411750530315
-0.0026437208267037085
-0.0021350310655227603
-0.001641977448639893
-0.0011624379175023739
-0.000741955821276277
-0.0003728074734529793
1.533968910742654e-05
0.0004214421574290897
0.0008154345922778623
0.0012137273094957799
0.0015612801106154894
0.0018532985627163624
0.0021298023225016505
0.0023774793912337048
0.0026470448141319492
0.002947140885892214
0.0032436087645201124
0.0035514865726601758
0.0038496829576672442
0.004135411641340152
0.0044324952155075144
0.00473656733351943
0.004994282215770173
0.0052042183071785075
0.005389155367250186
0.005535450487403453
0.005680126620000149
0.005825543286043126
0.00594177380441977
0.0060368495697524956
0.006186329425600003
0.006394278383368728
0.0066307761512242325
0.006916642889327071
0.007200994197921726
0.00748225419863722
0.007804502901990101
0.00815805142853963
0.008499193186231916
0.008830205833795183
0.009166365705065084
0.009497828560870974
0.00986314928502271
0.010265075275613237
0.010676932572843675
0.011107913404481876
0.011496490131065401
0.011834210306574937
0.01215708074421805
0.012447136824455472
0.012734165978869817
0.013020708032375953
0.01327583415808876
0.01350534536530323
0.013763654723706636
0.01405110557264236
0.01434501122819267
0.014658774858130068
0.01495219379154199
0.015222421013769015
0.015500407664687797
0.015777046077240547
0.01601653896441431
0.016218565374363142
0.016393286631927795
0.016531097087224386
0.016659740800198677
0.016779432969473398
0.016867620915944233
0.016929452873789715
0.016979059162357056
0.017014509006975122
0.017031941335369154
0.017034061237874758
0.017005565074570943
0.016945247665633302
0.01686244324005738
0.01675325339042248
0.016653410440323452
0.01656693399111882
0.01647376332580392
0.01638397807867927
0.016278538718442277
0.016155787373491565
0.01603404985799292
0.01590938552932271
0.015752180581968457
0.01556220778776002
0.0153510790026781
0.015111364941899116
0.01486503829099461
0.014613372972006938
0.01433921638209536
0.014047356301864369
0.01374885762853631
0.01344283317459798
0.013127399701693831
0.012805183920181457
0.012465506993922541
0.012108198331519772
0.011740813856446522
0.011361156918392009
0.01096708516064708
0.010559238613431256
0.010137143125727527
0.009700412441223856
0.009252396400296821
0.008793115842739105
0.008320617687796327
0.007835635438673093
0.007323507408827978
0.006782595449791649
0.0062203184274905185
0.005632423372907118
0.00502681549572349
0.00440389026605041
0.00375583932577777
0.003084108134187284
0.002399564864887966
0.0017019786970372832
0.0009868954393084455
0.00025684254321057924
-0.0004968558233027535
-0.001274912254721655
-0.0020710585216026185
-0.0028873751924327028
-0.003589515722523299
-0.004163111304488963
-0.00467258093067187
-0.005078740208870223
-0.005457181842561029
-0.005810762277703322
-0.006065833367150901
-0.0062358625881164505
-0.006419725343903983
-0.006614735724767572
-0.006780227387943221
-0.006938859958661132
-0.007010237733877628
-0.006987468960137338
-0.006927754261617478
-0.006811523211107287
-0.006728252954463226
-0.00669173306839006
-0.006644572116083046
-0.006612946526449736
-0.006556698958162128
-0.006471147748556019
-0.0063994260827118675
-0.006333234146202215
-0.006184164273514525
-0.00595027653121515
-0.0056686110392825005
-0.005316673027055266
-0.004956857044185216
-0.004593065182170855
-0.004175325018046317
-0.0037171999073014545
-0.0033212227299619914
-0.0029918334430042767
-0.002690285025464724
-0.0024445299717433203
-0.0021831734215842676
-0.0019041354016927667
-0.0016680451556278452
-0.0014611998140305247
-0.0012274501772479545
-0.0009701266249261585
-0.000707974037578741
-0.00042842787529439924
-0.00018212061309238472
2.7486494497225506e-05
0.000235130304109521
0.00042877590426538924
0.0006960046695330687
0.0010485602227706247
0.0014360158023127329
0.0018839122707479362
0.0023492365688888924
0.0028285117234300755
0.003366076599827499
0.0039536116228682345
0.004515172833993941
0.0050504858304586
0.005591137037282689
0.006118518329223912
0.006689188003717137
0.007307209669311234
0.00792931559922348
0.008568391735010582
0.009113389836541554
0.009548268962885144
0.009934309417917661
0.010238087774684174
0.01051310995374823
0.010762286584744206
0.010928108073473951
0.011019798427339801
0.011133217790380893
0.01126748285320312
0.011380774484650278
0.011495620043990854
0.011538375091600028
0.011502526647191327
0.011442143965199759
0.011339439563369268
0.01125455450498182
0.01119841396961342
0.01112900217855739
0.01106429087747747
0.01098065176369386
0.010874609861249088
0.010773841721513223
0.010673407639734305
0.010507127013574548
0.010272980438413752
0.00999950539564121
0.0096696810900883
0.009328837439250023
0.008979851387738777
0.008585758992999952
0.008156339074035878
