-0.003556236752334165
-0.004279223611560769
-0.00514014051316506
-0.00615147690624153
-0.007179983015108559
-0.008265621175895469
-0.008583095137133762
-0.008033414348831817
-0.0070315112956410375
-0.0053337863839593574
-0.003381642115651022
-0.0011935125040656797
0.0016748917637569147
0.005146076800175756
0.007717773469594798
0.009315033448020918
0.010610600505338097
0.011205670742012305
0.01210451305936431
0.013368462721461345
0.014153881397322744
0.01467250251854224
0.014036769546845297
0.012042065776343097
0.009237654151146182
0.005323942649595284
0.0005823396605288594
-0.004984271055259661
-0.011810113548894781
-0.019873018397208134
-0.02426166360779702
-0.024579644984720206
-0.02315767275061846
-0.01862976604578548
-0.01398325040710204
-0.009382630092572685
-0.0021273828077301663
0.007190825116790602
0.012521892773562056
0.013656192573088602
0.013095389668491506
0.009251732188884431
0.006373830806062563
0.004686117260058872
0.0007045970061699749
-0.004681643018062055
-0.007156111948840242
-0.006735188232149868
-0.00486994782564904
-0.0004664032497474085
0.0030597191813518617
0.005572648958868674
0.0097094031639009
0.014755387581493681
0.01692472001331233
0.01615421603090388
0.013743539814099159
0.008694728852979988
0.0038914605080562583
-0.0005766596466796573
-0.007024612319039665
-0.014875932836053565
-0.01917914698700214
-0.019741590626685686
-0.018528625876246377
-0.014216095936483188
-0.01031084369232949
-0.006961507636954611
-0.0012592029137924407
0.006087129140834183
0.010431609128985362
0.01170148684705169
0.011640601845172929
0.009050083907105983
0.00741921707060952
0.006909614356629271
0.004754746908877423
0.0016864425836192155
-4.5205641253175924e-05
-0.000560435276989599
-0.000434786393688155
0.000869269393418549
0.001315033829352739
0.0008323312673240809
0.0008826990084804938
0.001029504748397641
0.0009190036781300807
0.0006728357495232644
0.00015061094238682092
-0.0007121398542699744
-0.001331849212421893
-0.0017190355341895154
-0.0022169440464681325
-0.002706042008141543
-0.003982670038596709
-0.006157468144712336
-0.008772099651542603
-0.012060551445807437
-0.015665815679035567
-0.01956101354286684
-0.02413611113807048
-0.029326457047779766
-0.03196015238769549
-0.03178207693525725
-0.03025079896763083
-0.026477509205360857
-0.022398737748004265
-0.018104633528134205
-0.011833808712738788
-0.003959143262433379
0.005477734065372497
0.01675020975365307
0.029683064204249397
0.04438534394804634
0.061411804041845305
0.08084512453400065
0.10257682429529189
0.12680364791648358
0.13411350585576806
0.1225938416141029
0.10154242941715078
0.06538489769245985
0.025329158796905366
-0.018128151162852504
-0.07563313259120494
-0.14510831988754236
-0.18316091359723138
-0.18710547364258295
-0.17625719725056482
-0.13879517102773045
-0.10287123249932481
-0.06994016532327822
-0.015576382303613768
0.05454511208962693
0.09579009903510219
0.10711787768653876
0.10607782773371979
0.08109132903025955
0.06467771770896276
0.058459448976762994
0.03630522135613468
0.005047353385928614
-0.013165525684632199
-0.01941827732019861
-0.0196391405607498
-0.008524857610019709
-0.005802836932341359
-0.012193197725067583
-0.013463932618167989
-0.01385506001352427
-0.012892626679418168
-0.008983766906345373
-0.0053205678697213245
-0.0013851177936135804
0.006245412763374149
0.017395862862216317
0.030906356364824625
0.04754233896206762
0.05207669431687879
0.04304495587926571
0.02824143393809945
0.0033935942223446026
-0.023032904901387066
-0.05048267429194626
-0.08696316598768247
-0.13080176883914785
-0.15028010189821406
-0.14340182741621338
-0.12410564083333932
-0.0837062815929897
-0.04268106491904258
-0.002005514873905865
0.056209903055058706
0.12790102640298823
0.16778993414890755
0.1738755288927334
0.16501651765062053
0.12911469432639164
0.09729201588191819
0.07105416245842824
0.024334941671301093
-0.03650942169767168
-0.07254944988901546
-0.08340135190051108
-0.08339225213101348
-0.06255670305311037
-0.05050252156426382
-0.04859813806753896
-0.03358267751532449
-0.011695876442035225
0.0012557240306470185
0.006553609715648885
0.0074817962318048555
0.0003847010242238272
0.0005577299303575644
0.008471250566719565
0.0135088433633826
0.018971815993300143
0.021888473304910915
0.020877010656681128
0.019687671953832857
0.017235986944847324
0.012491366652814589
0.00571848510608562
-0.0035690673642975648
-0.015609613889853238
-0.02221066772342058
-0.022789264974251492
-0.021465143047030334
-0.016040910610447105
-0.011363002389476464
-0.00780676427548441
-0.001071123852674783
0.007813076738824386
0.013139372869836038
0.01492266390572869
0.015188600753327305
0.012504758566705037
0.01127341587443373
0.01170010399413092
0.010381219919424534
0.008253630945957269
0.005628915407879037
0.002127413308440423
-0.0017678176354557584
-0.006093021123457838
-0.011926221239657697
-0.019280904557399038
-0.02769764519783519
-0.037441152390527886
-0.0411428356801472
-0.03806685076229547
-0.031897108446899386
-0.020536675034312928
-0.008138283938674492
0.005066212840430236
0.023028873666097478
0.04495489664414639
0.056514538812443706
0.056878334339699785
0.05234939676162405
0.03904401552913501
0.026353062261709113
0.014759496982386464
-0.0038239761520630937
-0.027496647068587746
-0.04051601319989776
-0.04242581209082496
-0.03946227008326727
-0.02750015844762297
-0.017846731282262183
-0.011042848709226595
0.002109522952548846
0.01926409456962288
0.028004930431369333
0.028273208186915134
0.024387421233727474
0.013165007471845718
0.00424108291928238
-0.0019980674152912793
-0.013089135497474572
-0.027029052771947715
-0.03403928911626812
-0.034068957240284754
-0.030390769872007298
-0.020475248181002423
-0.01198847785462272
-0.005193320924770107
0.005927329238723318
0.019807117802218627
0.028109481093010827
0.03076010381629385
0.030665344922442248
0.025669554439555212
0.022241567765761288
0.020630292927368548
0.015748621553627298
0.008931761727131641
0.004204296565110257
0.0013253137683993377
-0.0007316921675270456
-0.0010185183901756782
-0.0032518833260110486
-0.0075728214350275795
-0.011352192066706285
-0.015399607634051767
-0.017944961215291672
-0.018536196370639194
-0.018580949849280295
-0.017506599600955533
-0.015661489673558203
-0.01312926928291118
-0.009207417443263779
-0.003942782381921449
-0.0003911228883517622
0.001299682822719556
0.0025874922974914935
0.0026780103425901422
0.0035504280555215925
0.005357923644160067
0.006446868144147253
0.0072535050819321125
0.007954706078128421
0.008360294815994077
0.008681428706395091
0.008901100047678297
0.008506030243168533
0.007484217950992557
0.006050289606988551
0.004074614418933888
0.002394459862115108
0.0010817755905169406
-0.0003746839614327179
-0.0017574191742401111
-0.003522653786334447
-0.0057335154379656115
-0.007987120394190481
-0.010396076177283851
-0.011203126761125339
-0.010181419089834531
-0.008235915645465513
-0.0048422396939055215
-0.0009250469737619353
0.003475935890324515
0.009306087334480913
0.0164045969058682
0.02002748811673298
0.01985831471791441
0.018056382272706978
0.013324271952106836
0.008685857480844002
0.004304066973897121
-0.002469658938154867
-0.011025789998231344
-0.016227125082190423
-0.01793329901336332
-0.018191917693509994
-0.01566345647730371
-0.014043744607561697
-0.013517602936310722
-0.011091612516087299
-0.007538997702156182
-0.004813708693012017
-0.002726006822247904
-0.0008584480604723795
0.00035603847863846695
0.00284890234007157
0.0066979560762625
0.01060090340154613
0.014990387647411311
0.01710129919470986
0.01653375062353104
0.014905126033885026
0.011397473558914736
0.007284274551640903
0.0026657675959099354
-0.0038334912477446326
-0.011978023613880328
-0.01637909084335157
-0.016729245858630403
-0.015453100161083724
-0.01110123345667796
-0.007179259622535401
-0.003887896297694278
0.001780953396176514
0.009104964868291161
0.013093600315924589
0.013656457107329918
0.012687407906831599
0.00889558440740354
0.005970824965064828
0.004084224008894844
0.00028838923751140476
-0.0046459896923620085
-0.007369227985945436
-0.007916555001989702
-0.007356775796303123
-0.004844169489145354
-0.0030986105781723723
-0.0022193892931057215
-0.00012763964200173522
0.002609328724286655
0.003868968761536175
0.0036882921481137935
0.002685893475812084
0.00032458410616847814
-0.0016124401087071311
-0.0030726445987509206
-0.0054081986475010176
-0.008252425306275466
-0.00961391246301046
-0.009455738399560135
-0.008470660889606504
-0.006133001713929578
-0.003960971886583896
-0.002003814756347854
0.0009570638034930451
0.004616976001899395
0.007299426029109219
0.008997913546582205
0.010310540899016857
0.010810496833496185
0.011809799497652566
0.0133676818460934
0.014467041307125924
0.015385665143311663
0.015142076307730224
0.013510869128423864
0.011135767980097638
0.007691718930833469
0.0034688779612766524
-0.0015179301552906354
-0.007726670244155098
-0.015129521693418933
-0.019785862240184016
-0.02140209578364657
-0.021849884858126212
-0.0200468828515872
-0.018425014188124634
-0.01712923905567706
-0.013996772089352759
-0.009520609479882133
-0.006110130212868659
-0.003694004911322429
-0.0014315972015526955
0.00010522641850976611
0.002907534149049579
0.007093392858025084
0.011211523714154398
0.01571253935400527
0.018266588452339676
0.0184888608811761
0.017800392331228203
0.015494638597786237
0.012565520754864074
0.009093612894529885
0.00393640764308007
-0.002731213150285295
-0.006861763228640532
-0.008255923827547935
-0.00875146115355814
-0.007279543727384898
-0.006518746892548902
-0.006641947974592082
-0.005399343386575823
-0.0033607598205760997
-0.0020720435340578075
-0.0013936545038400134
-0.0009691692716146549
-0.0011425022785601189
-0.00043411960404477363
0.0012186031813597922
0.0028081371997641332
0.0046660302939879345
0.005599457345632226
0.005394763426769547
0.004857729688257381
0.0036298248776052673
0.002154841290007891
0.0004903601089010761
-0.001906613182900636
-0.004951033616853695
-0.006705804158601242
-0.007072821647420963
-0.006926003133326811
-0.005751626862092406
-0.004817066075316327
-0.004200607660455384
-0.00282853418969012
-0.0009671412616624772
-1.954790447871032e-06
7.0363152896065e-05
-0.00027008060234110886
-0.0013731800678565581
-0.0021567467622303402
-0.0025740089625912437
-0.0034616787122103616
-0.004591491066926485
-0.004323782799063169
-0.0025923371320937796
-1.2018101542378976e-05
0.003862462824006861
0.007868431694157867
0.011970607336940454
0.017146160583688962
0.023169630595628966
0.02542071696480907
0.02356796110105657
0.019644446246491854
0.012362945622697427
0.004661688284863376
-0.0033355259707247907
-0.014246132859468255
-0.027503289349539068
-0.034276119768484166
-0.03406147185614234
-0.03068499155935353
-0.02174827936268086
-0.013092819414540078
-0.005002847373704914
0.007543351191884089
0.023370974822942852
0.032020236174365266
0.033141164128622384
0.030935191054025712
0.022644702563283995
0.015695244862558737
0.010441774299177158
0.0007940139608984197
-0.011714710634606227
-0.019366411181218093
-0.022185586117738534
-0.022820193721763263
-0.019319518567052735
-0.01778744382645839
-0.018484196595309484
-0.01670908575072893
-0.013750521500190993
-0.01121868671989134
-0.008706462629854753
-0.006318850946946242
-0.004345768783065904
-0.0006054491401705693
0.004950581011475227
0.011033347377003115
0.018136982789462654
0.022333263449761293
0.023140040691744135
0.022784834433660195
0.020141879844371654
0.017167158917192914
0.014023107879681095
0.008734624823353106
0.001688380487154272
-0.0028651240659686972
-0.004814856395906014
-0.005953604952101376
-0.005191525469397586
-0.005531624124062597
-0.007159622433616837
-0.007660302210282963
-0.0076839018844537185
-0.007815680160627576
-0.007817236870708118
-0.00785198455976115
-0.007994989937964783
-0.007291480158024529
-0.005720901314378502
-0.003793497761617349
-0.001285481638759946
