-0.009030590661359153
-0.0064037642922504315
-0.00021503757471055037
0.01284280291324401
0.008467034599821725
-0.014709543193246454
-0.01180829883636216
0.014339928873715277
0.012086893256682042
-0.012962026095164824
-0.010280443545221422
0.013899617508743706
0.012839216245475748
-0.007384489250230345
-0.004947779295542797
0.014512376529643791
-0.001776889960433457
-0.05044156788332638
-0.034086519597530444
0.04416307522229564
0.05534020036252972
0.011885167944648245
-0.009223846581476855
-0.029317615748502297
-0.026246638417935963
0.012286081093342215
0.019126181875074713
-0.00038831971442106694
-0.009856394563263284
-0.020773730034873907
-0.014214858231017528
0.015676486026062027
0.031484186162211075
0.03748121369364083
0.018082175354112807
-0.03611478120224827
-0.05484666330058068
-0.04042219828204901
-0.010743191139098506
0.05032378152151732
0.06069875029861458
0.016002652560592412
-0.009688324805232608
-0.03354755100725332
-0.032647778947792236
0.006170761902929648
0.019307228078410836
0.013367055524832541
0.0002945878734205345
-0.03216308801532889
-0.02318519669817416
0.030157445466825115
0.032973524747574035
-0.006322740723606
-0.014469822629443772
-0.005632509015889174
-0.0012250294079479945
0.00942393432407232
0.008597544797209124
-0.006104928553184889
-0.009825858230622105
-0.005858689996261796
-0.0017713736730521645
0.00664673287568117
0.007566326830572176
-0.00010482201917818978
-0.005620452523302812
-0.011624585557955173
-0.0009375759723207499
0.029667544007675635
0.018249745055058126
-0.035024898837494704
-0.027497097327545184
0.03425413899384605
0.03105273009164881
-0.024292781147715162
-0.03021174385703789
-0.002703790157392795
0.003993820592447814
0.004276924579599406
0.011883159654108584
0.02047467582917174
0.00708413175292029
-0.02974836830702235
-0.022511128228750517
0.02817301608423232
0.02691299203733219
-0.017579398621189967
-0.023983499735690892
-0.005768532868635277
0.003627329944200716
0.016310640750120196
0.013765164633390834
-0.009017101592777355
-0.008626099262460277
0.011908943295985384
0.002781519922784753
-0.030906322541043436
-0.019996237959868716
0.03141841428023573
0.031760225669652045
-0.011081686905375636
-0.015981623188866236
0.00401291010219436
0.002395971733972867
-0.009923027877433136
-0.00470668409077763
0.013517465120262744
0.009220865427563035
-0.015406620077874703
-0.012084185995786614
0.015224342289717712
0.01232752419222761
-0.01495847900285006
-0.012206197393544838
0.014108023616587353
0.01405741090804962
-0.005643482055995386
-0.004603653181361826
0.010849807462772561
-0.0007872066199218475
-0.035747266990117856
-0.022355709675877605
0.036971013256291985
0.03720392383882902
-0.01355102850953335
-0.021245236901999642
-0.0011715617159744956
0.003044149459061737
0.0049650523318696075
0.0019720217105087053
-0.011419812518595697
-0.005128720798300117
0.020702076909958983
0.014485187619029232
-0.020978335692006134
-0.017355214314272994
0.01949673288915382
0.02012042761738117
-0.00666193582154084
-0.01740074358687577
-0.022360597778246147
-0.009831770041258635
0.028140466597998817
0.027246350240594464
-0.011781612290134831
-0.01833524455936505
-0.0024170804140945
0.0038100048968464726
0.01118657687527877
0.005239788086361293
-0.018826717672099515
-0.009426750158775409
0.03244963958762381
0.025264006230193422
-0.025679743300011795
-0.031209574928416688
-0.0020581595248778885
0.008616851195429473
0.014500395587371753
0.008313124115764648
-0.018306206564741887
-0.017165256346308173
0.010513728234721034
0.018018788011238667
0.012989383964030323
0.004810557135911765
-0.014364565654951237
-0.01488733979383335
0.004804812811220736
0.011519076957981128
0.0106925250656151
-0.009297996874341335
-0.055794456551050906
-0.03911383255266107
0.04277479007904067
0.06686297833585314
0.04648706055273729
0.009576392276540958
-0.06782747300471868
-0.069285532346396
0.01197739407858463
0.03074696935416571
0.007526638469773744
0.010609442572447388
0.018263524671435275
0.006524070244593124
-0.019354611860498073
-0.026076283281929003
-0.014944447436571435
-0.0024249727822778303
0.01863298627041278
0.02724693265825176
0.02065295570107855
0.005395611144166034
-0.024989400544556156
-0.03374927370844785
-0.01907764205913294
-0.003154607217709481
0.02278748695988929
0.0324082951537251
0.021853402318244432
0.0037307557899157965
-0.029851545108536152
-0.031014551190610962
0.004031171913192553
0.015639156978012794
0.012909433607500097
0.0015866461436482356
-0.029118416603119358
-0.021581307231005837
0.026007228832849595
0.0311817637667006
0.0021668059929299027
-0.006873402652373875
-0.008740690276193274
-0.011371885748868223
-0.007301092875784287
0.0006080330110062257
0.013501743919241815
0.009325447992659176
-0.013997718951634774
-0.012618335148309073
0.010653803539740908
0.015017888471654407
0.006886263358390561
0.0025105089007224283
-0.004362888371346415
-0.01631097648291951
-0.03230823665540991
-0.017780810618534936
0.030403796466520618
0.040897906021554374
0.017897441896701626
-0.0007195750184721278
-0.02854695696195843
-0.02862508438101005
0.005924067695635731
0.016701200955620294
0.011368511715499834
-0.0017903493047730845
-0.03363109335110864
-0.023822214556429223
0.030332904631598732
0.03672242713109699
0.0038409427383629792
-0.00721358220108266
-0.011042511089112169
-0.01230931201556391
-0.0022785252396880042
0.006870552835196193
0.01688554497945473
0.0013402145684878052
-0.04450613145355512
-0.031612579090307215
0.03914382128025082
0.04652201628105314
0.0023211413114185195
-0.012797419248931328
-0.017878638242739046
-0.013404823694832209
0.01289967436528449
0.016907165967457328
6.525884080470072e-05
-0.01101864421595962
-0.024603710688900535
-0.011991078125154112
0.032599025512744115
0.027259562044371303
-0.025467021782010636
-0.024020503292922553
0.02077456494123535
0.020312266324545334
-0.01207283037286789
-0.01026198847303009
0.014782884579673104
0.003210324311895352
-0.038216942579605916
-0.025473224536301495
0.03664069768285454
0.04107793054437886
-0.00201798967208646
-0.012268221077358872
-0.005886750060456779
-0.01061009427113109
-0.015508792512437754
-0.005198144706046847
0.019606382853553986
0.01953412356258082
-0.005053670973590114
-0.012657238558412732
-0.009884566275767373
-0.004781607001701388
0.009721776091912234
0.0019796083255131745
-0.02979589749382101
0.00026655120037655147
0.09142726047420516
0.06086428017455108
-0.0866375197072094
-0.09663798697716022
0.008423123628574662
0.035553912736015734
0.0237417781147666
0.017009708698043222
-0.013087042137452978
-0.0188088250292704
0.002687533367536242
0.009509243834346542
0.011059525257690328
0.00566040521292705
-0.013127871090146234
-0.013360145462941973
0.0045404228308827
0.0070741459322839415
-0.0007765817600877103
-0.0035227205682774624
-0.006152351811612048
-0.0060788528702226665
-0.0013033330868187185
0.01138993216785192
0.03396867988208703
0.018899093298185416
-0.036594571640961956
-0.04102455390098989
0.00018910840926252486
0.011074291080535953
0.006276016467839332
0.014201354085981931
0.02454943491694551
0.009088673830544661
-0.03231322982166046
-0.031497986521360564
0.010075134843065166
0.013716050221785382
-0.01037883519961092
-0.0004192593648060291
0.03361206536304023
0.018543395064691385
-0.041034664534879514
-0.03154957780911202
0.040305911370412326
0.037423366217562204
-0.026032076729182178
-0.03364857919030059
-0.00416391754331193
0.005430917555024787
0.011915513408468003
0.0083511556256167
-0.013267746441746728
-0.01650228935084358
-0.0033436953668763364
0.019492794859460576
0.060041745591109856
0.03963915078326858
-0.047206418103689515
-0.06882166486704473
-0.03649938795970038
0.0041894249455057195
0.07882618366213688
0.05213488122047422
-0.08853158233196942
-0.07620494173441013
0.07258116293067687
0.07485754530407088
-0.03356622770105307
-0.04419248137536953
0.004663108219995064
0.017205563950042514
0.021901803144901
0.011660275379579834
-0.026668911462693387
-0.028579248214073382
0.004387830279986352
0.008927762534012458
-0.004850248162358935
0.0016799301105139784
0.020417014360232067
0.007864740360872908
-0.03376570731842288
-0.014251612301498549
0.0643712924148744
0.05039762862603424
-0.047518480536100735
-0.06651034821493146
-0.027560852711289476
0.0028731455703059944
0.05210445748561703
0.048757344901395994
-0.018559616716057957
-0.03057932067347701
-0.00030363889539858656
-0.0028314759533527465
-0.02034977282506017
-0.01789259273487549
-0.0033824763593933316
0.0335898409174954
0.10021289409388387
0.05896978319679315
-0.09763664020376675
-0.1054149750755273
0.020277326802999245
0.04547318657095472
0.011154183917209591
-0.036182035936033065
-0.1347655503151354
-0.11449947610090107
0.03525933142960735
0.2188046916381373
0.4783491977826813
0.2755332236756547
-0.44736068411838975
-0.5966869244749213
-0.2419879413846157
0.03722601612675909
0.4460128197272128
0.42782415265981677
-0.12356308856597857
-0.23223276355156086
-0.005125067803579901
-0.010719827467539599
-0.0994350606697798
-0.04596972405512855
0.0936665963238589
0.12520126941088497
0.06682418419845461
0.010266967091592558
-0.08176967494023905
-0.11682596717895673
-0.08006884917609816
-0.012796879957050263
0.11343976647529315
0.1198159384269776
-0.006760875701897931
-0.04615679210898339
-0.03207405722614052
-0.02675255598745075
0.005376891415731534
0.018310239693445085
0.008575252129710224
0.0007960667776180093
-0.015751828563482468
-0.013756261928640387
0.010230651193999183
0.016269688353869202
0.00939045431513122
0.0002781557515996702
-0.018152565890541972
-0.012371732361460445
0.020262011705360128
0.01763545430605405
-0.016051231643666782
-0.020186774513496205
-0.003452746299739652
0.0018462195158622835
0.004642512650921642
0.013839506883764991
0.02597966743435448
0.01473204921465009
-0.02167519381864514
-0.033700120612660305
-0.024804924208446415
-0.005924253520375159
0.03366844251182027
0.032570566792380316
-0.012649440144439486
-0.022699643715533947
-0.008120001587830111
0.009598528564075896
0.0443347692678138
0.0290406162842806
-0.04178785377912274
-0.05294596326913951
-0.013898944478140869
0.00510590656533148
0.023528452182169167
0.032057558586894554
0.02067711089861626
0.0018871392122518935
-0.03045704010301674
-0.03033320492946729
0.006539723939092474
0.01639771729708823
0.00775650229965221
0.0014086413863052436
-0.01335274888683989
-0.010767831531684835
0.0119373365118242
0.010880259016916981
-0.010134701834765393
-0.011981566562391913
-0.0006550570399206476
0.010828792819179396
0.02887028587270958
0.01676485442568373
-0.029545073244617623
-0.03366161614178111
-4.505226316529334e-05
0.01100787705501288
0.012007839133899379
0.009588104988935826
-0.005565912305507982
-0.00843046009704339
0.0006954637498173532
0.0020219328489234903
-6.200533515445664e-05
-0.002182383572737064
-0.007058183544040541
-2.5599141198600494e-05
0.02002310086079497
0.010874166493628478
-0.027194173949723583
-0.019788823519089848
0.02910635258964971
0.024620856472095016
-0.02438502546561911
-0.021945004495073115
0.02005541633111651
0.02103404730093099
-0.006733538006720677
-0.018364565172582777
-0.025407029988157852
-0.012311240856411033
0.029102015323865166
0.033696864679591466
0.0032677904821895964
-0.007299924569103347
-0.009243107472676681
-0.014640982624710721
-0.01565482507388388
-0.0037962084359534584
0.022371315437630223
0.021067719127734953
-0.008444639684834675
-0.01178257434865941
0.004567897934032632
0.003037325432538936
-0.008707204564416567
-0.005772423114136768
0.007931329631733068
0.004731193645674473
-0.013110326013001964
-0.01369782590387461
-0.0004065121069313979
0.016605880716339907
0.043427056120278834
0.023459365841470712
-0.04865774799249704
-0.05029269742937538
0.012510935372327265
