-0.01195231676992619
0.14246043719445653
-0.13656493499485503
-0.19631345550279372
0.20227515776203878
0.5112249659846614
-0.28197677067158666
-1.2188507704581046
1.317744675179889
-0.000960848460529129
-0.5370330386801048
0.387681323972105
-0.21677049318326186
0.03648158641334922
0.08994877146679899
-0.20134800107588452
0.2008137504782827
-0.07502791325332107
0.019806494324029065
-0.06612739463133564
0.038152856101463566
0.10275979249960886
-0.10576384861156159
-0.044244409307852284
0.08625341375151446
-0.024575155980099794
0.003897573206855125
-0.00012783219817496288
0.019617382201830538
-0.09229892687154145
0.07005601768768097
0.05225630837425351
-0.10320396752011596
0.08310720411550213
-0.07070003104560826
0.07695751727417607
-0.05066301064868636
-0.0009026102958361662
0.03075521983195564
-0.0627156222631211
0.042195277251632385
0.04614458557042803
-0.06848582444360543
0.011341611796697598
-0.0025466958189815326
0.06203817843424876
-0.05789579972425266
-0.03120957937121861
0.04530961799315133
0.03237345111698248
-0.03281197614864002
-0.04207621271967457
0.07167838471188155
-0.07290831619212118
0.0510009904497682
0.007502528053891358
-0.018521485258306443
-0.02765190144565103
0.03644839008751272
0.016071603093196815
-0.019666685054733006
-0.07233267948009567
0.04634197661225882
0.13988493022669002
-0.15796611904414573
-0.004272900590325299
0.04993583757123493
0.013176843157137037
-0.048728592960829556
0.056478035903569805
-0.056738017610649706
0.06402997613225657
-0.04291020037232265
-0.02105511465617079
0.03585690419965058
0.010930489818892506
-0.008761698947274976
-0.04143272478413837
0.05335748557870313
-0.04772156861613239
0.013464094882624619
0.06580371436688562
-0.08040612279170536
0.021545482991479112
-0.0040309063077597854
0.037959483677485244
-0.028834770038300022
-0.019980688683537084
0.042777260276298724
-0.051316723625052636
0.03320199681790089
0.007801405187690968
-0.03188826360228211
0.04524343618990276
-0.03513220779976937
0.009801363101201102
0.02139612099853624
-0.05483991353327995
0.06771777462198829
-0.08578898680942056
0.0555113234608614
0.04338475711718031
-0.058706944267316354
-0.011829019588380823
0.035071577937651845
-0.014121836343282571
-0.0009520960856832038
0.0065591470688755125
-0.016216393673453795
0.036573031633090655
-0.037013062411906716
0.01363073672276311
-0.009837264428232975
0.022177401114762692
-0.02590275692497811
0.03284505363272641
-0.016905886865512632
-0.029069726159099023
0.038933609531487154
-0.012062838472468109
-0.0007026858531262931
-0.0016462796774650106
-0.004108581719701915
0.016083612652745875
-0.026082457772602596
0.03358730060838178
-0.03534209692327006
0.03502989255686527
-0.024486832906827273
0.003901044272792107
0.012222737911572157
-0.0164046252499878
0.025749599001855673
-0.05697328087605403
0.04412972473937854
0.01844704736293217
-0.03363489410826657
0.01296851244435876
0.008610552137559456
-0.04686409143377218
0.04357825745637892
0.01396194658327777
-0.023871563876754046
-0.022607937968364498
0.025410337865538514
0.01775374876702547
-0.03471205539692757
0.023227724633494602
-0.021621223539164458
0.03502348743730381
-0.03141446879955498
0.008219837162217294
-8.669821886264043e-05
0.010675075748456197
-0.012231650450339743
-0.004737045738017092
-0.00021790253380999346
0.039611859589032974
-0.04149538813564001
-0.007090245131479822
0.010426510704890537
0.04106126998610298
-0.047153284732205904
0.004878115625317574
0.009154773159323025
0.006753716041517942
-0.011942956153395901
-0.002524343455198822
-0.0006425508801184135
0.032590516165866286
-0.025385131651326956
-0.022310843785635057
0.042592798128366215
-0.03896269398339705
0.03431143246421691
-0.02653449098812162
0.023992867770591012
-0.026660872630856515
0.02337189341776391
-0.01813425193505
0.007136953455339656
0.011630672081401883
-0.01850609482809044
0.012894194207588808
-0.010112246860886142
0.011766291768959552
-0.006148946824209518
-0.0024148086923840746
0.011201620257703744
-0.029344582094792168
0.025628413616172716
0.01060620179516586
-0.015685766593682628
-0.022347993713004603
0.018455114264230844
0.03083810557873441
-0.04333188639035756
0.02736666438372678
-0.009688046488323922
-0.016891332420924776
0.017324561252000735
0.005078637676903775
-0.01713195535772264
0.02773583207535788
-0.02014730918869675
-0.011496186582237876
0.01778484715062101
0.0033759425543746936
-0.008852497646225223
-0.0020915333246488486
0.0041987870987494165
-0.0004310433940479476
-0.0017975797281321155
0.011932213775964772
-0.004135579655454733
-0.028811080229277034
0.028030475121653325
-0.00020184415974050691
-0.01900244729721324
0.04142591645656586
-0.03211737690873458
-0.007839287829561004
0.02341772361213907
-0.028203283389820245
0.012417984564900139
0.03313571097881664
-0.03754185269373402
0.002347092506960363
0.01672896841285456
-0.020285266393965676
0.02180480794618656
-0.022633209654931787
0.016289349400823668
-0.008493684661776565
-0.00369577041882752
0.029494599117149627
-0.03001864254049451
-0.0026249085929012095
0.005974805648839705
0.02397830705459242
-0.02790415758942459
0.006833263071871459
0.004896120724215993
-0.00970560925879627
0.012023716789275824
-0.009233112236645233
0.01415696399551106
-0.02372167630138393
0.029188007771652605
-0.03640701014811944
0.02497605091746469
0.0003952794285271618
-0.01968687788418803
0.040621819155876676
-0.03844678863676777
0.010890420876855893
0.0014282340556222265
0.005038595475789263
-0.0008885508535269927
-0.018692959247186534
0.021251579808372997
-0.002243132917371057
-0.0003438792949883493
-0.01527623334324728
0.01404502549289656
-0.003991159389354893
-0.00984444915585052
0.04050234887620866
-0.03523345862328086
-0.008977686741531819
0.018352118086218953
-0.004247685321484459
-0.01702706468459892
0.05517861978765283
-0.05590154757364234
0.01985546542362773
-0.0003029303031391901
-0.0034661054467040367
0.007066913183105272
-0.011239775275650964
0.011414698204151353
-0.006798124423782817
0.0022957034080448736
-0.004126573344190428
-0.0036164860404828167
0.029189162229767744
-0.029133474460833916
-0.004480721862620484
0.012238717420698073
0.01829186063622707
-0.014307490600145597
-0.03936249850528961
0.04215431653257766
0.013468139317206846
-0.01989326835535007
-0.014390883750241185
0.03801191816535731
-0.06510764502933641
0.05611654590392242
-0.007622381695373916
-0.007946916195535569
-0.005609585438350264
0.017513845199641418
-0.026371657494714755
0.032245549982438754
-0.03832182973283745
0.03283558426188744
-0.01763311929347735
0.004313188934437112
0.005209067272333452
-0.011550281890371222
0.020508875079202585
-0.014183238865100391
-0.013079329277464191
0.02493594894581916
-0.006989968729981203
0.019565396172459164
-0.07721279590844606
0.07735816632116296
-0.017644982231681292
-0.007366549521282069
-0.0002857857359294877
0.0008181479471193686
0.0005259460371848874
-0.005279743517763766
0.0243755968570623
-0.018035377918245058
-0.023942782749787637
0.02780735647822738
0.009497494476649987
-0.01790616598648011
0.0003279858638898965
0.01352385482557095
-0.017845822800831326
0.022242571267278487
-0.04329395536685775
0.024327957640714302
0.042010815435370816
-0.060488104119306094
0.03387386619475619
-0.01739206149980032
0.012670434310930876
-0.006116291126118417
-0.0028514948341498937
-5.0480629341251304e-05
0.0006578648866660067
-0.016399417892109382
0.07193134803088796
-0.06373336412840543
-0.02903698755242
0.03806030601716997
0.03548130613119461
-0.05396830862755916
0.04220618497858422
0.0013013373921825903
-0.09272916635265924
0.11027448105964173
-0.054150068461178494
0.025037084607929142
-0.030025189213086226
0.020239704924126183
0.01460383917732849
-0.009125712710819581
-0.028664717227294554
0.050826897273523755
-0.07937197343959033
0.06075792318911686
0.018000308837649397
-0.03219385581376969
-0.016392774818415078
0.039208630916626026
-0.037463051773121966
0.03450512539930594
-0.0321942182026422
0.021435511662336947
-0.008723837333215249
-0.0077356621333590555
0.03674355400472012
-0.037085640649706285
0.005967435351856863
0.004196405410589243
0.004897210849032073
-0.006659262742710828
0.006365342848262699
0.00333843155169407
-0.02037399837454323
0.02472894377165453
-0.033160678174482844
0.014324302707170212
0.04864611098383615
-0.051116642115701605
-0.011880800126912755
0.03184494342606749
-0.008572162739530403
-0.0005355649125610273
-0.007514204832011701
0.004976209922177972
0.008795355820033102
-0.010994316460156167
0.0056613567239886375
0.004670603501563744
-0.020487136525766295
0.027228767491145365
-0.025557564057871934
0.02114309533824541
-0.014310419018241939
0.0029979460956932945
0.0025365088301557703
-0.019056743442706393
0.05975659264545703
-0.05449251900247671
0.0072549616666986675
0.014720021245671747
-0.027467396593979544
0.010536732521164834
0.04637284384526546
-0.05937009660116414
0.018375817297525663
-0.008028184996426307
0.048403045494337424
-0.03486186060499745
-0.051406475416978216
0.06433348826822612
0.008438238909878
-0.02292333739568839
-0.03114332726788787
0.0371294361707868
0.011264214692911128
-0.02205882308158159
-0.005641402444498048
0.013199997137330513
-0.004610770131113891
-0.002454026011274649
0.014683481218163905
-0.011621683232590302
-0.012102811749218118
0.015147814472611109
0.00796364540628574
-0.01344951195655123
-0.00867668909179082
0.004560722854234303
0.03797881152859816
-0.040285004052497624
-0.006238713424538378
0.01234665220535536
0.024703616547475396
-0.03633547047188615
0.020484375643902448
-0.015406981040711986
0.026290167549572717
-0.021973116422519003
-0.002167003121152213
0.007071758760428861
0.00868877853048645
-0.010312403930551509
0.004570915939952137
0.002572434116775931
-0.02251119401264069
0.010335743380921676
0.03500578751154126
-0.05327832974694992
0.050874063682223115
-0.0419722058086477
0.018435274057739082
-0.012250799939236404
0.03632599827584022
-0.025398156403807937
-0.03074705269166706
0.04204396764739991
-0.004889396791874133
-0.0037344288020663826
-0.014613750655414577
0.021786718326604716
-0.01933207067091738
0.010870971261352533
-0.006589817117653041
-0.007277925923558258
0.04747177415504538
-0.0410625250223868
-0.026660510800122536
0.04093528034596159
0.007334787223218958
-0.003228936919471918
-0.04127597475308659
0.07195457861254213
-0.11333387165207472
0.09466854004800135
-0.004584760077222645
-0.020338782222964844
-0.018882835591522727
0.03315451828431962
-0.02593304656216966
0.020084132213510943
-0.01049650919602202
0.01079536541209373
-0.025181332344188005
0.02165814499186071
-0.001812757258886519
-0.00939451641042586
0.021056753481572033
-0.01992135161767864
-0.004519458771299335
-0.00696778680787386
0.050495753927324694
-0.07367454569098889
0.08346105441884767
-0.06976002226758223
0.04064941184178318
-0.00805780722843135
-0.027142892486633485
0.039288684316089284
-0.0468997960501787
0.018135514721033356
0.04383340898920614
-0.06055217863641809
0.07627691529469191
-0.02704885027462465
-0.13888221190420558
0.13888897372882378
0.04900321736603883
-0.0913717546929156
-0.006800102869575081
0.054269933995256724
-0.05617480348232606
0.05366975122728238
-0.051495897047786565
0.045186434986645665
-0.02280419801266277
0.02417448184849723
-0.06731209262009337
0.06267538218432667
0.01524359130763818
-0.02385678388593182
-0.07487841959123187
0.06489340844475816
0.08041137584227695
-0.08946234783142878
-0.02063516708883469
0.08405148982714881
-0.1389814973877768
0.11156093418598174
0.021769141954863652
-0.0518317957872214
-0.03247940610358164
0.05080897631182662
0.014060936792633462
-0.026740281468049337
-0.04498423048798561
0.029141480843875855
0.10139159553218607
