-0.02473743101951795
-0.01927538130883752
-0.01405616683346785
-0.009287559352505036
-0.0014511283189928574
0.008631928718055704
0.014472207437368163
0.01591157839819239
0.015502091804264343
0.01155666658928752
0.00879325093665169
0.007444449267438166
0.003710346211627479
-0.0014206378230154982
-0.0043067904047208935
-0.0050656070005001405
-0.0047623461408561425
-0.0025058428281249513
-0.0014102525827654146
-0.0015923199006159271
-0.0007519531166775382
0.0004477562389020137
0.0011239987916660183
0.0014480696850577201
0.0013777028078657855
0.0007279047615393261
0.0006113585338826819
0.0010331004004095396
0.0012882169040161426
0.0016108824441884936
0.001482966382920352
0.0007870316248530521
-6.578612063181481e-05
-0.001234831880234131
-0.0026145262701353766
-0.00417486332387532
-0.006111086338030854
-0.008403868614890312
-0.009418358624949214
-0.009028687453741878
-0.00799875769958462
-0.005875562004254425
-0.003651158480044158
-0.0013779606582547163
0.0018404780432515848
0.005808869548643301
0.0083653623371758
0.009425307889265959
0.009892572631565823
0.00919602342570816
0.008835779582296649
0.008890368048174967
0.00811854776369888
0.006832206926042977
0.005606132808858823
0.004332521134823532
0.0029387115179412304
0.0015314506285300526
-0.000558521356994483
-0.0033645685532506147
-0.006482518155894038
-0.01007277130695856
-0.011850634643225307
-0.011560492464879927
-0.010402580919913666
-0.007720640104767857
-0.004744765437712576
-0.0015524762813458565
0.0030586512642166008
0.008853029268359703
0.012139867676670536
0.012738901525004011
0.012260946617482983
0.009722022923399624
0.0075951079318810994
0.006017473510368236
0.002903851213160191
-0.0012331188174423337
-0.004315192045800064
-0.006415170333480716
-0.008187073602620103
-0.009132724005329912
-0.011015107998385587
-0.013918520606687293
-0.01655637772627235
-0.019316342127174504
-0.019964381626261237
-0.018134328656346347
-0.015147474246124032
-0.010321643920942352
-0.0046155026043175566
0.0019072500210437359
0.010355378508996304
0.020568928484876403
0.02654582363509885
0.02788537338653933
0.027354357233989535
0.02331668339703659
0.019572559025566393
0.016338329250218636
0.010285990216454963
0.0021879667543166694
-0.002977519895990229
-0.005181851406166741
-0.006298017992998193
-0.0050693925935023755
-0.005284313296481329
-0.007140521806321241
-0.007692239792665946
-0.007754748326978684
-0.008083342470844095
-0.008402859305844211
-0.008913161712179698
-0.009727428487599561
-0.00964977088597711
-0.008665094975178035
-0.007438044243382469
-0.005697900746266765
-0.0041809626445031695
-0.0029945134913691787
-0.0015762476916839209
-0.0001237255803987502
0.0016354747353332535
0.003769642927322982
0.005985104453343539
0.00835796949380909
0.009676037730823487
0.009778640209648118
0.00929066537277701
0.007847992597795575
0.0060967344446129735
0.004063763785794103
0.0010896519361221868
-0.0027135134829199556
-0.005102489526402366
-0.005966337446211133
-0.0063133208226395544
-0.00554903585879817
-0.005173539940131537
-0.005280180243409445
-0.00461095787002454
-0.003483400736588037
-0.0023553064990647814
-0.0011060226956308092
0.00027558339151037906
0.0017163434053113537
0.003813621553362038
0.006595850467706855
0.009724507567525369
0.013345299840978467
0.014891640244920299
0.014088720279484055
0.01226007619897177
0.008671379797135977
0.00473238675967283
0.000528316059102696
-0.005302513073955631
-0.01248966805874611
-0.016617677341867927
-0.01745616522740845
-0.016935858304659743
-0.01387207899507183
-0.011200141761682384
-0.009077948270704591
-0.0050108626868481864
0.000398283519135745
0.003846509137709078
0.005343087937988577
0.006065274267336637
0.005184539608505717
0.005286424775742828
0.0064954498044543394
0.006825514562792603
0.006830945244073116
0.006516685099492376
0.005647552690048722
0.004597660681069543
0.003298272119582312
0.001228214463829428
-0.00161115198617716
-0.0050460200502237705
-0.00920719718292241
-0.011193565917712863
-0.010732257318745829
-0.009303739413431893
-0.006096343487477585
-0.0027568922945594367
0.0006049578387070662
0.005527476001940009
0.011681473226676781
0.01470392147341986
0.014384782908903777
0.012583508580986301
0.008131703720927958
0.003967518920397078
0.00023936036901602326
-0.0055363756227973125
-0.012759592399910563
-0.016328855096442104
-0.016067219408549462
-0.01399588306838241
-0.008762215718908983
-0.003983287030749824
0.00018075995596223093
0.006712017159412024
0.014872882353527347
0.018783434270901896
0.01824757730063111
0.015561395324363611
0.009164755810035554
0.003263567553899523
-0.0019634723283866993
-0.00997524509321298
-0.019916880256979592
-0.02486188583111046
-0.024572557346897013
-0.021763920720554115
-0.014596030998203988
-0.00801302898346938
-0.0022257107234900757
0.006837835144000832
0.01817315466634861
0.02432306973267991
0.02508056190130845
0.023318227608868324
0.017073978865692563
0.011770180605703536
0.007642838184995611
0.0002851149826738372
-0.00918999583229873
-0.014555808204365035
-0.015762922332673852
-0.015027364810665614
-0.010749810963005643
-0.007725971911954907
-0.006157174534620894
-0.002280350201058213
0.002904258990555752
0.005833718389851043
0.006617984462289518
0.006272687728034639
0.003918827079686766
0.00262369341829287
0.002491865726343592
0.001250648806253725
-0.0004535812656298505
-0.0015421174695242448
-0.002168492743113992
-0.002399488483972837
-0.0019969788446253874
-0.00218974308923137
-0.0029942607050920905
-0.00360276780350409
-0.00427552691877848
-0.004270768172348394
-0.003434566500686716
-0.002300028850531442
-0.0006379711803033432
0.0013429903884250938
0.0036095124588479636
0.006474317098857191
0.00990255296609619
0.011336728786538951
0.01057997968170437
0.008825621863010632
0.005364625003275555
0.0017586097002791966
-0.0019101171447736625
-0.007049093662192325
-0.013350470719852993
-0.016277738423704845
-0.015579730270503201
-0.013208068960589476
-0.007932669183212209
-0.0027617236892536175
0.002160352011866852
0.009414979383124671
0.01839758076912614
0.02298139841550444
0.022909038835265575
0.020690307795481814
0.01468893466835742
0.009151813958089207
0.004275617032932048
-0.0034859492211536986
-0.013268756662981992
-0.018994938981128282
-0.02053257485038799
-0.020198400409519122
-0.016409619211701462
-0.013647054003513494
-0.012113523067926272
-0.008210701294997642
-0.002868998649239785
0.0007176708737438886
0.0026907572027691693
0.003949619248281249
0.0037280591152066035
0.0048433291585372445
0.007407414054234664
0.009382658305295659
0.0113788489620952
0.012137065442279335
0.011308616034305627
0.009911997392770508
0.0075278011487151285
0.0043544372745289136
0.00044301423515256033
-0.004699546134902215
-0.011058440375529261
-0.014353531124859095
-0.014271888105117217
-0.012856855033284582
-0.00893801464705664
-0.005139928229465173
-0.0016244623890083346
0.0039411280436216015
0.01102167006865605
0.014547656630807291
0.014339487390997507
0.012453762767527953
0.007551931392414233
0.0031898481459868423
-0.00046079853838624975
-0.00633296239866881
-0.01369393615069028
-0.017519911278686948
-0.01769137895819572
-0.016100799100191184
-0.01143073988613095
-0.00737075738766012
-0.004075031433704858
0.0014396215775006778
0.008417144166542673
0.012549080982680871
0.013791144879749355
0.013685140265686525
0.011120194108677059
0.009398443573796732
0.0086570169510521
0.0062941394686369025
0.0029961420352548496
0.0005934511454781739
-0.0010581900055603736
-0.002371484931726449
-0.0029257513540683414
-0.004483471966042712
-0.007108629083931771
-0.00958270047538192
-0.012292192991922234
-0.013071274109283956
-0.01157830988703426
-0.009107157208942632
-0.005005902988362123
-0.000210367601138367
0.005207414813338654
0.012310296511690416
0.020933865130175602
0.025065102724173203
0.02428637734921207
0.02135649633165802
0.014625608309673662
0.007872513257486434
0.0013004879153691302
-0.008428438643199036
-0.020556963542656556
-0.026975515587306084
-0.027345185752151734
-0.025023644378712954
-0.017851730419358034
-0.011429441027972059
-0.006028778702315347
0.0030213489361615286
0.01457381631952829
0.021021553943813272
0.022226140340778956
0.021040255393033024
0.015490241451917889
0.011237407840920224
0.00853332044400133
0.0028562904673949483
-0.004617088189425319
-0.009302834860018722
-0.01131588954571848
-0.0120451801478252
-0.01035821588426468
-0.010120038444181724
-0.011477794011520217
-0.011550247378812176
-0.011157710543359954
-0.010257701993367938
-0.008511603928480906
-0.00649750479120666
-0.004107591551650964
-0.0006005512289211389
0.004014696487606485
0.009496692150231219
0.016028567022721363
0.01943384880595137
0.019318896268194073
0.01780902544367614
0.013734431957567014
0.009462709703179436
0.005148924626628865
-0.0014224353825642464
-0.009780120654312377
-0.01450128600763651
-0.01537382042469259
-0.014677167480438591
-0.01098091741676404
-0.008027412783178036
-0.006016212074395669
-0.0018476784235687315
0.0036986144090345023
0.006817387798503424
0.00753334035195089
0.0071341499135807495
0.004662308465591832
0.003142358414548305
0.0027021549527694415
0.0010217395720939768
-0.0012597136868462621
-0.0027525185042644763
-0.0035945035933225636
-0.0040083003061359215
-0.0036758964089139657
-0.004013232346872283
-0.005053520755185814
-0.005829384025997252
-0.006643066877549673
-0.006309402702904704
-0.004608731276960358
-0.002309985954301165
0.0009517802659765261
0.004752864324843121
0.009052032693267197
0.014396500660967818
0.020716916201801987
0.02333047297639188
0.02186733500226207
0.018506307418430384
0.011942908315796327
0.005035416234791431
-0.0020712956863901204
-0.011963678960254303
-0.024082921163834443
-0.03025059776480523
-0.03002562664970271
-0.026929565082473572
-0.01875164946657473
-0.010936882205529876
-0.003753190217311654
0.007452990216310802
0.021580939955766165
0.029257774651722926
0.030185048567483146
0.02809199630142277
0.02051032605774916
0.014129267004037313
0.009262803018759628
0.000438010926435581
-0.01096500798921023
-0.017884349392366845
-0.02032800391706271
-0.02073295022681008
-0.01730857585718484
-0.015614402790029546
-0.01588594939750768
-0.013826792523190128
-0.01060740535015014
-0.007978849286008305
-0.005593598755428587
-0.0034084872382517226
-0.0017662931214160542
0.0014919309913107907
0.006421015528001057
0.011692050468290374
0.01778984594081478
0.020914404488302337
0.020580539994162577
0.018940790909771958
0.014895510925365136
0.010309351403424979
0.005329054349812817
-0.001959110512573692
-0.011195544594155742
-0.01634976861252777
-0.017126467207941087
-0.016175575206833822
-0.011891915419259772
-0.008293315519364993
-0.0056081970826288
-0.00044537228658656294
0.006359834195676129
0.010094537344201918
0.010738738888877605
0.009976310569417505
0.006607671262358612
0.004258441682299256
0.0030894542374315867
0.0002710832537234037
-0.0034335414356569567
-0.005420392711183736
-0.005773173988598965
-0.005206170923204197
-0.003074498068728538
-0.0016301500776808235
-0.0009415043336694651
0.0006633547720467123
0.0027149722017652633
0.003787936435380444
0.0039340026579368645
0.003506130657888247
0.0021484102903432997
0.0011347632229737363
0.0004947978791442218
-0.0007134778055038087
-0.0022288747536032636
-0.00289696467721097
-0.0027130443808447515
-0.0020456290358611086
-0.0005938644114489558
0.0007161371251147532
0.001857397618922798
0.0035549371021410814
0.005621843306594193
0.006280981534087909
0.0054451242693894526
0.00382855453948511
0.0009475431535420038
-0.001972512698925343
-0.004884855687040353
-0.008829768664085674
-0.013565901411487051
-0.0156289323740427
-0.014814517222104945
-0.012604033500619373
-0.008049757318548808
-0.0034410491313248857
0.0011204866556033617
0.007615631554588973
0.015591212780765838
0.019677144964971787
0.019613619617005813
0.017653063614193103
0.012350725975749809
0.007359207916623791
0.002850872817530628
-0.004261027948016984
-0.01323695755509357
