-0.016424114459460314
-0.011786530276465135
0.01638093094058462
-0.001335755611428539
-0.003847282845923275
0.015757623511122157
-5.6600915906568e-05
-0.059808721846465476
0.05937656574530442
0.006538516948854271
-0.03108179456311107
0.008495352113556238
-0.005864671573534012
0.0369901683463184
-0.030628656777238698
-0.02481697263997671
0.030729207291329552
0.014247720382041548
-0.028898095242467815
0.019285688234401042
-0.008780764654708072
-0.009221193574775976
0.008921382445996969
0.013644768862142687
-0.017817398443719646
0.0012815433994885581
0.0026534249530083694
0.008597910825660105
-0.009484905982518764
-0.0009733782874433686
0.0018222057853423807
0.0045929481654168845
-0.011692977307645467
0.020496342120121414
-0.02324277436793469
0.01839842052123477
-0.014050789417744142
0.019364933594230853
-0.008996291331324381
-0.027453546027269207
0.02756718846595964
0.012602915972483029
-0.02532718598586259
0.009291525857059415
-0.006242151594981788
0.015067938458366075
-0.016865982261266607
0.018795625824866068
-0.010440221659731116
-0.015250387035817362
0.014134138137281073
0.01075070208385646
-0.022208756563000843
0.032873024395127376
-0.021990467517361716
-0.02323439838261461
0.025142671396751987
0.02203130389036297
-0.03226675862553281
0.007122485082709473
0.0037314172783899976
-0.004931611463529294
-0.00011093325166456784
0.012443973569684392
-0.013602211378172588
0.010123166372658223
-0.000558990511200799
-0.02321385409315208
0.02093750209812661
0.007776324003215552
-0.017800073568785806
0.013049294482737252
-0.0036766303527010795
-0.01140595156601297
0.01928811321099076
-0.02286826811424652
0.02631790057698291
-0.020784175452401535
0.03313500085416052
-0.06283399175340178
0.06560954043333368
-0.06572547690935951
0.03140972397764694
0.05686717588959785
-0.05947349665559856
-0.012132015690169431
0.05771293124562153
-0.09407922537970353
0.08245012814355651
-0.02627328335613767
-0.005624627840805755
0.02382306143564428
-0.020855551152191527
-0.009819675718852734
0.0161505232945107
0.011995836159126241
-0.014283789862934876
-0.025380393706704595
0.01767945759837995
0.04711545328895788
-0.05932347800052765
0.017973498962611446
0.000683919458374741
0.006961946554040132
-0.0031845550035910514
-0.01827344858369848
0.019393519663403358
0.008293792769183324
-0.01414977432646564
-0.018890433165804424
0.009007944087827735
0.05347025432130661
-0.05589431281038283
0.011772231470099977
0.02802853683941641
-0.07907590667842754
0.08240277696676349
-0.025033577243703573
0.003826806586744091
-0.058918644399869505
0.03763524358216101
0.12470557524213562
-0.10521941046882921
-0.14166777881494838
0.17636665740540247
0.012018905577371182
-0.07902403866732965
0.01741942053563471
-0.004978244148707978
0.05405475590744589
-0.047718498424957366
-0.008536861942520466
0.034724045643859884
-0.05689541430951603
0.03641302986441648
0.05437390105328015
-0.05470676235048082
-0.049956595397757986
0.07335540212764906
-0.0111030474078099
-0.007967940572717776
-0.017190679489467696
0.020006214073971008
-0.010129380034218415
0.00032888121854429166
0.03522310190809268
-0.018256197997043852
-0.07500356784873921
0.07632250356498446
0.018956495630914567
-0.05509231291756943
0.031550860261456565
-0.022207673376882352
0.03256048543265797
-0.02215525680003275
-0.007200680558131332
0.024208541129015923
-0.03225379159059473
0.02821885839439339
-0.01990086929731945
0.006420136506592573
0.022954543020217585
-0.01793493447800829
-0.01909515237387735
0.033803884281694445
-0.041517113975210185
0.024552187311910625
0.029439672311200635
-0.03435750776776895
-0.010174309120408157
0.026674023946486675
-0.022236519705135245
0.013410859097590957
0.007224982748332613
-0.005432006035636082
-0.01905909751309634
0.025616177450718456
-0.020912986854950185
0.007640818210866347
0.01659525258645493
-0.023181350201038443
0.01799333997541181
-0.009279325228891166
-0.010059415615305017
0.008164848793057393
0.0178289252203315
-0.02596977815691519
0.01114937077179353
-0.007387956022924309
0.0265737267943039
-0.015823955000140773
-0.0366932227598612
0.04693226530241521
-0.004349054556409656
0.002289448561366318
-0.04707872626880109
0.05408280233079815
-0.023300071798573387
0.008145806862482152
-0.009536233143675904
0.006282759994826813
0.003220774986171351
-0.003947122450589471
0.0003622588705732635
0.0033906129762179176
-0.019426641551150637
0.01028346505216872
0.03343381991993954
-0.03524574378868008
-0.0017809742350917805
0.02180958951802109
-0.028260864101120865
0.022760183174088698
-0.011250213646996063
-0.006615621978116879
0.031675226046195
-0.03939745051393076
0.03914181214199526
-0.024704251631266216
-0.008989391232890765
0.015197992340765583
0.0010823851059502763
-0.013241337205745324
0.030726876638756805
-0.02797769004895293
-0.005214057551305785
0.006852200636570161
0.03385499192729097
-0.03762179889110815
-0.00611177121568374
0.010139560210277926
0.03626841603649016
-0.04393565335512162
-0.0006358514913372536
0.000839543449259491
0.05390122302169484
-0.058646519202346585
0.013098257750591782
0.0046979719831476896
-0.0026092311994131475
-0.0035950860176499635
0.02657661410241634
-0.02019894081465264
-0.026692598285432516
0.030558401108939936
0.01555520957791361
-0.02861568125807879
-0.0002737279185060417
-0.0011767699678321237
0.03905718379010524
-0.042419280967908375
0.01358291199409158
0.003968088031646973
-0.01322773431532277
0.016384025936108243
-0.009831987339106802
0.0095170995225649
-0.023012737934926527
0.017485574101293522
0.014632515449410848
-0.019726500114996888
-0.006935563452784109
0.008805856336272703
0.012172249111790863
-0.021906007108649216
0.0231544768447769
-0.014097217184701746
0.005676042693652339
0.010009284311627745
-0.05635351993002757
0.04758512970185448
0.03844125448184038
-0.04260555801181766
-0.03906910114960829
0.05909561456780303
-0.03079738129751078
-0.003237376186274798
0.05163577017250227
-0.06559580414001476
0.04164777570847997
-0.033312016914095605
0.05372341239163388
-0.04706909192152277
-0.0040690987328539634
-0.001938595225796608
0.0712412913189578
-0.09352143959734098
0.059734399146385495
-0.04561202149193136
0.08163487452232468
-0.050301820588175436
-0.07528213162723371
0.08985576214104617
0.012888217767411989
-0.04985605906102004
0.01628290148563121
-0.0102548562560668
0.03904820353065304
-0.03275280289231452
0.004745629672091441
0.015201698843830625
-0.0600248408113593
0.027908429998020397
0.09231378652540456
-0.12158673487647041
0.07040947523138681
-0.022480570859183313
-0.019775104643344796
0.0557172762659199
-0.0783653188605657
0.08735783404033617
-0.1201679799123259
0.0799449103410048
0.0577925981149602
-0.07091047681385079
-0.019802250712520415
0.0824488207324652
-0.15048456730555393
0.13505636056917056
-0.006834886261322087
-0.030327595315391684
-0.06922185477424213
0.03694638967245065
0.14806039643166105
-0.17537708119996895
0.08693502562193861
0.0041372542989347675
-0.15904566607073686
0.15955467041522864
0.07973059064678995
-0.11022270583216975
-0.20804182437514523
0.13729629454680078
0.4154409368077314
-0.490470285817348
0.0984062283800691
0.0999143352242433
-0.10034312387753214
0.10457870097702332
-0.18106471561227871
0.11133420733829172
0.16143151962077337
-0.19975861635434833
-0.007699412254119339
0.07275515743298802
-0.009716285045345852
-0.023605125938825133
0.0524345735402285
-0.03740050896428645
-0.0518834892019725
0.05460182885831345
0.06102394509329031
-0.06715680621718315
-0.0601549780403737
0.07738594168688383
0.02686155573583198
-0.05592646349322283
0.0030937088639586934
0.005677530989655254
0.031979627470229866
-0.04102150870002502
0.022258320496732577
-0.009178354293065426
0.006733818656947985
0.004012056320952988
-0.026210942170059048
0.02772080526499565
-0.015596138342144884
2.7818557617520067e-05
0.028206991606701468
-0.03037066396143805
-0.0020279540855481434
0.0057104603075214125
0.02559385632610745
-0.025518314608803105
-0.0048372251768750915
0.02125970418061444
-0.022391017157751207
0.02053426072886329
-0.032465758349811316
0.01776967920955638
0.04195427820081355
-0.03423581102538792
-0.0378008181366767
0.07197779165729283
-0.07894221287178721
0.06213062102555278
-0.029279945354535264
0.00726421704944251
0.04008482732094961
-0.0303547666400686
-0.08998931232099582
0.057644144292639116
0.15489596203927467
-0.2081257745440321
0.08001574714609785
-0.026843800750487756
0.115334810307395
-0.04731006140556875
-0.23711459931669843
0.27279912033860876
-0.038233482543225
-0.04202321551662003
-0.050307192508076345
0.047289701897309785
0.06012582579300222
-0.0881961168817556
0.0491937995793653
-0.019460644879089203
-0.01118199321077859
0.005244604612021246
0.03064759870282014
-0.06014221700639895
0.08207592370813292
-0.08620860677340396
0.08677589766135885
-0.05299446610338296
-0.006143856890315141
0.043994384383905495
-0.07836032044385946
0.054326449682827425
0.004797086350808458
-0.05244263388594477
0.15191493838385692
-0.11880180985197127
-0.10886640656540324
0.11594021168402037
0.12111786902566332
-0.18258870801953364
0.06204246742538118
-0.003407451171499362
0.04858827830859172
-0.010716735156529385
-0.17492000563807047
0.1654306273295284
0.0779968820577698
-0.1206067549524175
-0.03959140035433954
0.09863036107796415
-0.07036047220384975
0.0478116967205285
-0.014942186556634467
0.01669952646589997
-0.07059340971840286
0.07054059990770253
0.002445842631648945
-0.010707147850162371
-0.05906493222341978
0.061604116271731575
0.0023309130335274104
-0.03376208038934519
0.03179010986597281
-0.030066167651161976
0.03935304450895765
-0.0231103121274275
-0.023949446477517962
0.04062472552299711
-0.019130587321695022
0.012973272187113628
-0.044019856055841106
0.021641848388021422
0.061145512997129045
-0.07426349875977221
0.04680918054945484
0.002196724008322269
-0.10668566397861545
0.10185568897124017
0.017200082484058375
-0.05712268254054556
0.03072513015992616
-9.174884879363797e-05
-0.03319811358558448
0.04576499645550923
-0.060252548605020495
0.037885098923654104
0.0474585949169239
-0.050403365711699205
-0.044718807386215406
0.05985243845111041
0.005750903133673647
-0.02851699949583329
0.014299562614736548
0.0008504365820919787
-0.016742601197066987
0.02495404967812773
-0.03266431078741905
0.029483943358066072
-0.004511778190094297
0.006482904597204805
-0.052452913929686956
0.056078183861916535
0.013188952297539448
-0.007042598876682209
-0.11214084544975236
0.10975236834861479
0.04481511462588117
-0.0728996505188377
-0.047198689927468646
0.06156366008117518
0.03813231071358143
-0.06454722115105785
0.017858144861433653
0.004850343577399843
0.0019628184229104548
0.007095306242430893
-0.0370862369112593
0.041207835436372846
-0.02030450124879424
0.007676253005415057
-0.004385016574403136
-0.0007671085285071525
0.008763267558101182
-0.008725017889372319
0.006711082074668457
0.0011176480814727172
-0.02073585592448312
0.016187935298805165
0.007470334141560955
-0.024070784916797285
0.045660404280032756
-0.041247895809387036
-0.0007469359846276943
0.0029887228951000627
0.03736505293803943
-0.04341363639480133
0.02444278802582152
-0.0010688297254879903
-0.0337882414475208
0.040936058653347825
-0.016049312244504437
0.005306163589202235
-0.022122926088046065
0.008675254691120182
0.04583942234887149
-0.04952435741451487
0.008235014756001479
0.015921886304812588
-0.03410895413370586
0.02547865273253956
0.009457905653468534
-0.02262987473947059
0.02443327993087624
-0.011341194126596729
-0.027563126694607063
0.03371293619446818
0.004706414504598775
-0.004940400120461921
-0.042821000921524924
0.04660481424375024
-0.00407190567196206
