0.033109166146372174
0.09087339191979082
0.029956454903762326
-0.16164414848946387
-0.09608677872066541
0.22080376019211037
0.16257087886348265
-0.23026083067657716
-0.19019712172281125
0.2087373316233638
0.18916050855347538
-0.15383641906860412
-0.16815589932489677
0.0459132420974855
0.07416248197249434
0.004199794114981106
0.008210127626208177
0.03298614341846859
0.02418082519608105
-0.0017773532996217252
-0.04798324462475254
-0.12309038258429579
-0.05997664492234669
0.15351157762212714
0.14102169364188827
-0.08273418485190509
-0.09370166012038378
0.05506217617154579
0.040044160594587264
-0.08259174948750195
-0.05299451262729234
0.09435263993229316
0.08352349113216169
-0.058017434211913965
-0.04256173821661366
0.09612025594850893
0.032352149837695916
-0.20461542628006135
-0.1303731594099685
0.22864017430151853
0.17537224127286719
-0.2396681028209801
-0.22830817505987328
0.12248319531577344
0.21935160341677973
0.1752124255326113
0.05408186092620138
-0.24362763042926924
-0.2350682849768954
0.09582781114508668
0.14993601509412952
0.00572304165470091
-0.040570692739943605
-0.081156962141539
-0.056564696780745514
0.07351079385555255
0.08759764854260005
-0.001659579938177778
-0.04124992511388664
-0.06853311639699383
-0.00919691769803891
0.1666375060102211
0.11425764982586968
-0.16563384447242088
-0.1708023769099609
0.055449958122519384
0.08638692335439178
-0.0055853150234721205
-0.011012480169862976
0.011168605770944102
0.003119449250339191
-0.012595035521648713
-0.004940695888274554
0.023197959733233554
0.02291839832029649
-0.0027077460039309836
-0.02418847657503515
-0.050597645968259546
-0.02170441161220458
0.07193650342684159
0.05093864769771305
-0.08128400582921871
-0.07103905516173084
0.059807886039193535
0.07803022142301572
0.01852840182690516
-0.0028219295618211473
-0.020669434365167754
-0.046540387538372766
-0.0672466560646715
-0.024923376955830995
0.08907751758218206
0.07877787942802403
-0.05421096192235447
-0.06235161658169508
0.026134101250333282
0.03730142425551684
0.006716767433897821
0.004653721806745904
0.0084996846648516
-0.01345855242816646
-0.05601764402412303
-0.016184933948168525
0.10966520094677114
0.05432194107881738
-0.17849826465238725
-0.12775055575814656
0.18129194538164675
0.15798531824133702
-0.1432777993631045
-0.14471517699089748
0.07718983622074892
0.11835949579960167
0.058286518888203714
0.00835129570729299
-0.09160149203629009
-0.11056844175067526
-0.03444864458559531
-0.0013004979538326807
0.01671780299610875
0.08572555361823851
0.19029836873572703
0.09249929661754396
-0.22111714694465318
-0.2177563256698172
0.08224784267732553
0.12453951548649295
-0.010583238020182437
-0.03742281397095291
-0.037337990865229355
-0.03728272310716965
-0.0025338537347087253
0.0615815133794683
0.16300937097676682
0.08368335132240265
-0.19420881739922
-0.182932562862617
0.09670299167667187
0.11977157122101979
-0.04352138082880246
-0.05478469152036852
0.012530593829688002
0.009477361938826808
-0.022939435748366013
0.010064311414363331
0.09643786000351849
0.05904481854293715
-0.09872517044351072
-0.10600541344239109
0.016735227329141397
0.044635992004359915
0.019075365909288034
0.015185355436813871
0.00023097007729965132
-0.002508418841421812
0.01368915569634097
-0.005613019260740575
-0.05715490417355094
-0.025777703401754826
0.08725825356572409
0.056246925450220586
-0.11028363598854067
-0.08444323864436111
0.10896051096560015
0.09572841608949191
-0.08436230974547898
-0.0792983989277201
0.0636475249381267
0.062301796682121074
-0.0386889188035631
-0.0401842730304041
0.022386317603707646
0.01530835507725268
-0.03742865258133101
-0.03538600477694737
0.006288455516100969
0.04322375020859978
0.09151361684088362
0.04388068594883349
-0.11469178062620695
-0.1073985482631724
0.05631157001988208
0.06596051929626522
-0.03878036938758882
-0.030914735199330093
0.0479515228628673
0.030474376077235632
-0.05874955272283248
-0.028680212779328362
0.10548142218535118
0.08476758905663136
-0.07138410544429628
-0.1080038932828966
-0.061162124762564885
-0.006113385056996761
0.10129733140593454
0.08903621893457082
-0.05820723074436922
-0.07218581874827909
0.019714598157622908
0.04044670110030857
0.030769900111005905
0.013171287709993356
-0.03775127985051631
-0.04619081875142282
-0.010644223097271402
0.004897159064157857
0.014817080012742784
0.02571196632960112
0.028568829949206186
0.0036322728099284878
-0.053758057143023716
-0.03824338727142346
0.05240242626709578
0.04063837735646298
-0.0611768854604309
-0.0369911340658382
0.09274310338109487
0.06953870275732227
-0.08365353436481679
-0.08515359993155683
0.03361453170576839
0.04615800306463001
-0.008625260625449974
-0.015414070487252851
-0.0051835538510903376
-0.005532017468625271
-0.0028022794561022193
0.015111117063489186
0.04807066425825523
0.02930173453913517
-0.044120646510217666
-0.05817848213581626
-0.021556269783303897
0.00728128187452572
0.049237601728385205
0.040757261672345696
-0.029592281632320024
-0.023584662435339986
0.0496069066249415
0.02382877923908077
-0.08497413030084
-0.04646709429296553
0.12508530759698677
0.06153222350771695
-0.2177596319540054
-0.16617959463878465
0.179572095450929
0.21220813543219835
0.002632040414505404
-0.0630575246669201
-0.07685552117899058
-0.05349360840512218
0.06469724954107998
0.07315206180686948
-0.0246622732261294
-0.059281144660353995
-0.06605988350336149
-0.028820423891069105
0.08167235532276702
0.08567372275299852
-0.015728552428637525
-0.03628003075699731
-0.005304773432305728
-0.006315742591110644
-0.012295270911790898
0.005498632256728494
0.04063953140693522
0.015697629018215926
-0.07165053636202146
-0.043558135119895085
0.09492281946900315
0.059743555958579275
-0.13139378881636335
-0.1038318072355907
0.1111147065012778
0.12136718090554723
-0.02529756114215488
-0.04999882191820804
-0.008293133516171891
-0.004389981155908523
-0.00021209011384592646
0.0076173937058206555
0.00935187866077651
-0.007712391734889168
-0.04774227567041659
-0.03603050701452542
0.028721408664392906
0.06340859553170003
0.08099882085544488
0.037077414289406606
-0.08880209997834759
-0.10414596599833036
-0.01267406837075756
0.024342241494867835
0.04128077052000133
0.034609848458509604
-0.021872946840459054
-0.04181695573479576
-0.03068816447673638
0.022713751511438392
0.1394606026281622
0.08091037089946444
-0.1625898806698608
-0.1498633272123799
0.092969662246734
0.10266884634291103
-0.05993515460419865
-0.0500356930186615
0.07130290740657245
0.05222619535336969
-0.06841891880798179
-0.06434934670767742
0.03636880487402465
0.034509131040786095
-0.04112942002550289
-0.015328394209850708
0.08915173785749261
0.057854837762935804
-0.09375964601106629
-0.08466883938477099
0.06161797042610504
0.06960137186957038
-0.022880103947911623
-0.04023819778096629
-0.021242665456298892
0.0011313137800062394
0.05241230901600787
0.033196674884668126
-0.06322828276853672
-0.04940738766321029
0.06339411962287925
0.044548857724157745
-0.083790403578037
-0.07557236007282837
0.04190038790823637
0.08645010929355688
0.0938477572024869
0.03327462940320524
-0.13043980271279879
-0.12959285626412173
0.03630515676359466
0.05490250453591713
-0.03213657257272517
0.008304440564914028
0.13631738793335593
0.07793386363025552
-0.1504464180343143
-0.13800935922792865
0.08813562309705462
0.10402061953876353
-0.033370945824795155
-0.059916966212430686
-0.036201288733494194
-0.014504824149149612
0.04200778906787633
0.059382246690328884
0.03355077627312027
0.0012938200640997908
-0.05498990513668274
-0.05586817166411332
0.0069349612169393214
0.017693764076235484
-0.00929376172757859
0.010294395773267493
0.06118462861272445
0.028612272393641804
-0.08361672592809395
-0.05934520443187067
0.09292577566206828
0.08051424937625681
-0.07069635825282813
-0.08261153427067615
0.005598323412979793
0.023693208752115374
0.011071521171321033
0.014706775031037907
0.012309985068072475
-0.0016714675160080417
-0.025521804851976956
-0.00438744702893085
0.0657722187609259
0.052706303133994714
-0.03941520983190603
-0.08096832156565607
-0.09317400504171663
-0.04594207594356535
0.0883035425177309
0.11703074042713446
0.043620661930284854
-0.020659138257132073
-0.11520943197909332
-0.05796473431166838
0.17873594516731897
0.14971387288792912
-0.12577808979414568
-0.176313445408474
-0.06609206225545565
0.007505810246828911
0.1207799869750029
0.11221562526983565
-0.04966076866509485
-0.08903843112804354
-0.03731126347838153
0.01210920425854991
0.1076850799287462
0.05010618548244501
-0.18117128324565485
-0.08869277108584309
0.31330448042130854
0.2362886644800062
-0.27031683079625773
-0.30129548885273205
0.04269202034784249
0.12470583236629554
0.07817451975518717
0.034839850673341125
-0.09908107841032794
-0.08315404781364176
0.09700402214912489
0.08560246088049073
-0.08259326531668998
-0.07587725853244821
0.060499926262201506
0.06500490439712223
-0.02036941132247322
-0.020790591169084743
0.030183849541032207
0.009316590558126565
-0.06420298884682461
-0.030579951406773692
0.10143723657236975
0.03882431674128142
-0.20782685652264948
-0.15650694858393058
0.16577413668532348
0.22344303077180025
0.08177206169359817
-0.004060526667978893
-0.12215878144076715
-0.15077698129634412
-0.05299219137933611
0.026379856615546746
0.12361697561942989
0.08622292923846822
-0.11976496342593723
-0.11691188060927066
0.07311975256490813
0.1117106010929511
0.056048322830732814
0.009571001120974136
-0.08051724334124812
-0.10400099035118762
-0.047977460150520575
-0.003959072180425748
0.05450630405661336
0.09324878952372478
0.09874049980061608
0.03927060744215642
-0.10451622420779286
-0.1264174947109312
-0.025772098197569066
0.03840626414812151
0.10712512880955381
0.047986366677875925
-0.1738603786720945
-0.13592633297976625
0.15011709703461196
0.16944396077582752
-0.02058967733313367
-0.06287965902243271
-0.03302344390453665
-0.025747948002472158
0.008970900246332564
0.020044953571635823
0.0006753176433872567
-2.8469734933220118e-05
0.007069734089007976
0.0008505631438496302
-0.013581808427443767
-0.012540710491710582
0.002894346918153293
2.619969768569196e-05
-0.018241919713983822
0.008829509488870641
0.07991939527697253
0.05147329829394486
-0.07485323041406555
-0.08598540402483741
0.0005915080116084319
0.02933785824539407
0.03416509365603421
0.018970237354936782
-0.04097458341822654
-0.0372951008638537
0.029714650522377883
0.044012467779502185
0.022773270287047266
0.00387096427729371
-0.03159129456562659
-0.05004484759110857
-0.047389320614228195
-0.024874829835218052
0.028263182556977573
0.07790060997772233
0.12650205541354456
0.06031705458254697
-0.1400419278686514
-0.154118347856304
0.008195097329750965
0.06149554278148303
0.059835596791673114
0.027473350872587482
-0.08284405280961285
-0.06612142828980018
0.0810883517271215
0.08605731612622766
-0.021945042126811254
-0.024945605540066775
0.039779440709953665
-0.010670126332395849
-0.15384115721135946
-0.08781297515646588
0.1782360523519643
0.160876818547128
-0.10909279706046607
-0.1225287825015506
0.054402968865221384
0.05583770491933237
-0.04926869356398884
-0.052820708759555156
0.00017421281136696014
0.05296734614898437
0.1356399939367607
0.08390613793036872
-0.11998979219829439
-0.15274562259483881
-0.03594713234020725
0.039299340898440345
0.13095747661286666
0.06392136940160757
-0.20141756385187895
-0.1600499135885415
0.1709235092970739
0.19173274044151273
-0.029158549468143287
-0.07661191479057808
-0.0380127738599611
-0.02041812470759937
0.035007121215266813
