0.015527027571276058
0.015932163997980357
0.015969459641061803
0.015598084877561716
0.015212863243379844
0.014689999021571531
0.014014146803408161
0.013222085076361354
0.012227646795316864
0.011032936027416118
0.009732759293036644
0.008315576857645099
0.006734249365246997
0.005004055538353006
0.0029807294156586703
0.0006443709298875758
-0.0019289447510300753
-0.004782534507170086
-0.00785445986169485
-0.011142608849486535
-0.014718356242172334
-0.018572448482774326
-0.021313897825976924
-0.022814190505083386
-0.02372255247416428
-0.023641588663627
-0.02339246936528557
-0.023009420433489768
-0.021722679090872818
-0.019684784036628756
-0.01787347874328742
-0.01626187634934186
-0.014465212241032768
-0.012710051601180038
-0.010196554656336348
-0.006862356443401102
-0.0032805728248802265
0.0007394946780880107
0.0037183823492282523
0.005454543280904624
0.0067880903637816
0.0072839830679942725
0.007671142556414488
0.008003058092847607
0.007523317163248445
0.006369189892167864
0.005831045592828599
0.005910102285166315
0.006063539288601866
0.006604744778173944
0.006565795387309957
0.005873463962115205
0.005261479338426885
0.004506286948198444
0.00398629610813149
0.003815571741479705
0.0036516956666408614
0.0036204266331196617
0.0036700380001217854
0.0037760479078391674
0.0040792537889858
0.004571448733922858
0.00469730882668394
0.004433393741722919
0.004045099269065626
0.0033900975779827015
0.0028279937269072293
0.0023880558904522974
0.001772812886022772
0.0010627449585716325
0.000472310391559361
-1.2680132397361961e-05
-0.0004370027201674249
-0.000749450738698854
-0.0011447626240408935
-0.0016270012114303282
-0.0020557009543622426
-0.0024710351649745465
-0.0029105533701590143
-0.0033617859968477024
-0.0038340229489535866
-0.004333498100624041
-0.004799489639114244
-0.005231337165710736
-0.005663503863733901
-0.006082400426621038
-0.0062656527244538945
-0.006192265686539372
-0.005955398938832297
-0.005489613950044094
-0.004930147328520925
-0.0042787848603892805
-0.003406864471765433
-0.0023371168070233797
-0.0012220876794966718
-5.440503474186202e-05
0.0012290459609124082
0.0025950957087923763
0.00417509846414098
0.005981714685581616
0.007925970307822985
0.010041277765185035
0.011456244585092668
0.012075837467571102
0.012335314916875766
0.011982184337901089
0.01150051907911055
0.010913961623445514
0.009751732271380785
0.008103138917677057
0.006634107806174178
0.005333041961944325
0.003928829074896214
0.002578006284489543
0.0007523191860900221
-0.001589972234374871
-0.004063719000728104
-0.006794181872673583
-0.008642557139227517
-0.009456861461223572
-0.009865911700425556
-0.009533811245661212
-0.009031592994356267
-0.008396001227863936
-0.0070370534337708315
-0.005059836206362145
-0.0034353024810847596
-0.0021593894760050408
-0.0008221167108394352
0.00034361795882869597
0.0020766338698881576
0.004435432406667801
0.006867474056980817
0.009545949824890217
0.011488897140307895
0.012541591323355469
0.013293818567952396
0.013450336964041368
0.013453391830354574
0.013338574474400426
0.012616457603051573
0.011367535412214223
0.010515843459596151
0.01006664020903159
0.00961773845020252
0.009393851801943305
0.00871426524191245
0.00752440703440039
0.006343163465189491
0.00501205622649648
0.0033483794669390493
0.001386101061990083
-0.0009074136172456994
-0.003574732727416649
-0.00639679111461556
-0.009382917271887599
-0.012682270834653038
-0.016255984159755918
-0.020179881762648077
-0.024481904382394094
-0.029104982553876266
-0.03407867627054391
-0.03941191757862212
-0.0451077487611871
-0.05119290579173349
-0.05767574306260462
-0.06146193106908849
-0.06224537634369184
-0.06148622054434741
-0.058291879367841685
-0.05445040652120601
-0.050032611950311966
-0.043332897836511175
-0.03467700079065578
-0.026281586505160347
-0.018085033512556976
-0.009196415330132433
-0.00012616335282919966
0.010935942719694445
0.02413806492863161
0.038188744316320467
0.05352426389188328
0.06474896343796736
0.07120054338658469
0.07574472803129191
0.07680407535801026
0.07720885593908863
0.07712477106040544
0.07370904293930183
0.0674855599137451
0.06285494077213716
0.05977849234052686
0.05642849429447549
0.05385425724303138
0.048656082140998425
0.040567603595601374
0.032110358226271514
0.022485826955756644
0.014873606569993862
0.009841187789742032
0.0052962567646396164
0.0022030007437718116
-0.0007157182956643519
-0.003602732308028366
-0.004949522390555661
-0.004996461423773496
-0.007024656339008716
-0.011092004492485161
-0.015753860037791032
-0.02182672438020623
-0.026982296824791824
-0.031043699593151883
-0.035838095140752604
-0.040836599405742004
-0.0444589431683834
-0.04674563981168671
-0.04805579505069019
-0.04798151199396276
-0.047854334482019874
-0.047681360573650605
-0.04643315570532667
-0.04436285515554777
-0.041902191588548326
-0.038951303030857254
-0.035453797434216054
-0.031479762612080096
-0.026459792167448523
-0.02035482473805222
-0.013484333562979076
-0.005702296004660587
0.00022146977813811098
0.003997253178093682
0.007048601530825135
0.008585942099019299
0.010150645571725288
0.011837361628135028
0.012171163233101957
0.011450612746202224
0.011790989802830247
0.0131705928406113
0.014751742420179655
0.017043405694410974
0.018396464670666763
0.0186952893538295
0.019169305303030265
0.019439558190045805
0.01970014747959036
0.020094746303718995
0.020251579560860572
0.0202513800753257
0.02026158878794847
0.020247723766434824
0.020198218282987488
0.020142935898193166
0.019482615575999337
0.018167773298285547
0.01650448580208025
0.014329175568824064
0.011972045523010242
0.009457440607429625
0.006478249807576756
0.0031019215359835203
0.0005002784647315004
-0.0012526909799333544
-0.0026663679478935547
-0.0034189109702491044
-0.004266552928528748
-0.005243175061065178
-0.005686062092852482
-0.005743819976132075
-0.006146060162598135
-0.006868148393299402
-0.007651778779847145
-0.008667977464035304
-0.009303614056577977
-0.009519471188125584
-0.009756250341548485
-0.009872686405201309
-0.009992737337037719
-0.010170510684672812
-0.010241553923341893
-0.010248100212119773
-0.010217837766274074
-0.010134024838621606
-0.010018892631699616
-0.009874896858465418
-0.009454013156142567
-0.008737583547080152
-0.007844327765264763
-0.006706308283557754
-0.005465584126595195
-0.004130501196916885
-0.0025703848245267197
-0.0008133002850018041
0.0005155527263011981
0.0013721160224406679
0.0020333980920056722
0.002325977275829517
0.0026456595913912284
0.0030100172685243666
0.003066985261642216
0.00289348637834484
0.002894880649105173
0.0030587351863749657
0.0032371395278493397
0.0035251155276667502
0.0035855146334137365
0.00339573211760113
0.0031985995217681104
0.0029159411027554713
0.002794860379698321
0.0028833374809753907
0.0030066148972496664
0.0032398438514800116
0.0034951812147449735
0.003759592848015486
0.004144248782284693
0.004631954398735484
0.004955826646719898
0.005109197995188873
0.00521037869834721
0.005192029408561506
0.005238723168854789
0.00536395968056646
0.00542005822492494
0.005448235709063017
0.005335239535609494
0.005052081583607668
0.0046804770957208485
0.004182406225857019
0.003586849191311763
0.002896711905249732
0.002061157357327288
0.001082997014108915
9.864473295982516e-05
-0.0008903928112323398
-0.0019512648307318352
-0.003051598255212173
-0.004288460501566312
-0.00567216129022672
-0.007129567771620806
-0.00868479334612724
-0.009752798463101568
-0.010267060065089388
-0.010520177575334763
-0.010341196276383576
-0.010051234980523042
-0.009664928772483594
-0.008865925357368142
-0.007712294492630383
-0.0066577694163216595
-0.005694034576682104
-0.004633540041625011
-0.0035822885997659525
-0.0021799738850509405
-0.0003969314846789619
0.0015054593875188024
0.0036134878015408284
0.005053967879468288
0.005714220960571441
0.006069601738464129
0.005863609905211255
0.005542670179200834
0.00513470881625064
0.004184306159125263
0.002774040651546272
0.0016373820228515377
0.0007703567838102649
-0.00013443274534542487
-0.0009011841120967877
-0.0020906032346134622
-0.0037466186743190855
-0.0054506184731304905
-0.007333891280720306
-0.008414864134161227
-0.008551882021634821
-0.008302855218658629
-0.00737489670637922
-0.006238788707231277
-0.004926055452720148
-0.0029345831223353074
-0.00034936012677935346
0.001960083459850136
0.003995284948984214
0.006130372780058062
0.008156715944653857
0.01072982152788197
0.01390327453298293
0.017185637644669897
0.020731314808243195
0.022913143014222443
0.02351619866189619
0.023418075965207914
0.0221368292551317
0.020498225859067458
0.018548879019464094
0.015436394737150388
0.011309272507831519
0.00753289656969167
0.004095349118814187
0.0004167895307772199
-0.003179120430509633
-0.007744197908121474
-0.013365443059939433
-0.019265853931766858
-0.025695465493893566
-0.02999281815670689
-0.03181243714830861
-0.03259053105332292
-0.03154223090177776
-0.0300282980893204
-0.028128463930181827
-0.024448938883787723
-0.019237641421219226
-0.0147207538722535
-0.010881198098073766
-0.006780321790690243
-0.0029481403995294487
0.0023267873337093703
0.009182635877740226
0.016350164614076908
0.024233615630230642
0.029624935099599296
0.03207450108217297
0.03339026953424977
0.032619882599027226
0.03132966833580946
0.029624564788167346
0.02585647295319374
0.02031151642303399
0.015801831049964108
0.012322207235193958
0.008672680748481564
0.00552939419442455
0.0007692118762983846
-0.00577788942332384
-0.012518108431764268
-0.019949299474202733
-0.025121062381137187
-0.027574035399554192
-0.029062859862739883
-0.028700773909074388
-0.02783088296713947
-0.026557144666054376
-0.02340127757281804
-0.018606676610140028
-0.014926289313369782
-0.012372072884332775
-0.009746670809901336
-0.0077177031221546824
-0.004248728291865094
0.0008246922899593008
0.005955421298603187
0.011618985076213006
0.015585303516993753
0.01746926742883155
0.018668890675928144
0.018504244166795962
0.017912240511985176
0.0169762885148479
0.014607583336835058
0.010973371239865951
0.008291759523833467
0.006584618033648846
0.004868599050691437
0.0036853529022999607
0.0014245167124938502
-0.002045800059599425
-0.005489333082917284
-0.009281223322212826
-0.011864150750378905
-0.012950777131451888
-0.013547779418505653
-0.013174959491007193
-0.012450390261980419
-0.011433210383181255
-0.009374686996369773
-0.006382906450857843
-0.004071203008506177
-0.0024598093058548274
-0.0008238107337072523
0.0004419778178581181
0.0024975484377979407
0.00543970340341491
0.008374116311017268
0.01157143171335158
0.013693335626897512
0.014509814714832118
0.014847494109790462
0.014297012883296356
0.013427160135607335
0.012284492472672132
0.010209508639222873
0.007301726575220037
0.004883114885928735
0.002963500359615373
0.0009545611875555692
-0.0008229536524466791
-0.003335550153933162
-0.0066644892450372735
-0.010073092060463374
-0.013788454939227974
-0.016229196566083477
-0.017158989687905395
-0.01748764850925206
-0.016740533005118113
-0.015663214724330046
-0.01430627961157251
-0.011863670979784195
-0.008468745919212253
-0.0055562326157007295
-0.0031259059981696502
-0.000555497760241279
0.0018102579757949542
0.005047410833582355
0.009244810082525194
0.01359387410384285
0.018348275520893086
0.021539014900466717
0.0228851876251876
0.02349940446567718
0.022794879976343756
0.02172535175864556
0.02035375398722086
0.017669014942149428
0.013843712702821406
0.010618259342564816
0.007989276344603773
0.005209858450070524
0.00269773267075396
-0.000860686093566171
-0.005572201808572236
-0.01045207504432523
-0.015809413341072536
-0.019578296575384038
-0.02145083247732357
-0.022626758209069935
-0.022488205364615477
-0.02200590760007952
-0.021250038913262315
-0.019173334542922804
-0.015952117850524406
-0.0134649477092967
-0.011714973678862515
-0.009891261874231684
-0.00844762690894678
-0.005982089183622701
-0.0023816532923002275
0.0012942506989512713
0.0053737289303058
