0.00850247695973757
0.03754526643922995
0.04336838733993995
0.022926679974567266
-0.004846819159254525
-0.048777712236768835
-0.062087854159377905
-0.03982073619175147
-0.01181371596075658
0.03441516799508472
0.05489583546366603
0.04407285111439406
0.03346599753912877
0.011381416406928706
-0.0031286915828179383
-0.00617947862465046
-0.016621227040139165
-0.02936785823963818
-0.03151387398530278
-0.023943372774485727
-0.008810268717801871
0.01701649292641995
0.026326057072230985
0.017457965099333828
0.006232826567460014
-0.014162956562241213
-0.02018066771278421
-0.008917397600186538
0.0027626827756558527
0.021076877289879618
0.02586366454396842
0.013992886231522558
0.00015132340274123844
-0.021308581268688762
-0.02797910387004365
-0.01679565989280375
-0.00319349390467398
0.01901730910945574
0.027011286659093376
0.01777704362119449
0.007446099455398804
-0.010161782101227992
-0.01875226443001534
-0.015782775030757045
-0.014213442632813187
-0.009638053293434444
-0.005091311008937243
-0.0018939821324034612
0.005051525937408548
0.014867376680788628
0.017693493420673747
0.013384624226118462
0.006017442643560712
-0.0068797287673208335
-0.01170515998984949
-0.0073306987508153015
-0.002386634280898175
0.006586917642308439
0.009612241954088625
0.005264670743682263
0.0011516430494582202
-0.005398274443298278
-0.005812422459835763
0.0013381319351409551
0.009802599663403369
0.022036308381411233
0.020189093476351345
0.002134878336895727
-0.0215943445892126
-0.056025301795916034
-0.06082176510078286
-0.03183987067106118
0.007417442139332772
0.06798694195458455
0.08387888975382508
0.048188006839037865
0.0018158932721190966
-0.07298366268861244
-0.09739764554718773
-0.0622700790303345
-0.020219060734266568
0.049870584770662627
0.08071100360824612
0.06306824880590707
0.04679016803354645
0.013822464646553241
-0.006096786631105709
-0.006634267275419303
-0.017000697949934553
-0.0290726490088348
-0.033319277036324056
-0.03203564963397598
-0.0233324684912358
-0.005274893978917974
0.005485360243594466
0.008762631053462217
0.014382340290829077
0.018664220056044113
0.018047285894901767
0.012815825854607502
0.0017830557081045962
-0.01618003038247583
-0.023042139960299336
-0.01791128967641547
-0.010616059490311438
0.0033506962391267013
0.011521683771813717
0.01246600041677255
0.015936366636612864
0.01882787137994818
0.015584786919263202
0.006536533401991309
-0.008158235998355662
-0.029997827585549815
-0.0341397658008305
-0.018821818289054923
0.002720160431011821
0.03703408450779198
0.0475194859113953
0.030508804852251555
0.009045627361622415
-0.026563710148428274
-0.04154778405604602
-0.03155569288529154
-0.021341716212297083
-0.001656724748129835
0.009448559507148907
0.008641970647112761
0.012243181888126429
0.015389540788548397
0.013885333727340693
0.008953589331452058
-0.0013200364873987118
-0.017836624452403443
-0.023145280294596338
-0.016444838384593482
-0.006959470386798425
0.00967593187965465
0.016964016701334194
0.01314355409003428
0.00975686733917104
0.0025569414858102445
-0.002729460061660239
-0.004775763249910757
-0.009809384910312979
-0.016302391032074464
-0.013945347247415515
-0.002492891082571071
0.014351929455032986
0.039312401158616235
0.044756036575785876
0.028363472859349245
0.005681030189480742
-0.030646041808272493
-0.04567439999827243
-0.03574421868478668
-0.023824157149897943
-0.0007195787255809495
0.013433677598444676
0.015527240134977279
0.022914809640038974
0.030379931982564973
0.02417012447313383
0.004623521261492961
-0.025923757937283545
-0.07113917048357159
-0.07976938088718086
-0.04795909324091952
-0.003454418730895159
0.06730742092891549
0.09355593413828014
0.06812993597245216
0.036395883011055966
-0.020304743926129295
-0.04638012840680965
-0.03434313394422952
-0.026419334031396048
-0.007936609444237077
0.003675745772461217
0.003481895915732803
0.011827044535216458
0.023772182154855458
0.025167244066608165
0.01722343388198226
0.0028575583263072656
-0.021138981561886653
-0.031031829669801933
-0.0253333767459212
-0.01815948742932823
-0.0035992169625279277
0.004964064923782911
0.0056296014975996175
0.009688167665512221
0.01373259325026582
0.013809832589502094
0.010652056991283885
0.003452355428691819
-0.008721237384575925
-0.012536347515446045
-0.007345033012370895
-0.00041791176738844844
0.011566182760850157
0.01440302569115582
0.006513411121090728
-0.0025767339524749022
-0.016622420264975082
-0.018921091596432134
-0.0072935137739381225
0.007214653611638956
0.02922562214613293
0.03146555830134825
0.010762662424434768
-0.016008898545376442
-0.05636533297046325
-0.06449644883815751
-0.03538240289660109
0.0027720250956846802
0.06244145553527718
0.08200653093561228
0.054552198642805166
0.02008022242140263
-0.037960743058050424
-0.058915768350945585
-0.0350695097869776
-0.009318801637662856
0.03458786100015642
0.04594558450679111
0.017116252869692376
-0.014252751726478087
-0.06212968760127898
-0.07422879809026994
-0.04291719054677579
-0.00470053362382802
0.05505280405918344
0.07801916768005769
0.056642797472067116
0.031167144551332886
-0.014275232312112073
-0.03603760486845473
-0.027726878191469215
-0.023596273037423867
-0.012002051790857353
-0.003398537923576694
-0.0015430130056990465
0.008111745315927834
0.022520916623736984
0.024997178571375477
0.015997404350898654
0.001190131431345757
-0.02340538418918134
-0.030209737050665667
-0.017042111966651084
-0.0004505129484845072
0.02666494212328657
0.03674780586571985
0.026465655610249432
0.014877391687540837
-0.005365291653222476
-0.019348377728654557
-0.02453050870603074
-0.034207386446359456
-0.044449266848524925
-0.03933373696873838
-0.01859628855507655
0.01340950280273019
0.0610371291093309
0.07345347344337595
0.0466991120439428
0.008935274435205597
-0.05326794856472092
-0.07476468078614686
-0.04878515915789845
-0.0178765714398336
0.03511363538440478
0.05792740650655466
0.043335315545404665
0.030610412192408235
0.005790280583111131
-0.007879318618279695
-0.005276108309879549
-0.009021142726649299
-0.01263780066211422
-0.01603953852035022
-0.021638523986154085
-0.02430985987060335
-0.024579550606628826
-0.02017729656081632
-0.009841629767461883
0.005035397252812483
0.025643112558603156
0.035166774804985326
0.03222115986322613
0.026061772999024846
0.012185473500657356
0.001446024739926068
-0.005073041027806372
-0.01653834027526368
-0.030435541143267138
-0.031892849916327994
-0.020469035927601253
-0.0013330568838118046
0.02952538619470772
0.03867226821481253
0.023522568080293956
0.003632407592741367
-0.02966123698593656
-0.04013245726475226
-0.023622089520144593
-0.004676533635893605
0.026321117635922067
0.036184317002965226
0.020282240711958364
0.0024217452243822223
-0.026462067166842792
-0.03422424982646324
-0.016255675716241834
0.004561042661162578
0.03710654073736801
0.047058080623246075
0.029735751123433393
0.00895569495719741
-0.02472686346449308
-0.03941856114093772
-0.030752474839583148
-0.021934608354134095
-0.004343853078428308
0.007195657486943765
0.00976108696592832
0.017668341563877643
0.026958900985697323
0.023359400481892084
0.0070275182355394586
-0.018414791129054028
-0.05669391703927801
-0.06523919357283978
-0.04076997736496883
-0.006894463630584184
0.04760806050955056
0.07034256592243684
0.0558387497967384
0.03867766557411611
0.005105910655588622
-0.014203841751069856
-0.014481934024439492
-0.021912521344314227
-0.028492236097437135
-0.0276115414692569
-0.02115693918421102
-0.005877846176431673
0.01970807767614745
0.028443931045504512
0.019205615788765545
0.006480255070319021
-0.01643779711796784
-0.02309836604217985
-0.01058800667347009
0.0029090447936306954
0.024299732784309185
0.030730000948999463
0.018815764666127343
0.005105213578724402
-0.016726601093037977
-0.026432746548454056
-0.021046507675270828
-0.015551594575054806
-0.004405203981672805
0.0028867926211371625
0.004437195959448283
0.009459240736704745
0.015411261377169395
0.014851579901978409
0.008064287805698277
-0.0034292976115951235
-0.021516617764916344
-0.027357132885504266
-0.01964787238090259
-0.009080193643904208
0.009190937871962788
0.018263060976715748
0.016218157038680004
0.015222851995680214
0.010913317621803446
0.004607918806661
-0.002719104276615241
-0.015309503840229161
-0.03287487321805809
-0.030809834030890132
-0.00756322532598309
0.025279681733343454
0.07433194470055157
0.08522455032491744
0.05295181742954641
0.00912895365410053
-0.060803853370368616
-0.09023456558358016
-0.07196540061298827
-0.050227636349602554
-0.0074383242059502955
0.01804727327051183
0.020223138693843297
0.03219837630301567
0.043996661417658685
0.04057078638271378
0.023700714409375406
-0.007428549504894314
-0.056568918672590535
-0.07050767551511603
-0.0460543153332527
-0.012140060466357032
0.04484291278436459
0.06656859371454228
0.04681913403034885
0.024905163199478032
-0.014421478326731036
-0.03294884040809686
-0.024690373179264168
-0.02053397388880688
-0.010218621038783201
-0.0007856990433007594
0.004496265284322201
0.017399326280159014
0.035766292190083995
0.03818702460306709
0.024381908882631254
0.0029406420944285785
-0.031521914606955095
-0.04494979298612506
-0.03451031380167486
-0.021107323319052178
0.004036085240260924
0.018008500262372357
0.01771922849042231
0.02147835063332165
0.023379519541129164
0.016867771756441628
0.0028979269966291398
-0.020207017943484645
-0.054187017424186384
-0.05977884601907576
-0.034360307379662794
0.0016760845436756366
0.05866936387405163
0.07608008684727896
0.04796925055524314
0.012047835508407972
-0.047709691111333566
-0.06968802988025766
-0.04637130226877021
-0.020644967469059902
0.023923686044753475
0.04563219985363333
0.037866458060806914
0.03423701648936128
0.023479759456400812
0.013194517418449956
0.006870679835278107
-0.008403491990469546
-0.030351517292822025
-0.038909219146456994
-0.034177280361968744
-0.024099031319717364
-0.0038120696509107124
0.008210400471137363
0.010605487329846217
0.016417326916237134
0.021248857300911056
0.02011053429432344
0.01358024540238686
0.0005536097570451406
-0.020356467068659026
-0.02716573136864609
-0.01868587290530082
-0.00682091613603922
0.013989525210119216
0.021037966957347325
0.011871146500041112
0.0019928788239332554
-0.01451919919754861
-0.02190615246564003
-0.01768398934310758
-0.014252417930443234
-0.007319393947297563
0.002843099422837135
0.015288187268768703
0.03375973107786337
0.058224137224474386
0.05783939401939528
0.030419206088899125
-0.009310413231771666
-0.06974060092040865
-0.08809740922379444
-0.058671620504338835
-0.018711891435977998
0.048440752282327436
0.07399378519017756
0.05017305932536954
0.023962863926695256
-0.02278067678600513
-0.043746758989205804
-0.03168404990620224
-0.023780791198540627
-0.007562685745345464
0.0027332531599964845
0.0026495961742919257
0.009196840549372089
0.018160667772499577
0.01864719940804114
0.011701954808274097
-0.0008327629028735931
-0.021423185391801523
-0.028985565161384924
-0.022191000229007607
-0.013251878618059898
0.0031381853052166947
0.015590827696701358
0.022592913537717807
0.03405106459321772
0.047168970270812974
0.0437655676596929
0.023086160270880358
-0.008451409152168392
-0.055849670088015856
-0.07184203587260235
-0.05264939423440825
-0.02530773463771406
0.02259472991073605
0.04284156534358887
0.030132512980192656
0.01806540761224383
-0.005889506487124862
-0.016361932690269525
-0.00869831098821224
-0.005315603327618906
0.0006788292520858244
0.0029497609914342212
-0.0013029745052314588
-0.0035375480297380885
-0.005933223979823976
-0.004250135596490993
0.002974412819769258
0.011950089216581408
0.024211007165879733
0.025193519498073143
0.013276727533797902
-0.0032420475650901765
-0.028451164708456
-0.0361746230941562
-0.023795023351614847
-0.007346279912555148
0.02017446798198742
