step, usd->oil, oil->usd
Band: usd 0 oil 0
Linear p-values:
1, 0.09263763855428343, 0.07567241077593728
2, 0.6004875117430994, 0.7858770146450241
3, 0.8904170571338542, 0.9783459061050543
4, 0.9375577549483682, 0.9897205170415836
5, 0.9632351261138266, 0.9905439488646967
6, 0.9769002946450462, 0.9954516484124516
Nonlinear p-values:
1, 0.34687, 0.27224
2, 0.35681, 0.28292
3, 0.39414, 0.2936
4, 0.43298, 0.31245
5, 0.50452, 0.31693
6, 0.5517, 0.32279
Band: usd 0 oil 1
Linear p-values:
1, 0.9620589554133055, 0.9702872416642526
2, 0.9964333731342423, 0.7884232059771473
3, 0.9999457148080285, 0.9789020459411848
4, 0.999996724660738, 0.9941383980803903
5, 0.9999998862529531, 0.9993643733548778
6, 0.9999999916481452, 0.9995944174545253
Nonlinear p-values:
1, 0.553, 0.31579
2, 0.56254, 0.34434
3, 0.57433, 0.33696
4, 0.56808, 0.33774
5, 0.56762, 0.35047
6, 0.542, 0.33362
Band: usd 0 oil 2
Linear p-values:
1, 0.8787898189741741, 0.69874209511927
2, 0.9912158370143725, 0.009333191769928105
3, 0.9997452949665121, 0.10794423854713285
4, 0.9998861902942038, 0.16062837338469135
5, 0.9999079249588827, 0.272363379510144
6, 0.9999066483943634, 0.18385050313911272
Nonlinear p-values:
1, 0.08553, 0.42879
2, 0.08987, 0.26785
3, 0.09429, 0.22707
4, 0.10279, 0.23633
5, 0.0722, 0.22951
6, 0.03512, 0.17919
Band: usd 0 oil 3
Linear p-values:
1, 0.9481710593808298, 0.600078416422126
2, 0.9690118018956426, 0.5274502713315194
3, 0.9933421220308867, 0.8371609586950521
4, 0.9932434399859763, 0.8659977505059688
5, 0.9427593013379063, 0.8334968357284991
6, 0.9213108137294016, 0.8120475137129857
Nonlinear p-values:
1, 0.45724, 0.83211
2, 0.44089, 0.81667
3, 0.41214, 0.80616
4, 0.35897, 0.87483
5, 0.2419, 0.90691
6, 0.25807, 0.89512
Band: usd 0 oil 4
Linear p-values:
1, 0.997162734147046, 0.9407388345250606
2, 0.9949217325694897, 0.7286202153607717
3, 0.9974580226420442, 0.8604515013632438
4, 0.8933968256663798, 0.8044228067460746
5, 0.9389503442883872, 0.8524036197473507
6, 0.8070240893995916, 0.8464750385119079
Nonlinear p-values:
1, 0.94717, 0.79341
2, 0.93761, 0.73358
3, 0.7727, 0.77701
4, 0.73396, 0.79563
5, 0.50195, 0.84856
6, 0.29757, 0.81629
Band: usd 0 oil 5
Linear p-values:
1, 0.9938521527151429, 0.9644540054936626
2, 0.9988475115686296, 0.6583478583639382
3, 0.9987254734080546, 0.5635085417810728
4, 0.9214041619220911, 0.7474057414176116
5, 0.9656370930611697, 0.8602822775909429
6, 0.6728964795580479, 0.7768705602867241
Nonlinear p-values:
1, 0.73669, 0.81955
2, 0.57727, 0.83957
3, 0.73099, 0.78256
4, 0.75815, 0.75807
5, 0.8132, 0.76542
6, 0.82612, 0.6641
Band: usd 0 oil 6
Linear p-values:
1, 0.9896102875966503, 0.9771913200488844
2, 0.9992790297557126, 0.9878015600368685
3, 0.9991474938669082, 0.9911299407198008
4, 0.9961113054723093, 0.9740846172214509
5, 0.9994383274718164, 0.9938301884000895
6, 0.9974582737275411, 0.9982075579964053
Nonlinear p-values:
1, 0.99205, 0.70902
2, 0.94091, 0.81985
3, 0.7017, 0.8492
4, 0.72104, 0.87392
5, 0.70962, 0.90015
6, 0.60465, 0.82911
Band: usd 1 oil 0
Linear p-values:
1, 9.643394119926489e-27, 3.39228872327145e-05
2, 0.10431233209155537, 0.0027888758783559684
3, 0.9761116988995175, 0.17511689248973222
4, 0.9637532246200808, 0.1364072395787412
5, 0.9236970041115052, 0.2828963347941671
6, 0.7536244245012151, 0.1526484639259557
Nonlinear p-values:
1, 0.37619, 0.75089
2, 0.33753, 0.75483
3, 0.28137, 0.7241
4, 0.28686, 0.61292
5, 0.21802, 0.46533
6, 0.19363, 0.41192
Band: usd 1 oil 1
Linear p-values:
1, 0.030264479021136593, 0.006735033368084023
2, 0.07501066121303135, 0.011008469408213952
3, 0.5716448678080344, 0.3727148463392253
4, 0.5446216465663585, 0.343436563062477
5, 0.8112086471473592, 0.6901880366626995
6, 0.6037167829866859, 0.33295759160120575
Nonlinear p-values:
1, 0.05719, 0.05778
2, 0.04116, 0.05539
3, 0.03129, 0.05748
4, 0.016, 0.06243
5, 0.01018, 0.06899
6, 0.0097, 0.07606
Band: usd 1 oil 2
Linear p-values:
1, 0.9640634371160485, 0.6899268729824172
2, 0.9137616837817593, 0.3503305208794273
3, 0.9918272597686405, 0.763037164737605
4, 0.9974088847008827, 0.8246379901933858
5, 0.9995785896280233, 0.9392967126322513
6, 0.9979607439981734, 0.9211040711815807
Nonlinear p-values:
1, 0.69065, 0.67577
2, 0.71939, 0.64464
3, 0.74485, 0.71222
4, 0.82389, 0.77232
5, 0.78664, 0.669
6, 0.68124, 0.6756
Band: usd 1 oil 3
Linear p-values:
1, 0.8684269782571773, 0.32349584427834976
2, 0.849323905601261, 0.3072616517648567
3, 0.9554065721418742, 0.6462045967260219
4, 0.9447963885696384, 0.7147934659799879
5, 0.8058870815504972, 0.7944442805595768
6, 0.6654173116151122, 0.7651363063108145
Nonlinear p-values:
1, 0.70766, 0.01284
2, 0.74993, 0.00881
3, 0.95059, 0.00528
4, 0.98703, 0.00212
5, 0.99388, 0.00145
6, 0.98603, 0.00139
Band: usd 1 oil 4
Linear p-values:
1, 0.9970559113210814, 0.8546025753475144
2, 0.9906509670079774, 0.543044933259169
3, 0.998994244643843, 0.7289328400383452
4, 0.9989450137994604, 0.8641313003770166
5, 0.9997505141211123, 0.8798295439371041
6, 0.9961080511168287, 0.9692381526429824
Nonlinear p-values:
1, 0.01106, 0.09495
2, 0.00642, 0.12425
3, 0.04391, 0.11455
4, 0.133, 0.1883
5, 0.07831, 0.21992
6, 0.05637, 0.08623
Band: usd 1 oil 5
Linear p-values:
1, 0.9926345470350939, 0.8900706747600787
2, 0.9975150126747556, 0.8993996610831365
3, 0.9661471034782996, 0.9135493333428117
4, 0.997933299661809, 0.8487512104246422
5, 0.9866311184444906, 0.9154121179642096
6, 0.9587775353273806, 0.9314969117460831
Nonlinear p-values:
1, 0.2636, 0.49709
2, 0.35321, 0.42538
3, 0.20175, 0.40384
4, 0.17885, 0.41051
5, 0.14086, 0.32401
6, 0.12541, 0.26032
Band: usd 1 oil 6
Linear p-values:
1, 0.9960626398151552, 0.9004120713883335
2, 0.9970533708696852, 0.38391697509346634
3, 0.6327054083961554, 0.2464929772995626
4, 0.14779652069407911, 0.27441220630231805
5, 0.25899274662676913, 0.3621441434511208
6, 0.031862373591655384, 0.3735802078369967
Nonlinear p-values:
1, 0.12575, 0.38642
2, 0.11585, 0.28628
3, 0.0781, 0.20979
4, 0.06082, 0.11212
5, 0.05381, 0.04089
6, 0.06281, 0.06107
Band: usd 2 oil 0
Linear p-values:
1, 0.09100037758081315, 0.6447485154377077
2, 6.14775321166677e-05, 0.636426739593376
3, 0.011676189232584934, 0.9304359214182638
4, 0.005983676184609129, 0.9244381605091226
5, 0.025862897237453362, 0.9511212095394491
6, 0.0060968551529338106, 0.9228767319236238
Nonlinear p-values:
1, 0.34087, 0.81319
2, 0.38693, 0.78206
3, 0.28591, 0.79254
4, 0.33438, 0.74112
5, 0.32441, 0.50945
6, 0.3592, 0.33056
Band: usd 2 oil 1
Linear p-values:
1, 5.342431128698238e-17, 1.1010074539038136e-05
2, 0.7480950224862074, 0.00015970007856755828
3, 0.6116776495649725, 0.02204291614842185
4, 0.84083467807572, 0.013487195495142964
5, 0.5133961921680532, 0.016055437327532212
6, 0.6812934786160483, 1.0149435837641343e-06
Nonlinear p-values:
1, 0.25265, 0.02848
2, 0.13193, 0.02056
3, 0.12677, 0.01417
4, 0.13804, 0.01111
5, 0.11904, 0.00897
6, 0.10918, 0.01498
Band: usd 2 oil 2
Linear p-values:
1, 0.19687359395654352, 0.16530685000755135
2, 0.7501386535402993, 0.49175190387586676
3, 0.9778461099782523, 0.7941796613095258
4, 0.9886238089412365, 0.8821052191311092
5, 0.9971147713702312, 0.9016883236686425
6, 0.9829999513894665, 0.7101949460374777
Nonlinear p-values:
1, 0.79215, 0.6951
2, 0.89147, 0.78096
3, 0.96036, 0.79282
4, 0.97637, 0.69558
5, 0.98315, 0.50514
6, 0.98409, 0.52311
Band: usd 2 oil 3
Linear p-values:
1, 0.23796074055453625, 0.00521476434036652
2, 0.25883131200014053, 0.07591493973241074
3, 0.5884163322649766, 0.20778465585419542
4, 0.3053047264603736, 0.18184705142980395
5, 0.540184246353532, 0.30125311463346954
6, 0.18016804354857052, 0.08090694667494895
Nonlinear p-values:
1, 0.99723, 0.60047
2, 0.99343, 0.56392
3, 0.98537, 0.57401
4, 0.98149, 0.53397
5, 0.97975, 0.37265
6, 0.97205, 0.28843
Band: usd 2 oil 4
Linear p-values:
1, 0.6491367736904525, 0.054238527383224225
2, 0.4443959070699889, 0.10237698478700327
3, 0.4960736253621789, 0.33459094855482474
4, 0.0014360764948953232, 0.00324393638023135
5, 0.0007536561025530873, 0.005449191598160793
6, 8.472945672109644e-07, 0.0178065968696266
Nonlinear p-values:
1, 0.03661, 0.05484
2, 0.05811, 0.04693
3, 0.07895, 0.06712
4, 0.13513, 0.08057
5, 0.09209, 0.06441
6, 0.05087, 0.05186
Band: usd 2 oil 5
Linear p-values:
1, 0.9425696283582967, 0.40278178490925143
2, 0.8020385927810016, 0.04910870897906415
3, 0.21789479113527652, 0.01091814586651329
4, 0.7998645746359576, 0.05264860559061888
5, 0.486144965887512, 0.012720749746142273
6, 0.8502938417172984, 0.04235866106843473
Nonlinear p-values:
1, 0.06287, 0.12827
2, 0.24111, 0.09449
3, 0.31824, 0.10245
4, 0.37891, 0.1052
5, 0.42613, 0.03475
6, 0.434, 0.0213
Band: usd 2 oil 6
Linear p-values:
1, 0.9959651740487837, 0.8980516541803755
2, 0.9923835394079357, 0.6368101308251441
3, 0.6850365362367369, 0.621397564208936
4, 0.2639089316728698, 0.6475099249310565
5, 0.2159713938160674, 0.6640756756272683
6, 0.29682542718815297, 0.5852483215240045
Nonlinear p-values:
1, 0.85136, 0.19651
2, 0.69225, 0.18209
3, 0.5374, 0.1855
4, 0.36325, 0.16858
5, 0.41586, 0.33964
6, 0.41354, 0.60934
Band: usd 3 oil 0
Linear p-values:
1, 0.1389474382504796, 0.9251237481838933
2, 0.3241629983601742, 0.6639736094249764
3, 0.7958427911467724, 0.7887493247180184
4, 0.8941048701918618, 0.8262769642290313
5, 0.6890078451004994, 0.4201257663491872
6, 0.5214665084068899, 0.18206172677197247
Nonlinear p-values:
1, 0.95224, 0.9999
2, 0.96363, 0.99976
3, 0.9655, 0.99875
4, 0.94708, 0.99499
5, 0.94423, 0.98835
6, 0.9193, 0.98685
Band: usd 3 oil 1
Linear p-values:
1, 0.16763222826122146, 0.45152279343201474
2, 1.7176341318670323e-12, 0.3013490778333706
3, 8.714152566335986e-09, 0.5899434165456525
4, 1.425409474347554e-09, 0.34578144721108106
5, 4.719058885460541e-10, 0.14441036242667796
6, 8.624404024843978e-14, 0.03698013132069703
Nonlinear p-values:
1, 0.01579, 0.00349
2, 0.01508, 0.00214
3, 0.00729, 0.00635
4, 0.0064, 0.01142
5, 0.00629, 0.02441
6, 0.00606, 0.03247
Band: usd 3 oil 2
Linear p-values:
1, 0.061570591542996614, 0.2989921878698143
2, 0.951878526723529, 0.45278273649965406
3, 0.9991606366541509, 0.7533177347399451
4, 0.9991808066924726, 0.6358147356606051
5, 0.9988305922666685, 0.8374140806148165
6, 0.9731561816897034, 0.7709666622642791
Nonlinear p-values:
1, 0.93863, 0.806
2, 0.96414, 0.77564
3, 0.97675, 0.69159
4, 0.98957, 0.69953
5, 0.99284, 0.84074
6, 0.9867, 0.92772
Band: usd 3 oil 3
Linear p-values:
1, 0.2494926096207683, 0.1383599482472492
2, 0.7100945503444501, 0.4761278126961017
3, 0.9208097146787891, 0.6474267887561048
4, 0.8449500377018913, 0.4248333383560957
5, 0.9595600463818272, 0.6188944680838071
6, 0.9365910732147357, 0.635107255160684
Nonlinear p-values:
1, 0.72334, 0.73298
2, 0.87375, 0.53559
3, 0.98168, 0.21993
4, 0.99101, 0.17597
5, 0.99253, 0.18258
6, 0.98644, 0.203
Band: usd 3 oil 4
Linear p-values:
1, 0.6442850314990263, 0.3124709145112153
2, 0.779866871666702, 0.8020470155563222
3, 0.9165363350679254, 0.9304604841167099
4, 0.8706831042277106, 0.9293961983814184
5, 0.9164065430155679, 0.9802105359370354
6, 0.8332290591305624, 0.9898418139827941
Nonlinear p-values:
1, 0.14194, 0.26589
2, 0.10979, 0.19446
3, 0.09577, 0.11499
4, 0.124, 0.21527
5, 0.08784, 0.34841
6, 0.06668, 0.27863
Band: usd 3 oil 5
Linear p-values:
1, 0.8248836249348765, 0.7821934300853972
2, 0.8924466754793091, 0.6666953075009998
3, 0.7443735739527932, 0.62578336519334
4, 0.9841644311664042, 0.4387796130094954
5, 0.9111994134752286, 0.48099658711720106
6, 0.7087543109212406, 0.5677978813813547
Nonlinear p-values:
1, 0.37655, 0.17924
2, 0.34726, 0.17453
3, 0.28885, 0.2542
4, 0.30066, 0.45966
5, 0.30724, 0.56928
6, 0.34853, 0.6348
Band: usd 3 oil 6
Linear p-values:
1, 0.9699156150098349, 0.7682363623281857
2, 0.9696349584433421, 0.3431331218843276
3, 0.9586343681271436, 0.45108465024610145
4, 0.8729108514288813, 0.42694342589097267
5, 0.8125714783480406, 0.4411912492628275
6, 0.8399929371434639, 0.6249157125374832
Nonlinear p-values:
1, 0.35895, 0.10138
2, 0.31188, 0.04628
3, 0.15936, 0.06365
4, 0.12015, 0.06558
5, 0.0639, 0.03548
6, 0.03844, 0.03722
Band: usd 4 oil 0
Linear p-values:
1, 0.5456224045793107, 0.9750449024973626
2, 0.06581560887680842, 0.8523113300183776
3, 0.16320572264414818, 0.7034207501815534
4, 0.0012870116034034334, 0.003285646187917574
5, 0.00018344693013893636, 0.0006744478767313984
6, 0.00041268500475500697, 4.7819732815887695e-05
Nonlinear p-values:
1, 0.9944, 0.64454
2, 0.99134, 0.62471
3, 0.97623, 0.63563
4, 0.78061, 0.6137
5, 0.70605, 0.57722
6, 0.60716, 0.56711
Band: usd 4 oil 1
Linear p-values:
1, 0.8095271644900699, 0.9948108333825328
2, 0.41976890304090764, 0.9908418593257581
3, 0.6365004235810862, 0.9976917759900805
4, 0.7703457473073775, 0.9996598467855817
5, 0.7521335921833177, 0.9999707931544601
6, 0.8470985795512052, 0.9693398037168297
Nonlinear p-values:
1, 0.05511, 0.02378
2, 0.03103, 0.02795
3, 0.01652, 0.09486
4, 0.01234, 0.09553
5, 0.00944, 0.11401
6, 0.00967, 0.1252
Band: usd 4 oil 2
Linear p-values:
1, 0.8335948582861714, 0.9316772974918042
2, 0.9736428965376777, 0.9754557243185136
3, 0.9963782234235268, 0.9885169933092545
4, 0.9909738661840042, 0.8933617209983646
5, 0.9969113920313052, 0.9255634876740414
6, 0.9998386134762263, 0.5936735742619992
Nonlinear p-values:
1, 0.89636, 0.68068
2, 0.86752, 0.42474
3, 0.79706, 0.39479
4, 0.80656, 0.35768
5, 0.77288, 0.51802
6, 0.76315, 0.43125
Band: usd 4 oil 3
Linear p-values:
1, 0.4855633157996865, 0.8890958429344602
2, 0.04821046924779712, 0.6160754050947786
3, 0.08185812683266333, 0.456834311638436
4, 0.004223833461074077, 0.24468919332950043
5, 0.030904191502825834, 0.6431496595009678
6, 0.0036371952039726215, 0.00014943113437801883
Nonlinear p-values:
1, 0.2594, 0.12384
2, 0.23638, 0.11974
3, 0.50427, 0.15406
4, 0.82728, 0.31516
5, 0.88469, 0.76849
6, 0.84036, 0.82901
Band: usd 4 oil 4
Linear p-values:
1, 0.217499598216876, 0.19256812366230458
2, 0.7913026882991423, 0.46453218747897473
3, 0.8964425779448271, 0.5309064756675846
4, 0.22159333242877732, 0.12999116294651805
5, 0.10603317655846689, 0.020047388127533254
6, 0.179796765968388, 0.02051150995870329
Nonlinear p-values:
1, 0.49779, 0.99323
2, 0.26818, 0.89665
3, 0.1098, 0.7903
4, 0.20249, 0.88141
5, 0.17896, 0.90427
6, 0.12169, 0.90126
Band: usd 4 oil 5
Linear p-values:
1, 0.3885518403866872, 0.19470144983640283
2, 0.5127360740101027, 0.9323726128631096
3, 0.5295267288351022, 0.870931813651372
4, 0.2667605612041317, 0.8952548175716882
5, 0.3239781406867071, 0.8497069113405183
6, 0.06312092185529165, 0.26857426557041414
Nonlinear p-values:
1, 0.44097, 0.69221
2, 0.53186, 0.71368
3, 0.38909, 0.77864
4, 0.42848, 0.82158
5, 0.48295, 0.75527
6, 0.58329, 0.76462
Band: usd 4 oil 6
Linear p-values:
1, 0.7093451607890381, 0.6851249163832165
2, 0.9004023876241326, 0.32509052117425374
3, 0.6384350113543631, 0.5608177016356718
4, 0.7333092162420323, 0.6374656750270877
5, 0.14246541636425994, 0.09877464612506927
6, 0.055529508213177495, 0.6602234859704341
Nonlinear p-values:
1, 0.4924, 0.10625
2, 0.37483, 0.27713
3, 0.32114, 0.5079
4, 0.37911, 0.4417
5, 0.33447, 0.55847
6, 0.25934, 0.6874
Band: usd 5 oil 0
Linear p-values:
1, 0.948624565897313, 0.9911147899794358
2, 0.5113049099505795, 0.9933777334566806
3, 0.23827346846734784, 0.616047480006535
4, 0.3858798633997305, 0.5790468537710127
5, 0.32834055918619315, 0.37927857452422586
6, 0.5631101127476582, 0.01478501455063746
Nonlinear p-values:
1, 0.94291, 0.77928
2, 0.92516, 0.46096
3, 0.96271, 0.61433
4, 0.96211, 0.71007
5, 0.95688, 0.7101
6, 0.95841, 0.64638
Band: usd 5 oil 1
Linear p-values:
1, 0.2984239605937102, 0.9696137183732377
2, 5.202989548300995e-07, 0.7246085193274854
3, 4.6066954355605934e-12, 0.00234021059288815
4, 2.5140558644504404e-11, 0.008409759765410528
5, 6.491573673516085e-13, 0.0024740495339483828
6, 2.795010745629312e-12, 0.10436107159265148
Nonlinear p-values:
1, 0.11967, 0.00785
2, 0.11773, 0.02123
3, 0.09011, 0.01395
4, 0.08323, 0.01145
5, 0.04642, 0.01922
6, 0.03111, 0.02353
Band: usd 5 oil 2
Linear p-values:
1, 0.9042045576334832, 0.9959689445352577
2, 0.853897724564776, 0.9987500186148703
3, 0.9379602688965956, 0.9997432304404397
4, 0.9838775779291592, 0.990447379138075
5, 0.9837657695370216, 0.9976819770771119
6, 0.9783012062879874, 0.9881497842881187
Nonlinear p-values:
1, 0.88526, 0.24051
2, 0.9179, 0.23118
3, 0.92674, 0.29553
4, 0.95323, 0.54025
5, 0.97434, 0.74202
6, 0.96327, 0.73504
Band: usd 5 oil 3
Linear p-values:
1, 0.8098266100605396, 0.9931476873676168
2, 0.8119986127519193, 0.9834076889971562
3, 0.9074121902207102, 0.9829578952986758
4, 0.9803354867107286, 0.9728888134739478
5, 0.9905474489538627, 0.994694370525588
6, 0.998802910834946, 0.9968959419414943
Nonlinear p-values:
1, 0.94184, 0.76423
2, 0.97749, 0.8905
3, 0.97836, 0.83288
4, 0.94847, 0.78532
5, 0.88168, 0.80241
6, 0.85703, 0.78139
Band: usd 5 oil 4
Linear p-values:
1, 0.4889032834933489, 0.8124695181765375
2, 0.13310554250808898, 0.6406589444148196
3, 0.20926843935865289, 0.6886323513523896
4, 0.3153741465414594, 0.15052254394396022
5, 0.09886188383924668, 0.07051491753553933
6, 0.20522905140861616, 0.07647026096444925
Nonlinear p-values:
1, 0.68226, 0.95817
2, 0.57063, 0.86334
3, 0.48576, 0.7881
4, 0.63792, 0.81449
5, 0.53027, 0.7315
6, 0.44549, 0.72285
Band: usd 5 oil 5
Linear p-values:
1, 0.2484606678564573, 0.25446913510093594
2, 0.6414894312299166, 0.608638052163873
3, 0.6920505687915017, 0.7817580499221002
4, 0.8630125825194113, 0.8960794035952795
5, 0.7083352882034943, 0.11262822902127173
6, 0.7294391148309585, 0.05172515054166567
Nonlinear p-values:
1, 0.68099, 0.5771
2, 0.64817, 0.2606
3, 0.76208, 0.29575
4, 0.81434, 0.47248
5, 0.77931, 0.4137
6, 0.83868, 0.50351
Band: usd 5 oil 6
Linear p-values:
1, 0.3235615524675094, 0.7020876419579155
2, 0.46669646625371586, 0.6886774529467884
3, 0.4778148583632491, 0.8624884003479152
4, 0.25213352755173235, 0.6640796163579559
5, 0.14533121501613908, 0.7967135616946238
6, 0.1496912532909468, 0.847041268698399
Nonlinear p-values:
1, 0.67165, 0.78631
2, 0.75204, 0.99376
3, 0.37205, 0.51878
4, 0.41144, 0.42141
5, 0.32449, 0.23854
6, 0.39837, 0.28733
Band: usd 6 oil 0
Linear p-values:
1, 0.9972437627262095, 0.9974646942984068
2, 0.6772809786248744, 0.9997433582474528
3, 0.3422803652823326, 0.7589482651346292
4, 0.1849381498247434, 0.5742936697630583
5, 0.322894386259153, 0.4841806699475856
6, 0.7178692823338528, 0.012384480213673313
Nonlinear p-values:
1, 0.7324, 0.5183
2, 0.65485, 0.43665
3, 0.71869, 0.39483
4, 0.7499, 0.43753
5, 0.70649, 0.32179
6, 0.72954, 0.33173
Band: usd 6 oil 1
Linear p-values:
1, 0.8814120457741791, 0.981646993482616
2, 0.11000926312271742, 0.9994609045205024
3, 0.022541710350274753, 0.3361479318966621
4, 0.018817273850729902, 0.24129317859875668
5, 0.002747938873571135, 0.5560826238156149
6, 0.0009077411000004592, 0.6529342168337406
Nonlinear p-values:
1, 0.07742, 0.09334
2, 0.0659, 0.29372
3, 0.04962, 0.13272
4, 0.04205, 0.08988
5, 0.03081, 0.07662
6, 0.02516, 0.11588
Band: usd 6 oil 2
Linear p-values:
1, 0.9978912745086592, 0.9996626402194091
2, 0.9978387942420706, 0.999964915794375
3, 0.9966172845906537, 0.9429911466116238
4, 0.9961550908847436, 0.926255388872778
5, 0.9988949927147267, 0.9033374877768805
6, 0.9940238793347203, 0.9320795081834657
Nonlinear p-values:
1, 0.78349, 0.211
2, 0.87033, 0.14612
3, 0.84755, 0.23437
4, 0.91299, 0.34115
5, 0.93351, 0.33729
6, 0.92974, 0.4047
Band: usd 6 oil 3
Linear p-values:
1, 0.6674811309182402, 0.9509156809585543
2, 0.1364808640682997, 0.96372307554367
3, 0.17917558011180135, 0.9371565376350083
4, 0.3246100579954269, 0.7092101589505849
5, 0.36252453145882835, 0.5778576045249765
6, 0.616993399397912, 0.6948008713620475
Nonlinear p-values:
1, 0.09725, 0.43442
2, 0.13587, 0.21896
3, 0.33393, 0.30127
4, 0.6181, 0.43874
5, 0.63546, 0.32147
6, 0.56169, 0.2875
Band: usd 6 oil 4
Linear p-values:
1, 0.7540072073798988, 0.7505019558390176
2, 0.5285141661240643, 0.9606789929172335
3, 0.7331021816566947, 0.9820194598854388
4, 0.678563852953771, 0.9839554068484633
5, 0.15603530201948282, 0.2711261061672633
6, 0.38490085314467815, 0.06506618606714783
Nonlinear p-values:
1, 0.56355, 0.88093
2, 0.52717, 0.88802
3, 0.38512, 0.83416
4, 0.42746, 0.7226
5, 0.15969, 0.31813
6, 0.15172, 0.2175
Band: usd 6 oil 5
Linear p-values:
1, 0.7756310508814781, 0.8273318125357908
2, 0.9435779650851438, 0.9725367247331455
3, 0.8167056885939841, 0.8792240774126331
4, 0.8562011579933917, 0.939421095100658
5, 0.6661147341895137, 0.8329783185435511
6, 0.7256060778652174, 0.5649042804758106
Nonlinear p-values:
1, 0.38372, 0.70077
2, 0.38913, 0.52208
3, 0.16407, 0.27995
4, 0.20902, 0.22029
5, 0.34626, 0.17257
6, 0.57487, 0.21913
Band: usd 6 oil 6
Linear p-values:
1, 0.8534794419127949, 0.39559809225461284
2, 0.6344269549172182, 0.35695308730465736
3, 0.4988031613473348, 0.011922148102451647
4, 0.676939865014798, 0.04620927766389452
5, 0.4045124665694069, 0.022282230071894196
6, 0.6907293930637581, 0.02312905419929344
Nonlinear p-values:
1, 0.60334, 0.45352
2, 0.74275, 0.65424
3, 0.22179, 0.74993
4, 0.17338, 0.76956
5, 0.09168, 0.74363
6, 0.16565, 0.6803
