0.006069152212058929
0.006299007653614238
0.006535714772287385
0.0067796944281675675
0.0070266300091740745
0.007277826178694986
0.007487409220020355
0.007650208909490258
0.007788626766808891
0.007889201501188003
0.007977196887713756
0.008053587015980369
0.0080933949439584
0.00810107852966773
0.00811117039632473
0.008122800396957673
0.00812158570341368
0.00811544918941886
0.00807650316716389
0.008002317995207179
0.007912779608619103
0.007801084582233964
0.007697063978106063
0.00760537905706455
0.007506667919508573
0.007409657765248238
0.007301096171643862
0.007179375304009642
0.007058792128628747
0.006936582279666625
0.006782853175047129
0.006596891022471769
0.00639122278646908
0.006158211718515634
0.005918833475876765
0.005674375553005111
0.005407952385686438
0.005124097537469388
0.004859245157946785
0.004615049957615078
0.00437752125829134
0.004156599616062225
0.003927093436155359
0.0036882275748602532
0.003461455102376177
0.0032419272181518663
0.003009332310231762
0.002764801223806911
0.002515166552350322
0.002255851308526929
0.002004999876716919
0.0017638396486865787
0.0015198421393102777
0.0012773010248868844
0.0010054237736500436
0.000700028960077508
0.000378874765667533
3.295721610619202e-05
-0.00032270174049871806
-0.0006868981312402944
-0.0010752070653549828
-0.001484742036993133
-0.001888718535970705
-0.0022870504256755596
-0.00269092761717307
-0.003093800637256549
-0.0035156271987164325
-0.003957863640364089
-0.00440526938961367
-0.004862407870630964
-0.0052619539418160485
-0.005595368820456023
-0.005897455632047402
-0.006148236129288306
-0.006382724190187961
-0.006602507277946365
-0.006771732770221372
-0.006896526321104515
-0.007030921917537311
-0.007173982942325302
-0.0073027007632293405
-0.007429623919711776
-0.007512155177849265
-0.007546564363917212
-0.007563663069334911
-0.0075531140166884055
-0.00755546543207731
-0.007577473631822558
-0.007592029387691438
-0.007611103464908556
-0.00761752974046232
-0.007609068872024181
-0.007604848948775524
-0.007601293199830771
-0.007556186843991715
-0.007468411623309635
-0.007355887959330735
-0.007207806931261986
-0.007053505695925909
-0.0068948187439726565
-0.006708017295289034
-0.00649944395004592
-0.0063270354838454645
-0.0061937956863137855
-0.006076887479883265
-0.0059922300369788396
-0.005900570481938091
-0.00580067468450281
-0.005726394460611905
-0.005670222972911904
-0.005598847153800602
-0.005514003277209212
-0.005427225354021269
-0.005330993377420451
-0.005254724104671178
-0.005200474412841327
-0.005147864866436544
-0.005103883289980825
-0.005020964376503272
-0.004892570931773621
-0.004746425164689349
-0.004568620359139207
-0.004382188922801268
-0.004189052051805196
-0.003965259505419093
-0.0037152680741203642
-0.003480966177857666
-0.003262572002325883
-0.003042584520771085
-0.002831291341845611
-0.002597655669550992
-0.002339447080917568
-0.002080485097522217
-0.0018137095167269084
-0.0015818743471294459
-0.0013919380401998154
-0.0012187952410901482
-0.0010755082481114673
-0.0009431572035316372
-0.0008205166443301214
-0.000729097975739819
-0.000665705869078373
-0.0005907496973684526
-0.0005043145796507401
-0.00042405337855380807
-0.0003405701980982508
-0.00028358490082658897
-0.000255757506692162
-0.00023497870013200443
-0.00022840104013142388
-0.00021537695627119966
-0.00019177599642241388
-0.00017279662423324714
-0.00015218002071447562
-0.000137269984566964
-0.00012932955923823002
-0.00011915240386484491
-0.00010828500971673065
-0.00012097742501446902
-0.00015808131217994476
-0.00020896879808130275
-0.00027991065784024183
-0.0003545708867920786
-0.00043189998144457824
-0.0005253499270508755
-0.0006314091507807829
-0.0007060098367179263
-0.0007463414250601157
-0.0007706901800902046
-0.0007668024487972349
-0.0007633868124508837
-0.0007614139420326905
-0.0007355368000880691
-0.0006911958310555663
-0.0006552848114515323
-0.0006266036617408175
-0.0005954076449249797
-0.0005678095729967029
-0.0005206091390943203
-0.00045211374260242354
-0.00037854425710949355
-0.0002943730168557759
-0.0002337644691406968
-0.0002015585155321245
-0.00017744550853108053
-0.00017143219942697903
-0.0001672810191710529
-0.00016354878899252923
-0.00017728691707684323
-0.0002053292881837401
-0.00021685880557603657
-0.00021161822800363242
-0.00020252608772639285
-0.00018196830244463795
-0.00017256540871423657
-0.00017591806648436514
-0.00017453802391350617
-0.00017353823618852159
-0.00019273625953521438
-0.00023225208982904816
-0.0002864961554796784
-0.0003607602380051812
-0.00043958073645647476
-0.0005228203658896401
-0.0006229778301754136
-0.000737163582974966
-0.0008576758048993437
-0.0009855762466951107
-0.0011228994630876126
-0.0012681653322057533
-0.001429751777270165
-0.0016082970003100583
-0.0017986816611170846
-0.002003026700280178
-0.002201529480266745
-0.002391953505654429
-0.00258537321128194
-0.002776191219383707
-0.002974944122495978
-0.003182530205967048
-0.0033887798306411103
-0.0035958590572373037
-0.0038201112759833635
-0.0040616404552549085
-0.004314017291652338
-0.004581327111883849
-0.004851404036926513
-0.005123525660545604
-0.005407152906557765
-0.005699620121823352
-0.005995412683561464
-0.0062950654394305075
-0.006599310066339337
-0.006906856147774282
-0.007223232286779408
-0.007548501594273971
-0.007878811411870489
-0.008215293889484028
-0.00855867138368266
-0.008908585275488486
-0.009265459612056763
-0.009629388379058072
-0.009998865782148949
-0.010373892979364821
-0.010755273462999222
-0.01114267219168444
-0.011543756568341038
-0.011959350347036884
-0.012385600807478876
-0.012824718297356773
-0.013272504841197623
-0.013728745266960973
-0.014197534812487422
-0.014678095442695107
-0.015164810595141362
-0.01565779819011154
-0.016159331123629706
-0.01666809804426431
-0.017188586641877536
-0.017721154440902564
-0.018262549921742716
-0.01881384183992813
-0.019259410539216367
-0.019587068292492033
-0.019851684714541226
-0.020019547181335633
-0.020156131854359396
-0.020263794079883782
-0.020278919572058237
-0.02021313444466033
-0.020150625343315975
-0.020088938042180277
-0.019993487478948167
-0.01988348301329028
-0.019690103585672872
-0.019407398926103922
-0.019084122993730423
-0.018703463592724952
-0.018343239339137084
-0.018015284920287672
-0.01766979287289205
-0.017329459234044997
-0.016959053752401726
-0.016554456100819893
-0.016153227923144154
-0.015748039176506055
-0.015262284916732276
-0.014694254867135262
-0.014075900845950699
-0.013387693368640383
-0.012683670211159983
-0.011967146587932883
-0.01119476538378064
-0.010378226523204574
-0.009604973049087629
-0.008878659077853582
-0.008166285172755
-0.007491625274702401
-0.0067935248152688945
-0.006070152104613849
-0.005373246062883745
-0.004691012929739069
-0.003975686144257895
-0.003230063343573542
-0.0024699461702114333
-0.0016846044147596543
-0.0009170750934621872
-0.0001702330507425646
0.0005855298382589475
0.0013400331381903797
0.0021683874673878653
0.0030806976422746253
0.004033869601072321
0.005049848629544076
0.0060917956005463415
0.007156801520222431
0.008282943394473071
0.00946314888763866
0.010632503323473706
0.011790847102700456
0.012965260526089074
0.014139890806111454
0.015363219754419502
0.016638791367030607
0.017929643125277804
0.01924687301300036
0.02039754982597417
0.02135793075001792
0.022226317960655634
0.0229456364186317
0.02361778957496222
0.024247219459117435
0.024730588076471105
0.02508577458249564
0.025465097562718267
0.02586562616370714
0.0262228723015399
0.026572110227732603
0.026792543981961486
0.026873619015169055
0.026902411105578623
0.026849574396847552
0.026833677875992203
0.02687414886215821
0.026892363118537176
0.026923244380977228
0.026915931891879772
0.02686392968486657
0.026823419214786034
0.026783806536450322
0.026622936380674415
0.02633766635823241
0.025979687628257246
0.025517747994487836
0.02503697353232819
0.024542669227248345
0.023966085582923218
0.023325632021955308
0.02278371516621744
0.022348494881063132
0.02195639005555349
0.021651950161604587
0.021324577519223155
0.0209708220611548
0.020685767671642288
0.0204482343806096
0.02016558556064645
0.019842741063434227
0.019511556616525354
0.019151136465808415
0.018843537048432835
0.01859445636314641
0.01834710901894666
0.01812097471110134
0.01778174111043414
0.017311013598620594
0.016786871430073184
0.016170050197956587
0.01552572650121407
0.014859288737707085
0.014103031699202536
0.013269550783728327
0.01247676451121469
0.011725234596298255
0.01096570715120653
0.010227116061698883
0.00942197780223004
0.008543988039724908
0.007660214922945113
0.006750737542478245
0.005953860177789005
0.005290995548696768
0.004683025934943694
0.004171930561371465
0.003694147507409672
0.0032458502254686513
0.002897502650903533
0.002638262299618767
0.0023437645060209755
0.002014630106481759
0.0017058036714627648
0.0013878824861304879
0.0011551113663688902
0.0010158751800083605
0.0009004309695697158
0.0008314874876506735
0.0007386750614688221
0.0006085083713062791
0.0004915441486143937
0.0003665844940541129
0.00025985945513242077
0.00017555180888124822
8.18114630893847e-05
-1.5865785358789833e-05
-3.7269966720483244e-05
2.0240443027066282e-05
0.00012175092278308294
0.00028794480569166165
0.0004643656254685002
0.0006475242509542615
0.0008820470840068423
0.0011562011951730502
0.0013326959000576329
0.0014030757001873963
0.0014237469765148965
0.0013566111953070006
0.0012917690420199653
0.0012322121804383135
0.0010987294192128178
0.0009084155966497916
0.000744108340345973
0.0006019842284854532
0.00045225289262515326
0.00031370916447414287
0.00011455992288784159
-0.00015040438246102276
-0.0004310959291120866
-0.0007446205908627939
-0.0009833732775211253
-0.0011322122940736672
-0.0012548764901333302
-0.001319869101620864
-0.0013785439456921351
-0.0014354205384729999
-0.0014367050630972869
-0.0013924060534500002
-0.0013991517248488994
-0.001457702427264346
-0.0015275968426989312
-0.0016326912384075
-0.001701950224184242
-0.0017303440878890784
-0.0017727355251665618
-0.0018130582631151696
-0.0018624285813598402
-0.0019279981056524575
-0.0019930162965675342
-0.002062219487741422
-0.0021421730107963515
-0.0022318804377355105
-0.0023326577438193014
-0.002446133081667465
-0.0025439264499443367
-0.002624368847184105
-0.0027025800186490645
-0.0027712719985987576
-0.0028474139335073964
-0.0029327637897698052
-0.0030128918534216573
-0.0030917440724576844
-0.003181352899250354
-0.0032812372907748523
-0.0033885747159277764
-0.003506359742503294
-0.0036244521407640846
-0.003742701550018612
-0.0038687755703081814
-0.004000668711979039
-0.004136105190346035
-0.004275852609100278
-0.004419736591131951
-0.004567445831107503
-0.004722562134723966
-0.00488526299087586
-0.005053638279823711
-0.005228583837600499
-0.005372879842432046
-0.005482678053790431
-0.005576161428911395
-0.005642599073591034
-0.0057030011046982736
-0.005758337523033884
-0.00578838731268276
-0.005797026980124941
-0.005811587619585569
-0.005831461224990055
-0.005845635131749475
-0.005860480150486365
-0.005854024826813761
-0.0058245214760791
-0.005787843374073783
-0.0057387525104409635
-0.0057003960275637585
-0.005676544882581196
-0.005652310083177014
-0.005634567058697501
-0.005613335491034238
-0.005587502971866066
-0.005568187450669487
-0.005553413312767008
-0.005520169271243322
-0.005468030013505664
-0.005406851696178868
-0.005330855296064344
-0.005256392361154471
-0.005184597421136678
-0.005102543208260597
-0.005013870782750736
-0.004937669702424929
-0.004874404546809583
-0.004817701119817858
-0.004772694885556381
-0.00472531559255623
-0.004675275801408625
-0.0046341989652588745
-0.004599403780832408
-0.0045619361678862795
-0.004522595126964902
-0.004484087001858363
-0.004444508989035471
-0.004412577320226408
-0.004388900459233376
-0.004367764247495239
-0.004351286971163788
-0.004322131001325331
-0.004278143701090272
-0.004229155259367169
-0.0041701799467720735
-0.004110063050722304
-0.004049532164829748
-0.003979746506798512
-0.0039024648940292504
-0.0038323382447009936
-0.00376942925961304
-0.0037077900647261098
-0.0036510381346089474
-0.003588248595679146
-0.003518693204704124
-0.003450779304296585
-0.003382056338571574
