0.0005401039495994315
0.0005736364240001422
0.0006086002995797582
0.0006451047907652607
0.0006820067401031372
0.0007196482863173888
0.0007508370288892098
0.0007747118754055595
0.000794884555868944
0.0008092322982992151
0.0008216070618506978
0.000832168977822136
0.0008370435725983519
0.0008369071027482631
0.0008373481729540682
0.0008382473820171226
0.0008372495707052901
0.0008356442478065017
0.0008289711232310002
0.0008168398729447928
0.0008024524795562439
0.0007847230692489305
0.0007681601512667493
0.0007534894385759926
0.0007377422307831375
0.0007222426012114526
0.0007050306187180998
0.0006858596708100358
0.0006668742535426607
0.00064766513721192
0.0006236305249907568
0.000594654041746544
0.000562675005800872
0.000526515949426465
0.0004893898137684243
0.00045149484507652605
0.0004102373732183224
0.00036631131706650876
0.00032566725278498324
0.00028859443105386066
0.00025277559408603243
0.00021983965025489726
0.00018571357735668877
0.0001502699224969707
0.00011699830369623244
8.511671019239486e-05
5.1252838066363746e-05
1.558736114832815e-05
-2.0728966245338212e-05
-5.8457348818766467e-05
-9.460485224288106e-05
-0.00012896618095021661
-0.00016361278559697497
-0.00019783558959654085
-0.00023659133317949322
-0.0002805578972202576
-0.0003268625236148413
-0.00037695504798251553
-0.00042842757680041987
-0.0004810838486467841
-0.0005374256567530701
-0.0005969892915822741
-0.0006554374199604505
-0.0007127524388809427
-0.0007707475154692132
-0.0008283602683111683
-0.0008888146057379659
-0.0009523446688033421
-0.001016483620325026
-0.0010819672791294907
-0.0011374321274627514
-0.001181446405186155
-0.0012198577745250211
-0.0012492952695891918
-0.0012756905948267305
-0.001299307521310137
-0.001314083680659593
-0.0013210556765368372
-0.0013293008023424029
-0.0013386548184588598
-0.001345254973447937
-0.001351205999130147
-0.0013493364455197344
-0.0013390165763100916
-0.0013254249928393881
-0.0013068191145496125
-0.0012900839638775165
-0.0012763592242561828
-0.0012610494582709427
-0.0012461843607001499
-0.0012288344170809373
-0.0012086180133995318
-0.001188786293518281
-0.0011687272030716025
-0.0011412904271467686
-0.0011062860554421868
-0.0010667434887213594
-0.0010208307342278013
-0.0009735172861214332
-0.0009251115402061643
-0.0008715918713671374
-0.0008140310573424229
-0.0007621700573149372
-0.0007165085367434266
-0.0006732096529762146
-0.000634947430138747
-0.0005951112984446776
-0.0005534917532068089
-0.0005157820070663974
-0.00048071576757305985
-0.0004426982185889028
-0.00040201991835990173
-0.00036061233636925435
-0.0003172110838382109
-0.0002767559154875954
-0.00023958976264014528
-0.00020228767609682864
-0.00016602130800306964
-0.00012277576548154056
-7.144856580484187e-05
-1.670493651930681e-05
4.3799874201149376e-05
0.00010618608181801428
0.0001701326432308734
0.00023967731831852718
0.00031407128402603253
0.000386265032141451
0.00045622464211524913
0.000526898223440867
0.0005965563906707412
0.000670427587950325
0.0007488897397253442
0.0008279349087204977
0.0009087543524452924
0.0009776364988603814
0.0010327416234459147
0.0010813446288784837
0.0011193505498768683
0.0011536749979349616
0.0011846520089884467
0.0012050580310648906
0.0012160931333781925
0.0012290955497623716
0.0012439042391555778
0.0012556361533603057
0.0012669350733183794
0.0012689526532180754
0.0012609077025366045
0.0012492345421355943
0.001231787497422192
0.0012165042704565911
0.0012047485587946794
0.0011911213232528597
0.001177974287440324
0.001162030800197366
0.0011428418850500718
0.0011241171273416307
0.0011051706015206937
0.0010775593286547003
0.0010410438135321975
0.0009992252054814993
0.0009499357880807848
0.0008990058760228743
0.0008467992255458176
0.0007885801008242462
0.0007256055685116471
0.0006701677510061816
0.0006229360852326045
0.0005790015077302571
0.0005417491828474012
0.0005029220877112893
0.0004622536316140791
0.0004268985610932657
0.00039527895829992346
0.0003602201688530093
0.0003220800840602457
0.0002833678318454761
0.00024245903355250246
0.00020564815223411025
0.00017337751378084407
0.0001412722247810971
0.00011082660128240913
7.207514374553558e-05
2.3636505616949542e-05
-2.8659289159582432e-05
-8.772890527280039e-05
-0.00014877067969861862
-0.00021138068791207835
-0.00028056820539187503
-0.00035540464270175437
-0.0004270709338703184
-0.0004955174147501698
-0.0005644352460341124
-0.000631657499696536
-0.0007037091812836881
-0.0007810600038712005
-0.0008586985408767981
-0.0009381089729826552
-0.001006308689997653
-0.0010614225715456396
-0.001110595034745233
-0.0011499156157391312
-0.001185645873899067
-0.0012181194897166714
-0.0012406040386033711
-0.0012541748109954026
-0.0012700206365355207
-0.0012880317908271165
-0.001303321681423197
-0.001318515309149711
-0.0013250036056765386
-0.0013220206643233627
-0.0013158766468639802
-0.0013044881254876816
-0.0012949377725356638
-0.0012885026246788765
-0.0012802396785418992
-0.001272260998829609
-0.0012617650499432422
-0.0012483391133879954
-0.001235245295529248
-0.001221894647704386
-0.0012005067594050376
-0.0011708416883520491
-0.001136245413547924
-0.001094714165917687
-0.001051574017252226
-0.0010071586699776029
-0.0009571190846686739
-0.000902600973274352
-0.0008558926499922329
-0.000817706827409465
-0.0007830579394944814
-0.000755341766185484
-0.0007263989654383104
-0.0006959595691006338
-0.0006711421161924428
-0.0006503909464919324
-0.0006264014239785035
-0.0005995204349191336
-0.0005723375228775034
-0.0005431948433611701
-0.0005184540912564318
-0.0004985674953435434
-0.0004790998164130499
-0.00046156214190112957
-0.00043615882730109733
-0.00040151908909601304
-0.000363406060205659
-0.0003189506710098823
-0.00027284556559959523
-0.000225492299275683
-0.00017197939927533589
-0.00011321575466654819
-5.7930627390803476e-05
-6.180549867648309e-06
4.569283618040243e-05
9.554142651709246e-05
0.00014980717854836927
0.00020895246816747334
0.0002680202583796516
0.0003284736949709112
0.00038108324434560695
0.0004243630305567991
0.00046368555983814603
0.000496232635851885
0.0005261274543839843
0.000553627014267781
0.0005740676550513267
0.0005881438040265389
0.0006043299260667786
0.0006225969324146267
0.0006391688227508847
0.0006560513638311708
0.0006668587630986152
0.0006710162811594927
0.00067325990262806
0.0006720488637844551
0.0006719250457016534
0.0006737803232507083
0.0006742926781662818
0.0006748330275271909
0.0006737527727826266
0.0006707725185195295
0.0006679260944075185
0.0006648637394165172
0.0006562966607845724
0.0006420391108184056
0.0006243976495648056
0.00060200291603197
0.0005784204311743361
0.0005538751963718519
0.0005254285589422414
0.0004938443420642435
0.0004686140829713522
0.00045033575936905966
0.0004350733266793514
0.00042546243522155827
0.00041530459264896763
0.00040438749704683417
0.00039817244660468365
0.00039548160176486373
0.00039052836645844655
0.0003835687710610771
0.0003766916877440229
0.00036857946645618597
0.000364221515595274
0.0003639781009784635
0.0003643559877925484
0.00036654117540020436
0.00036314901380342894
0.000353131701998355
0.0003408699005637476
0.0003241983450489168
0.00030662452906552286
0.00028845617015613807
0.0002660044221522388
0.00023995016348949088
0.0002169412436342049
0.00019702882821489266
0.00017742157567024903
0.00015975895793705704
0.00013915331542124252
0.00011525532408698665
9.183635723406875e-05
6.778865349948435e-05
4.734919990003002e-05
3.1365012176915043e-05
1.7056950103586762e-05
5.76054894413121e-06
-4.063640611085954e-06
-1.2553616915932447e-05
-1.7699068064985937e-05
-1.9742517907719344e-05
-2.3131057309760124e-05
-2.7902733428666705e-05
-3.199901407472397e-05
-3.648932315569163e-05
-3.8156384822983604e-05
-3.670281504392282e-05
-3.456975077960001e-05
-3.098484421351002e-05
-2.750678672198868e-05
-2.4527155262631996e-05
-2.072400394668253e-05
-1.6586644007588946e-05
-1.1722893319019594e-05
-6.018349839955129e-06
-1.0176864555592731e-07
6.114969884527841e-06
1.480362782491523e-05
2.6066754069811222e-05
3.892283094990653e-05
5.3943060504068296e-05
6.972633850391883e-05
8.6183393031492e-05
0.00010450170637984185
0.00012438552888292142
0.0001406543059707674
0.00015293538152522847
0.00016346300290300404
0.0001707866366460087
0.00017818796931664646
0.0001857875929242569
0.00019064189277027832
0.00019337121686411766
0.00019727912467444697
0.00020223863168581087
0.00020702217512958047
0.00021238693898249477
0.00021553489968360122
0.00021625943782595567
0.00021653556667463995
0.00021569806157637088
0.00021759960179450956
0.00022280230148104835
0.00022898565211068646
0.00023728237574368807
0.0002458946039918314
0.00025465771665555715
0.00026548273195473883
0.0002780198454557671
0.0002887343766764321
0.00029759190869671606
0.00030608328142830944
0.00031333391901205895
0.00032192588413924443
0.00033204310132511824
0.000341684459841887
0.00035143352653911776
0.0003584881524563803
0.00036233941349853775
0.0003647157926720858
0.00036474513071488627
0.00036355821743168343
0.0003612358613910313
0.0003564027327956533
0.0003492406880611877
0.0003425041842284053
0.00033619807374871466
0.0003290642611705405
0.00032175765549769957
0.0003122409950581372
0.0003003251289138826
0.0002875332299106602
0.00027337239579907
0.00025905959768337796
0.00024485788943985636
0.0002298149924843528
0.00021430188903571944
0.00019792634532711696
0.00018060433370261568
0.0001628576081403516
0.0001445989011080325
0.0001242923048410635
0.00010187256407256023
7.80156213152592e-05
5.231863704713797e-05
2.579203597905157e-05
-1.5031707648410784e-06
-3.041583954654651e-05
-6.0733416386958044e-05
-8.92478882562825e-05
-0.00011574332061084955
-0.00014158458348157143
-0.00016587862992135634
-0.00019068924757465255
-0.00021609276542716645
-0.00024025765059437093
-0.00026357721170094646
-0.0002880641788858797
-0.0003136393772800259
-0.0003395675913072414
-0.0003663111250152897
-0.00039215792161286043
-0.00041698538067330097
-0.00044200278969717813
-0.0004668053303902478
-0.0004938335042406419
-0.0005234414846984657
-0.0005541739065895393
-0.0005867494773926366
-0.0006200244704316978
-0.0006538987822249071
-0.0006895882625640667
-0.0007268729443591003
-0.0007635380077256568
-0.0007995667508347211
-0.0008358955936699773
-0.0008719795007833259
-0.00090944603091373
-0.0009484139774026606
-0.0009876295559828022
-0.0010274633062734202
-0.0010597327753845982
-0.0010834605450724397
-0.0011027397358943445
-0.0011151541453128387
-0.0011250937651453717
-0.0011327365464593273
-0.0011336678386538901
-0.0011286560072827515
-0.001124039988142735
-0.0011196793184098874
-0.001112900637627498
-0.0011051635710778419
-0.0010913985038853884
-0.0010711591171591577
-0.001048077537265299
-0.0010209169963228681
-0.0009948398182587218
-0.0009706711351237316
-0.0009450145424499638
-0.000919383399138943
-0.0008915221796529563
-0.0008611463029314456
-0.0008307127648717327
-0.0007997485704488794
-0.0007629925535330889
-0.0007203100848876149
-0.0006739127526216268
-0.0006224526616811463
-0.0005696012008933535
-0.000515582200973014
-0.0004574282183486646
-0.00039593015334025354
-0.0003378992301937764
-0.0002836648445292743
-0.00023057034466484054
-0.00018047867621394967
-0.0001287246727740447
-7.515997710051351e-05
-2.377766084046262e-05
2.6319858105627763e-05
7.899890272243611e-05
0.00013405518776728192
0.00019017204108139564
0.0002482241277847087
0.00030478539967406074
0.00035962302519807116
0.00041511254627660255
0.0004704441109846714
0.0005312970779340939
0.0005984503352214045
0.0006686160237717736
0.0007434570889089596
0.0008202183383226755
0.0008986774188908225
0.0009817020194496386
0.0010687635156721258
0.0011548963931532926
0.001240082885856862
0.0013264022590086322
0.0014126400892645974
0.001502491368724771
0.0015962267089369758
0.001691023069043705
0.0017877256595893807
0.0018718629673036699
0.0019416473898059262
0.00200446079579125
0.0020560196964937738
0.0021039549294326414
0.0021485990554368176
0.002182204039971895
0.0022061072423754033
0.0022317533716927477
0.0022589233389001826
0.002282766944573213
0.002305934450884264
0.0023193531328132475
0.0023222289522145004
0.002321102259742364
0.002313768274126321
0.0023091136932870456
0.0023085953611757365
0.0023063157728780612
0.002304892166504269
0.0023005141812708304
0.002292693684601294
0.0022856398613432622
0.0022785582609344147
0.0022622847833391876
0.0022365822659897398
0.0022053280059947337
0.0021661766052053326
0.0021255114298746416
0.002083729456682134
0.0020356730787016754
0.001982721973277733
