0.19867105280684047
1.047383798397196
0.628246191917213
-1.086162425654962
-1.172968045623052
0.1654371181892593
0.4734333347433115
0.20212203377344176
0.18686977257451395
0.07225054333463354
-0.03221688627306508
-0.06270305110186962
-0.1396635220734901
-0.2246967525966431
-0.08697764648882632
0.2882746484870875
0.21543569677337632
-0.3010695760094531
-0.33143207398661817
0.030779357959871533
0.30748629982387
0.6573479453351012
0.332581651290123
-0.7918121227571719
-0.7534882873164672
0.37561814166799834
0.4917833210156444
-0.11740925880756717
-0.1811917711971575
0.0013572937254169755
0.014571170685696664
0.015068771320867804
0.011482696984230906
-0.03642358812367442
-0.051044548466990816
-0.03771239187866348
0.10219038358697562
0.39570922966239314
0.2901971074953909
-0.22836570496464742
-0.4630188055194989
-0.5039224509844442
-0.13937508502705626
0.7960092578231452
0.5921595836096776
-0.777334436856774
-0.7207036762954189
0.5412940666466429
0.6517902061952041
-0.03133012409466427
-0.17475118831072106
-0.10893054542380068
-0.11966057412698435
-0.034057419608662015
0.09705912669433878
0.27162634228272653
0.02954858969442234
-0.6840231397715153
-0.4312490299916351
0.7753276721962371
0.6895664627336797
-0.5257555299651445
-0.5258991410855528
0.3921720439813378
0.33161096655343403
-0.4064566376983302
-0.3170938419971421
0.380174135248181
0.34568597672439705
-0.247313173656749
-0.21938745346918226
0.2634830494495604
0.11424064682537324
-0.5345923013914187
-0.35160181262758394
0.5630276848404393
0.5693874083899563
-0.17858823971667312
-0.22324944506885014
0.20824671054302007
-0.03216207616492699
-0.7759077774144645
-0.4636862961807396
0.8283927351891932
0.811891625537282
-0.34664368101701415
-0.49352265780435656
0.04197729009007387
0.11955325583965401
0.04631279401018663
-0.008875509404667144
-0.18874642644557135
-0.0616593429720841
0.3969431777521423
0.25749247581194135
-0.44707641136110815
-0.367027737140884
0.39551951903376575
0.37957297594503275
-0.24305762942582454
-0.31121196026646375
-0.022231122667783192
0.08055780056400445
0.16256132901834833
0.10376174882177691
-0.17546662732681864
-0.15272971160762533
0.15424563054988855
0.12622735404712265
-0.16764148622237438
-0.15567684818519675
0.08574430149388922
0.17358220918153933
0.18852228012559086
0.09094213085599917
-0.18826526418378167
-0.2734450935116037
-0.172756535593409
-0.022036771008930166
0.2623595181658092
0.2843476274825714
0.012354019100596818
-0.07155922850561462
-0.043127500576391774
-0.14620109165054412
-0.3151947381239353
-0.15655282746526952
0.3356980877972517
0.4185038613026501
0.1322896167349681
0.0055522616112353845
-0.09258030534575862
-0.26924261318633425
-0.4598754811415061
-0.1460350575273478
0.7263664946971422
0.5137295612207465
-0.7737606393660295
-0.6677853663798548
0.6326034448520853
0.6357867685785056
-0.33481425499870776
-0.4031350283861167
0.09974613193086732
0.19341134400601834
0.12967508300646655
0.059162730985964744
-0.14947119983714696
-0.1869836121457259
-0.04258494401158427
0.049930294871459044
0.15342452332264728
0.09961199813013555
-0.15811475578543038
-0.1354121421191903
0.14664017021308517
0.09496422220750607
-0.2296803472385171
-0.20267121040667738
0.10747049345111401
0.24619249226594836
0.3057757539529285
0.14163852379179792
-0.33923124562189255
-0.36771142104003657
0.0459727545048663
0.18418485679566318
0.17886698717999808
-0.008938709837309308
-0.5099276331041203
-0.34993239456207026
0.49191210544242675
0.59381993067319
0.08881590684262926
-0.051233639243456766
-0.04861052304898669
-0.3087742516258514
-0.7212775470332318
-0.30626404618435193
0.9760642083671548
0.8405168783679157
-0.6452649918478958
-0.6612814593447732
0.4816089706293137
0.3684325887052841
-0.6318948714012264
-0.5175216217597464
0.4357424940892356
0.6008853872300207
0.23209374113500758
-0.029654131777072483
-0.4428575696978881
-0.43984646082903606
0.08201756739631523
0.174102919366608
-0.0552222915463712
0.06380209579449075
0.40032826427055657
0.22562070975894555
-0.41694686294295585
-0.38688251879692276
0.24734283035002738
0.3498162955538242
0.08673715745998463
-0.21403544969579003
-0.7460062421794603
-0.4137170823613831
0.8849139045202761
0.8522631436198039
-0.3913138264151333
-0.47473886794565745
0.27436075584811914
0.14192934921888728
-0.5641379862849653
-0.35884602861394627
0.589993648845522
0.5108218719999815
-0.44336505808090687
-0.47744714001206784
0.1755500361862666
0.3365823064993562
0.2623783750107956
0.06845637107301965
-0.4285910899331584
-0.3492947288449701
0.33650683279848476
0.3321490953396752
-0.2401720776043157
-0.2584809989024314
0.09976903270535861
0.13602667796388582
-0.0022190974401574207
0.01015543120775258
0.0864625654217476
0.09598794255554227
0.07389434497089105
-0.16250794709087646
-0.6526527604155862
-0.368185777463059
0.7245826402000706
0.7618315699133658
-0.14218899046034827
-0.28672082574444674
0.04676731340111158
-0.08355450138036402
-0.4524425156224279
-0.22779763401338546
0.5271406503276249
0.43284487292386153
-0.4447884051200461
-0.5006216714019588
0.07795597102300278
0.3846480835495235
0.6729442779917569
0.3022149322262545
-0.9119568752522732
-0.7956852056434837
0.6014253063458275
0.651558769267787
-0.3422573385373497
-0.32818207823807144
0.33780727899039764
0.3618878982571638
-0.0021771393905687837
-0.34550756245006553
-0.8608841770370738
-0.46146432112135494
0.9811333942099852
0.9796050202750409
-0.3526038762212871
-0.5452120574632031
0.028383127808909277
0.09778195662539532
0.017973476598440043
0.05450961926969148
0.06336345868773334
-0.03596940888127639
-0.24303935735433646
-0.0763239602053657
0.48477134610301365
0.26776845663872956
-0.7010706897114719
-0.44519678124651074
0.9256085833056953
0.6004986137722805
-1.216367897845302
-0.9445300430000264
1.1068385535058245
1.0013939579746174
-0.8278158764721618
-0.8861104497944039
0.31391115522011537
0.7041930553575245
0.7805159447078771
0.3612681226799024
-0.8936400822253934
-1.0688085151862288
-0.18922542755575894
0.1750403453022517
0.3702042108385087
0.5031422136978007
0.34038989870609687
-0.051393078145378995
-0.7525679810433114
-0.4583803104529837
0.9276119142582523
0.7400126487928996
-0.8779330362845358
-0.8000114803199786
0.6334257276649524
0.6379283123006041
-0.38299680721520496
-0.43350819778141436
0.12461228464589419
0.18706807080274857
0.012720933847384028
-0.033053187408434985
-0.09166538413551839
-0.07349531474550773
0.06451200923822833
0.12254514454324213
0.12324756433233794
0.062494750657460636
-0.1013371398037027
-0.16996119450406258
-0.14682319375090594
-0.004008599336504862
0.3131420945044325
0.22281680554876837
-0.2960190357433274
-0.21818482948977333
0.38902514913026515
0.19060837144040996
-0.7023921650573187
-0.5323471653096306
0.5671121819412522
0.6482685527988931
-0.06703694045094334
-0.3093106812504526
-0.3742988331991346
-0.05223229638496252
0.876403547726644
0.5784116764892183
-0.9644199092562588
-0.8870420847514394
0.5905163288407054
0.6140973850576956
-0.43208825083740876
-0.3491134208447502
0.4971040897808213
0.3725258306287339
-0.47503981853358723
-0.4051389938448385
0.38877764626495187
0.370831762908264
-0.2554654246380287
-0.2880540539227875
0.07279061019274476
0.1401389803687992
0.07588312716284645
-0.00044915044341469097
-0.1862804543956158
-0.10030829844751786
0.2821547666905638
0.17737301443648726
-0.3786808991307812
-0.2648084610743165
0.436026579664634
0.33457874462539
-0.4430511246280939
-0.3358681154829501
0.4948959834400262
0.3609766433132826
-0.5593302719333726
-0.4064539597149201
0.6313296113692454
0.45017482437286427
-0.74360121305973
-0.5800688096481839
0.7030971290871366
0.6246529397588423
-0.5315394467331717
-0.5150389710169576
0.36018532588190455
0.3834617515805137
-0.15552233083887043
-0.19539249474685774
0.04362958412522333
0.04730456158051187
-0.051607601268599715
-0.06710126956885225
-0.05880865078996974
0.0073813746543059154
0.15929504567095448
0.05416289528466273
-0.32059351252384216
-0.07043138979383458
0.794604457139776
0.6005803274393628
-0.5799818913771847
-0.829058695873013
-0.37825803086794696
0.046439451279329726
0.7800070229024803
0.5803902004121654
-0.7036737129404297
-0.6915678424629154
0.4421982297785657
0.5418281947118222
-0.05274040469605688
-0.2203516345070423
-0.264961543362943
-0.046816317793895
0.605498317630275
0.42426866348035147
-0.5979778803896195
-0.6046249464047939
0.24316278529762977
0.34579411420340744
-0.032422515894381866
-0.09543356600191602
-0.06703177328876081
-0.044887530351109206
0.06894808180884467
0.07885272883316626
-0.01715981672828804
-0.030075532020779804
0.008015803633582268
0.05751217008940019
0.14900698164113668
0.15368755264565187
0.06314961144109854
-0.22416052016681123
-0.75824413251971
-0.4264188197982701
0.8284317726115259
0.7795859381617852
-0.4595114347171051
-0.6184168351762098
-0.021221120789175915
0.3421904260483644
0.82770017534386
0.4939370737219308
-0.8458282410978976
-0.9322699546586911
0.1127641889371027
0.42416449760371217
0.3661419331280367
0.11757410716717379
-0.6246127202240404
-0.4823071389412621
0.580459982848618
0.5545594728736002
-0.3733536447599987
-0.48579648754044236
-0.061909655793757117
0.2697753503675943
0.7761042241452136
0.37646061502404227
-1.0774855878295808
-0.8371711002316362
1.004627847070061
0.8884370104530255
-0.8402430002681561
-0.7657266342028797
0.6570798013149781
0.6133188165283432
-0.4713980693172605
-0.5200820571539505
0.11263868743285335
0.14032841265549084
-0.16902122417247278
0.0695349967345544
0.7224692430070025
0.41918638845216794
-0.796783156935515
-0.7378619717569426
0.45503044614379573
0.5712074344008476
-0.08111839117014195
-0.27573764257248656
-0.3377513528504604
-0.11978637379277947
0.5663290356210238
0.38775170664993835
-0.6589711527157963
-0.5260850360001046
0.6296988331865809
0.5888064785516748
-0.3918852900111449
-0.3799313806335774
0.3397611561041013
0.19316207291888762
-0.5899156050056619
-0.4344536070223373
0.4977451566038361
0.56986025822458
-0.02613532584490407
-0.19610273998596306
-0.18488858140929612
-0.11719127125965813
0.17050403796660227
0.16922231914047414
-0.12643830743438617
-0.14554355318928097
0.032227196538236774
0.036665136803025855
-0.055746653415012073
-0.018920321237283114
0.10644052241984081
0.030411667430776272
-0.23307472533060677
-0.052291554564367654
0.5624673886302661
0.40723122654846194
-0.4698083735153185
-0.5695727289509783
-0.048744957279321516
0.18113849666099696
0.3599516199773364
0.1936623347992251
-0.4742944970673923
-0.36807563619515665
0.4828380981731407
0.39524159502370726
-0.4699614291115132
-0.4220438788608947
0.3309005436121423
0.39842660524383633
0.0007796151432588007
-0.07788951560054261
-0.031173392229599195
-0.10795645876495935
-0.21399875005053073
-0.0435882689824288
0.40971457152711266
0.23599033087409294
-0.5645884021972319
-0.41094515580655944
0.6046106397347302
0.4909018693361823
-0.5658012583852213
-0.5009496206974524
0.44095970527156647
0.44382934763500725
-0.23055848395902562
-0.2687514787617017
0.09265920190326128
0.11972067131982514
-0.017275052018671945
