0.027703520591667165
0.01948257722566715
0.011324700728534346
0.0035009116424519083
-0.008554955639927359
-0.02380352380255672
-0.03331088547014093
-0.03683408666871275
-0.037954272658022065
-0.034345615493045115
-0.03243597820587957
-0.032554672402997045
-0.029502943428628692
-0.02463103366198431
-0.01682453758151472
-0.005294509210364829
0.008567095910755083
0.025317705481739963
0.04572375962094483
0.06982758888649569
0.09785849215947316
0.13010502266057528
0.1414249696125442
0.12946129885241273
0.10633461163214263
0.06490316898421744
0.019820121014303575
-0.028185172466909634
-0.09284286013748647
-0.171365090778824
-0.2105947241674128
-0.20729120211770333
-0.18491317226919163
-0.12897573625384992
-0.0740702116028071
-0.021932526632387598
0.057432018379487505
0.1570760632282325
0.2093703777350126
0.2117321985147472
0.19173752824696239
0.13144626972826912
0.07816880847532404
0.03416579764376514
-0.039740773846758774
-0.13383777611701483
-0.18390582171456998
-0.18868966135375342
-0.17220948109145345
-0.11774634133101039
-0.07299009079313079
-0.0399997298266355
0.019439010172019336
0.0954661069854987
0.13588288102933557
0.14032633417452947
0.12693304764942165
0.08225523559081177
0.04674124914840562
0.021959664653742734
-0.023848878297633106
-0.08232212081072565
-0.11188072429444254
-0.11231941703214947
-0.09770429820226194
-0.05730868038576969
-0.0237272010854166
0.0018634987516745634
0.04499154710978156
0.09895647372824073
0.12554892567178128
0.12412698299602487
0.10827463464524145
0.0679890508423825
0.03227351462206076
0.002192412072924965
-0.04542776501741477
-0.10468312748278413
-0.1354106195393906
-0.1365656786863347
-0.12324405170041879
-0.08485704513386605
-0.0509566792809398
-0.022735567606021183
0.023767228057232522
0.08252863736613782
0.11325015289184488
0.11502045796294974
0.10294932294287779
0.0664819839199331
0.03545197428055853
0.011110301422154443
-0.030570000668495974
-0.08345876254345068
-0.10842182189848175
-0.10462247791457222
-0.08650253546478813
-0.04380297821100396
-0.005630053942503396
0.0268555051867348
0.07708337892218968
0.1391039756269229
0.16938295406444873
0.16657015918685986
0.14730293821966278
0.10002844580655235
0.056255235689067686
0.017246147194074406
-0.04281416966889241
-0.11754855259762238
-0.16084761596258418
-0.17151733916893008
-0.16722703331574865
-0.13587654873336868
-0.11121759323951978
-0.09472864267841813
-0.05909595680889554
-0.01127000781228997
0.018811145265403402
0.03170177492000019
0.037029121188599634
0.02737585346963925
0.02747864187267451
0.03838152443671886
0.041521024912033126
0.042185088492680475
0.04483225449021505
0.04777393665943786
0.052543928367735505
0.059831964819288146
0.062217670672226555
0.05968354942503876
0.056384105286697975
0.05068555425873481
0.04373992473213883
0.03589950754146339
0.025343136671788318
0.01233254085518021
-0.0027830284578358034
-0.020313410201637065
-0.040313304589676156
-0.06285496655064707
-0.07721791525165855
-0.08236949394989926
-0.08346842890949115
-0.0774504621155426
-0.0707077474106866
-0.06355132627708864
-0.0500311536453538
-0.031365727711780624
-0.017756676652507943
-0.009292938327874466
-0.0018182338472596256
0.0021245149359209784
0.01018121237589402
0.022851274217065582
0.034228644273755514
0.04601973835388089
0.0543541526763574
0.05817165992003306
0.060490939218039774
0.06000996087590166
0.05751319580091039
0.053137479936638546
0.045257371177597705
0.033943937697404676
0.024805292661810693
0.018009195274975905
0.01081278610597233
0.004607082430119909
-0.004405565035674329
-0.01658501186477403
-0.028924035902027828
-0.04232048461948426
-0.050635458861257324
-0.05292146418995193
-0.05271652317735012
-0.04816231693037633
-0.04212510522078357
-0.03478971937187298
-0.02301742218380725
-0.007309732023228883
0.004006058214857649
0.010659427950487244
0.016376914409885642
0.019026972662292325
0.024384089764484945
0.032860678983983566
0.03980014620696159
0.046481446065364036
0.04671671202905446
0.03931014785153788
0.028035423547685956
0.010920645145095009
-0.009641950122860215
-0.033526365708536385
-0.06379258378410223
-0.10010283441464274
-0.11753923570978957
-0.11419756132184007
-0.10174544682816036
-0.07328694620317974
-0.044171758765349824
-0.015234790675901142
0.02727842219681817
0.08031548234611079
0.11158546820825181
0.11984670408342926
0.11848700810739698
0.09897062300766149
0.08376421197630785
0.07401339601541873
0.05113294350286648
0.019777777304962937
-0.0015500222483955783
-0.013455987045046091
-0.021676100951700278
-0.021737815528891487
-0.029350227511597392
-0.04521760419207748
-0.057816664934865654
-0.07056733074069489
-0.07548321921668863
-0.07049017697143428
-0.06173393715657126
-0.04657938725533081
-0.02667629822486569
-0.002321505726540881
0.029785190954120234
0.0694722574684866
0.08992049748070453
0.08918436840140974
0.08001151848859207
0.05506748551527654
0.03086641812904862
0.008414278025657643
-0.026943717284941084
-0.07184355238221428
-0.09437569877219264
-0.09340489483844584
-0.08187985078544914
-0.05137303886711267
-0.024264525804672945
-0.0016343678641124498
0.0349805617747286
0.08096949767761726
0.10425029609525237
0.10402459408848887
0.09242117068007145
0.06101443597279217
0.03329309486300542
0.010237736240384435
-0.027182903318498847
-0.07416194388062097
-0.09889920069565653
-0.10067755430628246
-0.09136875244303552
-0.06263721903060555
-0.038027214983057396
-0.018507964919318744
0.014896039910795696
0.057358924893575775
0.08027182540056542
0.08322014644835692
0.07655664689195518
0.05285698146237648
0.03381321756425791
0.020311117907469867
-0.004876919010944609
-0.037270764622354596
-0.05541155520904197
-0.05933098611986683
-0.05620427882768472
-0.040557716523530435
-0.02945016716439568
-0.02353148113185365
-0.009600867240782789
0.008792583143000656
0.019377259814380602
0.02254190061514685
0.02170781110603709
0.013840526911563632
0.009586720519377635
0.009289978353811807
0.005067321726236385
-0.0008473847642959932
-0.003460887175615363
-0.0031824023053746587
-0.0008414565545969902
0.004747717193788394
0.008590605422105713
0.010597696049269877
0.014262435755355444
0.01854576695365561
0.019761461031516332
0.017914096925046898
0.014015716253284504
0.007090449716862207
0.00021097936933613755
-0.006578662919996532
-0.015684330148405968
-0.026510826843634788
-0.03213422071040827
-0.032175744236744526
-0.029522608346807935
-0.022284802112516513
-0.015157607374830937
-0.00833950000249151
0.0021843804878155845
0.015482900986020757
0.02224245604293205
0.022091310212689515
0.018847644788114678
0.01003496651289569
0.0021565823665044928
-0.00447573942728832
-0.015258579226355842
-0.028857813543718754
-0.03387318122402941
-0.02987101182722937
-0.021358154793415515
-0.0052893431259447635
0.010303388405686044
0.025084823234560506
0.04572943444213454
0.07061825615181794
0.08113526326111281
0.07629927216899193
0.06384006908550348
0.03869304042232867
0.01342360797866888
-0.011438476450073887
-0.04663873238765177
-0.08968649069305328
-0.11121631975965152
-0.10977736086516028
-0.09766506026940042
-0.06695904553656583
-0.037605753491939675
-0.010526078818648092
0.031178088830959804
0.08348554661961868
0.11044411762757012
0.11076130350034903
0.09885693432596909
0.06520008424332084
0.03519924856657723
0.010022662469928004
-0.03128915159931493
-0.08353265914162004
-0.1099616798833199
-0.10965645681625308
-0.09658392438914622
-0.06110183394811699
-0.03011368047636065
-0.004768092906707136
0.036714031336563036
0.08881012652920663
0.11519396903467691
0.11503807425894362
0.1018680896496352
0.06615219147114064
0.034769005949641205
0.008807940851260283
-0.03341729865257628
-0.08641027176707049
-0.11380429518827274
-0.11475928941282398
-0.1028476345429322
-0.06852497709915813
-0.03870336644184069
-0.014481044649218252
0.025853982893368606
0.07679407551989412
0.10376772873151019
0.10612006425227521
0.09657358105722379
0.06610552762532303
0.04060100196102708
0.021119954832267418
-0.013059630011001293
-0.05661435865677314
-0.0802784149912845
-0.08377196451816275
-0.07741584614507009
-0.0536519718840383
-0.035011226542680365
-0.022386673604550607
0.001973138164117461
0.03340850335835053
0.05153456954415003
0.05653789040502304
0.05495913609129506
0.041640847777891135
0.033164258086688526
0.030139408494725
0.0198891775228723
0.005874313038391307
-0.004351665898030279
-0.011568341038015224
-0.01702641317509033
-0.01901950473793559
-0.025334527929970492
-0.03618677467098953
-0.046312400108478806
-0.05739994564959157
-0.05992406636203164
-0.052399490827811805
-0.040504723008102185
-0.021380731643095872
0.0008631325212526061
0.025908653029385175
0.05841650082340655
0.09766279167183649
0.1155062067563917
0.10993104079439504
0.09386016703235807
0.05954056852759733
0.024554413189362717
-0.01017515566001347
-0.060267833048669554
-0.12222558018581678
-0.1528895982229195
-0.1501649782839838
-0.13225650271203768
-0.08756610663609142
-0.04532005126280007
-0.006926241817510243
0.052334575448735314
0.1265324800567739
0.16374078238163672
0.1621073687374567
0.14234948240029238
0.0906928194615997
0.043862722977120065
0.00351431435287281
-0.06065983011554797
-0.14115884220239072
-0.18323692142095865
-0.18541324090082575
-0.16867000054974451
-0.11860823787338787
-0.07508545462831334
-0.03981436852565901
0.019582036929249376
0.09493249710088865
0.13921476284591988
0.15193901333916482
0.14999291791994354
0.12125869769850892
0.10171630095123277
0.09287646381161421
0.06638570682518966
0.029730614500026255
0.005517558654724742
-0.007547039797857701
-0.015192291043434423
-0.01205487833947037
-0.018849017574436265
-0.03631584640669755
-0.04970468984638623
-0.06348843568810596
-0.07122960770173889
-0.0707096774567956
-0.06810470025600016
-0.0611836122704346
-0.04983576113698001
-0.0344090930561973
-0.012864182144818555
0.014944140734256052
0.03254442364093884
0.038880563865008266
0.04203817781928056
0.037629757282918196
0.035819336907610765
0.03737211352353996
0.03347293283803947
0.026302433853656056
0.01976757248676659
0.013074660747312072
0.005789128129390296
-0.0013892921901340208
-0.012996632374050377
-0.02925922111471389
-0.04746844235343466
-0.06871581412706303
-0.07801002787712105
-0.07368054128750898
-0.06364079137147693
-0.04359417290406145
-0.021611216090185334
0.001783125928314882
0.0344608478394115
0.0748647880663343
0.0962728237010129
0.0972321063367265
0.08946437016552661
0.06577406680525895
0.04379694352030235
0.024468290507558187
-0.007284505858522569
-0.04785948189057576
-0.07026693731763355
-0.07386285691303736
-0.06909699226887245
-0.04893499263406802
-0.03305422838549204
-0.02237218915383622
-0.0010183415263301985
0.026917063057255587
0.04257539767592056
0.046095927148469266
0.04368656798688631
0.03058330067094719
0.021933431549480263
0.018328206315507703
0.008153741931207362
-0.0054149485574717104
-0.013053541323093895
-0.015224686437672242
-0.014186769604339934
-0.0076723953411054506
-0.004167853170954309
-0.0039087699252151695
-0.0007470320442800838
0.003537707364100432
0.005007108436091991
0.0039559516590792045
0.001015153087330617
-0.004769718913981207
-0.00947566904909287
-0.013052560990220405
-0.018278526966057893
-0.024353509987093562
-0.02651628993412232
-0.02459810236259468
-0.020292861130160753
-0.01230522544994384
-0.004151961614842659
0.004075941488197413
0.015292798742231935
0.028818995811440346
0.035943721505353805
0.03619671859499963
0.0332667535032715
0.02478861748735351
0.016631043372953028
0.009063087598916577
-0.0029249296770824463
-0.01815644901903158
