step, usd->oil, oil->usd
Band: 0
Linear p-values:
1, 0.10908510709316968, 3.7277685125665855e-15
2, 0.0611688464627026, 0.1372380139642792
3, 0.40030825086996114, 0.5904818930297189
4, 0.43883913312399747, 0.6258112416531336
5, 0.44044192358173906, 0.6030047815353519
6, 0.2950572181915831, 0.6306573463187998
Nonlinear p-values:
1, 0.23087, 0.01971
2, 0.24049, 0.02175
3, 0.23512, 0.0261
4, 0.2303, 0.03358
5, 0.23046, 0.05265
6, 0.22256, 0.06183
Band: 1
Linear p-values:
1, 0.1460798001569633, 0.20685482497425264
2, 0.47088115351297744, 0.7434460053318903
3, 0.9390271543117312, 0.9678143685143896
4, 0.9320728875069821, 0.9577332461088155
5, 0.97672912737551, 0.9315799293485
6, 0.965916259637151, 0.9275013737445278
Nonlinear p-values:
1, 0.79513, 0.02548
2, 0.79662, 0.02455
3, 0.75659, 0.02663
4, 0.80368, 0.03298
5, 0.80948, 0.03898
6, 0.824, 0.04879
Band: 2
Linear p-values:
1, 0.33222550025482356, 0.46759585000666326
2, 0.7789647528119414, 0.7087307920049617
3, 0.9307491348319696, 0.9352939767123591
4, 0.9752412963132789, 0.9733840794160994
5, 0.9897950459351507, 0.9938133589359041
6, 0.9897350705546555, 0.9888241285428471
Nonlinear p-values:
1, 0.77244, 0.99125
2, 0.91445, 0.99401
3, 0.97299, 0.99541
4, 0.99395, 0.9958
5, 0.99785, 0.98678
6, 0.96213, 0.9915
Band: 3
Linear p-values:
1, 6.824497466684202e-05, 0.0002992746075294976
2, 0.03873149545702352, 0.09498327747582427
3, 0.05048281800257351, 0.23440265457668533
4, 8.699765150031166e-05, 0.009494100947650842
5, 0.00042144277922677735, 0.027380186801236585
6, 0.0006938448317343772, 0.021288457193694058
Nonlinear p-values:
1, 0.31022, 0.98392
2, 0.382, 0.93136
3, 0.24695, 0.78552
4, 0.14875, 0.39985
5, 0.08624, 0.26299
6, 0.10801, 0.28291
Band: 4
Linear p-values:
1, 0.9363951423495626, 0.5144685073336441
2, 0.49881757580283315, 0.48724937583071715
3, 0.5664290126570267, 0.4404630646051213
4, 0.6965480539028843, 0.5712097029612007
5, 0.6305060624638705, 0.6605601860122086
6, 0.8548408275359302, 0.7958659633300526
Nonlinear p-values:
1, 0.99191, 0.99999
2, 0.82068, 0.98843
3, 0.19452, 0.6801
4, 0.31451, 0.79911
5, 0.34692, 0.80623
6, 0.24014, 0.69578
Band: 5
Linear p-values:
1, 0.11665342268453968, 0.515520060334369
2, 0.08659557180748502, 0.4415279043469549
3, 0.04759251641772973, 0.5010562894228137
4, 0.09815540464900224, 0.7326278619575342
5, 0.17472855277507227, 0.896521884486646
6, 0.30183730187252766, 0.9908889133105457
Nonlinear p-values:
1, 0.7122, 0.51157
2, 0.88291, 0.50629
3, 0.65711, 0.12273
4, 0.83557, 0.40514
5, 0.58964, 0.05904
6, 0.76163, 0.14351
Band: 6
Linear p-values:
1, 0.04230899451846173, 0.0020634136576389993
2, 0.535182228975692, 0.05901205200680477
3, 0.1485119142895069, 0.01307874837680896
4, 0.6553747257312532, 0.014146798615913558
5, 0.4033504926712617, 0.01685461252269831
6, 0.5651093273275701, 0.04024848444905246
Nonlinear p-values:
1, 0.26177, 0.16199
2, 0.82148, 0.26179
3, 0.9744, 0.15006
4, 0.99151, 0.58081
5, 0.70032, 0.20861
6, 0.61929, 0.51251
