0.00439298930960333
0.004871392251548433
0.005356358177195671
0.0058461571278321375
0.00636293374731807
0.006900642802728236
0.00730575926767401
0.0075651699954837285
0.007746526310792834
0.007805934807704569
0.007836854029311209
0.007842258863940866
0.007735470181496501
0.007533480671619112
0.007338650853106456
0.0071470112788388045
0.006918478437759723
0.0066761804586920395
0.006333822274989663
0.005884276684657053
0.005387877829185327
0.004823608925658163
0.0043044307540430525
0.0038465940507519257
0.0033804780054954523
0.0029389300960140723
0.002468870341157074
0.0019647716459034125
0.00148215603449765
0.0010101957420873954
0.0004426936552268077
-0.00022212393105871118
-0.0009402028509695503
-0.0017383315179134396
-0.002540293212962293
-0.003341235176469912
-0.004201469828182252
-0.005104273061643195
-0.005847263820656297
-0.006416781019338593
-0.006895911289805414
-0.0072278306491976845
-0.007543426973384436
-0.007846461105685251
-0.008020081515232742
-0.008088536390123278
-0.008175713973707978
-0.008275564441337402
-0.008342125048777951
-0.008403109607618546
-0.00835074905519979
-0.008176574998621605
-0.007954972666985721
-0.007659789081412263
-0.007451287168862307
-0.007351540147456853
-0.007264684330415035
-0.0072372298541132085
-0.007191810480297114
-0.007121092087395462
-0.007104928881850934
-0.007127777510173349
-0.007044384942101104
-0.006853015715913509
-0.006613681001777588
-0.006290075378276093
-0.005987945906245089
-0.005714238539651431
-0.005386235179301616
-0.005027399929788037
-0.004699352723340637
-0.004398916156241672
-0.004113725409730477
-0.0038590738264621715
-0.0035794380913343913
-0.00327420800092777
-0.0029844419696694138
-0.0026991343149247835
-0.0024036754898464643
-0.002101783291005467
-0.0017933889211602732
-0.001475998000843804
-0.00117017152912493
-0.0008767549585025382
-0.0005839791645113941
-0.0002967723825669801
5.740851652663183e-05
0.00048648488912347106
0.000952425531161326
0.0014759723731023176
0.0020178199675056603
0.002575440029510462
0.003186993168542736
0.0038448850472954654
0.004493513529745301
0.005133420838586676
0.0057868223035637545
0.006440354998626104
0.007137198959227979
0.00788043902588398
0.008637877613343002
0.009419467432987027
0.010029519406585839
0.010444670225726264
0.010763788541241354
0.010929247151055234
0.011045758062746762
0.011117913965019599
0.011040585047466406
0.010832315019049814
0.010645532383456531
0.010477200522209795
0.01026331423530937
0.010039198584386145
0.009683632347859739
0.009186176880012154
0.008634212691962018
0.007998374348836707
0.007399431502062075
0.006857117703048592
0.006291822242008174
0.005739158873897656
0.005147206379907954
0.004509490328251485
0.0038833932716671052
0.0032581912095450342
0.0025103320360270916
0.001636793589856525
0.0006899442935261163
-0.00036172789164736537
-0.001431821380255184
-0.002514852431062978
-0.0036803454165176422
-0.004909522594773127
-0.005875120766318773
-0.006552010381112875
-0.00708048221732467
-0.007367906245542851
-0.007619239613763879
-0.00784097753715779
-0.00784671315229338
-0.007674241504132411
-0.007533870241150203
-0.007416770170070783
-0.0072427764894775
-0.0070593815233569454
-0.0066873001298806
-0.0061122534168618885
-0.005459282159436407
-0.004684966225457806
-0.004036672703532707
-0.003549546069177096
-0.003073349485280106
-0.0026801102827035774
-0.002252619848746991
-0.0017793331332807674
-0.001382628242050955
-0.0010389258651521444
-0.0005196560846671755
0.00017833140060082912
0.0009600614862811728
0.0018828072916785795
0.0027811741920619488
0.003644284657887793
0.004601997574244517
0.005617678131458818
0.006361248964508498
0.006813796303706829
0.007104029969708568
0.007140061489596074
0.00714266841080135
0.007117432041121303
0.006870932011519008
0.006444195683374907
0.006027428029043349
0.005609563174151316
0.005122362137608246
0.004607774286042646
0.0038959379614182162
0.002973628026251951
0.001956417433774751
0.0008029030352217833
-0.00021411939460125158
-0.0010583470959298848
-0.0018907350708609356
-0.002632467102611156
-0.003417780894672881
-0.0042590580888681685
-0.005019509308420144
-0.005726176005426051
-0.006621795461253568
-0.007708943547500037
-0.008888103582867277
-0.010219890139159348
-0.011526724646233558
-0.012797079798071077
-0.014169574003536682
-0.015604836736654502
-0.016692219880332735
-0.01740538534742883
-0.017908691194030837
-0.01808693903116022
-0.01820908026638876
-0.01828202660448997
-0.018066882403375766
-0.017613204807739646
-0.01716604829715277
-0.016712152232773104
-0.016161229786153433
-0.01556749973114257
-0.014714833217711177
-0.013585949833563194
-0.012328531015274698
-0.010889741284401004
-0.00960258591009692
-0.008511872316429496
-0.007419219394335543
-0.006420818576975832
-0.0053538399404768665
-0.004202752842894022
-0.0031338553290298807
-0.002114119751262638
-0.0008437118720009234
0.0006810961049808493
0.0023373707246474927
0.004200277720852576
0.006051605618819628
0.007877422785180922
0.009848857319266765
0.011917775957137373
0.013592549546071076
0.014842522845181685
0.01586402899881313
0.016519561312638324
0.01713280212203843
0.017712351456339585
0.017971980481975878
0.01797167590202342
0.018003529051970057
0.01805185874622172
0.01800995398593145
0.01794264713624131
0.01759235925257801
0.01693887449182856
0.01615859078441762
0.015188806025944263
0.014429921628800758
0.013935981647534514
0.013469337946083366
0.01314587471936839
0.012770060532946865
0.012323631400980094
0.012006835352454363
0.011780305741867706
0.011284841477458347
0.01051639393466393
0.009622673293852505
0.008513923172836913
0.0074523272163994694
0.006454962597594385
0.005316931969388525
0.004096360057190062
0.003061791489839971
0.0022172820171538453
0.0014780066754550864
0.0009156111708858862
0.00032616778424148657
-0.0002940789675165311
-0.0007792787477193399
-0.0011684562393541223
-0.0015811532284176271
-0.0020055440773232664
-0.0024076642746867763
-0.002812628007027862
-0.003100922580530109
-0.0032644908022215974
-0.0033808482644345334
-0.003420982285628546
-0.0036448431657513844
-0.004084031828753884
-0.004593346453815114
-0.005247506926707377
-0.005912350139806535
-0.00657737204828683
-0.007375989972604285
-0.008281718735456575
-0.009078538025563042
-0.00976607896453933
-0.010431882317822803
-0.011022885524877781
-0.011701386476492501
-0.01247838623459829
-0.013229749891362984
-0.013992096211681201
-0.014528383463780855
-0.014800754460987798
-0.014946380143480311
-0.014892926969634257
-0.014746649605648442
-0.014513998108253462
-0.01407502375690095
-0.013447560832249334
-0.012846838858643492
-0.012271806055454283
-0.011626561547041113
-0.010961877182686739
-0.010114958693981255
-0.009071035128263589
-0.0079504224293771
-0.006713713924059629
-0.005474721018068013
-0.0042557810475648
-0.002972901872294149
-0.0016603159602636523
-0.0002768025816049234
0.0011849093202035933
0.0026741420904649376
0.004199823749113829
0.005895499808857612
0.007766115707489188
0.009753674665525614
0.011892929182726622
0.014094330883029797
0.016352428654798214
0.01874148140894023
0.021242482992285983
0.023167971395736862
0.024456941653783575
0.02541845242199056
0.025855653188247188
0.026181556706400454
0.026410362138101044
0.026156583082498082
0.025495531276632944
0.024894710206693246
0.024337626936321962
0.023640165484908122
0.02290867720012058
0.021752856464153755
0.020140737662768634
0.018347073207336077
0.01627723228046543
0.01442440050715446
0.012861033458887993
0.011281326007540681
0.009829226635766847
0.008276000967262396
0.00659768622513314
0.005035917699193891
0.0035443083051660824
0.0016553094787035284
-0.00063892703285608
-0.0031433075629797363
-0.005975618210787506
-0.008800666070503784
-0.011596717848612229
-0.014628810520828489
-0.01782314716665903
-0.020359041002895973
-0.022183334240909184
-0.023628629142879033
-0.02446505278251549
-0.025228087848141675
-0.025932676237664033
-0.026103210730210862
-0.025839013016702224
-0.025634472716616213
-0.025464292049479222
-0.025146648687556714
-0.024791760725364546
-0.023966700250342227
-0.0226375586913263
-0.021102095556584592
-0.01925515233300456
-0.017752614333419195
-0.016684049289181463
-0.015658470158268337
-0.014866008445028408
-0.01398851817484926
-0.012996046581227445
-0.012215912939275092
-0.011584156875030841
-0.010509110350290474
-0.008983905675221239
-0.007252525104710212
-0.005167120853727948
-0.0031589672523128403
-0.001256312092350298
0.0008780173656166589
0.0031483431886520567
0.004985353725761517
0.006369237539119731
0.00749906713120724
0.008219807062567629
0.008939813915010949
0.009667673993392651
0.010060007311285452
0.010193874829102913
0.010357002150810939
0.010526951746153201
0.010610493452259513
0.010669553672522421
0.010432369674223662
0.00987908204597172
0.00919003528580496
0.008299021233612315
0.007720124317378407
0.00751821487146532
0.00739913247296316
0.007510872580142563
0.007593105488938586
0.007623844551882497
0.007864324427433985
0.008262618708224709
0.00837854211806556
0.008209496829124311
0.007934592333971363
0.007444818784498309
0.007066859488719548
0.00682233141589313
0.0064589180108288674
0.006049673944963329
0.005701778867657494
0.00539809061092956
0.005140419184100267
0.004952623798550882
0.004712558588768837
0.004420978186734694
0.004159227460042966
0.0039029166008994194
0.003666023991624672
0.0034589492366402436
0.003258913098012679
0.0030723044060731552
0.0029152996961439035
0.002787291247063182
0.002686747295629682
0.0026179987853560322
0.0024107752581958033
0.0020495626273615087
0.0016185548082177622
0.0010699680819716904
0.0005022751713589999
-7.871804403742337e-05
-0.0007645958469081039
-0.0015360271314267075
-0.002272714316661966
-0.002976693709718582
-0.0036939262064337166
-0.0043956429760145755
-0.005177581171756925
-0.006046183870903145
-0.00693073647845045
-0.007853188378426572
-0.008552468788601159
-0.008994668052130615
-0.009318111832546076
-0.009445416253027718
-0.00950986453265321
-0.009518314203084004
-0.009333325046766452
-0.008978518871776107
-0.00866701612415458
-0.008395957011205296
-0.008074645316777278
-0.007753031578380279
-0.007264963088250453
-0.0065962327470327296
-0.0058681827281653045
-0.00504085296048257
-0.004261212253806655
-0.003555009300418356
-0.0028223726375752618
-0.002107128862010934
-0.001349629199932713
-0.0005418766509769109
0.00024749124940814704
0.0010306999878432475
0.001963992593684636
0.0030515228662706807
0.004226058781255897
0.005527474424543034
0.006847450625494328
0.008178896100178665
0.00960923799417153
0.011114856102083792
0.012237889518428014
0.01294195625638612
0.013425080784166099
0.013557271892722818
0.013622638138364906
0.013630203875307672
0.013319973159951986
0.012744110842924494
0.012199868837791799
0.011675020105463996
0.01105528604440181
0.010407779040003992
0.009479901408394307
0.008251284802558326
0.00689818137912206
0.005359290348538797
0.003976040271627478
0.0027971563167046433
0.001614103074333811
0.0005262365105553302
-0.0006277114279124308
-0.0018639762352761259
-0.003014075496088213
-0.004110629976693461
-0.005471122763870493
-0.007100285411321438
-0.008866296483860392
-0.010848915279208735
-0.012819130770445455
-0.014762070573119545
-0.016858087479467695
-0.01905664068288211
-0.02073510077539591
-0.02185050178782183
-0.02265878102692993
-0.022984658567456837
-0.02322901891122748
-0.023403032008183593
-0.023147386092722218
-0.022535946855562358
-0.021951012209681965
-0.021373702958307268
-0.020661188577501363
-0.019898722282882468
-0.01875355370068677
-0.017199089025697195
-0.01546447515924411
-0.013468638041548719
-0.011702824993739293
-0.010234467961479674
-0.00876872501841261
-0.007447887427949959
-0.00603445108630829
-0.004505452040738961
-0.003105335643724271
-0.0017860355117010627
-0.00010086299587373879
0.0019560059438867507
0.004200561048200644
0.006744795902934439
0.009264400246748574
0.011738475682787814
0.014421546248310099
0.017241997767356507
