0.014707026945772386
0.006832105617007266
-0.0012654380451207902
-0.009419738533257156
-0.020724561060163443
-0.03448753000566084
-0.04108705027943605
-0.03999877186679112
-0.03533381701313487
-0.024483323448424778
-0.013861241485371597
-0.0037698659422642222
0.011283925193750124
0.03001252317796358
0.04063455055277983
0.04273117534392506
0.04105573941985937
0.03249195731165508
0.025361094507891365
0.02005751607794989
0.009727972074373521
-0.003915308596400287
-0.01220857646713453
-0.01518932763943082
-0.015843355272811416
-0.011988392533175166
-0.010490633340575142
-0.011652149282988059
-0.010201805115922363
-0.007596515936420183
-0.005817630761873393
-0.004434120358515491
-0.0034973490660946457
-0.0033900268329465377
-0.0015776307787978582
0.0019878567945385787
0.005758785102800386
0.010297163931722643
0.012815658605234478
0.012915625730581437
0.012332317163651789
0.0102603343588443
0.007922584042163125
0.005454405530820736
0.0015350874242735734
-0.0035878597409832232
-0.00722226528059962
-0.009314401520814626
-0.01100053819279711
-0.011599817331102859
-0.01302264883049883
-0.015393877976208052
-0.017193799734605525
-0.018842192223439313
-0.018820666920807014
-0.01679145497564748
-0.013752816982550441
-0.009207909036563452
-0.003645684611700367
0.0029021843190589285
0.011153663694863371
0.021050179544708076
0.026765605119326862
0.027866943439317348
0.02710543824810383
0.022879032025415653
0.01878635395877045
0.015036563786666561
0.00842646116412693
-0.0003178054331101171
-0.005769028962585692
-0.00784406301156548
-0.008662335819200933
-0.006837569879225639
-0.006387595045911096
-0.007526506618602639
-0.00707785338287429
-0.005900962440982244
-0.005357033424519926
-0.005194385189670157
-0.005350567308204032
-0.006097275718046945
-0.005823030160060464
-0.0044878063240687445
-0.00309878560909969
-0.001296909927394386
0.0001287985351974518
0.0010209968283968172
0.00202391917684096
0.002909149908986584
0.0038885425759079854
0.005027252176857909
0.006026883368955464
0.006942849577840719
0.007026009583481728
0.006150084259070143
0.004698681822225133
0.0024315050187237452
-0.00028448173632031733
-0.0034466721284868674
-0.007470295057685227
-0.012304637964595322
-0.014589047356317863
-0.014065132708215519
-0.012303661248581853
-0.008373158422103233
-0.004351671184051629
-0.0003509293812901207
0.0054901024008908155
0.012758726578377906
0.016627307058900465
0.01688087205919466
0.01554574947704007
0.0113336340803945
0.007547637820370344
0.0043519652940766556
-0.0010217771871086187
-0.007896854777801074
-0.011700767946796857
-0.012346531120738028
-0.011557771837328798
-0.008147502358022415
-0.005507230854408983
-0.003788954044502288
-0.0002798934645888842
0.00431497747174656
0.00680210004696214
0.007205268126813173
0.006565867074355757
0.00407568469809663
0.002306984773833148
0.0013570324688304061
-0.0007472663061059237
-0.0034685837587105565
-0.004974547888902608
-0.00531953739743174
-0.005006229862713767
-0.003578251708825524
-0.002622442104807254
-0.0021854727015511097
-0.0010860621352318954
0.00034627349341639403
0.0014038427629080503
0.002155348689515951
0.002713007062068174
0.0029137201782194096
0.0034883883325560455
0.0044538874748189915
0.005311233166737243
0.006216376215712904
0.00639823389721546
0.005727075087794037
0.004674205297666435
0.003004850269104223
0.001028820535825105
-0.0012295496287227227
-0.0041408104796757245
-0.0076530495086119844
-0.009519222471813834
-0.009581337561484098
-0.008877958173771757
-0.006792664307046326
-0.004732244792830125
-0.0027742317563380164
0.00032541958261748314
0.004283961370877592
0.006506648608322157
0.006910820886914007
0.006547073393582234
0.004734958184742867
0.0033155152458353818
0.002381300573683201
0.00042806489893529466
-0.002160694152869364
-0.0036322313931165685
-0.004005451310389976
-0.003856254436924114
-0.0027450023018754507
-0.0020859788959424227
-0.0019365635524358838
-0.0012188596921438623
-0.00023145937203867495
0.0003407529765633143
0.0005569486016948882
0.0005374246249628547
0.00012230412532499412
-7.597909240491788e-06
0.00016310628802259977
0.00016186787852234523
0.00013259740099719685
0.0002923579208007915
0.0006136156197657811
0.0010955211639416206
0.0017898408798063651
0.002445784137807578
0.003065555732400625
0.003820132065268251
0.004660344896513231
0.004951202628799333
0.004647402921226939
0.004014100700004275
0.0028722249468180615
0.0016372940695896768
0.0003223023617098343
-0.0014423666228345735
-0.0035789335207281397
-0.005040463517192532
-0.005778000617646203
-0.006241671400106783
-0.006152397278757995
-0.006224594087763292
-0.006496744492931942
-0.006370792263400376
-0.005994850718262826
-0.005362432049416906
-0.0043912169938374315
-0.0031763299935196995
-0.0016856048277446621
0.00024191090846298362
0.0026182116336031123
0.005406768477115304
0.008657326974147785
0.010454463663114802
0.010619689476055133
0.010102105512334737
0.008362167006201784
0.006511797000253907
0.00461596301469225
0.0016396984775148542
-0.002199137045047786
-0.00433059376243286
-0.004653453714224389
-0.004253697130030943
-0.0024538800788023838
-0.0010291422418331054
-7.604987348341626e-05
0.0018739189551700698
0.004449664334317431
0.005393178624622286
0.004668215323081071
0.0030952049244152187
8.694958017680922e-05
-0.002665362935516205
-0.005093897874569528
-0.008550188093864501
-0.012686895297176887
-0.014259089761305962
-0.013110970331892218
-0.010540291141651427
-0.005664829043370069
-0.0007192860920009077
0.00421231875206211
0.011027250019067698
0.019286099465890088
0.022872505912473712
0.021435058717993557
0.017582248722511205
0.009644858512159743
0.0016839168825845973
-0.006118447270774181
-0.017262929591613057
-0.030942697222193585
-0.03768371911547812
-0.037025047182637216
-0.03293242997358994
-0.022854363309608487
-0.013232102354497859
-0.00436557061258944
0.009194283562496562
0.026146363719111762
0.035864717347874255
0.03802948656406052
0.03683284357471252
0.02948093736747423
0.023609616172211804
0.01957360164998655
0.011147333517136936
-9.254913330919846e-05
-0.007009943395243502
-0.009702528508468219
-0.010515943157523956
-0.007671454561011706
-0.006978242889650274
-0.008682782894203463
-0.008389440277370833
-0.007335359424431443
-0.007034875267483186
-0.007126772319590902
-0.007742662573505895
-0.00917211619043525
-0.009387877633216553
-0.008366762092413802
-0.007337443102346948
-0.005857364572376846
-0.004439582736135015
-0.003228368604879494
-0.0016475202872338677
0.00015631357354151115
0.0021701353282623068
0.0044640923640119215
0.006931001544476363
0.009589442965607153
0.011091613089079308
0.011282514017078958
0.010811354078856712
0.009279035305486174
0.007463961680232736
0.005393762617603886
0.0023117715003484756
-0.0016439714843127671
-0.004093721605758306
-0.0049249515129329985
-0.0051936474866827185
-0.004269897156399131
-0.0037612494398582027
-0.0037651884439401906
-0.0029393924310012346
-0.0016236125550988935
-0.0010393899359510085
-0.0011338778961819621
-0.0015532403474683098
-0.002589474683775332
-0.0031848837153136554
-0.0032953675588744792
-0.0036886583020767855
-0.004135126953216719
-0.004284838461992559
-0.004184309514809576
-0.003834842390809034
-0.003154299009114683
-0.002538321156709548
-0.0019832921424740146
-0.0012195146934818408
-0.0003244580623570293
0.0009338268017532406
0.002610911440891837
0.004548598845366476
0.006823852570814353
0.009386501589234866
0.012233421364948241
0.015463983916553525
0.019076091273203134
0.020095286739704274
0.018241962045448097
0.014917358913481508
0.009271107500263337
0.003045412216931184
-0.003684877005945452
-0.01255911828454819
-0.023253382373592094
-0.02896866241835362
-0.02927716183029149
-0.027203605700533283
-0.020891724010812223
-0.01474258831846744
-0.008979984302135077
0.00022481924448444096
0.011988138797680245
0.018514786940375835
0.019562965976284014
0.018264383003706277
0.012574449182406688
0.008053179225586623
0.00497483572680473
-0.0011959371442899728
-0.009302707403468818
-0.013407570719016987
-0.013500397493521776
-0.011623606672843402
-0.006261474055409242
-0.0020548825133913616
0.0008100290572719903
0.005945683105627509
0.012384613651923691
0.015302204834876444
0.014655646626003672
0.012069337488051463
0.006287119006796747
0.0010579378237773394
-0.0034946930262674675
-0.010335160668707022
-0.018703471538496663
-0.02235387828080912
-0.021036574363998684
-0.017197461056949078
-0.009157463292837698
-0.0013366400571115985
0.006092517244523414
0.01681359665109643
0.02994374822338657
0.03619328537070445
0.035128667507434125
0.03057028975591316
0.020015573125138842
0.009849393777818793
0.0003542305810624565
-0.013852121582247684
-0.031485211920097275
-0.04062253319320929
-0.04080230104578154
-0.036835551964414945
-0.02554796704799525
-0.01530726536003718
-0.006493716235671571
0.00783373453442252
0.02596956350767772
0.03568299076562959
0.03667347518602036
0.03361665230030728
0.02331031606976661
0.014712215100380762
0.00821685174812908
-0.003413284534639311
-0.018330708042821428
-0.026640948260162344
-0.028285549183402366
-0.026725258866477277
-0.019420244796397427
-0.014042791806315468
-0.010902934987450671
-0.0039938518910621595
0.00508887568230036
0.010236769370011353
0.01158312780625116
0.010949318031479388
0.006810577383232208
0.00431183351581244
0.0036304930796389264
0.0009040022522166401
-0.0027898122040691847
-0.004380300989643834
-0.004012872492303885
-0.002403042838732034
0.0012042278555617965
0.004002316523663206
0.005925397892124876
0.009018509914000704
0.012701422403799564
0.014129131089000567
0.013248957706862793
0.0110039470181463
0.006635739696868988
0.0023412516772100198
-0.0018235796691496793
-0.007627668093878763
-0.014639320029041603
-0.018304849456610327
-0.01840335328909494
-0.016808948077399636
-0.01229031210880838
-0.007980086675300549
-0.004014425195747267
0.0022528978740349245
0.010193807160249951
0.014604533276533596
0.015327858635634028
0.014426034738997204
0.010531891801528569
0.007386474676566154
0.005166827717637374
0.0008257860767277917
-0.004861971284584246
-0.008187769802473724
-0.009175348246034365
-0.009069652152904482
-0.006935572923110143
-0.0057362922936989875
-0.005594084013164274
-0.004237028992263168
-0.002289867019704279
-0.001024433287982736
-0.00029576578294032355
7.443820127437387e-05
-0.00019857906058190597
0.00022331942966780755
0.0013721875360977515
0.002350036912886868
0.003445281258354739
0.004082816421742647
0.00411731524775511
0.00402632360552924
0.003627926072681938
0.003019682374997882
0.0022352611027019026
0.0010615465637076739
-0.0004851749040148705
-0.0015802647227603844
-0.0021878333522372304
-0.0026983800014994132
-0.0028993758980994113
-0.003326312505142548
-0.00402107263262959
-0.004539175318009981
-0.004999311710946261
-0.004784164355210624
-0.0037750303786976093
-0.002341189264471518
-0.0002851082521830089
0.0021496479042574196
0.004952458675011402
0.00843271443785684
0.01255691323324184
0.014315571630049408
0.013466180053589892
0.01141863325507095
0.00733333283695974
0.003044321136163349
-0.0013538198364436216
-0.007522945228487574
-0.015103909943316968
-0.018852972865953145
-0.018487746496428613
-0.016265342950545127
-0.01076841054494947
-0.005488136025128173
-0.0005961715393134019
0.0068911085285935075
0.016268012780253093
0.021260219387916172
0.021649137445608098
0.019949641711244383
0.014502036000083048
0.009746766211639557
0.005890273847140274
-0.0007229463775924154
-0.009181176304870009
-0.014285645653237006
-0.01599798790198365
-0.01618329720168939
-0.013510250580994383
-0.0119749708607306
-0.01175132067333647
-0.009708308981841506
-0.006683430135799413
-0.004338796837747302
-0.002452161010924545
-0.0007943974453534559
0.0002796947003108334
0.002570439294673548
0.00613533968844548
0.009802101199619271
0.013971947771377608
0.01583900990840394
0.01501684703521902
0.013120529568488401
0.009326648632567726
0.004960487318778711
0.00012447295203338795
-0.006585084508971361
-0.014920074239904588
