-0.015051175070714271
0.055510901104600066
-0.05621399373516865
0.04287860005096998
0.001690936395608359
-0.10123275393211435
0.11036989241117186
-0.024443674447590033
-0.010641840089504846
-0.01377771275772757
0.013836077077831764
0.03381759342052864
-0.024828270549036247
-0.06946583488114152
0.07298001645998115
0.03615111901819626
-0.04556200297422463
-0.03688787850296904
0.06544194963513204
-0.07655804554283215
0.023378123696748965
0.10485730499867986
-0.1353900762345379
0.09173850885166698
-0.0279797569166524
-0.05703623876994279
0.09480035784863118
-0.09889831966745485
0.07018044628485995
-0.013314237968956005
-0.03298809089063663
0.06941622282035985
-0.09223018915273717
0.10086039422650493
-0.09950278632023622
0.09297367823228095
-0.06629618816216223
0.0293865702543672
0.01635478748941119
-0.064206155463595
0.08777870978919389
-0.11902438373044072
0.08062762065110642
0.03879227395166085
-0.07289613669236629
0.028126880955679306
0.009267790278443527
-0.025921843417499365
0.05467310892639505
-0.1137614989735124
0.10543785752457184
-0.03606627475462482
-0.004023498145584149
0.029766972905306575
-0.021183647011274044
-0.021189401069551642
0.03622960402603005
-0.034229329490879326
0.014672966969635978
0.02180836136256338
-0.03871629037079869
0.041722421869928895
-0.028486977404392808
0.010920061683987686
0.01070370963055758
-0.05719692574772415
0.04491064059013995
0.03199687884580561
-0.05519314933564317
0.0348018316881607
-0.01625241865736745
-0.011447565623955613
0.006612515851216022
0.03106800872711129
-0.046760830001398045
0.03901648761559966
-0.027578276117141913
0.039370786132157304
-0.014411629595697317
-0.09074403072716812
0.07407120889574001
0.08967171006326517
-0.12022287423121542
0.018533151193138562
0.023130362167384705
-0.014096245402459094
0.004278178329306019
0.017051318173183155
-0.01509532494113476
-0.02189389343793125
0.01993594057812502
0.02619481174108207
-0.03730742728271543
0.010982493336980965
0.001533685825966915
0.007804220035607448
0.004684667410691643
-0.039435509168999
0.04914125762327311
-0.044478200120337735
0.024042059672816838
0.020651117777347655
-0.0366940714888413
0.006552767775986028
-0.011665274792961209
0.07523725336335488
-0.057156682606007425
-0.03860076471866897
0.08179376956428895
-0.09857906157921603
0.07353164877575102
0.01851023767098684
-0.031352212571645444
-0.05789889936919517
0.06348944501784508
0.03890385415801339
-0.05515309670205158
-0.0448907974756092
0.04718914407552197
0.07895194881771575
-0.08680235808003099
-0.03277373791755141
0.05788209276685738
-0.010108067439948062
-0.03733120182340458
0.10377832822870109
-0.09908749571921201
0.02818006179833456
0.01640153407045708
-0.03825074155935426
0.045172811048753626
-0.04506990062376964
0.03250806477476611
-0.0033282558623849365
-0.003975606650908388
-0.01118162232114185
0.02008647144926946
-0.01417107911559418
0.02194378002981164
-0.05261976018458198
0.04433230412741522
-0.010346347494885418
-0.014948802204346068
0.06712934575133374
-0.04404034461030524
-0.0833825281715475
0.09094712704774896
0.015451421774225399
-0.05564754374224508
0.06877788010925501
-0.025231172021710192
-0.10452302224854727
0.10929955907990077
0.005240756203944624
-0.0659696996290499
0.08514224341223023
-0.08210222096388736
0.051189331840585925
-0.04000582243450299
0.05134518825180391
-0.040703291368473185
0.015484372427329793
0.011558533260595624
-0.04974582004545629
0.05931823889612352
-0.03493993792006797
0.03742370748053257
-0.05337348227709791
0.06287451275329986
-0.10148305052725526
0.06022238885117747
0.083331109933258
-0.11799430781545153
0.03777298752035293
-0.03380444567317378
-0.02606933548476391
0.0342301478165941
0.43309431481161065
-0.07827073819816223
-1.5472864433773936
1.574277707949134
0.1640075749452607
-0.6790277774780784
-0.02960507562606432
0.27179100314155
-0.0458784397536961
-0.02752219919291895
-0.07478645141741241
0.07617372582983589
0.04731919098510805
-0.06525481676873676
-0.03636474577354415
0.06215199050092995
0.005487658135554286
-0.015802879972169264
-0.07083563040526404
0.0646624126380585
0.08735812595162551
-0.07289233031685124
-0.14560248590152722
0.19130994377376512
-0.04660661135461784
0.020350344710474907
-0.10542885623339929
0.1365860591239186
-0.13632152734501443
0.09722025952335822
-0.0007425481016569285
-0.03841240497343133
-0.015331121141691972
-0.01204468235366348
0.15929858754880954
-0.1574918646124157
0.004615705418099615
0.054792461147903114
-0.0438542880285305
0.015594864373803958
0.04941302747404797
-0.04995661735009404
-0.021130882296910916
0.04419512711155904
-0.011813554174639591
0.006970758478123822
-0.03878851484623886
0.0314260877505491
0.012411250879966486
-0.03744533712711658
0.04657336266401932
-0.04127406296607796
0.041484226643088214
-0.023825858344053805
-0.05653992360797661
0.03561148592760275
0.12737505024141535
-0.13133575472405631
-0.03337865402963573
0.09109783993646677
-0.04469646576754057
0.023470516648932897
-0.029310389929719266
0.020785178990379315
-0.00048189589499111896
-0.01587940778430762
0.02250943500618839
-0.023083325045437593
0.04588713486204643
-0.015115638009533238
-0.09137985690536504
0.10069902359874586
-0.008892277446074164
-0.03592193183345227
0.02035104718642064
-0.03769139021716661
0.10190531540844906
-0.10185938057567445
0.042775719506168694
-0.0052872882507612835
-0.015245007094979836
0.018372546363606534
-0.01621816339322046
0.004723036459629292
0.039793778989589725
-0.026919938059450255
-0.05779427770687381
0.06739523664642244
-0.002463809604180321
-0.034895487491771904
0.032069029000545694
-0.04581879571592866
0.10196572503981888
-0.0848641023945646
-0.021070866494143393
0.051017563294875355
0.0024538880350277563
-0.008929496125909328
-0.03541251960197438
0.04956209683329145
-0.027195903972828825
0.02237586096308354
-0.04791877227528037
0.036326117068638517
0.01780697503075873
-0.03187625239718316
0.01333469261626597
0.0017802647667603802
-0.023473308222639426
0.01753972870348671
0.012697003801151347
-0.022456276358451363
0.03220673392079537
-0.007559442220594445
-0.0674395982538863
0.07508767115098512
-0.013990929658833445
-0.012701134451454094
0.007019957579193614
-0.008755079041129625
0.010998866179839594
-0.019048608625641738
0.04134676131915938
-0.033461160678105034
-0.0001346801802737524
0.020056544787504724
-0.03917427276528252
0.03174453248878792
0.013812337968073874
-0.020499102639811025
-0.022728759660035812
0.023760588945032222
0.016217306666848622
-0.022618760842733586
0.01913856398723783
0.015742006234040862
-0.10336845949419017
0.1075203434120807
-0.031634960551232355
-0.0025843246531623803
0.01165859585670494
0.0038499081043698274
-0.054605373582063604
0.06054839773582051
-0.02016078918243035
0.004679557041201042
-0.009146909132964499
0.010397027350618319
-0.01887197558737415
0.004917382560763374
0.03589544839402822
-0.04574488325613668
0.02924651637455557
-0.014202985434496437
-0.0006302296704455953
0.006453727162400693
-0.003412844578386844
-0.0026626307605016357
0.002408872946314222
-0.015039976405458958
0.0492766305180627
-0.04607644687616586
0.011092305407644975
0.013187118630295062
-0.034459432322622156
0.03204516188337107
-0.008896574639504502
-0.004407083599145642
0.017480519085768222
-0.013491496660114722
-0.019796461975630533
0.018835618046280093
0.02694004615172356
-0.02962111629761951
-0.013496784355502717
0.02660771235683911
-0.012415040057540848
0.002843000302993889
0.0020408167140799635
-0.004672264044061282
0.0036894968448109755
0.0008513183378689715
0.0006719919915167753
0.01569206128556912
-0.05280080110990266
0.06020772353222186
-0.04758585551936674
0.02504092715795096
0.014036315049903617
-0.025634031303459894
0.008738721274281424
-0.005659782917518983
0.012913369820655413
-0.01699646438760544
0.026805973226004524
-0.01779756173807986
-0.01606561326887984
0.021795066507190868
0.00040390667032921563
-0.009482981219473142
0.008698229156744746
-0.00604334269464049
-0.00024880959302046803
-0.002459632296289109
0.011847532473384874
-0.02196024917905707
0.031222441954738674
-0.0359260924839966
0.04109782067808101
-0.03201291035123942
0.010263401083348403
0.003450246842630284
-0.012977779470212116
0.012502546949949416
-0.0015026416282490846
-0.003329039906729893
0.0006917196475369489
-0.00030428547088619164
0.007679174000091784
-0.004973994674606042
-0.017291462464612033
0.015185494323795028
0.020480373409564392
-0.021487984721481116
-0.014149639209008823
0.023670649939265095
-0.01307427798457417
0.0015258597383597822
0.01868761077421626
-0.01841252319094059
-0.0075911973617817825
0.011312388030418133
0.01211813495121111
-0.017793589423655932
-0.0019396166314617084
-0.0010712685141488808
0.034183131454112545
-0.0383898516734262
0.008456830228169156
-0.0018164912557045746
0.0248301631930088
-0.026183071498281942
-0.0021335323986059872
0.003535626140628311
0.029058239678698444
-0.03342807442836503
0.0007814255901662636
0.00530204108016499
0.029338635727779942
-0.0233349549661927
-0.035709647699731534
0.042879938468818046
0.0051520543511479455
-0.018620865829209705
-0.00015502738970778196
0.01136144603578581
-0.013517751656278052
0.014458432513073827
-0.023415956118967803
0.015005180226241263
0.020037474270758426
-0.020825185142500216
-0.013416690998169719
0.025462664080984417
-0.01732725896765178
0.007014571694243602
-0.0045595877450994296
-0.005879110101310895
0.04853406589968253
-0.03608464240712499
-0.05260362569145156
0.05688720172837886
0.02705858829071534
-0.05574713094535889
0.03854137962473626
-0.025291990671099843
-0.00010714874097754196
-0.006648505612056135
0.06685766442040768
-0.06760219221922978
-0.015328292167445634
0.018460149248014424
0.07639520472457918
-0.08751593115723458
0.006320431221895698
0.019406991089332793
0.016845816602971065
-0.017726303133420555
-0.020614233824080386
0.032140884245344524
-0.012734148502846713
0.007042490459849313
-0.025084454618692874
0.016656418713276985
0.025528615274224717
-0.03363323745558192
0.0011851132562484858
0.010574858444249973
0.015059776136757968
-0.001182833923487695
-0.06772525169101896
0.07250956859483319
-0.012673698628149743
-0.011878037696241527
0.0006934908676040417
0.010399278608920589
-0.00010927828930788058
0.021395519390488945
-0.10502899620676186
0.09641572790774222
0.023832190649318543
-0.050287663137477526
-0.018581428826097975
0.0325809409467044
-0.008193018945910978
-0.02624730310483731
0.07863424091310217
-0.08096366933188676
0.05548027973240309
-0.013324681411074173
-0.06551316041352753
0.06360038917300764
0.009123664177777165
-0.057065347055038004
0.08908727612640616
-0.08379296553673012
0.0597122695372027
-0.022361436448546948
-0.05112480235566866
0.052024695538426584
0.030114485005159786
-0.052399866002577865
0.016948795950184954
-0.010771823478133928
0.023572567117129906
-0.05347231098819022
0.09092784609748636
-0.1158520428344938
0.14952688940138303
-0.1222633360695773
0.03299085349460904
0.014998118944558644
-0.020227599581528092
0.026289316998522272
-0.03984915869853733
0.024013993711092557
0.008335968696854532
-0.04377753047817048
0.09646334036580871
-0.09706753579104162
0.0432415300789732
-0.015415375842837746
0.014640655844775126
0.00016725049997742933
-0.022339112548947222
0.04599256844549753
-0.07492295379753812
0.07827218631417414
-0.06548811327797327
0.04417997557332612
-0.0023260902037878593
-0.008131248840949457
-0.03321957276824861
0.027677193055260226
0.053032825153127024
-0.04522356448292021
-0.0672835741716359
0.09104598378702485
-0.02510784530891022
0.0007434045444053208
-0.013207799842132887
0.01965356473466718
-0.025882452964329804
