0.0163911730929645
0.010874985369603681
0.005386153520349207
7.982091223113761e-05
-0.0077975987750465246
-0.01761342837368768
-0.022674150685471947
-0.02269584804786502
-0.02044336084434756
-0.014131139884430537
-0.00838507897007721
-0.003426099084335832
0.0046085847431827105
0.014774059286720499
0.020343919726638668
0.02116115030399955
0.019793413771046608
0.014483645881185142
0.010167163873919796
0.0070634667999223185
0.0011936503435796984
-0.006421959145624022
-0.010686743078799904
-0.01160109564866143
-0.010901502873775837
-0.007289192082799465
-0.004781904873089822
-0.0035399717752753706
-0.00044859493134268816
0.003653215851357164
0.00578972060093955
0.006043165950709582
0.005255195690803962
0.0026853592282165425
0.0008863922571309441
-6.118914109909801e-05
-0.0020612156580552855
-0.004581147857549251
-0.005754127393337704
-0.005615039961793275
-0.004681546512361184
-0.00247823695180822
-0.0005944661575439239
0.0009303827443302267
0.003302010005864355
0.006197739317952931
0.0074343151235443244
0.0069396499089179504
0.005528229056054765
0.002615014516035805
-0.0002061694007329076
-0.002879595601070348
-0.006716358653881056
-0.01139909730867132
-0.013751440450359082
-0.013630945154381296
-0.012334083943729215
-0.00900674617025159
-0.005849180260499566
-0.002958146983553931
0.0015131461950794584
0.00712120797796797
0.010568637685536331
0.011777100366832162
0.012023377941174215
0.010448116586121438
0.009467279526687607
0.009194262144184088
0.007684683244054164
0.0054417940484045085
0.003562390254331161
0.0019057469261570717
0.00028118943240753425
-0.001080109692581242
-0.0033378929134327212
-0.006539691413194164
-0.009932938517533529
-0.013782226874811176
-0.0151788366115388
-0.013765189083664137
-0.01110571600168039
-0.0063530982848146135
-0.0010019799639787714
0.004854304269071698
0.01272758155010036
0.022339611848799915
0.027022508233039224
0.026351375781840092
0.023320386204682134
0.01611069121264754
0.009002958673161175
0.002221479840342477
-0.007967281257059415
-0.020701634341781235
-0.027807592123554537
-0.02899016201319475
-0.027569717960622738
-0.021385421225401935
-0.016182744616703902
-0.012239257555477561
-0.004816929110890546
0.004900067235689623
0.010506679434109026
0.011985617756908802
0.011593855697244375
0.0077012487812867
0.005289012223775538
0.004572961878733475
0.0016799345837044712
-0.0023422363561330364
-0.0039910608229273715
-0.0033858150357549584
-0.0014723672150699883
0.0026153693985259676
0.005829100436280373
0.008077992818872861
0.011619191887088537
0.01581729967518839
0.017312633120317354
0.016026469002371396
0.01310462222181569
0.007647724285945929
0.002196934839637423
-0.003181070712474062
-0.010553273421022634
-0.019422380999160903
-0.024134669752375867
-0.024401779072158993
-0.022577035998503598
-0.017128134307948285
-0.011908585778406207
-0.007088511022686117
0.0006037381929889583
0.010396560993661116
0.015783652078269643
0.01656588039667343
0.015332129473295944
0.010373261728170748
0.0063573217012418606
0.003507651940854161
-0.0019799754843840287
-0.009137890739621393
-0.01253543428650474
-0.012119434080161228
-0.009817299886634288
-0.004228005579408863
0.0004928024902751492
0.0041777825576469994
0.010105975719209837
0.017417268147121148
0.02082535038733387
0.020208388784968535
0.017485679261429486
0.011261672311090692
0.005468099155507205
0.00024694085546017483
-0.0075839107251334
-0.01723143733816153
-0.02241965749148133
-0.022937090015966305
-0.021233232546992598
-0.01564123148264563
-0.01066575695889705
-0.006497752435277559
0.0005643168822536061
0.009604608988631986
0.014713600797204015
0.01579105000499098
0.01503891456454522
0.010925532397512665
0.007881778811729818
0.006103729476003396
0.0020645094751150206
-0.0033136321172480064
-0.006489939900725621
-0.007555068887124855
-0.007571024877310739
-0.0056623861731613144
-0.004821872155557267
-0.005160558820901605
-0.004447591331383953
-0.003316587699602883
-0.002480460121702223
-0.0017527924459503196
-0.0012303188948696057
-0.0010459633970284626
-0.00019648375169015823
0.0013269927882099595
0.002925250005367403
0.004817201232498091
0.0058896359082271565
0.005985010026161735
0.005790757846316412
0.004985337833124613
0.00405607964444074
0.00305549922570877
0.0014562947920244837
-0.0006438382727981732
-0.0018952255637210075
-0.002248840750400304
-0.002288358655709968
-0.0016625010270372882
-0.0012927599107845089
-0.0012352432741006543
-0.0007315269294871263
2.1917985366526526e-05
0.00038075419132225065
0.0003769407030254162
0.00018363766362687522
-0.00035303001776130165
-0.0006645534157741469
-0.0007300927936057953
-0.0009605248806690397
-0.0012337339053374518
-0.001241704569105757
-0.000997474778111068
-0.0005595764427111568
0.00015061786080685678
0.00085013410034602
0.0015376574242779478
0.0024244421148464446
0.0034556590153953246
0.0036782004909723526
0.00302193696125873
0.001899254459435366
4.2510041607064e-05
-0.0019381751817659203
-0.00402010072755919
-0.006748792496072835
-0.010008484427072131
-0.011516909285980186
-0.011125228943407419
-0.009840540506944884
-0.007035580136317486
-0.004183711629596793
-0.0013547225411578267
0.0027416200885571522
0.007813548473490075
0.010928746733601762
0.011977986333354378
0.01216729171478317
0.010721877791607536
0.009696714556509537
0.009194986920513078
0.007521755141427394
0.005102669028562956
0.003245087716062099
0.0018552586044959336
0.000588727312688483
-0.0002568295839894186
-0.0018969341315439214
-0.004387940234396091
-0.006888199707124414
-0.00967076790776431
-0.01116877719966366
-0.011142991854403692
-0.010529449877396336
-0.008860740322351469
-0.006834623742542141
-0.004508115967971307
-0.0011088877885750098
0.003235654613049538
0.00576904489045053
0.006349089367349361
0.006216686677176388
0.004638768125251545
0.003431557385389103
0.0027057311108724252
0.0009242388834510636
-0.0015318505122521532
-0.002552710127408039
-0.0021302496355719643
-0.0010112586353045489
0.00134184129043968
0.003306584782547583
0.0048132896178357965
0.007129872756396072
0.009916345836364466
0.01115597275653598
0.010800005137192191
0.009568432431839925
0.0069257526197593995
0.00436978740340753
0.00194917946154426
-0.0015547223805182785
-0.005843754683899188
-0.008931417107722881
-0.010783064785897764
-0.012149255554954528
-0.012516089742186584
-0.013376550111248366
-0.014800332184656791
-0.015602603442035332
-0.016096650706123396
-0.015396154214210296
-0.013259143082816286
-0.010303744795459147
-0.006221170013157578
-0.0011977806785121495
0.004760953831932806
0.012052630240266355
0.020676940339487075
0.025520053472012045
0.026166787568629564
0.02506180478828488
0.020784298131678466
0.016430449889922642
0.01217582651621955
0.005219006811186968
-0.003824381492870988
-0.009143754188642599
-0.010568288555449605
-0.010472479328011994
-0.007343755091277293
-0.005319038674766477
-0.004620227300311608
-0.0018906416744517572
0.001996868463988859
0.0036047470671277783
0.0030134779422438694
0.001264432494560394
-0.0024944917864630216
-0.005396604680449121
-0.007336763540648358
-0.010465127623510425
-0.014177464952375849
-0.015427766005091973
-0.014156676409406495
-0.01138123810627339
-0.006289367421880487
-0.001201953254626719
0.0038224805402495717
0.010662904151995426
0.018865144848887502
0.022781532591753976
0.022096516047998768
0.019184881052000915
0.012504705378625266
0.005850043767389136
-0.0006158140248987995
-0.010149757522582514
-0.021999696612151638
-0.028281850382654006
-0.028662600730606027
-0.026396114555480917
-0.01937922175630875
-0.013075523415088833
-0.0077461023609338925
0.0011660881189854504
0.012544127036442141
0.019585963808060446
0.02222175107260826
0.022948367240035468
0.020022028317278263
0.018615353128243504
0.01896397877600218
0.016999577272246307
0.01380970437631886
0.01092278934394453
0.007985140059810159
0.004995158594163354
0.0022300701247266732
-0.0022823240653188966
-0.008603633126774082
-0.015562289301720267
-0.023613752801872084
-0.027793021269363456
-0.027522737048065883
-0.025489858567712093
-0.02026877142892099
-0.014449553056487412
-0.008213495016633049
0.0010060362180382425
0.01270828336426577
0.019150996954285175
0.019963862920696126
0.018521172820172602
0.012762486469608217
0.007879581714278387
0.0041619677255908365
-0.0027616249086151543
-0.011813285221994095
-0.015943283111702507
-0.01502506401049224
-0.011684353553715438
-0.004090550240758498
0.002522611247266751
0.007929154503087125
0.016317463015444574
0.026604684556075064
0.03131716701017138
0.030233482676253913
0.026158059463504253
0.01710534345336614
0.008509961313491018
0.0005759969764177523
-0.011148135277132185
-0.025569891341659
-0.033700815761137023
-0.03523292952847991
-0.033708676879272474
-0.02674340113693619
-0.020763022761799744
-0.016049245536067094
-0.007319565523816375
0.0041147991217896935
0.010904556810723606
0.013015430759145819
0.013076557720944553
0.009215486690368039
0.0071272694632288315
0.007066700758909285
0.004599784665144119
0.000928111174563343
-0.0006613298170114922
-0.00037795637533662895
0.0010369336359702273
0.0043656471120935144
0.006537908267616469
0.007466122639698594
0.00933406724990023
0.011490614467555218
0.012039023035642242
0.011021733250422818
0.008873148937239363
0.005099754600207179
0.001367983781012637
-0.002308198394104467
-0.007201439343509045
-0.01298964459037302
-0.016011642412658844
-0.016063516700708592
-0.014665345603962526
-0.010814655907963863
-0.006996782273539007
-0.00331316000715315
0.0023654991381379157
0.009548906408254869
0.013686072690170428
0.01462203070938663
0.014204925502524612
0.011236429171326303
0.008947518267012407
0.007499027392472146
0.0042450608482424365
-0.0001430716362996939
-0.0035450472724235338
-0.006095146298000188
-0.008360461286522815
-0.009849818300912786
-0.012502977356402298
-0.016404848027936774
-0.020193490544067116
-0.02429911048563588
-0.025599285419565944
-0.023639541280960446
-0.020194443415644737
-0.014330663785082399
-0.0075033489628334995
0.00019275087614384307
0.010337666522171952
0.022674415708217717
0.030118887793550517
0.032234551406497516
0.0322436700692391
0.028228365783264892
0.02474681812209614
0.02205890130088005
0.01621831266777997
0.008158488240492864
0.00257442423232283
-0.0006141598548762064
-0.003042976182805967
-0.0035651876700606433
-0.005971060418263946
-0.010459548429109275
-0.014196182518216959
-0.018013983997307588
-0.019967516836108482
-0.019545049884089984
-0.01824485267041965
-0.015421453373189413
-0.011482311350797235
-0.006498310809714384
0.00034218444342562157
0.008997593211341035
0.014161348952439836
0.015488118124262564
0.015511499626330449
0.012803671413370113
0.010690134414984688
0.00939423901462047
0.006024920939000992
0.0012798887530989047
-0.0019239910993023818
-0.003689905083380405
-0.004949893605119079
-0.005007781162872805
-0.006313257589961086
-0.008987824616906755
-0.011242899785944277
-0.01361936870577975
-0.014200950988645305
-0.012602356552174775
-0.010107524670689977
-0.006115782452839089
-0.0012831104686998164
0.00432282990749582
0.01158522261138825
0.020399859581496402
0.02467077926806654
0.02395591059928166
0.02109706131666911
0.014418469168401244
0.007699986779930726
0.0011523983634098298
-0.008585214281317782
-0.02075452490383209
-0.026952239977380117
-0.026814730305129136
-0.023837604689293655
-0.015779296220291592
-0.008412560497263202
-0.0020177706052329136
0.008236119790509009
0.02116896665779148
0.027678918547625473
0.02749938204280572
0.024164948503523877
0.015277892632481466
0.0074032086537798875
0.0008291611141372571
-0.009800026427543084
-0.02313849426899043
-0.029959275104261912
-0.030035331373624873
-0.026842993796368723
-0.01795835283857395
-0.010161593895274419
-0.0037336614731197353
0.0068124436464022785
0.0200893362658626
0.02721210859080265
0.028002424002859082
0.025749181126025443
0.018131071566151718
0.011774443514375281
0.006952545014858419
-0.0016499555531909941
-0.012670860430685826
