0.010098113707328266
-0.023452029484281673
-0.01697931332812436
0.02526538643458935
0.017133262483868775
-0.03396481364530229
-0.029029694379203712
0.021974849941543195
0.03568123504697471
0.02595911499296806
0.008107210964518509
-0.03225200580198358
-0.04138192451868734
-0.017018436088882427
-0.00017113339418303665
0.0206545047254281
0.03150285108483817
0.026084439797780173
0.004213112944729541
-0.04110647084509966
-0.033883902944125126
0.029371371287004424
0.03212754927457736
-0.01460796765387112
-0.02219536221363515
-0.007786963487195692
-0.00015045203557862374
0.013361212873743027
0.014278183731942595
-0.0009527602223242712
-0.006434597042553184
-0.0061316024367077445
-0.005147209445605665
0.0008390842000512893
0.0023908821244851813
-0.000614064647975413
0.007693284169578719
0.02642624247617836
0.020014338251200685
-0.011260077806025748
-0.03865012857042716
-0.06906250114890555
-0.035122557058576045
0.07424881932214919
0.08683843055607098
0.009835641906486883
-0.021009525648590793
-0.03546049620068323
-0.037411372506944
-0.00579748908009734
0.010996930133384531
0.017543165374774464
0.01944154165907948
0.0072614708352199695
-0.0006119344125659488
-0.005882353476425457
-0.013038696025123668
-0.01878713199159757
-0.005318191126837982
0.029741296255338022
0.016777845829578315
-0.04486919886203654
-0.03780743538566322
0.03023591031516041
0.04981701748251372
0.03818939687126235
0.014732916569731042
-0.039797591100752615
-0.05969726240906127
-0.0429448728763277
-0.008408443212286384
0.060683088463969644
0.06375344487884418
-0.005188695585949073
-0.02483552995405557
-0.013581569193237348
-0.0140186281398602
-0.007241943569789087
0.002152640962874977
0.011670897110106679
0.01173702261644624
-0.00047776997173142434
-0.0057188533731452156
-0.006420672775209396
-0.002583623684662894
0.009679140603719199
0.007267448575643211
-0.010091733644831173
-0.00882091987185181
0.008074108703160344
0.008316867690715091
-0.0037153747288199528
-0.004967425005683845
0.00023090326990160982
0.0024476438477414753
0.0049162796473831046
-0.0020404464887888102
-0.020421526132959823
-0.013515094376222133
0.018749556243919722
0.025948491151679628
0.013146194416946337
0.0035481787229785797
-0.011721068719955208
-0.02470336023374946
-0.032893968762894285
-0.013516787192555557
0.03902696233706231
0.04179621243647097
-0.004043838394624017
-0.017902885519640074
-0.013848050818376686
-0.007766347061427985
0.013362162394243919
0.01095556904532675
-0.016638857572597997
-0.009803587454203075
0.02642290291180538
0.017684917683374785
-0.02988396686580536
-0.02626017049714566
0.020214699000082752
0.01709993759950116
-0.024322053105500514
-0.010892901988520274
0.04707594960345076
0.03245190013846309
-0.04603079015642271
-0.04398351689571679
0.025079690282609476
0.03189350400645178
-0.0036182693284270745
-0.01386704120600642
-0.017443619354680417
-0.007552085794947805
0.025795131944398926
0.016891792510599267
-0.03427642714607523
-0.03086395206242716
0.019102866440237606
0.03452227427890509
0.029655980903751714
0.010694735482234694
-0.03672766542225891
-0.04067380069153321
0.0004614384741983202
0.017096919458766464
0.02252053626558058
0.011919119944913917
-0.02708428679414439
-0.018440105659910312
0.03788058985879603
0.022137376376761258
-0.05719783739152677
-0.04125619609583196
0.05753266656151272
0.051996976816918214
-0.0392283372932036
-0.04353771336649921
0.014345994750067585
0.019737418386737385
-0.003954729483026112
-0.015034177541712638
-0.02919180692459377
0.011826063261025735
0.117848968197708
0.07645255705656097
-0.11299012542529405
-0.13170969938657748
-0.006435216423697549
0.03481864219345623
0.042798549425492764
0.047569241130952594
0.015926485179933673
-0.008400994230506454
-0.029075014307709247
-0.03263539691920793
-0.009036316265382064
0.006068044785907161
0.01834751903813922
0.01882473041161391
0.0002620330744920742
-0.00858069141490342
-0.011130468575606983
-0.005287435384328178
0.01495099013878057
0.011758762170896744
-0.014902277477931844
-0.012352185461154387
0.014466707886943219
0.01341930082005337
-0.008892152268334088
-0.013166473747435549
-0.006456370069172437
-0.0015082380524415193
0.007680463457748233
0.012173573264738545
0.010571935665439904
0.002503678113052404
-0.015100041100849062
-0.015872278935509406
0.0009819325068808505
0.003122382063016649
-0.00506539148073842
0.0030338507342405332
0.023618397333585166
0.010036424479180977
-0.03700867470638841
-0.021456416962518994
0.05371031484298065
0.04168111469023108
-0.047356728825516954
-0.05107908381341444
0.01168036344744545
0.022453254653411796
0.0043427463356575284
0.0062407356593733795
0.012231612050962631
0.006819297273577732
-0.005880004816618758
-0.021388610520688515
-0.041980436397214174
-0.023910784410672768
0.03747255289195714
0.053471532644423635
0.0297857275391162
0.0014711670150559437
-0.04929980766219327
-0.04624654507022538
0.018418584702906707
0.02853734799921977
-0.0028104443334404107
-0.0039057310997400725
0.007841983455613303
0.005193964145790062
-0.0038469720372619207
-0.010784616600851222
-0.018627888970917647
-0.010698224425298697
0.015758357710613298
0.02486943389543251
0.01905714190495628
0.004765918408011193
-0.02590345337283258
-0.026740397449344457
0.004427025956352554
0.012938268706931483
0.007015349934869213
0.002750963907173537
-0.008754399450845095
-0.007857281762406325
0.007284566564885759
0.007053101404353537
-0.005444374217731996
-0.0070572722374959195
-0.0018605618653806438
0.003922694353197194
0.013969984818119832
0.007307359044984846
-0.018061153137523843
-0.012792075757828623
0.021336254458199925
0.019566220452802412
-0.012021371926889261
-0.0218461448423495
-0.0193923311141742
-0.006880020892706503
0.02481325569461157
0.02907203225211087
0.005241421333888942
-0.003643958092949303
-0.006194971679172322
-0.01541774752658159
-0.025510868509337602
-0.009502932444913929
0.03464362489794863
0.029822102933697834
-0.02290342128653467
-0.02582761113573909
0.010160511647448085
0.014520644349660175
0.001259899043805333
-0.0044279353670319535
-0.012264965893109927
-0.00403686329226552
0.024303480137851274
0.01709050205539985
-0.024431147714669154
-0.022018178801832548
0.01765184292006873
0.020015234604160326
-0.004388471789037728
-0.013640451126747324
-0.018654730892083762
-0.008063642403188256
0.025331194947581494
0.02218300638288174
-0.016822124813087494
-0.018190839825009766
0.009703321106288368
0.011334476121613275
-0.0031246920290204706
-0.003990681169011045
0.001620425515927289
0.0006613173487756737
-0.003468366176339026
-0.0010738901793821412
0.006791382280949564
0.002446201993830699
-0.013652116562383429
-0.009633771454069495
0.013030256814235858
0.013634325356173536
-0.003882387409368556
-0.006915109452286571
-0.001356321645657247
-0.00029204128871303605
0.0009046099070700704
7.358503069342142e-05
-0.0043133550220262
-0.000464083227441301
0.011570011542127112
0.00670530734140262
-0.014429230241510122
-0.01154972905872884
0.012804783958133177
0.012357224766509118
-0.007765823348279858
-0.008144717983481485
0.005093509642738325
0.007955081133008579
0.005778147301372427
-0.006089847164776183
-0.03210102124774998
-0.018649809946915702
0.0361817152114658
0.03651495941086942
-0.011580961691853256
-0.016924270001636224
0.00650363247112288
6.911947069786857e-05
-0.02435997329393291
-0.014540652377613594
0.024569466441939754
0.024348414378870684
-0.009882280134528118
-0.01635689802474907
-0.005175428384826501
0.0033838758993560364
0.019058004500046733
0.010666475580787755
-0.025604262631718118
-0.01731030365530699
0.03252455326220747
0.028605825162295713
-0.0204377148172524
-0.02975983037717795
-0.012597532244780628
0.001862212329605748
0.02728191168745352
0.01960906229841728
-0.026701266340227445
-0.024309184623467248
0.020874253046099602
0.022555066231054695
-0.007256046856249375
-0.010047514481532268
0.0025557558950879723
0.0007777107755745301
-0.008097846156404865
-0.004824642773115946
0.007838621361043869
0.00779452166763911
-0.003066673560034588
-0.004965600798593667
-0.0011186891130459807
0.0026044334190252153
0.009404882564522583
0.005860455402150603
-0.009380482152319273
-0.012809547899853375
-0.006398707041511092
-0.0021976891298389166
0.003965993232058681
0.01305801746891257
0.02408399261645482
0.010952217019790853
-0.02912706619506168
-0.0306430303628815
0.004185753450464682
0.010991161342180847
0.00014524416908666914
0.006356518218308892
0.02094063713853026
0.011155797915133372
-0.021100105010413674
-0.021946101347199716
0.005655023734934036
0.012558484297156494
0.007229561704917412
-0.003133276630541458
-0.026894024209051962
-0.02040535834565965
0.01846541212018655
0.030206935517350094
0.02177856996145167
0.000863517682297909
-0.04438706803033508
-0.03253013804621303
0.040536652001090245
0.03137214030972701
-0.0501296805457981
-0.029800837573421633
0.07584859812020445
0.056530779475379024
-0.06946552471655677
-0.06262724968558787
0.05233501177234004
0.06066905320410633
-0.00574206400418687
-0.043973298157771006
-0.08667170555908058
-0.044286549828674894
0.10414139749956997
0.09646376467363736
-0.05871073286117544
-0.07125800522465368
0.02096447331602522
0.04498363870509783
0.04324786655850757
0.02475731390568346
-0.03565302824123891
-0.07057951415259554
-0.08295732843727179
-0.038436731966124106
0.0826089117275435
0.1112375543718201
0.05076162829087307
-0.0056986309102960405
-0.09319422288078008
-0.07682286887257121
0.06360490478479848
0.07493354947947284
-0.021120387618355045
-0.05173231186152963
-0.056868484796791414
-0.02881225995587436
0.05995352373649692
0.07387673449986089
0.015026618607609664
-0.018365311887941157
-0.051796277526416544
-0.03255875323528768
0.057902871573045904
0.05051483470453723
-0.047919005114189284
-0.05146573222770458
0.016282032326613075
0.02322214177167588
-0.005187586670106599
-0.002276110255816116
0.01516753587063379
0.008379515113014685
-0.016317545551596372
-0.013393954745629209
0.013788048964158445
0.015309311326361536
-0.0028133764617467865
-0.012526307577905847
-0.021679036951216292
-0.01005714657616668
0.028095646341104116
0.025331980889194673
-0.016693778844311273
-0.01744783898065791
0.013632726893122702
0.0123688028730406
-0.010543146013260354
-0.005941340886614149
0.018883601221781333
0.0022730642591863044
-0.05198415194208317
-0.03440783358987718
0.05078673001226449
0.05797896240054015
0.0006850640416439111
-0.015027280515897825
-0.011606392539635475
-0.02461390187915773
-0.0401145330742944
-0.019845844380421994
0.03706228650990295
0.05798772569471879
0.047334275954860255
0.013956896834298285
-0.05906890465694121
-0.07591498251415861
-0.03368172341103756
-0.0015584377273384063
0.04111068962398773
0.06790251402955412
0.06858744537568792
0.0251753541559866
-0.07648752661940032
-0.09604271409447211
-0.032636290209086885
0.013401948287136797
0.07098444990062266
0.07281085124518019
0.00031669929654844415
-0.02780935452540493
-0.02750205247791416
-0.05598831150867439
-0.09578054792315584
-0.07767815281385784
-0.0013830824927496233
0.15651519419506701
0.41882783615823693
0.21966583774383458
-0.47962276524096564
-0.4842906638789594
0.14877898371183693
0.2445328144368552
-0.016791582574426277
-0.015643731705603486
0.08204730372981148
0.02998391516912261
-0.1095997700686556
-0.07848109256654306
0.10863614393858156
0.09517511231847271
-0.08859820612500516
-0.08834363790120396
0.048893135501304676
0.05687258044418622
-0.017773354431829366
-0.02630446645082837
-0.003721946314397237
0.0037055163638730695
0.015154803919975752
0.008036693317244787
-0.023636068517372454
-0.020060630726535366
0.016044418080139913
0.02350104239855916
0.010974960889082617
-9.579718058878731e-05
-0.019862136610121258
-0.017527516329233408
0.010705640150246559
