-0.015353367439146212
-0.015732110437708936
-0.016141110777187568
-0.01658523948889779
-0.01700852447463899
-0.01742708017663564
-0.017663833841252603
-0.017694260420889094
-0.017612548263880205
-0.017365435541804204
-0.017040737113658708
-0.0166424287691839
-0.01607738136823083
-0.015360479207914007
-0.014638962182014222
-0.013910513153523228
-0.013110949500142086
-0.012274363405177345
-0.011285569439994593
-0.010134030368338272
-0.008903009444379476
-0.007564298956907715
-0.006218589290196636
-0.004883047099716698
-0.003488170224342728
-0.0020635652150458174
-0.0005674982853624618
0.0010061627450690957
0.002610706374789211
0.004255176152951227
0.0060482067836280596
0.007993306539554023
0.010044597754677493
0.012230272671992679
0.014476095470756418
0.016777785807559797
0.019196398886609164
0.02171623420983558
0.02370936794535738
0.025119155911849295
0.02622896237466989
0.026858645695863277
0.027383745309680727
0.0278171200857603
0.027807056437376187
0.02742182649570637
0.02709119094115564
0.026800176567231593
0.026378773649130063
0.025924732698665662
0.025079825119446574
0.023814511726066356
0.022381010474397074
0.020692364431907268
0.01919876991901123
0.01796641961944682
0.016715640472099804
0.015577783218769565
0.014344157917750127
0.012992728192462805
0.011743896084870222
0.010555235316452645
0.008998964285213504
0.007067714678549375
0.004939887662341163
0.0025075988723796357
7.716881239557861e-05
-0.0023316579166401783
-0.004961387928323866
-0.007744689461204654
-0.009965677288044381
-0.011579434702387665
-0.01287415902971469
-0.013649825747524394
-0.014376537424084382
-0.01506744286445477
-0.015306830289762987
-0.015182182370423979
-0.015121014362395126
-0.01510112511468379
-0.014966525761556904
-0.014812540984036476
-0.014263787860900353
-0.01329118162120954
-0.012152810333851313
-0.01075765303790564
-0.009681907907670668
-0.009004088187392224
-0.00838190289944149
-0.007982470492692025
-0.007525887496154513
-0.006986174600262225
-0.006651309806770074
-0.006465226902849313
-0.005910198910100534
-0.004980609591931056
-0.0038901003525677593
-0.0025095351314051878
-0.0012170766611761719
-3.7717606497358796e-05
0.0013235824661874892
0.002782714956069675
0.0039044631144690557
0.004677738167412573
0.005246819876812697
0.005494185109789428
0.005740779968639571
0.005992606952328412
0.005983847961541383
0.005775260237502503
0.0055729779117141744
0.005358522089006204
0.005068617151723435
0.004746874918562343
0.004192540550111734
0.0033912095714095265
0.0024741015393938727
0.0013921548804721082
0.0005520922154417249
3.972047647707186e-06
-0.00048251344496631245
-0.0007905955563592468
-0.001128789525581212
-0.0015143139643641434
-0.0017395578781159921
-0.0018461381465386787
-0.002177492592916455
-0.0027352155552267327
-0.0033803010877456433
-0.004197679954756926
-0.0049313903764460045
-0.005564574086274789
-0.00629448193641215
-0.0070638517050904855
-0.007634407176365181
-0.008003563515014925
-0.008241948875947395
-0.008285832256992672
-0.00831903808998357
-0.008343848728233402
-0.00821111558672907
-0.007955462682016348
-0.007676808461807433
-0.007363418593467697
-0.006987552870773376
-0.006569306833836178
-0.006004606853982205
-0.005285874187703957
-0.0044785772052256005
-0.00355683949658166
-0.0027605497755018287
-0.002117672642670524
-0.001494356820022811
-0.0009589288770339034
-0.0003852698183688715
0.00023692349907523453
0.0007843686921959871
0.0012825153873382209
0.0019297848797363275
0.0027269799406534384
0.003594990368174746
0.004583005653706526
0.005542599996496511
0.006464377987492591
0.007462839615096487
0.00850500636038395
0.00931319254964612
0.009871718862063967
0.01028709636523585
0.010481872742753508
0.01064286884504885
0.010774320990979571
0.010712627066743467
0.010492247795785972
0.010271864210017906
0.010041729630293343
0.009744787766077574
0.009415739462187395
0.00891173836943742
0.008221406065881768
0.007441240778031399
0.0065361799318640265
0.005742339005786632
0.005090591438293179
0.004442022725163224
0.0038646154312842683
0.0032410559963446666
0.002560463816385461
0.0019414460492335717
0.00136019866913167
0.000607441454672873
-0.00031914661521605385
-0.0013342679665889483
-0.002490313911029344
-0.003634259992123691
-0.004756396383012931
-0.005976437987609164
-0.007260620021560441
-0.008264510168607386
-0.0089665598920938
-0.009504254722593548
-0.009781208867440353
-0.010024126420807404
-0.010238976202255133
-0.0102251799956644
-0.010024706319885437
-0.009842349113723881
-0.009667089304162262
-0.00942400948727187
-0.009158537235317711
-0.008690039127058014
-0.008004292289675993
-0.007224941127487639
-0.006307980238921848
-0.005534575412221775
-0.0049426268409419015
-0.004365247251771606
-0.0038837833687031783
-0.0033608275998192483
-0.0027835233370136253
-0.0022924922885447603
-0.0018600430845070132
-0.001233930502274383
-0.00041128335694423017
0.0005042293247407233
0.0015756622467792362
0.002618942565057385
0.0036221140700546505
0.004729084874561701
0.005899073385327278
0.00681099087360721
0.007448378232734879
0.0079327870573304
0.008175324719222332
0.008395054998420779
0.008597194778139874
0.00859199403275008
0.008420306768071699
0.008261120601316771
0.008103129800596867
0.00788358797195653
0.0076417159600129176
0.007215358089038618
0.006592057174083316
0.005881399841638357
0.005043842580150891
0.004352697786685599
0.0038437367619428447
0.0033571862829481396
0.002971911677806115
0.0025521627051485717
0.0020857373653031387
0.001710254606523662
0.0013984384577173778
0.0009098562791292756
0.00024227681910164232
-0.0005059777760110365
-0.0013948122784707107
-0.0022476024014868846
-0.003052833738502385
-0.003947972714969591
-0.00489377283684657
-0.005633800479795346
-0.00615733901385625
-0.00655664849415253
-0.0067613179886229485
-0.006951636113982212
-0.007131410270244915
-0.007147046127748916
-0.007032279974321086
-0.0069219016718509
-0.00680608202742746
-0.006639430530326819
-0.0064510613188325195
-0.006115549832020697
-0.005623395817732637
-0.005058207401491072
-0.004389300318558696
-0.0038441103727136806
-0.0034515823726151873
-0.003080391740011841
-0.002795967031322553
-0.0024836678262822203
-0.0021334740800126074
-0.0018605368559369438
-0.0016418201530996254
-0.001280434488565162
-0.0007748416058671801
-0.0002050988450067529
0.00047776420555307737
0.00112839561281476
0.0017373593541899783
0.002417473359886563
0.003136415676916656
0.0037051274230092517
0.004116952144301351
0.004437481435646118
0.004615108000547525
0.004785507325701203
0.004951319035332729
0.004998254154791122
0.004951769191785149
0.004907200769408141
0.004856917170997548
0.004769828649274682
0.004666317841438602
0.004455943087462445
0.004131940929410427
0.0037540318025036726
0.0033000528207569073
0.002942668510873881
0.002703465787415281
0.0024835933084402175
0.0023326414448173118
0.002162777024483617
0.001966484197423683
0.0018315109771374362
0.0017402261375063645
0.0015447692312933348
0.0012441533407440172
0.0008983022349695078
0.0004705003788418001
7.030490617943143e-05
-0.0002951700574295396
-0.0007107634284371745
-0.0011520827300529172
-0.0015014588145112573
-0.0017563580278741127
-0.0019545505464431223
-0.002064323127799928
-0.0021736311899698936
-0.0022839278856637076
-0.0023227748342839385
-0.002306778017433681
-0.0022900448262275753
-0.002267346378176545
-0.0022224269262110553
-0.0021665847770944526
-0.0020462006475416915
-0.0018573951285504292
-0.0016348521583687753
-0.0013653961414812749
-0.001162396873330461
-0.0010395677563180118
-0.0009330423786855113
-0.000875288922228695
-0.0008076891731468215
-0.0007254283989169045
-0.0006865185534718122
-0.0006792222221093063
-0.0006084430936134223
-0.00047376306202424765
-0.00031349334044862977
-0.00010410207227379112
8.344098921990464e-05
0.0002445157332986829
0.000433822231507701
0.0006355145846844703
0.0007994126829230639
0.0009264576972915425
0.0010288540744892104
0.0010935785690592138
0.0011625650969903194
0.0012361719069101228
0.0012818401311694083
0.0013075960239933649
0.001329864831410451
0.0013457909172609425
0.0013523437348979062
0.0013525630393442577
0.0013269506909351046
0.0012742512483222834
0.0012060848065957811
0.0011175974299965999
0.0010646540032011238
0.0010534408442638772
0.001053709362148951
0.0010813342571446886
0.0011062589213112909
0.0011262361680798893
0.001170322857810447
0.0012325204943790275
0.0012683273863287605
0.001277795687997576
0.0012785461825211598
0.0012596532152461004
0.001254920601081741
0.0012665457332193357
0.001268755651166597
0.0012691380993159595
0.0012755409520917964
0.0012859652405797252
0.0013021859550259069
0.0013257979333903599
0.0013461527374056049
0.001363470246084405
0.001384421572955805
0.0014069027585869814
0.0014345175518417094
0.001468319866954988
0.0015052042294502455
0.0015463669879559145
0.0015917798023361654
0.001641298735982712
0.0016960619574370101
0.0017561516043565525
0.001805601718813669
0.001843128650000291
0.00187642146399906
0.001901061067520941
0.0019266279181789604
0.001953687337379241
0.0019735627277344112
0.0019881697108961867
0.0020083671256154504
0.0020339554069422152
0.0020609306123925645
0.002091903371413393
0.0021181625619058025
0.0021391672346245103
0.0021613660044471077
0.002182788684195361
0.0021465048602319283
0.002047316408799344
0.0019103907232212475
0.0017192806457126985
0.0015080679757746712
0.0012777067122894275
0.000996077177365496
0.000669228740013309
0.00033568998952313337
-6.096362428894551e-06
-0.0003715729335784303
-0.0007521228163298939
-0.0011802822979444937
-0.0016588928057750362
-0.0021653815453252664
-0.0027077833354040752
-0.003244063524525724
-0.0037682716681956075
-0.004306577305892633
-0.004846849358503797
-0.0054090134063571535
-0.005995274660771396
-0.006585051130039484
-0.00718251776967165
-0.007827584396584712
-0.008521063447749805
-0.009246583349185978
-0.01001431845846594
-0.010795884458715004
-0.011589603772794329
-0.012418196648169049
-0.01327554447382742
-0.013894654093717087
-0.014250855069932638
-0.014464840843053158
-0.01445972830586063
-0.014394141852440485
-0.014273308039749398
-0.013947763941959498
-0.013446100854655025
-0.012952001372791228
-0.012458959659215224
-0.011893711911274233
-0.011297887900115865
-0.010518293956732335
-0.009542037445333022
-0.008476682891686661
-0.007284857058198114
-0.00615766537652262
-0.00512306753495134
-0.004061823103365487
-0.0030295357144333682
-0.0019373834401551497
-0.00077574742644426
0.00036197807020019667
0.0014940434804932064
0.0028028231424773085
0.00429172133064248
0.00588498863509021
0.007628808088317591
0.009393060810880047
0.011169584232509633
0.013061851865491084
0.015041454452168061
0.0165988207020763
0.017693970151766762
0.018545689366149292
0.019009334645153603
0.01940259213353481
0.019735248703864765
0.019717150969435663
0.019406546922900718
0.019132651745847884
0.018881566655179406
0.0185269173004559
0.018142870630203062
0.01744880169262154
0.01642200809655986
0.015257874503650369
0.013888194542343213
0.012698804408811305
0.01174432554009925
0.010789843122334872
0.009947509826409073
0.009034147221525436
0.008031428523721207
0.00713006515347035
0.00629296930760484
0.005162714138886999
0.0037340531945933664
0.002155114868252592
0.0003361055843672718
-0.001464908060514306
-0.0032312315727568743
-0.005166045500160044
-0.007212424171559123
-0.00883847119213371
-0.01001324312057547
-0.010945853480870248
-0.011488237818396778
-0.011995071011179399
-0.01247569640642724
-0.012619102450128506
-0.01249136390894987
-0.012401773181793203
-0.012332968642245938
-0.012173800065965553
-0.011992793470844943
-0.01151513306268879
-0.01071961184743913
-0.009793958270637549
-0.008671402122375863
-0.0077896888205566195
-0.007207521403099188
-0.0066665645121517045
-0.006293526800618767
-0.005873844543413341
-0.0053878749554324016
-0.00505506921023759
-0.004832405783453587
-0.004329941807514785
-0.0035437074416148177
-0.002634053074215916
-0.0015037699007339276
-0.00043836369473311174
0.000543385973153959
0.0016639845997490665
0.002859944423231959
