-0.0010313596849539088
0.0035447501216203927
0.008532802118136142
0.013890452456523936
0.02060060911595355
0.028469641665818966
0.03166820215103085
0.029759822589310318
0.025378473665911245
0.01690093022614239
0.00797068903949657
-0.0012436268387595946
-0.014007436953822606
-0.029612494344691185
-0.038145764090836816
-0.03909190850101106
-0.03670375910394685
-0.02830963242945659
-0.020555866827798624
-0.013773045547124862
-0.002309383604283116
0.01248535807000413
0.02108175086296329
0.0233005528481364
0.022788670227118547
0.01708191941434258
0.013234052524977467
0.011581288261942822
0.006495724299319133
-0.0005432855712713797
-0.004943333158441407
-0.0069524763614741735
-0.0077578907351040305
-0.006265947465981874
-0.006628298910249873
-0.008993241178179895
-0.010386432906720365
-0.011701507805482228
-0.012099970513419168
-0.011177000831392258
-0.009953484671205794
-0.00810933290013737
-0.005354515332420643
-0.0017445984306534855
0.0028821134909680435
0.008606718506957784
0.012341187356153362
0.013856755151594062
0.014701553572111588
0.014041273215644755
0.013717398203962864
0.013867733292254235
0.01285495235218944
0.01106770911227946
0.009168299631667607
0.006993240624787425
0.004471958721651217
0.0017077578771471137
-0.0021164325115490975
-0.007053129776748271
-0.012643110541048452
-0.01909368731039249
-0.022206305840684677
-0.021540535388725066
-0.019240488716858056
-0.014106523779010213
-0.008474871302013088
-0.002483476152504501
0.006108637694516977
0.016852783611880844
0.02263255610758166
0.023082328126625515
0.0213056152960858
0.015394871061615344
0.010094573461942747
0.005659589916092333
-0.001935102338592476
-0.011714249774091811
-0.017157597676955835
-0.0181560299089102
-0.01716269751494012
-0.012492546105609617
-0.008997306401884998
-0.006898999258588559
-0.002332762861952802
0.0036880528440326405
0.007218215411176092
0.008348480017237814
0.008268644086370567
0.005998755138770934
0.004849668499639195
0.004941469264386993
0.0037933868462628286
0.002102956853269653
0.0009584551742430393
0.00017881092390519254
-0.0002752176583966655
-0.00017333616494612778
-0.0008059069987445925
-0.002193750415567643
-0.003510526546584616
-0.005034710372905556
-0.0056510030995415616
-0.005172403675379058
-0.00432557472912345
-0.0027783658359294126
-0.0009566727648362811
0.0010897048530954002
0.003871446737526979
0.007308430454245212
0.008895024982358748
0.008468700640050777
0.00717163747636067
0.004321600674242699
0.0015044907638228256
-0.0011923801318584702
-0.005158111759518975
-0.010072053620166548
-0.012513639788266227
-0.012333861941252883
-0.010944629509127703
-0.007431264029556944
-0.004145944601594533
-0.0011986318445254315
0.0033825542611434518
0.009119603349802899
0.012266264285761408
0.012712823206696883
0.0119215949414063
0.008906830306344262
0.006370671798958273
0.004434526446027297
0.0008963300534797256
-0.0036880940796147023
-0.006338472429156693
-0.0070436493844954155
-0.006849382733705905
-0.004994715139207255
-0.003798916612084728
-0.0033597821123167323
-0.0018704274475842557
0.00018325978819192068
0.0013030353250262318
0.0015603227895749146
0.0013368416210862708
0.00026965687575487883
-0.00029350413924711903
-0.00031046394741551374
-0.0007580075232870852
-0.0013509618126296315
-0.0017157554441721132
-0.0019235705575022589
-0.0019531399341138123
-0.001724879317259901
-0.001713564558723295
-0.0019199794397358886
-0.0020417912301532387
-0.002177952913729068
-0.0017562909933504247
-0.0006895074921967536
0.0006844445691095531
0.0025366456311299154
0.004623217105889952
0.006925769349893771
0.009722210083915165
0.012970060896402059
0.014222126218337973
0.013279458355978695
0.01127303149832787
0.007516823530444534
0.0034999930169899067
-0.0007070868482672313
-0.006460994964049428
-0.013474727356513738
-0.01733054659580793
-0.017787643175408208
-0.016760966876013805
-0.013056867044951225
-0.009611158706189811
-0.006571768343734529
-0.0014294308416503152
0.005220489555347568
0.009120163214424742
0.010189404559897067
0.010064197142996712
0.007644492210565194
0.006078598030713664
0.005518770591664237
0.0034539910857548073
0.0005458725877075004
-0.0013719562847357093
-0.0024313458417552477
-0.003059108879528394
-0.002829177648762264
-0.0034684750661820507
-0.005037641991720088
-0.0063282993885435046
-0.0077158617978608755
-0.008281325278325985
-0.0078077613449171555
-0.006994410320770078
-0.005548796711423926
-0.003690278503288929
-0.0014609489297852214
0.0015175432123177097
0.005212007355537829
0.0077085529479008425
0.008895531015124122
0.009674910820440627
0.009537032631001809
0.009699241967844139
0.010244245137265937
0.010127746412751328
0.009607732651855579
0.008643357444388128
0.007088188497678751
0.005124291116808593
0.002687290774404861
-0.0004772988691245072
-0.004388011102579994
-0.00900109461333555
-0.014397020728824239
-0.017336214719049996
-0.017519687784294927
-0.016550690751115132
-0.013517963685615956
-0.01030708845580893
-0.007028765029036163
-0.0019319384346324472
0.004613062563629286
0.008415801852607922
0.009320231891152908
0.009087909584608785
0.006617716454655523
0.004821457676261217
0.0038581987565016462
0.001329698269180574
-0.0021533826820034686
-0.003490650881759254
-0.0026806524208603873
-0.00078327338028144
0.002991700529953377
0.006221449691511724
0.008809794242467212
0.01264157805367006
0.017212134958416895
0.01923052913763325
0.018594910113293523
0.016514741385408677
0.012109329131612499
0.00777800597975595
0.003600304210745746
-0.002398560550633982
-0.00974343020976513
-0.015057483180024896
-0.018272873337794406
-0.02068858923219041
-0.02142979198716787
-0.023009535476589512
-0.025549093804893043
-0.027046128188433625
-0.028028962156320513
-0.026980252346301244
-0.023488587841317042
-0.018607067235165694
-0.011807777193790999
-0.0034185088521481583
0.006551366988061244
0.01878597365528167
0.03328264597877673
0.041453061674875585
0.04260331854191196
0.04083887401408613
0.03377538457526372
0.02661868066706296
0.019665364253131465
0.00821049454816887
-0.0067092720413320026
-0.01589363039775883
-0.019111540019063834
-0.020086467255400534
-0.01643936600336584
-0.014796168593374997
-0.015516724723372698
-0.013271234199559867
-0.009467024601160934
-0.0066936555110890935
-0.004540608784426699
-0.002720993437765714
-0.0017628656774977183
0.001229054500730216
0.006351039043245975
0.011764763091853533
0.018124429275260156
0.0211233630788075
0.02017973100693477
0.017812244704097136
0.012769377288380564
0.007092158367122071
0.0009572143263121939
-0.00777143744047953
-0.01869750195541727
-0.024615083677725275
-0.025147970166692606
-0.02347926912716202
-0.017680876333721347
-0.012503231579144774
-0.008211948605223823
-0.0007649764518476692
0.008857327087597755
0.014249063234349867
0.015314261632179844
0.014447186351596338
0.009996088119436653
0.006745313025178551
0.004913013975984526
0.0006979858275380714
-0.004899460434357931
-0.007616306449798875
-0.007500341011098784
-0.005896546585754018
-0.0017278249998363836
0.001532170438575714
0.0037604135049607015
0.007610766699419141
0.01236059914669851
0.014555459138420086
0.014167008650973189
0.012335584410077007
0.008159372745619087
0.004344086324092679
0.0009727234779669035
-0.004092751110124217
-0.010306965983875904
-0.014271835630400853
-0.01592295108956154
-0.0165114599357683
-0.015150359918869288
-0.014399756354481293
-0.014365556701219901
-0.013003487628505717
-0.010841441666242724
-0.009035033313270567
-0.007435257982947073
-0.005836619242396724
-0.004481687862739294
-0.0021405583451884654
0.0012395635580550513
0.0048639494681748255
0.009015026896367082
0.012389421468375739
0.014793372764840612
0.017056369680814004
0.018800373097295747
0.02059525450343173
0.022508017375209414
0.02392154207495423
0.024953115140936705
0.024141971912333318
0.021234480905330488
0.016973003844887043
0.010884605508256257
0.00363524299581123
-0.004779526118294148
-0.015153347109464003
-0.02740524203296812
-0.03461801979180363
-0.03625650794480289
-0.035573745662426805
-0.030653720922289063
-0.025764702771539832
-0.021141891048221888
-0.012962503946523886
-0.002077316733033343
0.004964042692060658
0.008064557328444251
0.009808309671500627
0.008528102755466426
0.009077527432659311
0.01172629436156577
0.012649676164875391
0.012893696599423769
0.01260756332934661
0.01134188655284971
0.009732935486280257
0.007679905516204105
0.004107977931958407
-0.0009930208039823384
-0.0072302899040859415
-0.01487557683035947
-0.019263063730010768
-0.019957672458963682
-0.019396793678661137
-0.016285812195706115
-0.01326169259202891
-0.010521748119482621
-0.0056183339207727025
0.0009072184816484366
0.006047197660933506
0.009861340422492487
0.01344504784461808
0.016075868561385768
0.020154587074422796
0.02582654766574216
0.03131088535058495
0.037147940149798435
0.03866100199138394
0.03518359782517224
0.02929481263183518
0.019591941331185688
0.008328692431087784
-0.0043695827315263485
-0.020917976480909525
-0.04092541457538201
-0.05176188705396013
-0.052576561524300194
-0.04914250619249348
-0.038005012906698395
-0.027175556786492985
-0.017090003364316993
-0.0007164984323232561
0.02032998063449283
0.032450822516831616
0.03527926792932418
0.03423587357728917
0.025777509239558107
0.019692820032943655
0.016473473154622654
0.008197110296296037
-0.003086279368543982
-0.01070339728691915
-0.014999644512072963
-0.017777304526651452
-0.017451151544593185
-0.019988864689221245
-0.025622452829764206
-0.03007282496935741
-0.03463426871302985
-0.036438677845973044
-0.034738388767907774
-0.031792183972476254
-0.02666050438409898
-0.019893066158266443
-0.01161031857323319
-0.0006615255292642629
0.012891958756226724
0.0237349595004802
0.031602897260217123
0.03904919908799521
0.04469081440627955
0.051965131095596924
0.06114183203562575
0.06934647620957012
0.0773383783137311
0.07717126732602503
0.0676657319459213
0.053048409583242286
0.030885825799518814
0.005010473376134236
-0.024438740346126298
-0.06165458106382316
-0.10602541645205876
-0.12851994393544736
-0.1269717624960008
-0.1148155187224067
-0.08402024013135218
-0.052642731238965
-0.021633204104524663
0.02512309481817544
0.0840431843185867
0.11613235712534001
0.11981361033943569
0.11131302689756035
0.08028935104181463
0.05374438238563566
0.033042191373915356
-0.004244860894847104
-0.052542646906243634
-0.08004476564955337
-0.08653171400104076
-0.08340857833630018
-0.06253851684997566
-0.04833447541949508
-0.041860320423785895
-0.02398856786060182
0.00016356092619287683
0.014664280822641372
0.02027601413734893
0.021097711244427515
0.013278108381403596
0.011119501170480325
0.015083335568972959
0.01481169546443078
0.013339605769517655
0.013308178888219266
0.013833635646184896
0.015773813672583757
0.019594028358787416
0.021029591563094117
0.0201070888077356
0.019305663518226397
0.017719815657843606
0.015462465499732542
0.012726005924185217
0.00877830833570572
0.0036437892871810677
-0.0020825739448328997
-0.008522298252920125
-0.015992480420071665
-0.024426910408359103
-0.029171045365631455
-0.029802634606362236
-0.0284889577720387
-0.0239025318777104
-0.018890987513109872
-0.013579336837940608
-0.005348468321020881
0.005261542038759961
0.011760025979569513
0.013900393080775496
0.014444999707832272
0.011690536491926735
0.010152709109729067
0.010089020503931125
0.007788578783682289
0.00420564498085086
0.0020924032963369307
0.0012464529622215293
0.0009965075498069068
0.0019745664628165616
0.0016136773331070129
-0.00018769430645229512
-0.0016412557674489855
-0.003312406352392095
-0.004234924425722625
-0.004134454684477485
-0.003875136088076083
-0.003144197632982123
-0.0020533662237771613
-0.0006657325207957536
0.0013574661318526136
0.003998138188319104
0.005203970770805447
0.004845598567328734
0.003897422674787648
0.0018089691687626151
-0.00014669127172066074
-0.0018848749168829968
-0.004515598218513448
-0.007772744691111744
