0.0031380801074142343
0.003115637884458395
0.003099588751357002
0.0030917128982600557
0.0030709431391661123
0.00304325357999283
0.00300238891746429
0.0029452800966935817
0.002879036926548436
0.002801159571140788
0.0027100704578675383
0.0026060362645002745
0.002487368939289857
0.0023534889504545973
0.002216431824368117
0.0020766442408081693
0.0019276528561373628
0.0017723982559700426
0.0016031429926234534
0.001418971002387964
0.0012260260472967482
0.0010223811439989128
0.0008046721542645265
0.0005731364129221134
0.00032784071819979703
6.789423136658381e-05
-0.00020362082760298726
-0.0004868656058766978
-0.0007842426892022713
-0.0010952669771285793
-0.001420541891411517
-0.001760534778119895
-0.002114777956481549
-0.002483636917498871
-0.0028676851360026783
-0.0032670802955772154
-0.0036819927288025533
-0.004112707707743267
-0.004452467830772581
-0.004690502171835408
-0.004877087929062007
-0.004981299731161821
-0.005064530173670802
-0.005129079856369656
-0.005116040969805084
-0.005036474660843558
-0.0049671446629164
-0.004905829235920758
-0.004821419227865447
-0.004731504510258038
-0.00457326065439653
-0.004341417490488355
-0.004080611172361061
-0.003775602506126543
-0.0034990939711280348
-0.003262166048793657
-0.0030187449397301616
-0.002790116921460273
-0.0025433833628617075
-0.0022748733797886885
-0.0020198347762950333
-0.0017715453940606786
-0.0014591767594557146
-0.0010813309706793814
-0.0006677121022295221
-0.0002003870864178965
0.00027033751546443724
0.0007412367113448806
0.0012523607235920616
0.0017926947499603972
0.0022231742706647563
0.0025342982300036324
0.0027835277173624074
0.0029318115014092304
0.0030687821367994072
0.0031970877453648253
0.0032366024435006254
0.00320395574048701
0.0031847431664164456
0.0031748871924894167
0.0031425852436826377
0.0031070329424929444
0.002994009352664549
0.002797707022808559
0.0025694754952390367
0.00229133462683512
0.0020724394966415197
0.0019279194236748827
0.0017923797275140338
0.0016975345970041454
0.0015908828140191891
0.0014674453435711407
0.001381565398551546
0.0013227168019073552
0.001191755934656159
0.0009875014006455742
0.0007509913069071037
0.0004574586448229968
0.00017906902208544352
-7.940838307358785e-05
-0.0003744005970211667
-0.0006898755589071825
-0.0009383501015226458
-0.0011172975229762452
-0.0012563601380731122
-0.0013318509110254921
-0.0014076145003248867
-0.0014849184537055213
-0.0015106049052726303
-0.0014967590135898665
-0.0014858613813687007
-0.0014743121750074345
-0.0014488080111856425
-0.0014184081782851758
-0.001342257627161616
-0.0012174175739275014
-0.0010707720704303412
-0.0008923595146171099
-0.0007626830908729825
-0.0006917598032436612
-0.0006338301826603209
-0.0006120390290197764
-0.0005853346611350705
-0.0005503062894992394
-0.0005479768473035762
-0.000570163601504479
-0.0005485384800150997
-0.00048276118495593025
-0.00040056128619673473
-0.00028504042849680474
-0.0001870566838346455
-0.00010997627918241263
-1.4591330311507773e-05
8.771368102643438e-05
0.00016562183125699278
0.0002202688734500824
0.00025818836680834196
0.00027138512009922106
0.00028720740148337046
0.0003057967340036127
0.0003063844321620919
0.000294223308110223
0.0002776412666927544
0.0002546673675069705
0.00022450853848173156
0.0001885386231334343
0.00013555900145609373
6.488722422696142e-05
-1.715572783628915e-05
-0.0001133891026837816
-0.00018720884965852194
-0.00023471203893355783
-0.00027546183245162864
-0.0002990995573305322
-0.0003256182207255681
-0.00035648037758163875
-0.0003725483587926199
-0.00037782268467906766
-0.0004009316058950433
-0.0004417981551699442
-0.0004891889116941863
-0.0005501246946968305
-0.0006027445327594304
-0.0006456452884901204
-0.0006954579331070349
-0.0007472798705778979
-0.0007756552724846861
-0.0007797721789832735
-0.0007680118820579108
-0.0007334021199601647
-0.0006944868662732334
-0.000651513944428488
-0.0005888915634834081
-0.0005100414049894075
-0.00042728676440487217
-0.0003394818262591632
-0.00024262503725044102
-0.00013926799867344122
-1.7365586012628835e-05
0.00012404284638923408
0.0002771941484327064
0.00044510125487567026
0.0006033681176108401
0.000749066789631789
0.0008961247241881614
0.001037595349973692
0.0011861295958589058
0.0013428430259470596
0.0014953108554126794
0.0016461224468286902
0.001816046169217263
0.0020052597791318004
0.0022054723272463797
0.0024218813224187157
0.0026391486309130094
0.002856340400031901
0.0030854207197990747
0.003323021592962574
0.0034975951640992234
0.0036031718130208916
0.00367085841809125
0.0036802112383247302
0.003675153314636713
0.003657004171361352
0.0035851774188359895
0.003467638348100518
0.0033515408555454987
0.003234948090178699
0.003099449924550473
0.0029556509009582978
0.00276354487368041
0.002519804600280593
0.002252272904761095
0.0019511747212981065
0.0016702474080078863
0.0014171106026242856
0.001158789926091129
0.0009108733341960425
0.0006478833811519488
0.00036718138805219173
9.524210496359011e-05
-0.00017314968284534872
-0.00048822179109439805
-0.0008508076312739206
-0.0012401526616211875
-0.0016689365367524166
-0.002101079052193492
-0.0025343098456155405
-0.0029971911580742266
-0.0034818223542046967
-0.0038646660446263145
-0.004136414345866242
-0.004349386966905027
-0.004468615906759522
-0.004571958108941998
-0.004661743933295253
-0.0046673211142389415
-0.004602995062096791
-0.0045473424049091
-0.004496882600836672
-0.004421714667648946
-0.0043394930796232445
-0.004182819615988905
-0.003946271435898245
-0.0036766305548496503
-0.003357510528548086
-0.0030838643369742818
-0.0028690038204477945
-0.0026554199945334543
-0.0024706884442034223
-0.002269460538321859
-0.0020472632761875365
-0.0018511457156969121
-0.0016719370981092766
-0.0014222524307073187
-0.0011008692397781574
-0.0007439454385059218
-0.00032955167728608467
7.907934049544216e-05
0.00047785143615355994
0.000916473927410408
0.0013809843737580007
0.0017518186041225628
0.0020224732030924156
0.0022391274225544724
0.0023686172753371645
0.002491645520040387
0.0026102694909211424
0.0026542255208659256
0.002638585209685399
0.0026314258709415088
0.0026287197700443966
0.002606350423752515
0.0025793433464592137
0.002486676941631501
0.0023236840842697053
0.0021318788776275256
0.0018964328650516397
0.00171730081178851
0.0016077538444103086
0.0015091230441618354
0.001450317227834832
0.0013820682945307051
0.0012999326852640497
0.0012541410265922424
0.0012348278296662545
0.001153561962982572
0.0010095115781214182
0.0008389836682049007
0.0006199613692479736
0.00041734834166665065
0.00023542266672236614
2.3688164395015187e-05
-0.00020340490148640098
-0.0003853830994707238
-0.0005217596226460618
-0.0006306149240731808
-0.0006958906606269941
-0.0007644719387884227
-0.0008370795404049937
-0.0008759381454989677
-0.0008899941956157639
-0.0009044918697448888
-0.0009165603242908673
-0.0009194315119655167
-0.0009182699237356673
-0.0008869309493863946
-0.0008236368750200796
-0.0007450092622156926
-0.0006446429525524744
-0.0005828242394690548
-0.0005666898940687242
-0.0005627607696525963
-0.0005882910050761888
-0.0006117892926600323
-0.000630784298826337
-0.0006763002402143184
-0.0007420739684182501
-0.0007784539234862884
-0.0007853532320653942
-0.0007827323304028315
-0.0007583691711057193
-0.0007496017696755898
-0.0007589023525535118
-0.0007576705161174771
-0.0007542922594727692
-0.0007517092545148235
-0.0007470916794613587
-0.0007450721874257598
-0.0007457252719277642
-0.0007405387329544243
-0.0007298492610596407
-0.0007178420548812232
-0.0007027536793434616
-0.0006927952723493329
-0.0006889966947323322
-0.0006861600155403247
-0.000686561606847015
-0.0006866901500573611
-0.0006860706402505762
-0.0006884022904125208
-0.0006929139168242241
-0.0006862427295752952
-0.0006675900952564654
-0.0006427531641065073
-0.0006080862751992061
-0.0005721713162083121
-0.0005354031212522689
-0.0004902786471236087
-0.00043849232061883125
-0.0003878980673526461
-0.0003381824832995868
-0.00028662684648271563
-0.00023505538922727264
-0.00017677210966024842
-0.00011135053998192145
-4.35599996273863e-05
2.814771709171635e-05
9.477402734806667e-05
0.00015495638696382178
0.00021407598159116592
0.0002694545972822589
0.00032518410420737863
0.0003816062232744739
0.00043425579943831555
0.00048389365723322265
0.0005386930345505304
0.0005986913301554085
0.0006603727415781401
0.0007257262273421775
0.0007887123929527935
0.0008488586731849391
0.0009107689383157517
0.0009730435722304782
0.0010393099011207804
0.0011104137753435706
0.0011836221119120437
0.0012600899434257672
0.0013387689729958013
0.0014194816869865954
0.001503809282803074
0.0015915721110857743
0.0016783591556030653
0.0017640496564527268
0.0018506893375146614
0.0019371733023578633
0.0020265155458494815
0.002118964896318193
0.0022121175329373544
0.0023066632516939804
0.002369275026707066
0.0023962524795098665
0.002403668168506139
0.002381741671523677
0.0023489846801230604
0.002306066451940641
0.002234748732651746
0.0021382829188639338
0.002041514219291194
0.0019437650284305308
0.0018346940639514934
0.0017199749167207525
0.0015794270410439807
0.0014112747249569876
0.0012298405024636259
0.00103018145751585
0.0008345193232481763
0.000646261467627318
0.00045106491919610496
0.00025540772233777556
4.928612580581824e-05
-0.00016850477020780128
-0.0003872804153336449
-0.0006091386438674671
-0.0008561840140523552
-0.0011289441385370492
-0.0014182041475616451
-0.0017296184892705807
-0.002047663696390829
-0.002371404163315786
-0.002713347233005493
-0.0030701488158572225
-0.003342823707082428
-0.0035227441843949728
-0.0036539445885751557
-0.0037080942816513115
-0.003745061999508638
-0.003766817347035659
-0.0037176470929000385
-0.0036084439859124674
-0.0035058944000694457
-0.003407524880224437
-0.003287131126234957
-0.003159827493634919
-0.0029696588473478573
-0.0027120156026186827
-0.0024261423826992166
-0.0020984363690789527
-0.0018010451851962065
-0.0015444422724372787
-0.0012840453196937627
-0.00104086741634913
-0.0007811924457926513
-0.0005015003603986603
-0.00023720556210643571
1.8552996024858305e-05
0.00033385605434394384
0.0007098441907172821
0.0011182044011863491
0.001576101180847164
0.002034697902220922
0.002490861219287964
0.0029832252521444823
0.0035010590139032
0.003906896787702063
0.004191170619889278
0.00441073620665416
0.004526903744714366
0.004627968762677486
0.004716474861994714
0.004713235665543541
0.004634559051110771
0.004565364296135322
0.004501579771899444
0.004411464658731065
0.004314019657541395
0.004135597429767881
0.0038703560033965336
0.003569164355955315
0.0032141252536145594
0.0029131691717897987
0.00268121016561009
0.002453446541245825
0.002261190776635007
0.002052450107443345
0.0018222252958024578
0.001624206928949159
0.00144791439399191
0.0011951037355371799
0.000864528003400907
0.000496761344638472
6.720627032669234e-05
-0.0003527629305996902
-0.0007584951143526171
-0.0012059315585021962
-0.0016792718755865275
-0.0020699943377860785
-0.002373407906572267
-0.002629206346733869
-0.0028076072280160146
-0.0029844682277573426
-0.003161539245653438
-0.003274104739388111
-0.0033364274113545094
-0.003406388422642589
-0.0034799926059095286
-0.003537688442225183
-0.0035920902679963972
-0.0035898462047222876
-0.003526986453925111
-0.003439338223279105
-0.003313927651082463
-0.0032455619161141833
-0.0032464755968300814
-0.0032618521078799628
-0.0033190458164755686
-0.0033705998546422885
-0.003412404347639139
-0.0034924182481006353
-0.0036011695239758002
-0.0036563727510489545
-0.0036574306791965546
-0.003637969788164694
-0.0035775745207850002
-0.003537044935331348
-0.0035204082777213277
-0.003480579595137876
-0.0034311388481382647
-0.003372186272846334
-0.003298444124742711
-0.0032194902793749253
-0.003133953349302597
-0.003030394697145239
-0.0029093008518367484
-0.002774813228149645
-0.002624361276689501
-0.002474812996885389
-0.0023276235901762243
-0.002172650525766746
-0.0020142969669966794
-0.0018437807427447112
-0.0016599287318915697
-0.0014707138332418152
-0.0012740247187148987
-0.0010519220114707998
-0.0008035393363457022
-0.0005357545823667722
-0.000243648238379739
6.081335410935892e-05
0.0003773132273588714
0.0007162496081821514
0.0010753789461903699
0.0014457939968002766
0.0018282029235655779
0.002225611735490776
0.002636129951804046
0.0030681057005380384
0.0035221965322461877
0.003992899489991995
0.004482279822111456
