0.002459982542853489
0.002596125579642922
0.0027371689114592335
0.0028834453230089886
0.0030315095928127853
0.0031823986143952954
0.00330686016894729
0.0034015227690500165
0.0034808196143588923
0.0035361490277609586
0.003583459361246915
0.0036233832041990474
0.0036400556300571433
0.0036362860145899988
0.0036343539884064863
0.0036337303586502076
0.0036250954022137146
0.0036135719234964394
0.003581246766052379
0.003526557086851772
0.003462308828212393
0.0033841355755130564
0.003310807713491408
0.0032452901864258284
0.003175337323287302
0.003106448321196825
0.0030303490877119023
0.0029460229255310593
0.0028624417131266613
0.00277787921589356
0.002673401869729062
0.0025485482423135107
0.0024112694555359984
0.002256726030690424
0.002098180206886521
0.00193644790758709
0.0017608428020965557
0.0015742308426301148
0.0014001923208079082
0.0012398264389365042
0.0010840313929009252
0.000939248889450389
0.0007892363218730063
0.0006334910967276432
0.0004858769498115467
0.0003432706942138253
0.00019244636563921062
3.413026208188834e-05
-0.0001272040590179684
-0.00029453855987023145
-0.0004560865898511667
-0.0006110463469814802
-0.0007675629621581977
-0.0009228457716879554
-0.0010967162573451217
-0.0012918728101164445
-0.001496862868251621
-0.0017174828055419188
-0.0019440773965728106
-0.002175867664034485
-0.0024228713982170033
-0.0026832315385046388
-0.002939668023064258
-0.003192119562291796
-0.0034478065381133506
-0.003702500648938185
-0.0039690653681834645
-0.004248437410227831
-0.0045307858278081856
-0.004819049676613986
-0.005066169326764404
-0.005266260294648031
-0.0054434639977382505
-0.005583833123853141
-0.005712027019386904
-0.005829135960102992
-0.00591002220156726
-0.005959001273386108
-0.006013525852912644
-0.006072905385739561
-0.006121229065738562
-0.0061671781327192286
-0.0061811289373720785
-0.006160484978048874
-0.006126627249889626
-0.006072358589600911
-0.006026323907838185
-0.005993249852028836
-0.005954058745965599
-0.005917193230399772
-0.005870434122056655
-0.005812200445068247
-0.005756033915423925
-0.005699384723888186
-0.005612582494483097
-0.005494847885601593
-0.005358747606374695
-0.005196683865069105
-0.005029296732078441
-0.004857869520186007
-0.004665711266688161
-0.0044572807616999515
-0.004272687112352605
-0.0041139750914111605
-0.003965377629158333
-0.0038379031516753035
-0.0037043035223224014
-0.0035637202027924554
-0.003439608491017518
-0.0033267498939686694
-0.003202158759900325
-0.003067038103429831
-0.0029293144020468816
-0.0027837967204976033
-0.0026508016484590798
-0.0025317404230851505
-0.0024125363515824227
-0.0022980101773692977
-0.0021551079535158477
-0.00197928990757908
-0.001789789120660248
-0.0015769384407426463
-0.0013567519400530428
-0.0011305550527925359
-0.0008816929536074706
-0.0006132583031080306
-0.0003543082635265875
-0.00010498294843646887
0.00014686364757494092
0.00039410218155770335
0.0006582843823718951
0.0009409658710577727
0.0012256240498031818
0.0015171678286813753
0.0017727970821980455
0.0019863391230686947
0.0021813665019450095
0.002344995387614754
0.0024978802698537813
0.0026411327783746512
0.002752565835150433
0.002835735480165237
0.0029275407254074834
0.0030276302038135692
0.0031199042411104534
0.0032130277162693995
0.0032786280829029636
0.0033141908667888285
0.0033405305055830958
0.00335078877866509
0.0033682872062902134
0.003397242522090019
0.00342138743357949
0.003447684164873654
0.003466929769399151
0.003477774924816929
0.0034909629758597092
0.003504566857658764
0.003492974681702605
0.0034554050782732537
0.003402888217066952
0.003328834998934948
0.0032507918988707745
0.003169867637561109
0.0030717511392359125
0.0029602245017662037
0.002875675655696048
0.002820452220951757
0.0027781868000786927
0.002760045897959646
0.002739220527639804
0.0027148329084216525
0.002710285613668883
0.002720474305285345
0.002721417244552585
0.002714264336891572
0.0027075267863660452
0.00269576916879354
0.002699898389894337
0.0027214087192759116
0.002745740971394661
0.0027778680582399673
0.0027856051416189575
0.0027644570611821484
0.002733371940905283
0.002682929730853028
0.002628563922702398
0.0025716031756976418
0.002495914086751285
0.0024044932037736266
0.0023260350025909927
0.002260733978746043
0.002196577876806308
0.00214063458251464
0.0020717432905629726
0.0019883936171168214
0.001906884312753237
0.0018224161457989418
0.0017454347541951637
0.001678784322021136
0.001614116907224479
0.0015549070713475955
0.0014989953496822369
0.0014459283918923712
0.0014000364116208404
0.001361060155436659
0.0013154188859359553
0.0012627616471355186
0.0012096637696767621
0.0011527773803545233
0.0011013503195288165
0.001056254862998356
0.0010102091312711523
0.00096540327137311
0.0009205380615194688
0.0008747247270734881
0.0008302081974689031
0.0007864486585194692
0.0007426339502287601
0.0006989619494653193
0.0006553459141109068
0.0006116369377739597
0.0005719014554868027
0.0005364578559922458
0.0005032605044492612
0.0004734151709471516
0.00044461187093815675
0.00041668385514017975
0.0003917438267013767
0.0003693165176823094
0.00033310247487319204
0.00028173835052549504
0.00022256613185300448
0.00015096628177308522
7.684918835367854e-05
5.987101212014605e-07
-8.690811679838394e-05
-0.00018382170744548365
-0.00027921442670429203
-0.00037345007931846157
-0.0004707366335208854
-0.0005685618560248646
-0.0006760210062508237
-0.0007938155241492643
-0.0009154887694311812
-0.0010432140035421175
-0.0011655963846425746
-0.0012809221659458938
-0.001396219675730015
-0.001508135978250799
-0.0016218779619790655
-0.0017379635581804553
-0.0018508028112282707
-0.0019614232547256276
-0.002080575742024028
-0.0022084074369610567
-0.0023403768431437357
-0.0024791658421924774
-0.002617011728209007
-0.002753376850425093
-0.002894337086276902
-0.0030381552950450243
-0.0031595216865769127
-0.003256521320073946
-0.0033397560505475346
-0.0034020397250593953
-0.0034593167860794563
-0.0035120181477500258
-0.003545628846059333
-0.0035630462050957566
-0.0035801842226493848
-0.003596278346897156
-0.00360523628675598
-0.0036105958049135237
-0.0035985902504573676
-0.003568074812794144
-0.0035285193448978255
-0.0034765436201847476
-0.0034315754084571536
-0.003396292446192679
-0.0033588759092701937
-0.00332493504274894
-0.00328511048020988
-0.0032384431989249357
-0.003194544068096183
-0.003151485906442206
-0.0030913427704786995
-0.003013824377637806
-0.002926282272468246
-0.002824186504476762
-0.002720441475539201
-0.0026158423608431164
-0.002500170787387045
-0.0023762428222755512
-0.002259465160905967
-0.0021501976519444246
-0.0020431637917268596
-0.0019424804402392417
-0.0018367483798895016
-0.001725677504771655
-0.0016186160221963613
-0.0015133499116483193
-0.001402368712575004
-0.0012862476614053132
-0.001167231170594929
-0.0010436680395428995
-0.0009226790125481308
-0.0008047118513009504
-0.0006849783233391231
-0.0005651640319414018
-0.00043093568676069163
-0.0002804556665883176
-0.00012175658307642505
4.932913576773095e-05
0.00022558484267164123
0.0004064741131255646
0.0005993372082007435
0.0008027894713501789
0.0010048096420526235
0.0012054066346613899
0.0014095508576914442
0.0016143205186163066
0.0018287850795395688
0.002053607458931919
0.0022819168533212146
0.0025157958416650345
0.0027185719719368144
0.0028857598738861808
0.0030360339302816677
0.003158558710366198
0.0032727518963349116
0.0033794686092126175
0.0034590628956849855
0.0035149530730134437
0.003576038256124358
0.0036417666731950937
0.003699929639119247
0.003757226050833221
0.0037907408266583172
0.003798483092860142
0.003796983825584253
0.003780684196174095
0.0037721107629601074
0.003774961085264661
0.003774317355626325
0.0037768211985998094
0.0037728216810209133
0.003761095486328423
0.00375232227837961
0.0037444997894648265
0.0037144505044078373
0.003661588655294425
0.003595735445170284
0.0035109688478457707
0.003423459006480833
0.003334223025503661
0.0032302204924720994
0.003114956345044743
0.00301895500796663
0.002943743268120857
0.0028774092290742835
0.002828328073850351
0.0027756956939389617
0.0027188734754446144
0.002675746991795629
0.0026423378177310255
0.0026012966872297006
0.0025535605254862425
0.0025050942961349783
0.002451992779283967
0.002409656990135906
0.002379162577732418
0.0023498711658178546
0.002325445178937382
0.0022806127851888723
0.0022119244295657464
0.0021340752170718696
0.002039684114736992
0.001941035702987791
0.001839151562359193
0.0017212931053692834
0.001589840960218389
0.0014669797325992295
0.001352821487533648
0.0012381137181010037
0.0011283054785852773
0.0010069481045124496
0.0008728639341455283
0.0007386756375411798
0.0006006437595110922
0.00048202597388552194
0.0003865729512735243
0.000300702718830879
0.00023151363306097257
0.00016863936208119006
0.00011142090081355518
7.159050761798234e-05
4.7396277287868954e-05
1.7435969353035983e-05
-1.8229203481085254e-05
-5.006912172084174e-05
-8.315687960914973e-05
-0.00010139073652690167
-0.00010332841123547168
-0.00010093041845396728
-9.031832475646059e-05
-8.282454082148097e-05
-8.06949253376048e-05
-7.562052157392433e-05
-7.102996453351682e-05
-6.285083289392665e-05
-5.039010096798179e-05
-3.871340829810955e-05
-2.696135783356573e-05
-1.893450733355977e-06
3.69530943967849e-05
8.37877519024707e-05
0.0001420350434935355
0.00020276799796195677
0.00026541654877129043
0.00033733107484372433
0.0004165944449909724
0.0004794727157110269
0.0005244668025509579
0.000561409679229253
0.0005837073437263438
0.0006068520052900988
0.0006313690294244838
0.0006435997150074228
0.0006464836723717013
0.0006544754547982499
0.0006669291330235933
0.000678620645258557
0.0006928370040529234
0.0006971032123493152
0.0006905135997154659
0.0006817924758718806
0.0006679703423637909
0.0006674946412894467
0.0006829781543919722
0.0007034685608942175
0.0007343709313085428
0.0007669153714577414
0.0008003273566648186
0.0008438189703636391
0.0008956833026844827
0.0009393030784930889
0.0009745448800788508
0.0010083782033258758
0.0010367007601978047
0.0010717202825020072
0.001114304107340845
0.0011550227519278769
0.001196638733864912
0.0012371924802289528
0.001275450551734845
0.0013143166568939989
0.0013529631621488599
0.0013902920726071703
0.0014264767788759586
0.0014612640743504994
0.0014943804691753236
0.0015307447419188377
0.0015706441014012873
0.0016114645362927075
0.0016544690820949244
0.0016967103727023134
0.00173788474814898
0.0017804965012071302
0.0018238608847929248
0.0018659579198242297
0.0019068782283585665
0.001947080111809106
0.0019860638504181818
0.002025551199518544
0.0020655672053610558
0.0021048186479147506
0.0021436470694084267
0.002182401555124261
0.0022209509291590533
0.0022593445428094523
0.0022976263735208368
0.002335213606060223
0.0023720791527307604
0.0024085279799110036
0.0024444144353119573
0.0024862207573858
0.0025346154710985686
0.002586440461204641
0.002643565034094067
0.0027023254542392202
0.0027625548923121664
0.0028277785653742656
0.0028973216288547534
0.0029664367022191594
0.003035232223624018
0.003105621484719609
0.0031764994684309955
0.0032516885546518596
0.0033314940758881416
0.003413158467874102
0.0034975942782318557
0.0035807581969745463
0.0036619943955032664
0.003743903039376164
0.0038252846036878345
0.003907887922622882
0.003991908668118746
0.00407540432905245
0.004158722339500228
0.004245879334254467
0.004336950573824374
0.004430218630296014
0.004526693243553724
0.0046235216579243
0.004720507442088722
0.004819908153296751
0.00492108971252237
0.005008860581356426
0.005081920176470874
0.005146926368957914
0.005199528726889533
0.005248970321576447
0.005295530634711761
0.005330621100974655
0.005355911821610961
0.005381469021786846
0.005406883088341064
0.005428199567970149
0.005447680578007655
0.005456802646475648
0.005454849602412616
0.005447752699419662
0.00543342521127918
0.005423014472584253
0.005418109935435517
0.005411821100724584
0.0054073786983715256
0.00539952017286095
0.00538768514098935
0.005377346371423756
0.005367418807401031
0.005347402798108473
0.005317109377677942
0.0052808726597844
0.005236033450904216
0.005190103874490829
0.005143548585682592
0.005090397769006529
0.005032288546764173
