-0.026659981745908237
-0.21449354202562324
-0.2520477443787717
-0.11494932629081474
0.058578045788044354
0.327701191409804
0.3963703472993607
0.2301743502017435
0.020093124587312366
-0.31423128471590994
-0.4322501702935722
-0.2927092229428053
-0.12601664911109572
0.15954760293145046
0.27110235809960703
0.16802584471119636
0.06714364650053384
-0.11039698753682532
-0.17287693423017883
-0.08653256308465504
-0.00802450339170195
0.11597356375901038
0.14982398264593363
0.06755206542189203
-0.022331992005127962
-0.1590985762141328
-0.17887954361290487
-0.05793707960797617
0.09274436722288588
0.31947661509032405
0.3764154520529513
0.23460359885620197
0.05060406664818684
-0.24287000759058508
-0.3748044772311288
-0.31305862198813705
-0.24445033926189644
-0.09689008641443554
0.00849010423630447
0.04936904745151042
0.14433223945664791
0.26216542501735374
0.27229664047005914
0.1757477753983207
0.010438519912207999
-0.2572372151926201
-0.33617514433958096
-0.20488572380457
-0.032232137795961964
0.2568378772884651
0.34434195223941033
0.19393711079056947
0.020125489695153514
-0.2615579944532107
-0.3459348193892817
-0.1912191572375096
-0.013028237293897703
0.272064999228257
0.35786943273322075
0.20184031323295498
0.019745165740849367
-0.2725924578667541
-0.35954194821321744
-0.19800705320899453
-0.009142447925181301
0.2936038755813242
0.37924289218731044
0.20296535055489426
-0.00484037628472413
-0.33495521361883934
-0.43225381790767753
-0.24934101357319904
-0.03173173403653928
0.31785417390775317
0.4299142207467867
0.25515248506984917
0.051573220198250114
-0.2816394501466214
-0.40009283978669136
-0.25567339590272653
-0.09728187025490234
0.16894845126176466
0.2860993871377038
0.21359921540371204
0.15259718542971556
0.032850336364355116
-0.0407566137739679
-0.042886181942721556
-0.08198776150625206
-0.12855973300305926
-0.12595648073787266
-0.08080170249092038
0.0035723181063695296
0.14030438014598853
0.1808603558063301
0.11620471614574829
0.029037001137216866
-0.11837807065100513
-0.1720681384521941
-0.114905217137837
-0.051956821351885264
0.057220620237911975
0.0982551443120021
0.05373229106583661
0.011669766091719096
-0.05905253343534213
-0.07909148814819693
-0.03412039118303622
0.012398260482946675
0.08294606895956627
0.09446258924552292
0.034063143189787815
-0.04003074316560078
-0.15145865325188648
-0.15780373466242464
-0.04213709379770211
0.10778982680432776
0.3314937817834469
0.3762956059472311
0.21486815648873614
0.0012114467446552235
-0.3335268661053887
-0.45853622380242465
-0.3370583552045419
-0.1857001935274521
0.08391007543879496
0.2008690114745627
0.12857512187339637
0.07086170712063111
-0.04415249129544645
-0.06643633226052141
0.03399641970214756
0.12684571036260653
0.2546142141508507
0.26866681435323153
0.14274448091062683
-0.017912766889492324
-0.25722082614562763
-0.3438790635247431
-0.250789360156027
-0.12626300578132188
0.09280319873839686
0.19717445201968015
0.16091402119533435
0.13800524796130434
0.07366842147087857
0.00867614487906922
-0.0419819835923133
-0.1430465122987372
-0.28370577720285234
-0.29389371747773535
-0.16742437568791094
0.02225115844653697
0.3193414188242649
0.41455149825638743
0.28092302766679506
0.10426793994716371
-0.19645955875348511
-0.3121049197109764
-0.2061455873427054
-0.09443328085829988
0.1047066035763272
0.18951523732261707
0.12688981775500638
0.08077159603168733
-0.0037281452439065724
-0.04420203914126444
-0.018971231171173438
-0.01230165102882333
0.00010703170353001468
-0.007347322428354215
-0.0460999034380009
-0.08425869973417716
-0.1311324954813559
-0.12927204906906278
-0.06964593318607742
0.012621611467587859
0.13476594862881852
0.18420828411952678
0.14974543900471354
0.10040369882243216
0.006086470293302542
-0.04603758082971535
-0.04529835648220154
-0.059154874617661155
-0.06537839579286085
-0.06067234079428186
-0.050466916314531436
-0.018436696257275093
0.03594968459144192
0.05517864591730617
0.03796662020687584
0.013078801852448058
-0.03337768330998688
-0.04448775749889441
-0.01430026615595179
0.018541658843460956
0.06879356810967736
0.07906334340635619
0.041284362838944086
-0.0052083958026990455
-0.07640003014468734
-0.09945632314071928
-0.06532551196505466
-0.022260249809938185
0.04964709486817974
0.07371008655610109
0.040259407341732494
0.0027524946234548987
-0.059435776309881255
-0.0744527594199186
-0.0321031361453435
0.016212302037078477
0.0902403481992598
0.10514449898523737
0.049493616091227904
-0.019857206743230334
-0.12648360415652476
-0.14646616850223354
-0.06506024654967821
0.03878112306644077
0.19904463680073164
0.23890871305139727
0.13806991679063782
0.009594451660973741
-0.19453602187906296
-0.26806418625907363
-0.1863383812510134
-0.08843027778679302
0.08109981588058279
0.14901512767119035
0.09119485550967033
0.03689946957505071
-0.06040641711747903
-0.08327689172946393
-0.010985301832320854
0.06215842884418302
0.16909853090169513
0.18765970354253303
0.09853273259891264
-0.01298482363221925
-0.18190934146377252
-0.2449312939989003
-0.18215416117605002
-0.1014647239873792
0.041615727743782555
0.10325656507960988
0.06464836163286126
0.032299962177478256
-0.03188548582913748
-0.03504537659114729
0.03968645666654694
0.11690956646487619
0.22279956947990678
0.23343369719485835
0.13059347970927315
-0.005390349434391692
-0.21022525479551746
-0.2995730784205983
-0.25311113182048256
-0.18983648101620965
-0.06029926418209643
0.020719106024441755
0.03713504694592361
0.08606727874658404
0.13839086597478922
0.157012275414342
0.14802732383691652
0.10619743801400518
0.022706829874379223
-0.022749345230915305
-0.028186126196993316
-0.040500795324550726
-0.04142074331017711
-0.05452180590597838
-0.08488362809784024
-0.10686711181325537
-0.12650830647920888
-0.11019193535443436
-0.050936346748242316
0.03131530028590555
0.14765143362221134
0.19211824602615765
0.1548562558621345
0.09653530132143885
-0.011457888552566043
-0.06452528247318728
-0.05164090497484399
-0.0476412730790139
-0.02589278207510707
-0.017208850123812815
-0.03007319177170503
-0.028164482307246257
-0.020007926109391113
-0.0054657784913790235
0.02042036504590687
0.051380534460577935
0.08924380360048782
0.08182835815202052
0.023274111849130093
-0.05989746530358167
-0.18286382651232588
-0.20109115824194493
-0.10118263032708955
0.03463070179947842
0.24540292700289792
0.2975796624403627
0.16692572706782927
-0.0019102514253889107
-0.271631998588024
-0.34808606290652383
-0.19726361934808861
-0.012362931981571837
0.2858210906803977
0.37229040934173974
0.2060925778556331
0.008666332275621124
-0.30814686575684536
-0.4040863923906483
-0.2341265528609973
-0.03438046786332558
0.2879959417331648
0.39995045188099615
0.25593940751832334
0.09274968980227392
-0.1804496504416909
-0.28097555079863057
-0.1671554522380836
-0.04994055846677187
0.1479037660055974
0.20057939673488817
0.07158951934066908
-0.06730040733016986
-0.27906238146113577
-0.33650518556597936
-0.20561690235499963
-0.04708737561620793
0.20282537688629595
0.3239424716634815
0.28640794084992366
0.24960265148926777
0.15402419144629545
0.07109291967762306
0.017594532634725494
-0.0908953835304866
-0.2361802137305997
-0.28734548662899323
-0.24346663292603216
-0.15370340843733712
0.015000790396796053
0.09960747667093568
0.0884297723138908
0.08863181376878607
0.06032867832484478
0.046812733171702745
0.059339612901377334
0.04506236091813767
0.0152798125099452
-0.004642838351400235
-0.01996886958908609
-0.034988373557675465
-0.045504100362246315
-0.046839516414819
-0.03756592140574714
-0.016669533379575333
0.018274775268209476
0.03407502651108372
0.029048175854421855
0.02188248914650291
0.004335073098762146
-9.00300574887676e-05
0.011494330152026973
0.021013675258020316
0.03447345322822719
0.0405955186251916
0.03670276271124291
0.03291544376124108
0.0258584876592728
-0.006499445493365173
-0.06563302240394424
-0.1441721519763065
-0.24853950249500334
-0.25091732630654506
-0.13981100128370386
0.018473759772246547
0.25925530176353445
0.3520865796117813
0.27530494352663515
0.16972788992681187
-0.025574956112038815
-0.12405516078928146
-0.10272564072834386
-0.10252524327450593
-0.07528276805163936
-0.060769736263362975
-0.07411538701111176
-0.05730138986310096
-0.021933931474388043
-0.0025845130124436543
0.006160833678342535
0.012547065482993051
0.010271281294139444
0.03303478497009225
0.08327544411351868
0.14022431622948073
0.21230523583165128
0.21378265671586236
0.1349176462460968
0.022926993981938204
-0.1465651493743652
-0.24200859756053492
-0.2509576107227149
-0.2578812521095692
-0.22856632393565884
-0.1578596304125555
-0.04885878501085952
0.1255013356703488
0.36926040900069795
0.4255208167434852
0.2775993153976891
0.053397205063702095
-0.3153698879184024
-0.4461924067459679
-0.3035039073683563
-0.1291033348698279
0.17664820324835556
0.3092831080774728
0.22804394975393869
0.16153826462647694
0.02916021288728305
-0.05523258712690319
-0.06358937828337292
-0.11654810502167622
-0.18227194617618497
-0.16719451347736033
-0.07610429957874626
0.07186774475775004
0.2997533052206287
0.3508611166243623
0.20631428845892447
0.008769180986814862
-0.30885936357101157
-0.4116897224344105
-0.264332552859925
-0.08329642452764364
0.2202440392471163
0.335798827550911
0.22291506806415762
0.1042040177060242
-0.10357179733976847
-0.19218333249427297
-0.12703630563119164
-0.07666341327730547
0.01594662436700195
0.07128876470944742
0.06797308791082723
0.0909630368671096
0.1171072895692763
0.08158892401991653
-0.01259941302681331
-0.15362577800800886
-0.35782685650665663
-0.38845400463675045
-0.226996375286127
-0.000516267154649954
0.3541772009123148
0.4817899263017185
0.34697141273307963
0.17345208457928463
-0.13273756682278642
-0.27010529008235856
-0.2000290162337245
-0.1457582310747897
-0.02792794271982788
0.04836495884162109
0.05666974265013649
0.1124681042880171
0.1867073977339319
0.18721231903171476
0.11912851366840395
0.003686114583213363
-0.18120819693815468
-0.25646115315807727
-0.2100422152129271
-0.14690698796409493
-0.021735762036007668
0.04755710405073239
0.04577048283085587
0.06720046628949469
0.08186535860616471
0.08673369691949588
0.0901669000801564
0.06979750082499685
0.025861775428564864
-0.003703786099218972
-0.020754283031254334
-0.04432991772228805
-0.06678756479482278
-0.0742917140679137
-0.06648972383071579
-0.044154051302928154
-0.002927380895398861
0.014109005540931694
0.004805173855828179
-0.005777240203179582
-0.02817878929360273
-0.015779280416837523
0.03714513958075047
0.09990341296161155
0.1852040397509257
0.18907812753292458
0.09971931054274333
-0.023027283646113218
-0.20833842748565395
-0.2693648468878231
-0.1872567895969774
-0.07641718420751635
0.11324202015878031
0.19201942366923894
0.13770578031646483
0.08353493999143635
-0.020397655485243617
-0.07430520363070978
-0.05999687964731452
-0.06645496431913622
-0.06674563129556574
-0.05017231859532906
-0.024416463994255712
0.027136460379881443
0.10605749797352836
0.1196797595534738
0.06367186233395375
-0.015964991529786983
-0.14290877225082582
-0.1809538974602014
-0.11686992765820206
-0.03566639582670477
0.09860084173618668
0.1631447124192135
0.14257010361474237
0.12578587451442116
0.08034595682754453
0.04203543774671666
0.020284357899902555
-0.029020015770834608
-0.09648638934489336
-0.13099753956621016
-0.13388595486826835
-0.12276795221066618
-0.08543435071947116
