step, usd->oil, oil->usd
Band: 0
Linear p-values:
1, 0.09917772565518317, 1.0936597182309355e-19
2, 0.1990600787238531, 0.029575906068754185
3, 0.598504630174836, 0.322999175392514
4, 0.5887687171660306, 0.3377988658197826
5, 0.4831361048570737, 0.26316178538065954
6, 0.38584696002527635, 0.21945751304772976
Nonlinear p-values:
1, 0.59906, 0.11162
2, 0.60647, 0.10731
3, 0.61643, 0.11784
4, 0.6138, 0.12533
5, 0.60589, 0.15062
6, 0.59833, 0.17614
Band: 1
Linear p-values:
1, 0.029846066876951568, 0.8707933112577433
2, 0.3553432721786, 0.009045656858868214
3, 0.9002546337974393, 0.10776835735572617
4, 0.9205113489931176, 0.13149418935093482
5, 0.9904846258946831, 0.2927111620513584
6, 0.9657077347202236, 0.21583257565055
Nonlinear p-values:
1, 0.0605, 0.06929
2, 0.06733, 0.09419
3, 0.07322, 0.08558
4, 0.09028, 0.09409
5, 0.05923, 0.11163
6, 0.04228, 0.12873
Band: 2
Linear p-values:
1, 0.050198196676496394, 0.04297332867937565
2, 0.006496907704209207, 0.05205614965382031
3, 0.0952531807566675, 0.44386512921646604
4, 0.09047023044906831, 0.29957561608216104
5, 0.07455783994928866, 0.5056027727299572
6, 8.079702622407213e-05, 0.009384968075295989
Nonlinear p-values:
1, 0.58353, 0.75106
2, 0.63883, 0.79923
3, 0.70077, 0.8546
4, 0.69146, 0.8505
5, 0.51612, 0.88127
6, 0.42114, 0.85604
Band: 3
Linear p-values:
1, 0.26165208052389505, 0.650159150592424
2, 0.48791212220451097, 0.26802348054407293
3, 0.6083175696951394, 0.5177641479852741
4, 0.3091071169125285, 0.21571542239378821
5, 0.6693807861921055, 0.5343997847952567
6, 0.4377956167105226, 0.11708673063197428
Nonlinear p-values:
1, 0.98717, 0.44213
2, 0.94733, 0.51505
3, 0.85517, 0.4036
4, 0.69993, 0.10524
5, 0.64363, 0.0617
6, 0.5677, 0.10421
Band: 4
Linear p-values:
1, 0.34368069386061206, 0.5628871939468937
2, 0.4867004180952528, 0.7761354083245435
3, 0.39775175167702104, 0.8991660987704987
4, 0.38134026527486126, 0.9608326632498135
5, 0.44882530292630207, 0.9227234629683038
6, 0.3811262172046297, 0.9521683353035019
Nonlinear p-values:
1, 1.0, 1.0
2, 0.99962, 0.99842
3, 0.91861, 0.84061
4, 0.95084, 0.84157
5, 0.90596, 0.75985
6, 0.78666, 0.48735
Band: 5
Linear p-values:
1, 0.12215072056478744, 0.9687059965050212
2, 0.015649328623759128, 0.13647068918138733
3, 0.019532882317168796, 0.11208102716147501
4, 0.012322036716778298, 0.0980183300308914
5, 0.02917050631534623, 0.019490171360970563
6, 0.3123576496288388, 0.13157868483820317
Nonlinear p-values:
1, 0.34299, 0.61008
2, 0.27903, 0.37929
3, 0.12171, 0.23834
4, 0.14511, 0.49084
5, 0.06789, 0.18281
6, 0.18995, 0.34361
Band: 6
Linear p-values:
1, 0.28760605469805156, 0.26209745100099263
2, 0.7773460217859525, 0.6693876918800863
3, 0.4821999615799343, 0.6411168136845773
4, 0.5217789815871374, 0.5989983703742678
5, 0.7235629897510623, 0.47961361317174
6, 0.4753177573107601, 0.4247705961782894
Nonlinear p-values:
1, 0.34409, 0.0665
2, 0.63347, 0.55147
3, 0.43473, 0.63814
4, 0.47137, 0.86417
5, 0.44156, 0.44754
6, 0.44048, 0.51925
