-0.003486590254900921
-0.0036632432777947803
-0.003846592742236932
-0.00403711929853591
-0.004229818533129612
-0.0044261921219999395
-0.004594636680524108
-0.004731372874409848
-0.0048522714739367544
-0.0049480074892176385
-0.005035514240277278
-0.005115497987621468
-0.005170934380365582
-0.005204798713058704
-0.005241644937615454
-0.005280950486782211
-0.005312372766974615
-0.005341579190688662
-0.005348976216764318
-0.0053328517944168504
-0.005307275833223505
-0.005267480230969755
-0.005233280844150484
-0.005207869110159703
-0.005178202306482121
-0.005150101788344202
-0.005114956199642156
-0.005071684523520576
-0.005029713995554989
-0.004987248705602286
-0.004924070219093521
-0.0048396699879973805
-0.004742572159213667
-0.004627605450949485
-0.004508891128221245
-0.004387302998164528
-0.004251446568797694
-0.004104373809252462
-0.0039722108350379245
-0.003856228842161401
-0.003746259578276239
-0.003649456332498285
-0.003547938177911682
-0.0034411482471435706
-0.0033444097384040757
-0.003254291533516938
-0.0031559953454159155
-0.0030503172334391962
-0.002942309347175262
-0.0028286334953640355
-0.002722429450812554
-0.002624600765553126
-0.002526057978552524
-0.0024299160663926148
-0.0023144132632437102
-0.0021765760017082372
-0.0020290199235825047
-0.0018653816423755793
-0.0016962371409019262
-0.0015224506450062195
-0.0013330394077123576
-0.0011300421918567034
-0.0009325046408685178
-0.0007405064329572079
-0.0005460895637937877
-0.00035392091767494664
-0.00014984808113190185
6.715442542168146e-05
0.00028625328529115673
0.0005106766808228925
0.0006994700385256111
0.0008472648583635801
0.0009755545413733501
0.0010721406991072596
0.0011579496088617734
0.0012339651081619682
0.0012785129383956213
0.0012952368715357632
0.0013175807992080958
0.0013450258382542142
0.0013632353909707577
0.0013799943334082412
0.0013690921964909725
0.0013282224094638322
0.0012764017650101014
0.001207272073952064
0.0011449403241586928
0.0010934941839564772
0.0010366557924666978
0.0009815561858762187
0.0009181343580294704
0.000845040040391762
0.0007735845038915453
0.0007016654791371457
0.000603873742461545
0.00047950825330928264
0.000339384259581238
0.00017698519005867038
9.903933330133987e-06
-0.0001607612884429559
-0.0003492757180810471
-0.0005518421614817832
-0.0007323829798915635
-0.0008889732242437501
-0.0010359439701200235
-0.0011633695313695027
-0.0012955722299589916
-0.001433329345485625
-0.0015556083563576758
-0.0016670592173200778
-0.0017886099865729206
-0.0019191980234823517
-0.0020515353401836123
-0.002190354860280396
-0.0023172477154932342
-0.002430923518002114
-0.002544160968299991
-0.002652589139480125
-0.0027856115078214853
-0.002947289809228924
-0.0031204503917608914
-0.0033136956226510837
-0.003512829446724139
-0.003716662444127436
-0.003939985517046892
-0.004180053123574642
-0.0044108985763477
-0.004632380829586196
-0.004855360875978029
-0.0050734601459555195
-0.005305903335516424
-0.0055540739400727415
-0.005803212412565815
-0.0060576922226323405
-0.006274759362880834
-0.006448427546729201
-0.006601852666077168
-0.0067222026295492695
-0.006830504761756155
-0.006927830181360905
-0.0069918528685614535
-0.007026198505060435
-0.007067058253174513
-0.007114006735397476
-0.007151327450902083
-0.00718748699371175
-0.007194464948132489
-0.00716977416271181
-0.007133878385283295
-0.007079988615717068
-0.007032046402211084
-0.006994274583310878
-0.0069501508533488954
-0.006906791917355342
-0.006854537974272657
-0.006792009472199391
-0.0067303047561908785
-0.006667394912064771
-0.006577350026690423
-0.006459396178190461
-0.006324640253323904
-0.006166411331432324
-0.006002523991506852
-0.005834089764871726
-0.00564659113872304
-0.005443862067557088
-0.005265432314116045
-0.005113532916480556
-0.004972228250763351
-0.004852424241764522
-0.004727739641584412
-0.0045973079312945815
-0.004484073498557131
-0.004382999361302314
-0.004270762910440302
-0.004148492201024549
-0.004024404928151588
-0.003893211133770471
-0.003775280145750468
-0.003672050460655422
-0.003569334716730385
-0.0034719680634349034
-0.0033482077736571034
-0.003193627442234212
-0.003026853264594558
-0.0028385890467288993
-0.0026440748290774995
-0.0024446027837728293
-0.002224238788118039
-0.001985930481213445
-0.00175787620980199
-0.0015402457744731304
-0.0013212242098824816
-0.0011077440939616103
-0.0008789683078004381
-0.0006333968649293221
-0.0003870460403273063
-0.00013517810271936617
9.861662506274708e-05
0.00031018470391987695
0.0005139855196471339
0.0007027338514410361
0.0008861962556821663
0.0010650912203145969
0.0012278017008268858
0.0013759484125822595
0.0015324577254808547
0.001697385566658446
0.0018603671531026633
0.0020268783170166852
0.0021799698486324338
0.0023181129990050547
0.002454028268175301
0.002583646745111378
0.002717370644400813
0.0028574508198981633
0.0029958864654258343
0.0031358708822908777
0.0032740477706531337
0.0034097503362660285
0.0035474853880456338
0.003686541183637376
0.003814019423125309
0.00392942108358773
0.00403847153361386
0.00413782173453864
0.004236047290991925
0.00433370519428456
0.00442367943548109
0.004507808643764547
0.0046120533542773415
0.00473816226007595
0.004875202634925223
0.005030419113788139
0.005187101435075546
0.0053446726772813065
0.005517994906606143
0.005703910951502016
0.00588630289442236
0.006065856825384909
0.0062484855367806146
0.006430518839988636
0.006625770770552374
0.00683526148866393
0.007049308146378372
0.007271205165095698
0.0074811731203929255
0.007676383612766376
0.007868668803163437
0.008052232222250365
0.008236418785785588
0.008422076062497522
0.008599360195395199
0.00877009814894204
0.008952267112475506
0.00914603495159473
0.009343858369906755
0.009550187538712349
0.009751865779701658
0.00994796698706365
0.010148686691500226
0.010351057307876279
0.010521547140240273
0.010657831855494643
0.010773459185151575
0.010858947928876688
0.010935898171588992
0.011004822209753002
0.01104628206171192
0.011064196899929307
0.011078822581770432
0.01108904594135941
0.011087234348012943
0.011077834107871944
0.011042990794724195
0.010981208545285238
0.010904622299735814
0.01080882014563774
0.010720374944918088
0.010642843520514046
0.010560199743822732
0.010480079590737754
0.010389471970581363
0.010287057193233359
0.010186037253637975
0.010083716971310058
0.009955876443934598
0.00980213109267202
0.009632335450486054
0.009440361157580646
0.009243678209435502
0.009043338438955857
0.008825500906120628
0.008593963379139253
0.008368302606235396
0.008148862385651342
0.007929075741926537
0.007714133390746981
0.007489309589528036
0.007254221264030828
0.0070208116033059625
0.006786196193263972
0.006541077192274554
0.006286187738205142
0.00602419029632433
0.005753034133841047
0.005481611121560657
0.005210448085195691
0.004933561644644924
0.004653038317145283
0.0043502515289186375
0.004022818515817737
0.0036810826462249178
0.003319616450040095
0.002947816536879643
0.002566348791261
0.002165640146484249
0.0017474733056616631
0.0013273169497500653
0.0009051231590860627
0.0004744747236133132
3.910839168840745e-05
-0.00041271742472347243
-0.0008818838565183718
-0.00135955240554196
-0.0018484402391609341
-0.0022788484384582376
-0.002642711732729004
-0.0029746291493733383
-0.0032541201610676944
-0.003519086500095506
-0.0037710908979577676
-0.003972418101768058
-0.00412977555509846
-0.00429653642277535
-0.004471503837860084
-0.004632375218462892
-0.004791464596031213
-0.004906005895352533
-0.004972304057806157
-0.0050210327205132115
-0.005041802246395319
-0.005079019396256918
-0.005139770675323458
-0.0051950708658140155
-0.0052579667710745915
-0.00530902128726848
-0.005345863548629103
-0.005389708242136022
-0.005436530314416111
-0.005441465784640432
-0.005403447770382981
-0.005341392215771011
-0.0052438576265200374
-0.005142306614408408
-0.005038713510550885
-0.004907784246874922
-0.004756347653856706
-0.00464048963303175
-0.004562867774854819
-0.004501870833312446
-0.004472849469382996
-0.0044372522266077664
-0.004393921141190619
-0.004375839421651201
-0.004375625025476511
-0.004361860929143223
-0.004336309398607271
-0.004309652792308883
-0.004274836293034618
-0.004259921558136637
-0.004266853401817414
-0.004276301427462908
-0.004294938499775632
-0.004275742417063959
-0.004212341603248691
-0.00413197166869246
-0.00402090824918453
-0.003902106148576436
-0.003777453589419528
-0.0036232071374907443
-0.0034438126663103334
-0.0032803465590591583
-0.003132993732109045
-0.002984643133691172
-0.0028453750688892734
-0.0026846813380629942
-0.0025003756447973388
-0.002315842625956436
-0.002124141342149283
-0.0019556297743334866
-0.0018159383944724118
-0.0016858389327686913
-0.001574766715960225
-0.001470790060939425
-0.0013729230452691654
-0.0012958525519466597
-0.0012376123992101687
-0.001167669340785297
-0.00108583694201789
-0.0010060226112506045
-0.00092088931994625
-0.0008527417007823001
-0.0008035867798227425
-0.0007565519101454483
-0.0007169692351472912
-0.0006725902711403305
-0.0006205509341304285
-0.0005706616386252784
-0.0005191053992628308
-0.0004694026165523637
-0.00042236108082962034
-0.00037282568070234846
-0.000321539221853742
-0.00028446763562243663
-0.00026226790158333566
-0.0002477515756770417
-0.00024506980970117844
-0.00024371396366877147
-0.00024298207652152744
-0.0002516322770876501
-0.00026740650674557517
-0.000255995386014092
-0.00021500598107390337
-0.00015899854129635028
-7.837127602078626e-05
4.968550553564583e-06
9.026470617424128e-05
0.00019710689710589983
0.00032137175455641907
0.00044156769902096966
0.0005585956151645458
0.0006804086203978214
0.0008021160217293786
0.0009420885404061356
0.0011017019412790754
0.0012680786347828894
0.0014456100957301616
0.0016084785813098635
0.0017529793253234583
0.0018946354994058576
0.002025886029200217
0.0021588972690429766
0.0022947966746533557
0.0024207642189720594
0.002539191059436804
0.0026736748904193325
0.00282446124072321
0.0029816574781341048
0.0031511200751036797
0.0033156295866752956
0.0034739878110379846
0.003639577259187143
0.0038085273286863146
0.003953763057615947
0.004073991875436925
0.004179110677613956
0.0042616220212367915
0.0043402106324350225
0.004415242669846649
0.004470584762360856
0.004509685692191945
0.0045470248443667104
0.004581547192002689
0.004608220393979598
0.004630148268185135
0.00463390437768839
0.004618415641236749
0.004592592679285317
0.0045531141608439185
0.004523266778135952
0.0045060053655254974
0.00448770946779294
0.004475046968984677
0.004456280822530757
0.00443031800910511
0.004408886549158774
0.00438958195866604
0.004351983521438681
0.004295860138286076
0.004229457437508784
0.004147648925126364
0.004065373682237096
0.003983549811599195
0.003890464376873111
0.003789393482696078
0.003693324256054212
0.003602215948199431
0.0035122606017705563
0.003426839665657248
0.003335587955491449
0.0032382962162182095
0.0031431222076282505
0.0030480319473720568
0.0029477710947769463
0.002842919312083623
0.0027347197325743905
0.0026220622712642594
0.002510395651079176
0.0024000232551822796
0.0022874155478368077
0.0021738608437239302
0.002045936935219114
0.0019020201127779028
0.0017494139280634982
0.0015842352646271553
0.0014134433472158875
0.0012375155048131542
0.0010494937246471484
0.000850709121879335
0.0006520051130031274
0.0004533256022565752
0.0002502322884985261
4.534170027331699e-05
-0.00016963858992731441
-0.00039531841031514647
-0.0006254722948148688
-0.0008620148698188288
-0.0010672175639550227
-0.0012365692370749199
-0.001389127100988458
-0.0015137762167133715
-0.001630704730440329
-0.0017407939437020404
-0.001823768043967167
-0.0018831988869031269
-0.0019485115225226434
-0.0020191202627998298
-0.0020826621131509286
-0.002145955455079433
-0.0021856004544371825
-0.0021995796068987592
-0.0022047586884659885
-0.0021954675527281298
-0.002195125709087636
-0.0022075519066369984
-0.0022173260841246733
-0.0022313528492842634
-0.0022395453928938675
-0.0022406500953030014
-0.002245802314634693
-0.0022529191370105396
-0.0022380695761448385
-0.002200670848638731
-0.002150862701369483
-0.0020825423627290514
-0.0020124516613393146
-0.0019416530248211447
-0.001856678041401646
-0.0017611656215072154
