-0.11449558166437541
-0.08956733931684294
-0.06588737606662648
-0.04439617550131224
-0.009015198975309294
0.03648104679596554
0.06170944436143915
0.06586044195104589
0.06091342034442098
0.0389364753814027
0.021901202528404405
0.010871141533964018
-0.011936068683029
-0.041940883998651805
-0.05392792997468279
-0.04763310167426345
-0.03191874171583558
-0.0002569277004198213
0.028064487882452898
0.05230744231587879
0.08773489501653196
0.13038244485870432
0.1484235606263222
0.14057216416685456
0.11918909964565572
0.07569599622456157
0.03257020418564907
-0.009356209860315602
-0.06887454466688767
-0.14152887855615742
-0.18045907291063304
-0.1835374933628345
-0.17006913476932062
-0.12746735438263762
-0.08805480072464786
-0.05330163947486112
0.003937396875605074
0.07712280087822705
0.11818773436803603
0.1260079204105351
0.11913047271834505
0.08502837806511675
0.05894282766783664
0.04251179626648139
0.0073749515190463825
-0.03913547917930424
-0.0648709607757488
-0.07022698912942103
-0.06554587029291363
-0.04275520118681741
-0.028025040575166922
-0.02236679851766467
-0.0058708856020629925
0.015959649619549245
0.027666192079726346
0.030061795906096554
0.026703966391989804
0.013829672536937827
0.005657881012919443
0.0025421089033752465
-0.0058025733379004525
-0.016414518252341605
-0.020413146624475877
-0.018066324443543474
-0.011526130830042025
0.0014624741010519039
0.01299168022394896
0.02291716175889072
0.037153886367811285
0.05411210619979038
0.061378973607374855
0.05842403217122405
0.050040040085230636
0.03285993146898466
0.01570472998255871
-0.0011168559677377093
-0.024992912418748615
-0.054186350849560895
-0.07066757333418554
-0.07364994467864723
-0.07055962433618782
-0.05657090057616535
-0.04418553610285849
-0.03398669424804803
-0.015524714560994298
0.008655700098247194
0.022922590925288776
0.027122373683996438
0.02701832324182522
0.0186105664619126
0.013798030458285818
0.013135120550590414
0.007280332245168801
-0.0012552177611568828
-0.005104899939883616
-0.004675272194564329
-0.0017544611188782145
0.005425190982457302
0.01014394465381395
0.012197588391647947
0.016415284628208706
0.02137248107939323
0.022417280018383386
0.0196047088527392
0.014124752018020886
0.004759798222049636
-0.004542555122544823
-0.013733817749111522
-0.025869988117339093
-0.04018574882834667
-0.04528899063417146
-0.04042631757185204
-0.03046985952767537
-0.012258052019686142
0.006758937686341674
0.026284274039052667
0.052861517673191756
0.0850488181842383
0.10048090339799884
0.09785670270287763
0.08684913353538226
0.06136675037949036
0.03617409556999235
0.01197243450561132
-0.023969308815474884
-0.06869688496189492
-0.09551512017456296
-0.10353314064350673
-0.10351649220026972
-0.0884350166224706
-0.07723979081633152
-0.07085323620010857
-0.05374727997567333
-0.029846532862708545
-0.013638891441302625
-0.00453710245405081
0.0017637141514388653
0.0017937974630559805
0.008127880683674402
0.02131692682562023
0.03224163150499264
0.04364812747890563
0.05140421760955436
0.05411601118773612
0.05566845520261804
0.05463271937135119
0.051077921031840896
0.04522278870529757
0.03569094468081433
0.022419141798557463
0.011721524576633481
0.003835608880671303
-0.004414331030184956
-0.011450019424029088
-0.021376992485249772
-0.034598309471818675
-0.047797081600580715
-0.06194174324130316
-0.0669630304248601
-0.06146420143552272
-0.05086541119143106
-0.032145705246132854
-0.010346669057570462
0.014278330105210686
0.047030035839926036
0.08703317033341369
0.10720470116145478
0.10573418342849457
0.09497922169947356
0.0675358162319799
0.040628688004107086
0.015193994858095847
-0.023863969105728775
-0.07307010070391039
-0.1006139996981671
-0.10543424468818793
-0.10038150814592736
-0.07708300343272576
-0.0580457800610345
-0.044370059473958376
-0.017595808470508068
0.017616221552632896
0.038771097249301244
0.04602697676074254
0.04697036935218606
0.035942848447270095
0.030909375278706713
0.032629000044411036
0.02734820440510447
0.018867342783735995
0.012781760485962477
0.008008678512003273
0.004476563020437208
0.003306134761957046
-0.0023784616865381325
-0.012715674362724978
-0.02342631525646955
-0.036027625710367286
-0.04131618165378786
-0.03801504263260757
-0.03158082959520233
-0.01933298532766736
-0.005494666973776016
0.00955511229642949
0.030318955579016676
0.055981874800419086
0.06802088976262276
0.06531119364172949
0.05614260929694864
0.03548935954356419
0.015277847864521603
-0.0038551839144034704
-0.032260505544004
-0.06752340437067933
-0.08439476651204686
-0.08177501063144593
-0.07004679471897621
-0.04245229555442591
-0.0163783503604336
0.007375398080834069
0.043388152909033306
0.08813426962648455
0.10860738727177899
0.10345543612812157
0.0859834496391639
0.047361569430427845
0.010617910667136698
-0.02324016885210728
-0.07342789155608286
-0.13528994574454065
-0.16530327945544937
-0.16168097789255056
-0.14196770925286806
-0.09451762789095607
-0.04971935917632109
-0.008902051575047145
0.05328644542284687
0.13070215502345342
0.1727870080612411
0.17788898098264916
0.16594514490514484
0.12358938329834168
0.08698715338912744
0.05775893161592278
0.006252226731730665
-0.060122842170264756
-0.09746029507593194
-0.1052645520846699
-0.0994692511451517
-0.06876498886564901
-0.04658756739686204
-0.03437879799370347
-0.005760973957953046
0.03229230774119964
0.051378723480622716
0.051936341241147016
0.04272366050478363
0.016597726265725813
-0.002981219546889851
-0.01519326977498403
-0.037836157584073264
-0.06601666526313289
-0.07952877074860597
-0.07846061340788883
-0.0690232097941128
-0.046008502852002385
-0.025848373991425776
-0.00901156139195312
0.01723161236696948
0.049550654711262986
0.06922527198213915
0.07598117639971055
0.07647072793287861
0.0658135756334311
0.05836306687297443
0.05466812388797469
0.043338451270504695
0.027319694129925878
0.015566427531189276
0.007507948603670706
0.0008206653212980888
-0.0024107172211059267
-0.010502643913778788
-0.02380072974490352
-0.036473885016061296
-0.050357846812576115
-0.0574774451239169
-0.05643767003109703
-0.052305004636704885
-0.04265086062976764
-0.030605249385211593
-0.016463414402089982
0.0035558690762239097
0.028906431203114744
0.043455083480161895
0.04627765674004967
0.04476784157834358
0.03460531574800594
0.026218883153687856
0.020251132950887644
0.00776726386535127
-0.009056907067630604
-0.019359814094569345
-0.02326127612164121
-0.024491665719057948
-0.020353978104542404
-0.01949676195181747
-0.02232479393231817
-0.022266914990124564
-0.021181495087889426
-0.02007706689937299
-0.018291192393130054
-0.01662431082702485
-0.015149618412990857
-0.011582432418664527
-0.0059235727234323
0.0006870433612078652
0.008769639230028705
0.015046124659859187
0.019155728606574062
0.02306356142551924
0.02586978944428242
0.02920479763605347
0.0332582797514893
0.036450748942315335
0.03914412928991039
0.03750852793098607
0.03092145353498801
0.021399329867810138
0.007736144971462274
-0.00826950322139962
-0.026582863788725552
-0.04925283289125471
-0.07602103334166517
-0.08718329706938913
-0.08113768296920376
-0.06708053914191588
-0.0395012758347212
-0.010421469178170393
0.019556301794481847
0.061341923522457924
0.11259330132079258
0.13771696687852727
0.13474853087176286
0.11907329744262879
0.08105445819033394
0.044299474271298156
0.00997094516839482
-0.04215951699309682
-0.10732682451310668
-0.1423511287680265
-0.14569552283423656
-0.13473234349556693
-0.098031894146111
-0.06607658527156508
-0.04029161655549239
0.004450037040862779
0.06189017336486011
0.09402591170084305
0.10036478714470946
0.09479576797334606
0.06751096396901402
0.04727646399491772
0.03533591330403259
0.008919673731697435
-0.02598217877080723
-0.04566873585000348
-0.05061912655937386
-0.04804619971539405
-0.0320364186279578
-0.022389082342969734
-0.019816419426843042
-0.009424192916587915
0.004628134003164569
0.01301848243280182
0.016563615522727917
0.016836423185912566
0.011656258634821256
0.010385024394835135
0.013221797358729689
0.013678031473004218
0.013727299038525194
0.012490114284323665
0.009189136515436416
0.005611775869871821
0.0013425517886875146
-0.004862883462064342
-0.012903543081261393
-0.022565820599008513
-0.03413857773709361
-0.03960779310247457
-0.03824870662194667
-0.034087564616794165
-0.024888907870807688
-0.015220545573023235
-0.00537466400562281
0.00890260448814337
0.02670295876866706
0.03688010860293558
0.03894948649901776
0.037627951243553615
0.02995371065513436
0.02353412211057744
0.018764913738760894
0.009285255199419267
-0.0033344743237895226
-0.011764083199751762
-0.016120931857659178
-0.01885984320443338
-0.018170348156856777
-0.020008593245858953
-0.024649637646009494
-0.02761197838077759
-0.030180022677184254
-0.028451188553323084
-0.02151085327760418
-0.012069675195146826
0.0011514833241165153
0.017076877088140652
0.03560640728572584
0.05849159690610527
0.08561248381442177
0.09715857022837054
0.09150942383861163
0.07801494075909814
0.05114630660602741
0.022881388573751944
-0.006149871666250534
-0.0468396063162063
-0.09684139638854275
-0.12345770690462682
-0.12501352204137714
-0.11552804632817719
-0.08620168815410417
-0.058957607649398086
-0.03489232766493794
0.004618483201046218
0.055116645952306545
0.08302483993885752
0.08752232489367463
0.08163025384032155
0.05658939757974452
0.03687865801513874
0.02363975263883965
-0.002880686375889864
-0.03759557346657072
-0.05524939487792369
-0.0558341817186292
-0.04791449614036437
-0.025043232107035462
-0.007095705759553377
0.005155274689611111
0.02714905538431289
0.054750935017064455
0.06867597392998379
0.06887981052428518
0.06168543722629884
0.04211422545698988
0.02543984913256635
0.01216802157885106
-0.009637044288712343
-0.03685664759831851
-0.052792049374702534
-0.0572732612431736
-0.05613086394620132
-0.045036669453447684
-0.03691962859365628
-0.03227106030013759
-0.020900085850723935
-0.005468475989240825
0.004972910176061872
0.010812698753171767
0.014585503906069991
0.014110524885255141
0.017409994254192818
0.024795302612594352
0.030458918135954267
0.03613246722247236
0.03637750809775817
0.030005801496224192
0.02077637179917296
0.006951340567316558
-0.009853294982722841
-0.02946173499269178
-0.0543049801193045
-0.08415926730154044
-0.09853041668537225
-0.09585569366598096
-0.08576745565834099
-0.06260216070297162
-0.03892689974662397
-0.015437375555833542
0.019137116432871835
0.06229240001807761
0.08892378851260209
0.0981510887704628
0.10030559598502006
0.08878575490722584
0.08121701594714825
0.07850837999460836
0.06618106649509492
0.04790760264743603
0.03354049954923816
0.022165561458498146
0.011501899750076911
0.003728228846574046
-0.010750695440563264
-0.03236231253903396
-0.05462882636970838
-0.07972075459213918
-0.09350571355529286
-0.09396806912396778
-0.08935838196092921
-0.07550869498530564
-0.05900500654276945
-0.040371605283238014
-0.012559894132523456
0.023199433653545265
0.04447686791500231
0.05021647457689168
0.050390350330445366
0.03906933344541412
0.031232991790266774
0.027792545980413343
0.016189254650889322
-0.0004173193652014702
-0.00871982443069981
-0.009030279754607155
-0.005559228885609176
0.004963161256544771
0.011556392745335365
0.0137587185317877
0.019781025467489683
0.027272920478586187
0.0303051214714867
0.029210658486149035
0.02514765976872207
0.016652593260990094
0.009265954172278563
0.003063780370571397
-0.005987357683079045
-0.01677116923127989
-0.024747326870090233
-0.029940659395044696
-0.03375269167533512
-0.0350158651296248
-0.03749890910584095
-0.041318447184344784
-0.04358320890453527
-0.04506641386310193
