0.0017588026038017112
0.0022413541680015897
0.002726349460986902
0.003210969118899072
0.003730254242010427
0.004274493823147256
0.004688311927994578
0.004959884560877183
0.0051551558005285434
0.005230103515594462
0.0052823975998170705
0.005314953022370786
0.0052389766881053654
0.005072385873227103
0.004914247118818269
0.004760183024747558
0.004572395843937253
0.004373134108022695
0.004077475560039266
0.0036785555691305643
0.003235308457419986
0.0027270680442583245
0.0022727877408052553
0.0018891541733301032
0.0015039978282025334
0.0011518509153997263
0.0007759326175318573
0.0003706003049746532
-5.249787677432722e-06
-0.00036312546403332105
-0.0008127009778612888
-0.001355553844055864
-0.0019463278561113056
-0.0026125729511493894
-0.0032750124175894087
-0.003928538294546342
-0.00463554201894946
-0.0053785439127662935
-0.005926382036548335
-0.006262573832474321
-0.006483040916267636
-0.00652255668019644
-0.006528851025112224
-0.006506099521740886
-0.00632127333896324
-0.006001533675790976
-0.005690513701274864
-0.005381334887470027
-0.005019933082246654
-0.0046383926696341934
-0.004112255184667979
-0.0034315145783072364
-0.0026820474767391324
-0.0018335224916972905
-0.0010669149877361903
-0.00040720237039001543
0.0002545979434260173
0.0008660473029092962
0.0015143646916362123
0.002208066507854035
0.002857233277033347
0.003479539913603969
0.004240242725316496
0.005141580547825855
0.00611543065726139
0.007203264312457293
0.008285286425650528
0.00935379726066081
0.010502925931936009
0.011706246830773585
0.01262754884002865
0.013243225043652064
0.013692069346972436
0.013879302253387828
0.014020605422569655
0.014122001863644205
0.013989695728812717
0.01366336406403435
0.013350740345601611
0.01304170771279167
0.01265832460887968
0.012246941711390246
0.011627127419752793
0.010784398627206203
0.009843101864534607
0.008759254702234293
0.0077976234903258945
0.006994618646545405
0.00619109416327439
0.005463741069404213
0.004684685303078493
0.0038415009779689015
0.003065854192430699
0.002331839654497246
0.0013982452349339883
0.00026185971682851547
-0.000977945285598521
-0.002381681206772295
-0.003774358415630521
-0.005144727218268582
-0.006630217448015487
-0.008192216631017808
-0.009477055134680688
-0.01046437118896117
-0.011292640301463623
-0.011863439195199646
-0.012413150987007612
-0.012947911241152943
-0.013260655495014163
-0.013395403248675318
-0.013557094917075196
-0.013734082997433388
-0.013852840497908876
-0.013958715160109617
-0.013869260374977717
-0.013570382535644712
-0.01318656030298618
-0.012673435173032065
-0.01232375312667365
-0.012176645089588213
-0.012059549890156994
-0.01205716688444888
-0.012025739094929584
-0.011952132227880323
-0.011983191514147694
-0.012090079530821017
-0.012012399456302178
-0.011747521807466767
-0.011402440930544919
-0.010912241090826023
-0.010467644998837573
-0.010081176590884368
-0.009604209812609062
-0.009079145671420761
-0.008616571812687619
-0.008210905381172286
-0.007840273333831159
-0.00753223648125497
-0.007187252234092615
-0.00680439601457623
-0.006457503052234851
-0.006126968667001868
-0.0057866839741324
-0.005443465986857845
-0.00509735987035815
-0.0047440267345357666
-0.004420550653837012
-0.004128600397780675
-0.003847176060165199
-0.003585279068357825
-0.003211770930004619
-0.0027124685217278155
-0.0021562924306189066
-0.00150584649619256
-0.0008324408691896767
-0.00014078337223935702
0.0006380669082280677
0.0014902220767862163
0.0023149496371848016
0.0031130979166617244
0.003924715073949334
0.004725489128230073
0.005593417657228925
0.006533945103778823
0.007488677650324425
0.0084754882106482
0.009297873998267963
0.009929659432283569
0.010475886520635741
0.010878095455665957
0.011235387078721541
0.01155290536573162
0.011727535137170753
0.011776728335071242
0.011863107544601546
0.011984653706111036
0.012071737999167059
0.012162498603723062
0.012130584865126325
0.011965102629878628
0.011758437829311505
0.011480169842844397
0.011240721408040888
0.01105954349133764
0.010861276144622083
0.0106788562084657
0.010467664619839952
0.01022163217667097
0.009992220354592749
0.009770253639201785
0.00943766494506805
0.008991236229397435
0.008481782084389912
0.00787912988574614
0.007264968765651445
0.006644616091917419
0.0059520224526049435
0.005204967044716733
0.004531893065417014
0.003937863614818085
0.003374835005190426
0.002877626083717788
0.0023559520030081937
0.0018071232835413836
0.0013072381329597856
0.0008388510678875069
0.0003331891957869219
-0.0002055363662430149
-0.0007548895151366668
-0.0013302686127685277
-0.0018692681860438738
-0.002367754619362406
-0.0028685156016054632
-0.0033567866940076487
-0.003941623030385966
-0.004637651045390741
-0.005382299790339358
-0.006207407157988244
-0.00705943158192235
-0.007934127083823614
-0.008886766665239992
-0.00990705156779472
-0.010900860007566595
-0.011867951943024653
-0.012847545081112816
-0.013816642190672117
-0.014845526713517078
-0.015939315707776847
-0.017044399978787747
-0.01817685305764822
-0.018939123589111553
-0.019284643670578888
-0.0194109847630722
-0.01920105660910096
-0.018869985010980746
-0.018426455935368184
-0.017655457985056022
-0.016594820884445936
-0.015549802094291916
-0.014513435993779458
-0.013357610861022625
-0.01215260400175419
-0.01065370414247694
-0.008839518333157952
-0.006885262009443553
-0.004731302887206014
-0.0026301417132791782
-0.0006219636114557797
0.0014586365256649548
0.0035376223726458736
0.005725682170372859
0.008036570422300687
0.010349853881360256
0.012688649255338066
0.015308955138578878
0.01821712889528137
0.021305533710905305
0.024639647431731946
0.028040431488346354
0.03149687632048113
0.03515339407519215
0.03897131970961799
0.041871046365916376
0.04375943172408545
0.04511522070145306
0.045629706584034015
0.045957774134050014
0.04612088210395683
0.045510780389331436
0.04424674836104024
0.04305296070841597
0.0419022165101745
0.04051064043898504
0.03904228756666203
0.03688863026568748
0.0339996527902972
0.030801887686778072
0.027147424232091544
0.023824771855618
0.02094817671498943
0.018030989873513772
0.015302836818928741
0.012394793381923204
0.00926848436786322
0.006311171731036386
0.0034478229862004955
-6.444146493915178e-05
-0.004237927930985146
-0.00876375911618416
-0.013829164648419294
-0.01890094778742865
-0.02394486231891288
-0.029382525248725935
-0.035096727855446264
-0.03964882193920867
-0.04294066481120831
-0.04556384540462999
-0.047114011686145915
-0.04851945755259705
-0.04980668378238951
-0.050145508779022734
-0.04970759974880638
-0.04937549627573332
-0.049106104580903455
-0.0485710411623864
-0.047967584062735324
-0.046528288100689055
-0.04419250197130678
-0.04148969647338521
-0.03823340513139186
-0.03555950019244733
-0.03362440194703483
-0.031747610084325396
-0.03025859346626272
-0.028609057165844484
-0.026746626121775603
-0.02523689918425273
-0.023969452840232976
-0.02191313523283277
-0.019055204583237437
-0.01582134930247111
-0.011953558710918412
-0.008201728508245965
-0.004614814275031961
-0.0006055326176541767
0.0036599916505806068
0.007109405651367046
0.0097002033514967
0.011817506953791345
0.01316802585062204
0.014509634486686858
0.015859230869363975
0.016574320969256612
0.01679768023216067
0.01708875914420882
0.017406978785372382
0.017566584775043033
0.01768893890593053
0.017253327031357714
0.016221353430701756
0.01494110685558861
0.013285917991448546
0.012205613489533257
0.011821671373514038
0.01158741857215405
0.01177669133979676
0.01191179807355901
0.011951864608006547
0.01237832115154016
0.013095901677902137
0.013285053164887026
0.012940358752232135
0.012396218464275757
0.011449503352757079
0.010707009011769485
0.01020897143804297
0.009486116818408928
0.008674095095149544
0.008037190330768093
0.007550080380634042
0.00718552952455982
0.007006726108653997
0.006749252049974597
0.00641311794681977
0.006185400935402858
0.006014038330805355
0.005878586200512235
0.005799766824007537
0.005754045137014279
0.00574268301475237
0.0058338348193881975
0.006029581569954205
0.006300074344103998
0.006662619012991324
0.006757399737402184
0.006548966324077379
0.006221426313927661
0.005673294768912718
0.005107167591279562
0.004536072870896305
0.0037688350237120396
0.002845413945034503
0.002031831262294074
0.0013251889543748595
0.0006223008533817485
-1.2587125307280604e-05
-0.0007874560867087259
-0.0017161735944760225
-0.00264330888137077
-0.0036162047053216306
-0.0044119102812244446
-0.00499148107380924
-0.005493870350487408
-0.005850757009312831
-0.00615372356466322
-0.006410448617825441
-0.006512463027298861
-0.006475548942945496
-0.0065161852780164856
-0.006635557693330543
-0.006736682962285831
-0.0068717539623418065
-0.006882076679475614
-0.006753911733780993
-0.006607544898839171
-0.006405371190035129
-0.00623263391928645
-0.00610979641144252
-0.005968461994308632
-0.0058354623915722655
-0.005687454816770794
-0.005519079524029854
-0.005366059582082022
-0.005223696294098048
-0.00498079389391325
-0.004633009196976922
-0.004230972180539549
-0.0037459844690518095
-0.003251559261849506
-0.0027529095939156523
-0.0021892521772579787
-0.0015766212958603538
-0.0010649851943202212
-0.0006621009847382749
-0.00030859457915062495
-4.561763120061255e-05
0.0002280443416503855
0.000515650934246857
0.0007298625470081594
0.0008900697519357429
0.0010815882529174356
0.001299889425427574
0.0015155509157526016
0.001747804523357748
0.0019211756336829544
0.002030395847318681
0.0021276918206331193
0.0021951308444902607
0.0023509412846789775
0.0026114844737118205
0.002907402821556925
0.0032732546419322445
0.003652102482422184
0.004039076921617844
0.004493511183172976
0.005004340657325961
0.005466856891055997
0.005880404520753
0.006288729869345483
0.006666057688512365
0.007089730264150427
0.007565259075052624
0.008033126510555138
0.008510876769476938
0.008857420932041043
0.009051787367106226
0.009172597521664584
0.009177181580004039
0.009132327456848784
0.009041680858041577
0.00883249538954765
0.008516149342232018
0.00821601008997986
0.007931010646189672
0.007606929214725879
0.007272733124504806
0.006833894216626885
0.006281932528813553
0.005686245164500231
0.0050239339640980405
0.004370084610463143
0.0037384583563431976
0.0030760119218939683
0.0024051598744678506
0.001696668526011816
0.0009460544668849733
0.00018766130858545343
-0.0005847088063231448
-0.0014547339917975206
-0.0024251269712739186
-0.00345985873436292
-0.004580544431392589
-0.005730188590391698
-0.006905262581178641
-0.008152498768156834
-0.00945968853893174
-0.010488709402393376
-0.011210752047498973
-0.011775837898039036
-0.012087493417947685
-0.012351380682831333
-0.012574437856244177
-0.012566225063379958
-0.012364395949901501
-0.012195254537628816
-0.012050425685520868
-0.011841623174536558
-0.011620246584586042
-0.011196308114654172
-0.010554396585529292
-0.00982795460019938
-0.008970956176918905
-0.008229612606382263
-0.007639769799686487
-0.0070497281692353175
-0.006531320191880915
-0.0059696734878651155
-0.005352993967521329
-0.004802271315091921
-0.004294288173004899
-0.0035974318328209206
-0.002708043992779034
-0.0017226931641214497
-0.0005831429405100168
0.0005440625600354266
0.0016480529255742467
0.0028601938036728596
0.004143731145153951
0.005165279605516198
0.005905940242648024
0.006496045965235178
0.0068429496717710035
0.007169927733787238
0.007482842336261433
0.007586470870970722
0.007522481997153578
0.007483141233271698
0.007457467521305291
0.007376789392289325
0.007283668037879895
0.007006768462565394
0.00653294530692245
0.005979112855736281
0.005303666051514875
0.004781640059197594
0.0044498332162014155
0.004146216855882131
0.003950398713768999
0.003727400022270651
0.003464935670908131
0.0033009857106786455
0.003208514669342295
0.0029430781656379344
0.002502266729053082
0.0019865869711877507
0.0013351421508932075
0.0007270742405009365
0.00017419610184385472
-0.00046299303993060405
-0.001144624697605751
