0.029999688955479865
0.022065389461364448
0.014283833800840263
0.006912089738946538
-0.0045092797702061555
-0.0189502294349081
-0.02664276733698659
-0.027234087641713003
-0.024693450058216538
-0.016438595881777242
-0.00934137075113806
-0.003734439428684779
0.00604687217035698
0.018585521217454673
0.02474379754749238
0.024347928988617238
0.02078644202852567
0.01167855153254087
0.003825241469455309
-0.00248800710568675
-0.012711121612428773
-0.025442491031514664
-0.031717349575414625
-0.031330411219084094
-0.02758562826230671
-0.018124798314744093
-0.009593822329630408
-0.002249905508326463
0.009276409231432192
0.023633853081125
0.031090655527938747
0.031370003250075065
0.028185730198174976
0.0189680196699731
0.010809202363288969
0.004003522579546086
-0.0072242255163778475
-0.021427818445465138
-0.02931761292591589
-0.030720352921813295
-0.029085006939728174
-0.02199331027786247
-0.016392037418215467
-0.012577291976047685
-0.004996854604297158
0.004912929841191472
0.011729040099708947
0.015619165650981199
0.018204617843715243
0.018159413235866537
0.02012415254477884
0.02428312090364078
0.02721446138670357
0.029912846786658537
0.02976534596277361
0.02611814134523378
0.020880583983609407
0.013188525166925655
0.0036437198699706633
-0.007678798042386528
-0.021899634272011973
-0.038962157117763255
-0.047697573092233984
-0.047235104931043104
-0.04287381012143931
-0.0315244143062546
-0.019991559003657802
-0.00866131843974698
0.00858772003031213
0.03039725452590183
0.04244748090042558
0.0441904941090182
0.0415580588489137
0.030765693608242762
0.021773594892208356
0.015088618815935022
0.0024709756130380164
-0.01401629812197696
-0.02400777701385295
-0.02754980021036705
-0.028197210806551413
-0.023337500680278723
-0.02117354072294783
-0.022059767140655332
-0.019691293894346016
-0.015803957302319958
-0.012800101846405166
-0.010163308244010131
-0.007930819460845359
-0.006566209901209018
-0.003011587350114305
0.0027967097287688756
0.008992149101576254
0.01625604835756966
0.020836965212526964
0.02221626271341979
0.02267399691552808
0.021127239490622177
0.019279297067470582
0.017304098983970822
0.01339404163164346
0.007890627051542901
0.003251056582308484
-0.0005764341456889728
-0.004572276387970307
-0.008161377688855716
-0.01326213259218741
-0.020021633073977384
-0.027034861623211087
-0.03475319613380959
-0.036903771200662495
-0.03271067519933784
-0.025450705845249926
-0.013278368601063193
0.0005172561591911473
0.015765943655605213
0.035794050906870996
0.06000841147656959
0.07103467653600426
0.06767217211418815
0.05780062309413314
0.036641436112208665
0.01519167765017654
-0.0059852103525965
-0.03659555588657981
-0.07444964564572473
-0.0927218694986822
-0.09010115371506604
-0.07788675903536196
-0.04886236005815763
-0.02119182826626359
0.004259116974006918
0.04286644803812221
0.09095179750396629
0.11552610920031439
0.11537263353166015
0.10371371156994429
0.0717859836180415
0.0428393624056734
0.017924972132145167
-0.02218658458350781
-0.07275116828565895
-0.10125805475659357
-0.10700514921191885
-0.10228247751687083
-0.07860949910976918
-0.0600091105848379
-0.04753524184883546
-0.021884924387888943
0.011973661267113966
0.03240403439395899
0.03971614919694807
0.0408717615144955
0.030461568578088374
0.0262078785798039
0.028818440807105574
0.024877836769362466
0.01813530181934826
0.01412718504319127
0.011828036744409963
0.01117349906356701
0.01329881436610661
0.011451925087494846
0.005520059749324184
-0.0002471801420037028
-0.007320014681299978
-0.011074855416565848
-0.010686478266530422
-0.00941662754201615
-0.005900012049113653
-0.0017130202605324665
0.0028830315660173774
0.00987781586142371
0.01894735070076148
0.02140474896429782
0.016717629872288562
0.008807398087067372
-0.0046795649841409
-0.018228737381218323
-0.031538459761865006
-0.04941858445898035
-0.07075229537868337
-0.07924336587310629
-0.07391386373036599
-0.06172629130703423
-0.03821326030317147
-0.014063755468179697
0.010260252786843083
0.04405343627962772
0.08521375587916837
0.10805013640180036
0.11130738818115163
0.10581561290034558
0.08466460363311153
0.06529710440164638
0.0485500584097058
0.01967813812044463
-0.017780152384287724
-0.03898678342996277
-0.043468050713883
-0.04071279000818402
-0.02429184534665526
-0.012602636386695124
-0.006514139264915677
0.008659013400212613
0.02906373662467077
0.03345099604120313
0.02151878564592277
0.0007053696244441538
-0.03453846373952474
-0.06806963479374227
-0.09931711872537803
-0.1411651645908488
-0.19033762270060106
-0.210302125983468
-0.19902064555786544
-0.17153547821729154
-0.11782596145837458
-0.06246433512351055
-0.006393898400433614
0.07156424156003016
0.16661471789318638
0.22538946928141898
0.24556255999256169
0.24940822205198424
0.22268972383738359
0.20226104495085984
0.18994211583816215
0.15496822236353291
0.10490200031710739
0.06742184585400324
0.041136929378953656
0.017753411447406664
0.0037425475921860183
-0.02533167226497989
-0.0706860654932569
-0.1149454483997595
-0.16357773426514824
-0.19343313519687227
-0.20042548424472711
-0.19939706128692167
-0.1832976871153933
-0.1612219727137138
-0.1340638801251206
-0.09085474270429994
-0.03320426602564956
0.005101916995511931
0.022706303920060702
0.03493804305880244
0.03304188684820696
0.03978802962717018
0.056767824900430724
0.06525484468137142
0.07021880960512812
0.0764620508586406
0.08212930548237783
0.08831025150227775
0.09563572564716867
0.09661377872834505
0.09105360923786815
0.08298252246200861
0.07063199741706754
0.05732476989295232
0.043516038623533704
0.026166183954983872
0.006073405728946107
-0.017888275309560567
-0.04621190796522255
-0.07780286065275568
-0.11310904832125664
-0.13166227233062588
-0.13132654966053453
-0.12211787458195714
-0.09812344207344366
-0.07111065023716484
-0.04163205630218821
0.001546715395314125
0.056235358135164795
0.08770609651987703
0.09426361459851952
0.09111655573168409
0.06901340192240124
0.05131510511335229
0.03934141750928671
0.013443929994026629
-0.02151442275427563
-0.040714710057041095
-0.044284086564701806
-0.040790613475199834
-0.023997485631200757
-0.013479456335339621
-0.010105535948941676
0.001157625530253067
0.016153374530918453
0.024298577484239428
0.02631363970756396
0.024354308619677894
0.015891082276224402
0.01096868735404632
0.009816717539869296
0.005293559801407701
-0.0005013844128206315
-0.005138491315392144
-0.009164660796222192
-0.012281692601492636
-0.013992153401803837
-0.01763837038139003
-0.023222113680600686
-0.028674358537677493
-0.03469857444374872
-0.03652600471089075
-0.03348623882371319
-0.028320087791870195
-0.019620910793536006
-0.009556309456467103
0.0017142515704663764
0.016548134465490284
0.03455322108795739
0.04496973457961228
0.04712097693655187
0.045890196529249305
0.038355402007513494
0.03141032339572982
0.025437807256568606
0.014443411876022626
-0.00017062706596195857
-0.009576849653138509
-0.01373213233101193
-0.015933795447191635
-0.013953958468954534
-0.014535530593395095
-0.018025626742822785
-0.019187403673989342
-0.019470287283859248
-0.018652879660487936
-0.016084847195842106
-0.012851814244199265
-0.008699138522884885
-0.0023928637201425067
0.006064396188785455
0.0163553135378803
0.028803863321825603
0.03503136339954127
0.03427095182643798
0.030763171256712588
0.022169850246544803
0.013302533584637675
0.004478139335507087
-0.008766008142129782
-0.025465294825123323
-0.0347230276068931
-0.03610569544137036
-0.0341739863112432
-0.026046632678179284
-0.01923615922851045
-0.01413296460265218
-0.004499966323622121
0.008105677212286992
0.015450885177956841
0.017533127273109607
0.017227933067772202
0.012446894964986435
0.009618401717637762
0.009020195879589939
0.005669824801696051
0.0009214525663757751
-0.0017961866132778176
-0.002743818456439514
-0.002627753384113214
-0.0006445345619584469
-9.628166339157473e-05
-0.001074928621291224
-0.0012688954926969136
-0.0013827438034347032
-0.0014161208108164661
-0.0011261114334175425
-0.0010088054630109822
-0.0010090345488945063
-0.0005186901110590173
0.00042818983067420384
0.0015860132338801007
0.0030833433194719776
0.0037267952302209827
0.003396343791436248
0.002755516562695511
0.0014750456029539092
0.00017115470705831226
-0.0010997651265310373
-0.0029304158959507273
-0.00519179415099738
-0.006172274286799374
-0.005785899680428451
-0.004758284419908292
-0.0026286450046005315
-0.0005363646669291518
0.0014643266312720038
0.004345519055552535
0.007877672987015433
0.00944457626279473
0.00891642984158985
0.007380698627337954
0.004130266004756045
0.00094038170792647
-0.0021101979229926657
-0.00652900945282224
-0.011960460438202527
-0.014576672515109437
-0.014200426522575055
-0.012412399250607917
-0.008183239770687722
-0.00413843077764315
-0.0003967442249826899
0.005253761012104108
0.01228330795888471
0.015918859716266446
0.015982477971475385
0.014389436321231963
0.009871062223953354
0.005791065469243574
0.0023016119155960866
-0.0033803038292590784
-0.010568401947344812
-0.014402598512418797
-0.014765518455628452
-0.013508625198385376
-0.009359583006549986
-0.005883905883237408
-0.0032373145923665393
0.0014593385568413319
0.0074711572485871795
0.010806717712800503
0.011437156793876604
0.010765329683694681
0.007764833327814624
0.005520225268300708
0.004156115550470991
0.0012521072100631211
-0.0025511356090020545
-0.004616720826863683
-0.004981596470966488
-0.004464348986337341
-0.0024005696966765493
-0.000965098311925198
-0.00023436597673074782
0.0014438324587513905
0.0036159780018029854
0.0045014910783018735
0.004118753851574162
0.0030006291433155767
0.0006917155596899223
-0.0013368839782452106
-0.0030430380326966046
-0.005555312536345208
-0.008573801290201483
-0.009565533150609835
-0.008413629643798335
-0.00611065140974487
-0.0019672140567178176
0.002247189873677771
0.006470332008866882
0.012197751239166534
0.019082847191656968
0.021926147039371152
0.020411771955279268
0.01677314016225541
0.009584364656975979
0.0022654197281796393
-0.005032432774102218
-0.015278850012063099
-0.027798716539102555
-0.033544913755412596
-0.03202789765254517
-0.027095262085401754
-0.016292940308857008
-0.005669707608215872
0.004493824893254338
0.01937410373074417
0.03775868817160875
0.04582579610617992
0.04290153989586598
0.034738241347081894
0.017607618660126802
0.0009103202180181589
-0.014928511625275899
-0.03787179307782268
-0.06602909238759463
-0.07986197417634051
-0.07849705889662612
-0.06994985694595893
-0.04897520824568214
-0.029039820203492193
-0.010748415567197864
0.017211374540536038
0.05211975156179943
0.07269849903354389
0.07835419327438824
0.07740664282034895
0.06427510835079969
0.05436707053528166
0.048393932158483116
0.03384863457026069
0.013918255437896647
0.0007333678575354107
-0.006118164796161917
-0.010295569192979043
-0.00885846240882721
-0.012206645633622141
-0.020779821450170505
-0.02695544200385081
-0.032984018874377435
-0.03641989683513203
-0.036175188954450495
-0.034970831407238626
-0.031883378058088024
-0.026358319447911806
-0.018525727624132217
-0.007770666998130934
0.006094123355472459
0.014813384544219477
0.01781084247212222
0.0192205536404225
0.016830444781913794
0.015640828900249332
0.016038844823558572
0.013638018268458714
0.009509650450627075
0.006599012358068038
0.00460663315150226
0.0028337898910516584
0.00191388580105126
-0.0009856566954055948
-0.006005080251450133
-0.011252328810651586
-0.01737870354703809
-0.02037791298761541
-0.019684326119487276
-0.01767361949060724
-0.01317297891269115
-0.008054934897698707
-0.002484252709058724
0.005523605057489879
0.015607202610062104
0.021283870320775646
0.022229749387157247
0.021310608047120705
0.016800175530269582
0.012993496845381407
0.010137743384792538
0.004599062010434097
-0.0027292524530173725
