-0.0027424394014359164
-0.002772947086292614
-0.0028026949844466567
-0.002831566154458002
-0.0028608330174991247
-0.002890121360352967
-0.0029143300507829136
-0.0029330724299321044
-0.0029484629190325157
-0.002959049351854175
-0.00296804892376997
-0.002975540373824318
-0.002978588928574414
-0.0029777737958770196
-0.0029762775331497442
-0.0029739377941839177
-0.002969530087937265
-0.0029637558846089688
-0.002953843149226992
-0.0029395553977250334
-0.002922785798422962
-0.0029028484025244196
-0.0028836961556527427
-0.0028658653223091173
-0.0028469478291715663
-0.0028280798372256446
-0.002807340869707807
-0.00278452987586048
-0.002761601977486819
-0.0027381568699265794
-0.002710547037938081
-0.0026787083540370086
-0.0026441262048344603
-0.002605874508509103
-0.0025665709982331205
-0.002526370996965081
-0.002483191680234759
-0.002437599536252785
-0.0023927627257777214
-0.0023487528614357994
-0.002304471605246564
-0.0022607622202124853
-0.0022152772532543124
-0.0021679509700268757
-0.00212070118202918
-0.0020730675788881636
-0.0020234863492432265
-0.001972069371353217
-0.0019192797377115026
-0.001864768731382962
-0.0018100033703732313
-0.001755070925144105
-0.0016989740489344182
-0.0016420556595162774
-0.0015813645289691697
-0.0015165164841985774
-0.001449158184716179
-0.0013784272770268448
-0.0013057994511327588
-0.0012313793770477798
-0.001153653520971702
-0.0010729003995211814
-0.0009915881023796205
-0.000909709433148038
-0.0008262354054705916
-0.0007417616919463056
-0.0006544170444989685
-0.0005640593805364095
-0.00047209665622371667
-0.0003780948355367692
-0.0002956349841232254
-0.00022625620357393186
-0.00016328695326450906
-0.00011071104275138131
-6.107133185735864e-05
-1.407020494733868e-05
2.2913868921341796e-05
5.120138088630344e-05
8.107427199975588e-05
0.00011228628995496426
0.0001405568406914525
0.0001682521184678586
0.00018709577359853934
0.00019637238563504256
0.00020200109980253198
0.00020196853512699685
0.00020505108047762875
0.0002126326094733535
0.0002190128704505231
0.00022676562447480629
0.00023201586974452322
0.0002342960430309072
0.00023781003214503054
0.00024175442569700044
0.00023731977186370055
0.00022429976101539275
0.00020639881048066912
0.00018137047390945975
0.00015540175471938142
0.00012887873890220862
9.682991099755957e-05
6.059731748777622e-05
3.098842627608719e-05
8.503158863852111e-06
-1.1005661212818263e-05
-2.4584013734985114e-05
-3.968682035044564e-05
-5.653791505443379e-05
-6.87737235092568e-05
-7.782386896145076e-05
-8.971256950012925e-05
-0.00010409908366228609
-0.00011894601571852485
-0.00013560629173680805
-0.00014869005349976602
-0.00015782648991433088
-0.0001667276243348876
-0.00017411316555327418
-0.00018909046460293603
-0.0002128918015299929
-0.0002402525649442819
-0.00027383153320815107
-0.0003091785046533012
-0.0003459305243871093
-0.0003886900988448702
-0.0004365969404433015
-0.00048171292530080687
-0.0005240057108675675
-0.0005667831220379697
-0.0006080991060993659
-0.0006538563112685516
-0.0007044795437818345
-0.0007554495115886611
-0.0008081108821849548
-0.0008507139669126503
-0.000881567076756032
-0.0009071400006948185
-0.0009238971584988998
-0.0009375130811215
-0.0009482938796739599
-0.0009501484833915922
-0.0009440549194872527
-0.0009401347990235788
-0.0009382918573405883
-0.0009341123239842342
-0.0009299734643858976
-0.0009180923528210674
-0.0008977801840703867
-0.0008747474275533119
-0.000847113433396274
-0.0008212719033551643
-0.0007983798000563708
-0.0007739775498758132
-0.0007499744048174707
-0.0007238492689169874
-0.000695232811423272
-0.0006670702638336473
-0.000638834206486011
-0.0006035033302747055
-0.0005608639582084187
-0.0005139410332276335
-0.0004609286585053624
-0.0004066378777433935
-0.0003513733158347355
-0.00029121209363400236
-0.00022719172002983148
-0.00017033702243962197
-0.00012128724983026896
-7.557842580243453e-05
-3.625843669523912e-05
3.994244739898907e-06
4.541871496347955e-05
8.162517259105316e-05
0.00011400747958136257
0.00014910497504356187
0.0001866028830582726
0.0002241814363962027
0.00026332227291707785
0.00029832164361661323
0.00032877175946587355
0.0003586433123596334
0.0003865793469771418
0.000421369496920083
0.0004642405314738888
0.0005100183411138727
0.0005612751556253716
0.000613794491841482
0.0006672132439402896
0.0007259376776033111
0.0007891488516385636
0.0008490120075469286
0.0009054739248640655
0.0009618136750726341
0.001016101258729724
0.001074114373279595
0.0011362650868111687
0.001198102874068226
0.0012609378761712314
0.0013151547412985996
0.0013592804986863082
0.001398755255020946
0.001430659781351903
0.0014594525469667796
0.0014853870101504678
0.001503539514760012
0.0015146651826973565
0.0015273191736649167
0.0015414421682109394
0.0015532524837597152
0.0015647635064782689
0.0015694568286575357
0.001566745420405051
0.001561429491281681
0.001551930999380448
0.0015432329829243208
0.0015362689296204634
0.0015274748421369336
0.0015183425971071812
0.0015069731638312496
0.0014930643388601607
0.001478878716190101
0.001464012332639451
0.001442826063617855
0.0014151303610642513
0.0013833615898249465
0.0013460607385693652
0.0013070527355372292
0.0012665744187316335
0.0012214811891345105
0.0011725911232731096
0.0011294111121631341
0.0010925143844218153
0.001057992871846517
0.0010284777951954142
0.000997705855276502
0.0009654622686849763
0.000937232877415223
0.000911822555625744
0.0008834964248350262
0.0008525127560162184
0.0008209195220305388
0.0007874098646757556
0.000756944288952156
0.0007298748617364133
0.0007027288382239455
0.0006766820329363973
0.0006442457110698618
0.0006043609243856004
0.0005614467155131116
0.000513305724290012
0.0004635036986098116
0.00041234630940015444
0.0003560841947623614
0.00029540571454174646
0.00023701299306484752
0.00018094996639213265
0.00012439957566712337
6.901010346853435e-05
9.838673770486962e-06
-5.3472248289606484e-05
-0.00011712039751897324
-0.0001822301343563886
-0.00023893876198015455
-0.0002858213742299018
-0.00032830269870472856
-0.0003634113518530498
-0.00039590517666795164
-0.00042603659444738956
-0.0004486893800614925
-0.00046467988826494203
-0.000482509068671037
-0.0005020928363771685
-0.0005197174296665348
-0.0005373766993716933
-0.0005485282200624155
-0.0005525892766002033
-0.0005543539400313783
-0.000552238356196185
-0.000551641498878557
-0.0005535348289120476
-0.0005541532576940526
-0.0005551061210498818
-0.000554253669585415
-0.0005512812064902176
-0.0005486766197281207
-0.000545989835449786
-0.0005372953002777229
-0.0005224103584814034
-0.0005038819769043142
-0.0004801839277600991
-0.00045537307395237875
-0.00042970315805088626
-0.00039986135509778754
-0.00036672008742286166
-0.00033967287874041524
-0.0003192658344345085
-0.00030168537554867934
-0.00028952765317815125
-0.0002765580386445577
-0.00026256997706526153
-0.00025300412377076667
-0.0002466718304080468
-0.00023798428485676025
-0.00022720618025772415
-0.00021631979634719598
-0.0002040564797754028
-0.0001952818453887316
-0.00019034183539845388
-0.00018584359218256217
-0.00018294277846817546
-0.00017415340105538668
-0.00015842744609811555
-0.0001401697708563513
-0.00011718763397215833
-9.306639667434367e-05
-6.811290362394116e-05
-3.8573943250634634e-05
-5.143867189961467e-06
2.5504931512561536e-05
5.3329186513262466e-05
8.112554993459871e-05
0.00010725209166533302
0.00013663267293603844
0.00016962079632341302
0.00020242758685783065
0.0002361714375951938
0.00026402943986011067
0.0002848897476321456
0.00030275060990215874
0.0003155254638428881
0.00032623341479566244
0.00033506649334106843
0.00033858819839313224
0.000337305914938348
0.0003375312042272789
0.0003392471888040895
0.00033963571469432274
0.00034019229804237286
0.00033617271786519397
0.00032714965455771705
0.00031664682941218473
0.00030352015275265763
0.00029108303184903624
0.0002799935852727518
0.0002678135907875906
0.0002555449878944364
0.00024200018318538938
0.0002269741531671453
0.00021194497473083933
0.00019666054662317083
0.00017723329743358387
0.0001535248094697648
0.0001272339236915686
9.735358439218979e-05
6.649992169501007e-05
3.483841832127604e-05
2.1076519685836214e-07
-3.682269960157488e-05
-6.917916720315513e-05
-9.640831591265334e-05
-0.00012145390781797248
-0.000142347944334125
-0.00016370701859357413
-0.00018568961240343447
-0.0002042232970266788
-0.00022018479190621967
-0.00023790354413418663
-0.0002571892272425931
-0.00027647566784222216
-0.00029674886633647716
-0.0003142793459891467
-0.00032879713934968444
-0.0003429141266523876
-0.000355743541089053
-0.00037278067404554493
-0.00039480624049705715
-0.00041855696428300305
-0.00044564415072621897
-0.0004734598557370701
-0.0005017744160080547
-0.0005333316124935466
-0.0005676248599534736
-0.0005997010776548133
-0.0006295212273925539
-0.0006591651275253456
-0.0006874107837971914
-0.0007178978798597723
-0.0007508861931015448
-0.0007835660047473734
-0.0008167618422207363
-0.0008449517916251763
-0.0008672608914835507
-0.000886864218764672
-0.0009020773008839142
-0.0009153995734153895
-0.0009269787050344644
-0.0009340082166654439
-0.0009369076478079411
-0.0009406846294041932
-0.0009453127961913094
-0.000948563464231719
-0.0009516173131362276
-0.0009506805255311531
-0.0009454090953006436
-0.0009386045567073663
-0.000929348330186937
-0.0009204211000568807
-0.0009123558557109947
-0.0009031346543500847
-0.0008935921494397347
-0.0008826932682548177
-0.0008702655091189492
-0.0008575605577971014
-0.0008443566813128832
-0.0008274507257356946
-0.0008067299815051976
-0.000783582307083254
-0.0007571768362546595
-0.0007296747748752536
-0.0007012091450804166
-0.0006699962915633303
-0.0006364969940959048
-0.0006063429571217604
-0.0005798820420175895
-0.0005547817615119048
-0.0005326026409833557
-0.0005096527306696889
-0.00048580322159389805
-0.00046429646573623284
-0.00044442806237062106
-0.0004227714078110053
-0.00039947637157389856
-0.00037577260377541586
-0.00035087777805759316
-0.0003277447178587993
-0.0003065832755429471
-0.00028532198776490443
-0.0002646602965497549
-0.00024019344628780465
-0.00021129508384450693
-0.00018056983386980635
-0.000146724167794057
-0.00011184839256863139
-7.612232273996614e-05
-3.734279907040192e-05
4.087077924459771e-06
4.4214107512758374e-05
8.301171274631445e-05
0.0001221437636893238
0.00016063802103598258
0.0002014080797287528
0.0002446652250415645
0.00028816779661741535
0.000332578786242765
0.0003726599951021185
0.0004076307793211402
0.0004404201295524324
0.00046944425384368995
0.0004971787707900864
0.0005237615725029945
0.0005464951750189016
0.0005658027060182068
0.0005862838444974634
0.0006079024296196862
0.0006286380221194183
0.000649572788289333
0.0006671895192607195
0.0006811745063107347
0.0006941150853405847
0.0007051610308210327
0.0007171037426233263
0.0007304575582809678
0.0007432530470121856
0.0007563253704535616
0.0007685924847284661
0.0007798901042319985
0.0007914957743874232
0.0008031819467968834
0.0008118391763984634
0.0008173687201609441
0.0008211131725223403
0.000822271013636962
0.0008229636087309867
0.0008233245515328457
0.0008216185218408153
0.0008183017658884659
0.0008184911693449135
0.0008224926125694257
0.0008282159596642517
0.0008370780020175146
0.0008457006446405423
0.0008539715133488454
0.0008648485694463181
0.0008776890111368987
0.0008894261405810112
0.0009002029222998807
0.0009111141590644566
0.0009214635782159672
0.0009339142676937481
0.0009486571621592874
0.0009638341109866747
0.0009800783428620234
0.000993342609105068
0.0010030586058741937
0.0010116147808318216
0.0010178257804612531
0.001023626209218984
0.0010291835324933662
0.0010324711965096392
0.001033864701768397
0.0010369836926511103
0.0010418536828065506
0.0010469577273222272
0.001053187671600894
0.0010578766492006315
0.001060834117870071
0.001064115186514897
0.0010671150590674373
0.001069566651742976
0.0010716657150124733
0.0010731004704650103
0.0010738476686722232
0.0010745414424411348
0.001075155281379098
0.0010753590871101356
0.0010752807164440905
0.001074342977798612
0.0010724654911475845
0.0010700125107272632
0.0010668195296801393
0.0010631177201606368
0.0010589356149611274
0.0010540137256068126
0.001048398946641117
0.0010430094177442547
0.001037894854802027
0.0010326484830930865
0.0010275166988016728
0.0010219018923446903
0.0010157711696036236
0.0010096369576487597
0.001003376804817848
0.0009964446817437933
0.000988856889898507
0.000980794831766064
0.0009721275540571316
0.0009633107652251292
0.0009543683610147085
0.0009449665532702659
0.0009352065228617775
