-0.0009011425268799177
-0.0009609322206008863
-0.0010230667111506783
-0.0010876758093629633
-0.0011534821787024532
-0.001220882991787982
-0.0012599463659415647
-0.0012674652663225356
-0.0012577276466218322
-0.0012219904391120983
-0.0011770964592182488
-0.0011236565141876497
-0.0010452367361067593
-0.0009448201193003854
-0.0008443587535372219
-0.0007432280281011967
-0.0006323753111077542
-0.0005168125132490934
-0.00037863564901850197
-0.00021629016576800008
-4.2470955513612614e-05
0.00014719762517391134
0.0003327096803030092
0.0005110091504768163
0.0006949437512060318
0.0008786778614753128
0.001071240256076617
0.0012736982631648928
0.0014764111975689624
0.0016812617196224728
0.0019080239343474115
0.0021571495782210437
0.002420388565096173
0.0027027872362093384
0.0029904187075847524
0.0032824322475260743
0.003590016907459088
0.00391016155500378
0.004131791425300482
0.004244858109218464
0.00429925701150211
0.004263071865732238
0.004202728160936607
0.004120405452847545
0.00395379519897891
0.0037149067985827668
0.003479515533409192
0.0032448784658344427
0.0029809294967426455
0.002704834730773592
0.0023532320089892215
0.001920822970778335
0.0014520610086176603
0.000931501585316166
0.00043910339237404215
-1.3475914507660695e-05
-0.0004759667466465386
-0.0009251023953893865
-0.0013981316705094903
-0.0018990437118129734
-0.0023887050161415556
-0.002874749442028696
-0.003433186310616171
-0.004065390555072445
-0.004739789937422911
-0.005475608518554454
-0.006218525007955206
-0.006965111951244806
-0.007758501384877765
-0.008586812560414993
-0.00920444221355517
-0.009591285080806361
-0.009854006183005299
-0.009922621958168364
-0.009948512015105174
-0.009936363956289314
-0.009746850943620738
-0.009407583723501011
-0.009079538100272316
-0.008756132520652018
-0.008374920829057986
-0.007972183383483709
-0.007411330564508063
-0.00668116128308291
-0.005876884913817842
-0.0049652365015979425
-0.004129782478285361
-0.00339665890319901
-0.0026534144868668513
-0.0019533841195138054
-0.001209748304602947
-0.00041362242794770954
0.00034450942710556153
0.0010823206873840563
0.001971084014120817
0.003013515099008903
0.004138667002479779
0.005389681184591317
0.006643309574362578
0.00789167866373914
0.00923212833571389
0.010637571817583109
0.011720841168862147
0.012453600711330313
0.012998126155533451
0.013245022253086504
0.013440094245083788
0.013590504611859256
0.013474127004983532
0.013136156678811173
0.012819861860020106
0.012514029588956933
0.012126636086550263
0.011712187086832996
0.011060946791219786
0.010156063066396506
0.009142695161611489
0.00796980020387017
0.00693764601924988
0.006088004333663588
0.005239565292760344
0.004479438040055231
0.003663571144545159
0.00277783979698615
0.0019712394741613053
0.0012146173444339287
0.00023276739612301592
-0.0009780859874014408
-0.002304269421393719
-0.0038148368082804736
-0.005310443320368625
-0.006778215346960575
-0.008374803429731242
-0.010056202925088817
-0.011362665185305142
-0.012265155471184187
-0.012947978148413504
-0.013282452512724256
-0.013570383287101214
-0.013819849997650454
-0.013763526224821986
-0.013457311640336912
-0.013175279673371456
-0.012902846194044072
-0.012539618701805793
-0.012146459352552097
-0.011482041093708494
-0.01052738086337357
-0.009447845977116284
-0.008184681880793064
-0.007109932076577572
-0.006273933138798801
-0.00545547384732306
-0.004762236292287256
-0.004012808240733823
-0.003190144966772618
-0.0024801586303364893
-0.0018462888204154176
-0.0009541038604822841
0.00020026333368796848
0.0014792653060606204
0.002966518224928664
0.004418129854864321
0.00581824850431707
0.007357614345767357
0.008982196963744922
0.0102436520584223
0.01111783390429557
0.0117765154716126
0.012095254964838757
0.012377437551419177
0.012630429912669192
0.012590153997821965
0.012313075956119057
0.012052733488216642
0.011793630913307457
0.01144594289871375
0.011065360358286815
0.010423546621471295
0.009502831062925309
0.00845792666715538
0.007233139722729014
0.006206163210295427
0.005426730236809375
0.004673228140776714
0.004054680321928522
0.003384119532840911
0.002644553796448333
0.002025851844393944
0.00149039281680225
0.0007043867261771752
-0.00033545909430320156
-0.0014925408042447395
-0.002850112726411019
-0.0041634019399733905
-0.005416498213783515
-0.006800165949622378
-0.008260079954380675
-0.009398530306131801
-0.010196419138911308
-0.01080150921522008
-0.011103967598529824
-0.011378039653478389
-0.01162991625798286
-0.011623367621639968
-0.011409547190597408
-0.011205624088267549
-0.010997093058968094
-0.010708760531903028
-0.010387934028593188
-0.0098359241391122
-0.00903748376338528
-0.008126149895454007
-0.007053368764028046
-0.006163207130915187
-0.005500175681087221
-0.004863998918374039
-0.004353806355728718
-0.0037976501581721885
-0.003180191375786679
-0.00267501816892175
-0.0022475380318251813
-0.001596796099425086
-0.0007201121491047333
0.0002597813660169549
0.0014178599869214344
0.0025327205055642554
0.0035900025253371385
0.004761941590443832
0.005999369108538637
0.006978365525356985
0.007685238892113227
0.008236829588424808
0.008544157739325622
0.008834659636283191
0.009113168882341741
0.009185778263646563
0.009095041730472576
0.00901186462928328
0.008923894141438233
0.00877344441010513
0.008597469198169788
0.008237201581214177
0.0076806126980534534
0.007033635333323496
0.006257441223881717
0.005639235549160728
0.005215621484376839
0.0048207148104002576
0.0045371593847712945
0.004220282274220468
0.0038574407661862106
0.0035940297797240586
0.003400991279750906
0.003029559151444802
0.0024777907140749
0.001846880806323043
0.0010749634510175611
0.00034568037898236313
-0.00032903048627893646
-0.001091694322368393
-0.0019014639648095323
-0.0025471922207562048
-0.0030233116339926937
-0.0033997214508351076
-0.003619285726854762
-0.003837543682716241
-0.004057285780498607
-0.004149443582264616
-0.004143360487183489
-0.004139592600907779
-0.00412912009765626
-0.004080798342799114
-0.004015856730616931
-0.0038363940312668363
-0.0035352826337155204
-0.0031764279166372643
-0.0027358348532605108
-0.00241262627137577
-0.002231225658348132
-0.002078845659590637
-0.002012603486663274
-0.0019302302339618475
-0.001823235115388182
-0.0017932684606020862
-0.0018198676047268816
-0.0017348048504175178
-0.0015372400114143459
-0.0012951580491524996
-0.0009669088094180903
-0.0006777773572123619
-0.0004359521535055221
-0.00014477610634667918
0.00016777364620190613
0.0004122152453471729
0.0005901403073342415
0.0007235157673515024
0.0007891027857468019
0.0008614601017315584
0.0009412483922761316
0.0009705049331097846
0.0009635026324173751
0.0009497906608382488
0.000924309068856555
0.000881504965754003
0.0008268729827863908
0.0007255323551895137
0.000575234872021702
0.0003968233433356348
0.0001816214083937455
2.861219117974474e-05
-5.1216345372423645e-05
-0.00011151503241772496
-0.00012415047459309167
-0.0001423191857821248
-0.0001700076014803456
-0.00015575512031031964
-0.00011017842959782003
-0.00011222224804678103
-0.00016180408152665978
-0.0002276492600944156
-0.00032914253545108895
-0.000406342346156562
-0.0004553508783586034
-0.0005218797435221829
-0.0005924750337347784
-0.0006414518210240647
-0.0006711466798403732
-0.0006839151406565689
-0.000673502736531522
-0.0006655287001132139
-0.0006598316918777058
-0.0006380736278437613
-0.0006051794450185873
-0.0005631889554991164
-0.0005099654024275459
-0.0004475656235903501
-0.00037578186458849737
-0.0002877221822941988
-0.00018303782581650938
-6.460273842888323e-05
6.943053416691997e-05
0.00018271360825539767
0.00027176797964366785
0.00035535094924074877
0.0004232900317950613
0.0004962511152718106
0.0005756654940505994
0.0006422594370900814
0.0007001990968624327
0.0007766022695231627
0.0008712913445573822
0.0009739027885062409
0.0010910731402205426
0.001201806991281024
0.001304810708819686
0.0014159758939118082
0.001530611617374311
0.0016148557784259787
0.0016669493375176727
0.001699360673116578
0.001702647860688316
0.0017000144594867149
0.0016918832051609782
0.0016580655174544155
0.0016028041878802814
0.0015448127851733738
0.0014827891245780263
0.0014100682924711907
0.0013306703112772717
0.0012273951605101254
0.001098834189767221
0.00095643099624155
0.0007959163527042437
0.0006474941611234897
0.0005149862981855562
0.00038075139311839794
0.0002534362565935043
0.0001177756395565333
-2.764692280110351e-05
-0.00016760060307809116
-0.0003052132684643532
-0.00046698827385351815
-0.0006532268992183683
-0.0008532338755783243
-0.0010736644661286064
-0.0012951277565145458
-0.0015164348450282352
-0.0017527916478700303
-0.0019999476885985924
-0.0021862410981594222
-0.0023060855770117342
-0.0023900426469120415
-0.002417758451118983
-0.002434044912396011
-0.0024402288448145005
-0.002395405932932195
-0.002307766576115235
-0.0022234177518596528
-0.0021403543172521656
-0.002040868855452387
-0.0019353157384376326
-0.0017842634816053575
-0.0015844954471967887
-0.0013633865341968953
-0.0011113264139431536
-0.0008832585908918346
-0.0006868945329369629
-0.0004888388994713495
-0.00030503487580336254
-0.00010926191074245854
0.0001011065190819811
0.000298885268903689
0.0004894017741998938
0.0007234349942699124
0.001001739081698452
0.0013033278240376439
0.0016409717134293963
0.0019780111528194567
0.002312099265686838
0.002672125331804367
0.0030500202623248637
0.003325673401508477
0.0034901218017898894
0.003593923071007975
0.0036030788175169456
0.0035934969934206967
0.003567381529003562
0.0034559136605160834
0.0032730128675644682
0.003094592173147673
0.0029171856707604134
0.0027119311400596513
0.0024958328024542752
0.002203549079635099
0.0018297902538685958
0.0014197842644066631
0.0009576080888123557
0.0005360165440761029
0.00016792935449798466
-0.0002027999952776856
-0.0005492751008143897
-0.0009159550779578899
-0.001307244271352152
-0.0016771657207801138
-0.0020347429046794585
-0.0024652285350863965
-0.0029698394257111063
-0.0035133840705372397
-0.00411728268314319
-0.004719875785095199
-0.005317209799406835
-0.00595781285907409
-0.006628100512635395
-0.007139487969238695
-0.007478257957420312
-0.007723141834869454
-0.007820852804440342
-0.007891340335705498
-0.007938031474797439
-0.007852598207723068
-0.007657067597862575
-0.007469495000704544
-0.007284340921681434
-0.007056970876606704
-0.006813786784624663
-0.006452787640868363
-0.005965746916577932
-0.0054231399557102405
-0.004800108223261286
-0.004243510297821176
-0.0037736914144879618
-0.003302025181358015
-0.002871077623515187
-0.00241022825680161
-0.0019125401311892768
-0.0014509108870294713
-0.0010110199839250499
-0.0004584004402306406
0.0002088102558538012
0.0009351506759639752
0.0017543827384146437
0.0025691230440477238
0.0033731189974134145
0.004242942100887835
0.0051571219916219085
0.005898073426333279
0.006452363491187755
0.006906795129495203
0.007200570335451214
0.007477171727047123
0.007740443822988195
0.007863681772783605
0.00787352025557517
0.007898886717698731
0.007932848794741473
0.007928441546812083
0.007914296748173824
0.007776668695873132
0.007506675408173324
0.007182236585458808
0.0067756915455017535
0.006464097365907487
0.006271369244966359
0.006092493859512644
0.0059787354610739306
0.005843663163769235
0.0056792373410820465
0.005574028940309698
0.005510663384224168
0.005330431818439726
0.005031583990773494
0.004679424515302728
0.00423432263397906
0.003812190956701547
0.0034206106203172426
0.0029690612390115933
0.0024832669462561104
0.0020731084767487144
0.0017395037919721854
0.0014491308784661174
0.0012311141247321673
0.0010004179916054037
0.0007555878000330139
0.0005650681465883275
0.0004125417189693631
0.0002515441254397293
8.71343244610388e-05
-6.823618518590023e-05
-0.00022419526085243688
-0.0003331055440298885
-0.0003918264455796968
-0.00043090727826238477
-0.00043877073420447706
-0.0005242297406830535
-0.0007003134609119352
-0.0009066651841073474
-0.0011745183536214566
-0.0014473092484681685
-0.0017206842184532953
-0.0020506520848441786
-0.0024260521888318735
-0.0027572882698269617
-0.003044296152657336
-0.0033232788137612748
-0.0035722598409581568
-0.003858764285112118
-0.004187369233970697
-0.0045065282306558955
-0.004831491743688761
