-0.0005529354535770685
-0.005073298879805277
-0.005528218741188826
-0.0024338038400105975
0.005350054372275539
0.01966071099516676
0.010496583314407908
-0.023886204132954114
-0.016626338043601818
0.029825737180949347
0.03028969301679013
-0.006709655725474324
-0.029910449215214532
-0.053200102828029526
-0.025114385038011937
0.06650670616897707
0.05434965402841261
-0.058063108923932356
-0.057081957392170965
0.03488186878838242
0.06394682740962139
0.06163284759983072
0.0402357518617577
-0.025232899367488282
-0.09913138638821031
-0.18714099218237593
-0.088802900523351
0.22213261261232967
0.2204038993589145
-0.07706936431364311
-0.12694821187377453
-0.009908177551315674
0.018482669118920617
0.03921922061300538
0.024482294073381036
-0.057855619379577054
-0.04282693537174975
0.06414126926971134
0.05316407009566273
-0.05562316187287009
-0.04710614434043612
0.0531692385796019
0.0532531935711384
-0.019865184974549064
-0.049967807865558114
-0.06476162700819738
-0.029586290640018532
0.07719169189547968
0.08225659810421006
-0.011437057080120563
-0.03448315230775981
-0.015420129624731254
-0.010908789800492917
0.0046364823337385576
0.010930251104022026
0.00325736051992166
-0.0016889132107960874
-0.00939741526102333
-0.005836194081708145
0.011778107171679705
0.010595022118212265
-0.007492577668830975
-0.008004973170646591
0.004592195917772741
0.002464843720715473
-0.010032183753429447
-0.009841249159850712
-0.00012471757634180741
0.011193617483446213
0.028167966421968508
0.013124962967064011
-0.0378708773309599
-0.030380865331288833
0.03268142197774912
0.031087403266720562
-0.022868682635452126
-0.026760042665015478
0.0030816263682562606
0.008923666277365376
0.004829430632865617
0.006719151149880261
0.0072934523313854934
0.005243763761257169
0.001388606693666381
-0.01128675686100186
-0.033740668718513125
-0.015824228056071265
0.04514625855491185
0.03571256553132964
-0.04023864203297335
-0.037370637331534964
0.029764703302482962
0.03225883276795747
-0.010476455091168433
-0.013762571344581354
0.005329177590320699
0.0011643064799744616
-0.01602551362868636
-0.0075538761710206145
0.022800228468912845
0.01755779015927666
-0.020021570578513934
-0.0149325583909576
0.026094073106716492
0.01176733049827863
-0.04994168702086226
-0.03377595582874579
0.051765363734619284
0.05270914830590658
-0.01610987878574798
-0.022265576475895277
0.012716931708154279
-0.006636626208189573
-0.06457093682954361
-0.04137374950624005
0.05646970074808799
0.07544078131827102
0.03037106528972332
-0.002264142502602595
-0.04953063255922579
-0.055225932224071385
-0.006849968091260656
0.014573831680159794
0.022367806265289995
0.022112482856379324
-0.0001907004886991118
-0.011327988536633337
-0.013685000945516694
-0.0028878244380084565
0.02883349983394066
0.021920402999465856
-0.02420792943882926
-0.03338124426835534
-0.014453264048003834
-3.1377939541007895e-05
0.02283548921110122
0.03247082912944717
0.024468549971993613
0.010439145970024788
-0.016424850323314758
-0.04570209961651769
-0.07714564457428577
-0.03802239668984404
0.08190751193626958
0.09960661158807996
0.0225048336189489
-0.015484114289947008
-0.047252830240842265
-0.05459312954534214
-0.01645444871493982
0.011227922583091982
0.038300932446207046
0.03379035346751634
-0.014610688638133721
-0.0207262636149851
0.009052226021547748
0.004608571265272466
-0.021293100701251483
-0.012034599030919914
0.025513563432733997
0.019935007652332557
-0.023557856548381884
-0.021437688339941325
0.017500761860116558
0.018775015362079463
-0.006608599989320398
-0.010545253283694966
-0.0031206019620180947
-0.00016732865753036545
0.0049437251290067865
0.0013294395116832001
-0.013258309877812234
0.0003669695295174137
0.04220628665064358
0.028675434704557717
-0.03793083415165008
-0.048059125412241936
-0.012589175319258015
0.0036357891751624487
0.018597365370113278
0.02801586748810825
0.023002018174806325
0.003046525924665244
-0.03734718365412958
-0.02922273814393951
0.030830882897813373
0.03215744009263826
-0.015582005588311727
-0.023737972477820647
-0.00858383694720491
2.7855468104068118e-05
0.015074555799984086
0.01004048896231093
-0.01953142933430722
-0.02211421590699749
-0.0017930977687915814
0.022159168297955698
0.05968929315996837
0.03368857427051586
-0.06370543119809742
-0.06405799878407104
0.02429430159945385
0.04280608058499262
0.01732732846737424
-0.0112433754998864
-0.06884597072317299
-0.042013460136355936
0.07880986276969541
0.07092867879732287
-0.05246846988299349
-0.05864990399109001
0.021782749304524597
0.03434789902689685
0.01163411323327726
-0.0032689504961797137
-0.03211581007326208
-0.018039443119887914
0.04600210984925604
0.03635279253691665
-0.04073535628257329
-0.04257963262621906
0.014681543429587003
0.0217198285023969
-0.0015786931657282852
-0.004472565181421373
-0.0018319140245728555
-0.0009282008543022034
0.004168875484209939
0.006159888275389368
0.0049503588704838996
0.005498643208577279
0.006484814595636166
-0.010529274348715341
-0.046806647035536594
-0.02607460846662456
0.05356040108898741
0.05121132541133664
-0.02518924050484027
-0.03284247937022988
0.008009437833169115
0.010314840170859405
-0.005977818717948705
-0.006353171378306326
-0.00125086988576191
0.0057947686034382035
0.01907319144539634
0.011446637410573226
-0.01890424340526794
-0.021734066531897925
-0.00032985150731448836
0.007054966619551583
0.00863017920216687
0.006066589247171668
-0.006671808451450582
-0.00751019340315866
0.003227800470584394
0.004756188699789891
0.0006703875612901965
-0.0015902244933518053
-0.005059566430411601
-0.001429308993118413
0.010679279149092589
0.007070618613705227
-0.011766559681730598
-0.010360119390877625
0.008490743670899225
0.008619588500807844
-0.005311956579602788
-0.005833392598081692
0.002259575030214849
0.0033931991023824614
0.001155679737000231
-0.00011563118766400135
-0.0025205204502699668
-0.0005892187344155791
0.006426413746639072
0.0018213995677175455
-0.014258072921639449
-0.01020670637369149
0.012656790762170848
0.012783191339925703
-0.005976879472143272
-0.010078800509592152
-0.005598636886453235
0.004482371808590405
0.025986275004398783
0.015055938615861176
-0.030618849751364217
-0.0280740691280085
0.017867863084197633
0.01978412284167085
-0.010889563676579164
-0.009087704936602924
0.0136446417936988
0.011205081512632829
-0.008944066691470255
-0.012722047141361142
-0.0058385203119404195
-0.0010194763765516606
0.007079715315176492
0.008604038145403493
0.0017520383152243117
-0.004026712127848747
-0.011307782106395535
-0.002054229894184766
0.026691544558495338
0.01839379151644276
-0.02613484853513412
-0.026970094876614878
0.008842714380572105
0.013553447743923199
-0.0013547454006854155
-0.002329118830602936
0.0012892309584824591
-0.0011713638318860285
-0.0061892181928480255
-0.0009288683499101965
0.01451378543445386
0.008517904729679043
-0.018460617993262655
-0.01224873272378996
0.02410818213353252
0.02100536248052156
-0.015229327016495355
-0.022433155926276944
-0.010279244004247335
0.0004977950015296164
0.019989181244478602
0.015391983573471378
-0.01718080221582979
-0.01719933557437482
0.010605175010291774
0.014664830016096427
0.0037873736181143662
-0.0006188148376882182
-0.006021365173593501
-0.008793269233346638
-0.006404981313962119
-0.0012443793786573194
0.008560150111937065
0.008794658114766804
-0.0014904779699328454
-0.0043677792467770775
-0.0024378096080659743
0.0011612771264493482
0.009612474739674989
0.007103838956285246
-0.007177428013153488
-0.014445683633978485
-0.017523414316477515
-0.009431270252146896
0.014175793195446451
0.026556116704263742
0.02926477998279066
0.012099452537175159
-0.03241055247946888
-0.0414269567401317
-0.01553512388504365
0.00557089421754211
0.034768757102251066
0.03362170801544009
-0.005652505581048621
-0.008170582832705837
0.019138664161318052
-0.012977950861844148
-0.0969947088857506
-0.05624491457605311
0.10637290460014277
0.10842739469242543
-0.030862862567742184
-0.04863485889161452
0.013707453391684533
-6.955431682310366e-05
-0.05498226170908198
-0.03098052119612704
0.058480017114079234
0.044566529664361705
-0.06246181684112972
-0.06578973785085554
0.012676078993307362
0.06303891608403508
0.11721778300651545
0.06749671444263594
-0.11086680348069866
-0.12746167917940385
0.004721649444669188
0.07169444134141699
0.12441217016907742
0.015903653284596336
-0.30056926957778096
-0.19235089018347348
0.34010660645586505
0.29220916289374604
-0.26424655652423085
-0.2609100036021668
0.17108777989384372
0.19666818003313002
-0.04168652715007781
-0.07655820568439417
-0.01904067543811323
-0.022961486347119427
-0.029739770511384205
-0.012009470432164333
0.018161672001962746
0.06490078911832696
0.13212740946782559
0.08230698834764771
-0.09587815788312973
-0.1805053391822919
-0.19361709388661258
-0.06892693174337557
0.24959747740706176
0.2666694818310107
-0.019139415661520012
-0.09700457715940218
-0.051627806717674564
-0.08032563703207957
-0.1083755149716759
-0.04965471785289379
0.08802819519700478
0.16162973506894088
0.17958768936063793
0.06704601816127115
-0.21940454490808542
-0.2453945095960241
-0.011597919281707326
0.07095376659661076
0.07951411997483529
0.09411153307906242
0.0516216027185687
-0.0007215569771491473
-0.06803751939297376
-0.09200763835546272
-0.05919238930233145
-0.008493606853333212
0.07988609937332637
0.09248856003002141
0.018623557476563187
-0.020242385195512705
-0.04864456925662883
-0.0460078721624876
0.009400449510702787
0.025596802210638585
0.010155618075634787
0.0032118194135456815
-0.011606844560726371
-0.01019454890605527
0.012208039969978636
0.011681988613621722
-0.0075647048898454024
-0.007188742255544292
0.007045897906601621
0.002989190513353764
-0.014997610285942906
-0.0128832559957534
0.006031712367855357
0.013543008125067736
0.014619510430445447
8.995421627624837e-05
-0.03622552488922879
-0.016642790795782392
0.0609635893913136
0.042874857023583034
-0.06399486781362153
-0.05288661395242032
0.05836844401941992
0.05556716515916222
-0.03514578381621404
-0.050432203480213815
-0.01952293370163999
-0.002739866283068054
0.024094143590495946
0.03326207600462734
0.01742088549950763
-0.003369524163601187
-0.03790133705535793
-0.018681502431294753
0.06151641232323771
0.051790133448460444
-0.040728211443800934
-0.06887277593708448
-0.05545907300385308
-0.019980091696579712
0.06418803360567643
0.08456477985591745
0.03823493951191714
-0.000562565069680495
-0.05620141913799487
-0.06721737137129455
-0.020477534721401718
0.012145572337203729
0.04687812505533162
0.041508293613260146
-0.01862757462365822
-0.02732873637630354
0.0068690929870846695
0.003493682136414439
-0.02146651215909176
-0.014751321910634347
0.015256094150998831
0.0261390847680491
0.02443793644874271
0.010047590821972936
-0.0256061082716471
-0.03671369571540174
-0.023178698992671068
-0.0023700153993706586
0.03644549849285375
0.0385007214231664
-0.0005917694382080542
-0.009556126560919724
0.0015605407246472925
-0.014149718030635375
-0.04743757101388622
-0.024829933791846868
0.05288019416193934
0.04992069850544926
-0.027083951050992244
-0.0359434503869948
0.0036036908439620926
0.021951993709816344
0.040901923876106874
0.025686848161678606
-0.035286988369102795
-0.05784232334219847
-0.04868436938550291
-0.0172962303050503
0.054620007085209664
0.07580695524846816
0.04433657521374454
0.005951535640477043
-0.06051690397816677
-0.07373522952958941
-0.024651994050474378
0.006661235003258669
0.03898434674014467
0.049935818500606126
0.025860117582790103
-0.0047516408985460385
-0.052174434648698226
-0.043814664966005716
0.029309986449035888
0.030329209241054825
-0.029815402698532348
-0.011302388181203733
0.06848947592371074
0.04709882169263336
-0.0623522764430915
-0.0703614843685782
0.0036528172994641523
