0.007507349699635613
0.01101151827848875
0.015055527283889668
0.019662055211655177
0.024780178466012652
0.030459818512513462
0.032023243078076434
0.029004185242424558
0.023643029333511884
0.014593545198354338
0.0045486510688742595
-0.006374759470904037
-0.020742820387463883
-0.03805892852744637
-0.04722084245512947
-0.0475175904437245
-0.04391062894077927
-0.0333655209703841
-0.023039604585918364
-0.013299107652224229
0.0020972496753703693
0.02171328571728344
0.03269372781001797
0.034631563798549946
0.032705778634211216
0.023542325342038452
0.016290665881723537
0.011403439740559603
0.0014083830228410878
-0.011792108520978726
-0.018807406725799947
-0.019662829091625342
-0.017543118319323883
-0.010066731583486588
-0.004656208991499382
-0.0016125259722392915
0.004797034573011895
0.013016674651669514
0.01737872626899664
0.01800801700192538
0.016528445363850022
0.011515672792189083
0.007767672447596307
0.00542758753120397
0.000880220623830619
-0.004883465229460122
-0.008821047786370977
-0.011062516543073251
-0.012380903965330942
-0.012030216583353555
-0.012757184630830783
-0.014642065595819634
-0.01568332391569004
-0.016457500804530675
-0.015905320468446518
-0.0136883604258411
-0.01069304096195543
-0.00654673382740538
-0.0013127338232557476
0.004981684078304817
0.012729734135359903
0.021955706501451636
0.026904923140678
0.02710803449467805
0.0253325913296703
0.01998135150075951
0.014513222521228155
0.009128634474484938
0.0006906799756985181
-0.010111650994774384
-0.016255030993992243
-0.01749500606166913
-0.016731722844768464
-0.012120887058938552
-0.008588265330919748
-0.006391941332653384
-0.00148836314448018
0.005093484861872561
0.008480546544746868
0.008707663733440809
0.007398824384704691
0.0033256864899858926
0.0003773246429830927
-0.0012890031803965024
-0.004657013085622462
-0.008908836775756929
-0.010950541409903753
-0.010827607598502443
-0.009443196848832549
-0.006010013387004603
-0.003103319863582612
-0.0007948127044167441
0.002881510795277386
0.00740037156521383
0.01001476858776703
0.010690993585049413
0.010376742468233835
0.008354994612698686
0.006755116981841947
0.005651849219895751
0.003359179669772883
0.00031099688541689184
-0.0015937464932372887
-0.002382012694440199
-0.002669436280144544
-0.0019817006559397785
-0.0018831510483350788
-0.0024383601463556625
-0.002466839117646986
-0.0023012549642674974
-0.002253293365556827
-0.0022163328498997097
-0.0022703000503850397
-0.0024654161239515784
-0.0023107570126916343
-0.0018019675963327094
-0.0012170639963089678
-0.0004466693525673384
0.00017288538437792086
0.0005915137576544846
0.0010529017389433073
0.0014641776578395915
0.001952354509065989
0.0025436454595700285
0.003097652797932537
0.003646260355858165
0.00366590069944449
0.003082657850201696
0.0021627860321649494
0.0007460171931254391
-0.0008971202724147934
-0.0027588397752079737
-0.005124743681521586
-0.007951213956478402
-0.009205591214029486
-0.008733594522132652
-0.007474205560186685
-0.004863437641463181
-0.0021629309949152678
0.0005626035835646458
0.004442875083123019
0.009229015744033965
0.011721708370896233
0.011763877649507289
0.010713667487000483
0.007711678757346761
0.0049195961906198776
0.0024438351958778275
-0.0015444770488550219
-0.006605567850794338
-0.009337487337500687
-0.00964778518434005
-0.008862029432002608
-0.006088657815335573
-0.00379120085230945
-0.0020826272441305718
0.0010361872231744568
0.005055997224086426
0.007104377701933131
0.0071512547223139536
0.0062181663987683836
0.0035632921611174575
0.001383546014357498
-0.00023262660327814417
-0.0030200375562298245
-0.006524182453515005
-0.008368919864956994
-0.008533405855791805
-0.007837099423736615
-0.0056644863591905435
-0.003855367344803544
-0.0024771601076268774
-7.932708807285263e-05
0.002960803604584505
0.0048962189154446835
0.0057360096110255845
0.006057587237775559
0.005417764777911001
0.0052232253168126635
0.005528514725050132
0.005253621609552129
0.004693007252110065
0.004004046610611537
0.0030701911430691883
0.0020121663994626883
0.0008336533389934624
-0.0008491466313747185
-0.0030451084023997987
-0.00557547541539944
-0.008534486177845265
-0.009756118099067299
-0.00902139152838724
-0.007426714072836781
-0.004356304953851753
-0.0010229368307429342
0.0025020305008041826
0.0073745043828162245
0.013360622939085794
0.016426874311591216
0.016345925591753564
0.014885369157836259
0.010954383066011375
0.007206450382171971
0.0037783348253707756
-0.0016081985131402975
-0.008414902055278025
-0.012696929207298238
-0.014374540842397827
-0.01497220135426716
-0.013469130585407225
-0.01276853347931414
-0.013011359825709974
-0.011875955471363551
-0.00997181395156865
-0.008228556547695153
-0.0064441979227445
-0.004579510746311276
-0.002804272794854217
4.110494864852251e-05
0.003999454687179402
0.00837846360201871
0.013449027463771858
0.016334081675471842
0.016699600035370982
0.016109986681485583
0.013740529131729417
0.011094222873994856
0.008279231190681885
0.0038099952706781097
-0.002020699328096314
-0.005647923815611943
-0.006949823002559371
-0.007447198408409005
-0.006212820340253193
-0.005723947707834203
-0.006128076316040665
-0.005400916098086945
-0.004071027307645001
-0.0031346504765059685
-0.0024342803220221147
-0.0018502502913357306
-0.0015844063198248923
-0.0005338851243406374
0.001340553159286149
0.0033395295340586263
0.005713763546725748
0.0069533289090136135
0.006851264856217521
0.0063083059914188526
0.004886773017838349
0.003292216193149999
0.001590983828594884
-0.000957921763537186
-0.004214992273836201
-0.006048049448585145
-0.006363031106686069
-0.006089101705868316
-0.004663259362483014
-0.003518901038899327
-0.002738992398789167
-0.0011245421104357437
0.0010240385444877328
0.0023547329186376395
0.0028898244010371623
0.0030715754252836768
0.0025648397344730993
0.002467790302417843
0.002827502520310745
0.002814834375747253
0.0026641690111451344
0.002269595583874242
0.0015232848927234511
0.0006343520065860027
-0.000456128378819236
-0.0019056651293891782
-0.003710332053512407
-0.005854481111879736
-0.008381191282661155
-0.009512351325388463
-0.009084933405520568
-0.007976214661938659
-0.0056863171778749775
-0.003244236305296304
-0.0007095746930372747
0.0028758431750912994
0.0073107693413352395
0.00985277538334392
0.010371052820639725
0.010041359019454906
0.008130957764277044
0.006491615546648146
0.005220093376460632
0.0027560886100404785
-0.0005196664817255757
-0.002659484908489379
-0.0036793254202323296
-0.004256441792353684
-0.0039053480759571398
-0.004175061588727235
-0.005138999580068689
-0.005617698257408537
-0.005944157597480939
-0.0057117303965072575
-0.00474074063396136
-0.0034490410648637345
-0.001678324483812715
0.0006450623039258058
0.003509947387633746
0.007037304194210188
0.011261172198073075
0.013166231163738763
0.012494971153236991
0.0107104643795621
0.006971499193178059
0.0030656487344268854
-0.0009039694400609444
-0.0065746667855294035
-0.013593023543529962
-0.01703302069556512
-0.016640956778076317
-0.014526926844409281
-0.009364266338038357
-0.004448946869409172
5.5704677627801426e-05
0.0069539554796366285
0.015577032870801182
0.02011169536879594
0.020357898415624555
0.01863347289925789
0.01340015806988647
0.008779483069893132
0.004959857393914352
-0.0014509087690697973
-0.009608223251123323
-0.014413909767086779
-0.01580514773982738
-0.01564294579463581
-0.01261294157815044
-0.010582847053318198
-0.009720708691202808
-0.006969749185875859
-0.0031365153791243546
-0.00041753489603183326
0.0013515157218137108
0.0026754994739655084
0.003046357361571149
0.004556551080205666
0.007280989852306622
0.009763986358428244
0.012462485133292917
0.013255556907713385
0.0117802846269245
0.009358589277506834
0.005345154066064173
0.0005877542473962166
-0.004839977007722445
-0.011952255579419351
-0.02060316486488389
-0.02474823318315275
-0.023963412242109735
-0.021036171149551114
-0.014307969916996044
-0.007562328235512017
-0.0010058044677834221
0.008708859333845097
0.02082251928910092
0.02724268384813375
0.027633608274600853
0.025343571569865282
0.018218960895377636
0.011851055572293913
0.0065116341610606575
-0.002460722548690255
-0.013920213220748972
-0.020155809329550745
-0.021016438703320726
-0.0194035653428498
-0.013312213840864668
-0.008459724220938785
-0.005098681637113633
0.001350012621259107
0.009700803436051487
0.01426365970853203
0.01505063325894354
0.013965274608400207
0.009558463550372114
0.0063481260006985635
0.004507766226717907
0.0005430171758560946
-0.0046051640852198305
-0.0073248030741292856
-0.007680466508939033
-0.006745771950504678
-0.0036107596123103568
-0.0013000186496592249
8.973298003490982e-05
0.002846868850712944
0.0063445220820982735
0.007639511316169479
0.006709346198356133
0.004518179584228017
0.00029733491498587093
-0.003636238783855531
-0.007212818777259124
-0.012260580949166251
-0.018312846474538645
-0.020987972530593722
-0.020078814298541237
-0.017344931659122306
-0.011597747502750383
-0.005871419533752872
-0.00028481553008150013
0.0077270370734521
0.01756323956174222
0.023030793952861138
0.023864144185287244
0.022610715727371687
0.01761502806975795
0.01317291976712483
0.00948532974685501
0.0029649430845623617
-0.005513043911579387
-0.010530727191792601
-0.012029123754323717
-0.012008845273476199
-0.009080920932504863
-0.007358405537964352
-0.007031415449763711
-0.004863753511152595
-0.001721530232313096
0.0004434296699702995
0.0018360204577081523
0.0027998867917094074
0.0028994709414791376
0.00412244733558282
0.006530895710993339
0.008785713595503866
0.011322446262529786
0.012416273887684553
0.011764986186451123
0.010494935342167114
0.00808551503845994
0.0051902148253369675
0.0018816856779031545
-0.0026374062928995567
-0.00824818686621515
-0.012173979529866003
-0.014281676885709768
-0.015831940550451732
-0.016093637027975647
-0.016899620230803086
-0.018369348434455753
-0.018964677258684802
-0.01907632905044443
-0.01813842287730562
-0.01588923706435261
-0.012845105606500033
-0.008769017460053393
-0.003579204120665964
0.002735012149894148
0.010382049060451605
0.019423307069829004
0.025626161108804262
0.028648960910849827
0.030571304310155527
0.030226969550013277
0.03016574764823182
0.030553058527318662
0.029095611710654886
0.026313870230586033
0.023137351530486152
0.019322370871201065
0.014736797266682571
0.009512938675157723
0.0024758224995752583
-0.006468336716029082
-0.016683592497246734
-0.028481745138066967
-0.036571756912412205
-0.04041262486127019
-0.042761119714304505
-0.04212140918544214
-0.04145509064193971
-0.040962920279832706
-0.03784115263088935
-0.0326783087995314
-0.027942157035140965
-0.023444485467215104
-0.018346711888865143
-0.013175038387116686
-0.005706909526297602
0.004230412734649473
0.015151068221760277
0.027600378073957783
0.03674870485176976
0.04200075378100467
0.04605930567906274
0.04753227997995177
0.04891020678911497
0.050386873366084196
0.04947927768381905
0.04667750814511845
0.041261302263197
0.03274788349101356
0.021720263996248244
0.007783451609986804
-0.009373410999501595
-0.029866133488488655
-0.05400812220674656
-0.0820031249496895
-0.09516576609543755
-0.09178224777970993
-0.08088408630351342
-0.0571871988751776
-0.031693345933884245
-0.0049779002079455015
0.033178156704630986
0.08065301376383334
0.10548728293603672
0.10602357155625772
0.09610784726497068
0.06715029398463165
0.04050206736076135
0.01727263180954887
-0.020676845087004608
-0.0689817624358043
-0.09451372361561494
-0.09641467537019041
-0.08753205142943038
-0.05919779406811113
-0.03545878448873076
-0.017413784185341494
0.014416062458248526
0.055057002777482156
0.07703457309693622
0.08010195287557938
0.07395954454816833
0.051523206274265425
0.03390065713059463
0.02193611929254712
-0.0009972464742202072
-0.030529564079591055
-0.04780876930884656
-0.05303101548932668
-0.05220221904169126
-0.0405589932917238
-0.0334864049776148
-0.031546442047673914
-0.022997082420015882
-0.011050239820521838
