0.033856126025378866
0.19699006154165027
0.23691672642671233
0.13582788942706242
0.00155895177140777
-0.21400948335461414
-0.2792020888578263
-0.16816221932498454
-0.03222533996173694
0.19060424066818069
0.27059380293521834
0.17815898349440593
0.07494458549092275
-0.1009262978380197
-0.1673971906083564
-0.097000648120041
-0.02821120686443547
0.08864669417635998
0.11986645806107195
0.04240587170323362
-0.03891296014418782
-0.1616933762845189
-0.18988033504010102
-0.10254857717717142
0.004248147919299457
0.16902296537107164
0.220456935190392
0.13687812186131842
0.03269547562041708
-0.13899863044926122
-0.20114989632665606
-0.13116509033223825
-0.05326717924176756
0.08019070907074356
0.14307528901568703
0.11574355796065589
0.09825501002336504
0.05648754264208522
0.02419017076682762
0.012562436530681084
-0.022695831546263926
-0.0718521231773964
-0.1002517172112486
-0.11069822830489796
-0.11242000699669047
-0.09778943016584318
-0.0728825428259382
-0.03669416792852077
0.020492619028241607
0.09889639136622073
0.14078436490975973
0.14311280130297316
0.13466740114997575
0.10047759079661737
0.06401137606102124
0.02708729592089484
-0.03485932498087056
-0.11742013930910769
-0.1498211744580979
-0.129075856414866
-0.08634704485343556
-0.00306749075960184
0.0519354363370607
0.07355561095240945
0.11131500759594075
0.14893061826000084
0.11857437783066972
0.01764559745536887
-0.13471879414785928
-0.35782302480827005
-0.39396915505309077
-0.22238900860099653
0.01666043522845091
0.3920440412758051
0.5109050988666103
0.33366241954051057
0.10664161365336045
-0.2744981261933972
-0.4157094839825214
-0.2686099968473671
-0.10915237161629451
0.16767664338661134
0.28047204146282667
0.18491680064001845
0.10256602896520849
-0.04322047501461667
-0.10762703107248997
-0.05929819659444867
-0.030475713885448022
0.020241058077472764
0.030932489536682328
-0.016845338639566925
-0.05965659045086463
-0.11696949739145077
-0.11886028227745242
-0.0522746959093277
0.033368400123789985
0.15916205965290106
0.19790632688221477
0.13526525635674455
0.05024209669306641
-0.09194674594310918
-0.1410450365543293
-0.0799053512457414
-0.010002362564626513
0.1085809336754716
0.12380736169687959
0.015094739100967706
-0.1120267354531745
-0.2992794166835447
-0.3379419439042751
-0.2016466675956257
-0.02454882574235796
0.25125737457436204
0.37338983716286167
0.3124468656067213
0.2385041983650193
0.08411029989960866
-0.014602601773388875
-0.035698242602251594
-0.10132408571469012
-0.1764276123364129
-0.19732580268194816
-0.17075411320754802
-0.0995641280821298
0.03159968188632252
0.09772656781256558
0.09359637984128215
0.09348778122414483
0.06768056964549934
0.03892280553814738
0.013218095013881057
-0.04449771218719874
-0.12939071202472857
-0.142736231387309
-0.08118304132956361
0.010834869532078965
0.1585930358071963
0.20054639369856833
0.12216230210171511
0.022152336385684573
-0.14180016646300656
-0.193354362412725
-0.11145047998324914
-0.015613573539073153
0.14142310163504995
0.18583112935006962
0.09408970831126338
-0.011509236575504646
-0.17841822661032028
-0.22702564823591675
-0.13265783056088962
-0.020592980889516693
0.15858656186472703
0.22627930734951782
0.15825101898577779
0.08134444692369909
-0.05307243131989997
-0.11204533216287839
-0.07513104159339389
-0.046639222291226905
0.009440717945289594
0.027959155187551623
-0.0055948592636724005
-0.03053852904812564
-0.06553507399667798
-0.07658992363506514
-0.05447990947306402
-0.030564316935677675
0.005874244077104348
0.04182369969278639
0.07367778262711035
0.11705819453940948
0.1683561779282269
0.1508746307821068
0.058880489686187074
-0.0743729352873311
-0.270430184597301
-0.3102496435952968
-0.17450093410907497
0.013469376143515469
0.3124914871241436
0.39777521697104073
0.23570367889233224
0.031452777895882945
-0.3015051643828245
-0.4096719438698217
-0.24995728536854314
-0.06371477556328813
0.24404769976394944
0.3518083468944352
0.21487523631756106
0.06599753600361206
-0.1822497336050466
-0.27445676326473223
-0.17091008336363156
-0.06633781350976366
0.10954732081562164
0.17947060962254663
0.1124317929852136
0.05150714536446272
-0.05279082266176776
-0.09500918229623251
-0.05377728796684338
-0.02051106240830571
0.03489624666668035
0.06127970161085991
0.04586305538625684
0.03804506245766691
0.022644797218147664
-0.00245075465756026
-0.032836998837459594
-0.0802863435330976
-0.1447899768806159
-0.1443630663634591
-0.07366408610280809
0.028167352969874042
0.18316545435824083
0.23028511634843854
0.15477439496672568
0.05253087113305226
-0.1191855869235863
-0.1785591656430731
-0.10500814091947448
-0.021535459352322234
0.12001253135787715
0.1598003229574585
0.07525489976247174
-0.01743855525323949
-0.16185148300688112
-0.1995081373093431
-0.10736766603614743
0.002915329543800881
0.17547450116939042
0.21835035052521776
0.10666955587509917
-0.03089840331798378
-0.24715514411432352
-0.31562058520098285
-0.20811939084624795
-0.07729217653030587
0.13837096147455993
0.25507832198919567
0.247437516250652
0.2553166095956981
0.2298629304153184
0.16491551577416808
0.0700757896762854
-0.09258243687760524
-0.32546378243182883
-0.4026207410412059
-0.31237319240830796
-0.16660172338729
0.0931600487948834
0.2027964990888431
0.13759556063697603
0.07413927089207117
-0.05494778248952542
-0.08554641970228338
0.009246049537709739
0.09607762028665973
0.2195404587628526
0.23382357999562267
0.11315171796437007
-0.037177499459882024
-0.25990918235918314
-0.32508680914832305
-0.20504444796856391
-0.046031805026776174
0.21526687965585584
0.3120703713544026
0.21324470678543261
0.10030841842988181
-0.0977936638736162
-0.19417476423089927
-0.16059693584149742
-0.14575613205233792
-0.09965561931782767
-0.04762276962339067
-0.004195056911532264
0.08386805969539705
0.2089450710528592
0.22809853409227485
0.13654666893622608
-0.002832318151236888
-0.22677168300113418
-0.292140735427131
-0.17743168072695203
-0.030230422107190652
0.21310407688896646
0.2863641172163178
0.15800189361159847
0.008300403831280017
-0.23398275089738232
-0.3137197250123522
-0.1961210948257584
-0.062243060786501186
0.15746581990060057
0.25904038897994686
0.211925115595648
0.17183193503567903
0.083300805779531
0.025983904204845212
0.018757558084201622
-0.022687198602165892
-0.07645259923220231
-0.1151821627026611
-0.14637122920794454
-0.1661497055153045
-0.16970684367876132
-0.1252340247620347
-0.02597172620917947
0.11784035182916772
0.3181545019561511
0.34922452954924116
0.19206712194236297
-0.03435093669434913
-0.391436178596568
-0.4905851515319898
-0.29429553664576213
-0.04105710897299818
0.3722408888078341
0.5103358625542771
0.322005629943095
0.10177626265139351
-0.26670046430928496
-0.4029962561325645
-0.25398261133053
-0.09834459197014919
0.16698094626997584
0.2697098458884056
0.1648029462261511
0.06783208817822164
-0.09639981529854544
-0.16499557108428045
-0.10562845743319137
-0.0583211979218039
0.023222397926575655
0.07031987515760008
0.0644835820083497
0.07698093663030878
0.0874515127908727
0.0759389297017178
0.04793368123915384
-0.003898798955115445
-0.08372110392781512
-0.11997107203374106
-0.10946327719568337
-0.09039573872816101
-0.044984926654545294
-0.00853680571503702
0.014880054367136665
0.05727553090455251
0.11053041717554024
0.11838813895974183
0.07922662457454865
0.013817268856436662
-0.0927937171034818
-0.12502752676973908
-0.07375944955122148
-0.007447321911139946
0.10382570415752343
0.1283260323821533
0.05075788958396345
-0.04110349965667462
-0.1825530962263289
-0.21745973401760677
-0.1259444708677616
-0.01175870873318902
0.16796386281654502
0.2394963174872663
0.1811924927105657
0.11227378153284355
-0.014133152062858721
-0.07460501448370102
-0.050697127184619196
-0.040845654154526685
-0.012170052854780754
-0.013008826262206593
-0.056370733537632486
-0.09254800542882101
-0.1359012945178169
-0.13113318969251297
-0.0673858716506416
0.01766969610302475
0.1412119094009404
0.1951248318087673
0.16800122115483584
0.12670018172834133
0.04203592687862255
-0.01108554813145723
-0.023354688588514857
-0.05580288576804566
-0.08971642681573154
-0.10459583198682285
-0.10436344595300048
-0.08409389786286266
-0.038901491390397544
-0.012098400381542179
-0.004154039596833691
0.010704731156077778
0.022928537053325895
0.0411071721993132
0.06789231425564748
0.09191237096611819
0.11548137412270745
0.09778909855004633
0.03288422423503352
-0.05862127546659053
-0.1893504444416571
-0.20790865295991257
-0.10039921489110935
0.04980568204683781
0.28397132995456914
0.3521495443475181
0.2293814650897411
0.07043246967474032
-0.19127317897770724
-0.3173758880421514
-0.2790112722112082
-0.24642890197783887
-0.15683701277751172
-0.07522531441023893
-0.01893840404493502
0.09548147240726694
0.25137606228242076
0.3009982689779834
0.24227120974335303
0.13373602138377924
-0.06201021219264149
-0.14772537535042946
-0.10810012545474706
-0.07013897629596835
0.015469046309724089
0.04051631337086171
-0.012961909429080341
-0.053138914334027294
-0.10891812910822012
-0.10991853315144659
-0.040427649636520915
0.04324020541665662
0.162678745830324
0.19038490351352402
0.11046355640345618
0.002159031947162773
-0.1702387628779592
-0.22298619009354514
-0.13602137360226155
-0.02778488662122118
0.15091463966182622
0.2073446552122005
0.1173947537477673
0.014352812670842749
-0.15365665821424682
-0.21517643203858952
-0.14583491437482965
-0.07070805108226536
0.05697767148596944
0.12985394214377052
0.12955350321501388
0.146581869939206
0.1517889527208347
0.11816149628471943
0.050856938877069297
-0.0614587488858563
-0.2259352234708439
-0.26685570275407394
-0.17315570319397783
-0.03574470188537936
0.19133133687834025
0.27301210366904194
0.18629904869433186
0.08275726586742212
-0.09900512537259419
-0.18023587716403253
-0.1360578110232089
-0.10303264588317251
-0.0336705484712366
0.016697188755417564
0.032266889826892305
0.07852043788500117
0.13983570506029352
0.13398294537531125
0.06124442893117625
-0.05151620508942088
-0.2251762778454117
-0.2657565862376005
-0.1576430273332856
-0.011480329404151654
0.22374439739445298
0.2981104260910782
0.1846437318622883
0.045702253765505074
-0.18520144776996303
-0.2735857868310033
-0.1888963847945458
-0.09878009784384419
0.05970196646710053
0.14699003742731687
0.13895623658860745
0.15476144333631767
0.156625960702392
0.11984481786498548
0.05267088574038209
-0.06420085995897469
-0.23672406024521417
-0.2711393155821204
-0.15593821252228113
0.010359518659553486
0.2782979858506088
0.36330489427107837
0.2377871744728523
0.08069966691053103
-0.18283927301519137
-0.31434943151749867
-0.2830214748798002
-0.26572720616522943
-0.1995954388064801
-0.13253612411349577
-0.08186014491444601
0.027431359290906884
0.182627224705534
0.28102010699721647
0.3250471266188312
0.3555166497527617
0.3486008059483966
0.27123179545088555
0.11798454268710253
-0.11666707542594885
-0.4467653581475965
-0.5659211105585364
-0.4524069565143168
-0.267229435773263
0.07079900702859324
0.23328055663274389
0.1885158975038458
0.16401797207814608
0.07666759053117948
0.03467638834463936
0.0641899096861898
0.045882514034367015
0.008938852334936475
-0.013180503298573603
-0.032682676380328596
-0.04380066931367842
-0.042166936302765516
-0.03828853928674273
-0.02969855862445876
-0.00797771432850414
0.026398771083781834
