step, usd->oil, oil->usd
Band: 0
Linear p-values:
1, 2.50147208403321e-05, 0.015876741590227325
2, 0.08972623622112834, 0.23222740410887194
3, 0.5796268482976952, 0.8802786095658826
4, 0.6663266861291912, 0.9108805217321891
5, 0.8406457807084569, 0.9887886204199697
6, 0.7374012770178997, 0.9602436012959085
Nonlinear p-values:
1, 0.79411, 0.92781
2, 0.81242, 0.91192
3, 0.83035, 0.90295
4, 0.84034, 0.89131
5, 0.86448, 0.87396
6, 0.89981, 0.85743
Band: 1
Linear p-values:
1, 0.24781685196015088, 0.024348617366753367
2, 0.6529513968341973, 0.4759763460644376
3, 0.9640802222665942, 0.828547493083147
4, 0.9718525872725984, 0.8843607699643004
5, 0.9886959746818412, 0.8211299066048494
6, 0.9918906994470862, 0.75306938737672
Nonlinear p-values:
1, 0.34962, 0.08162
2, 0.44446, 0.13215
3, 0.563, 0.19819
4, 0.65324, 0.2745
5, 0.69929, 0.37151
6, 0.72829, 0.47829
Band: 2
Linear p-values:
1, 0.010615706723203885, 0.0515724364707613
2, 0.9982611621861591, 0.3663071944842192
3, 0.9887129844997566, 0.6383722861977772
4, 0.8911971620969463, 0.6770435819248768
5, 0.7935140075647913, 0.4469805741831365
6, 0.7951663115542396, 0.10052281729442217
Nonlinear p-values:
1, 0.98928, 0.03919
2, 0.99579, 0.07445
3, 0.97924, 0.10309
4, 0.94321, 0.20902
5, 0.91927, 0.125
6, 0.84674, 0.0447
Band: 3
Linear p-values:
1, 0.9551462968140715, 0.03252426222989702
2, 0.10339154118735779, 0.19024925546648405
3, 0.2679538173885645, 0.20559365842426813
4, 0.03593682773582393, 0.0172842584455109
5, 0.20399259518169846, 0.16089979251181896
6, 0.019065610716970036, 0.08183643814193363
Nonlinear p-values:
1, 0.72363, 0.37243
2, 0.75696, 0.40494
3, 0.55123, 0.48633
4, 0.21591, 0.40657
5, 0.03898, 0.13028
6, 0.05426, 0.09899
Band: 4
Linear p-values:
1, 0.4977544779412818, 0.44212603391213146
2, 0.8200447007431418, 0.7580749115952453
3, 0.8739786814567394, 0.8239178267858718
4, 0.9281301804459975, 0.760651291416893
5, 0.9229511239218858, 0.5439226985449083
6, 0.8745942197163158, 0.39237502977892474
Nonlinear p-values:
1, 0.77429, 0.9803
2, 0.30886, 0.08674
3, 0.3142, 0.02544
4, 0.61242, 0.05717
5, 0.68277, 0.05938
6, 0.699, 0.09079
Band: 5
Linear p-values:
1, 0.4089226987053074, 0.860766995915597
2, 0.282829374012496, 0.6650165639527509
3, 0.5282404653727533, 0.35394425850150923
4, 0.1277155451527244, 0.10212087793646896
5, 0.25486262706123464, 0.031767441210830416
6, 0.8848219165814645, 0.14518448967082956
Nonlinear p-values:
1, 0.30322, 0.60512
2, 0.30896, 0.67128
3, 0.12229, 0.21471
4, 0.20362, 0.30839
5, 0.05686, 0.15219
6, 0.09236, 0.20644
Band: 6
Linear p-values:
1, 0.9285273859380286, 0.9008386725326272
2, 0.9905635566669226, 0.8242467491286823
3, 0.9736035107410295, 0.7139326901678869
4, 0.9943454469371233, 0.7548430138933333
5, 0.9886829618980209, 0.8496919130438181
6, 0.9827148048574166, 0.8750414402303357
Nonlinear p-values:
1, 0.29853, 0.27174
2, 0.87236, 0.71432
3, 0.70569, 0.27024
4, 0.81824, 0.3745
5, 0.76337, 0.28532
6, 0.79835, 0.54753
