-0.008470660008383256
-0.008148367539945809
-0.007461294761375561
-0.006372547330180931
-0.005230811329926998
-0.00392546783336378
-0.0028712709914969353
-0.002144013841472189
-0.0014657810652296227
-0.0009625414026881208
-0.0004718155358972068
2.58108387463425e-05
0.0003356300906186367
0.0004884924202616251
0.0009203428883242681
0.0016398805816223736
0.002454807988590955
0.003474097357801253
0.004390654147446494
0.005181434559001078
0.0060888449217997844
0.0070434942536895
0.007716260271015632
0.008100681993544257
0.008301204802456991
0.00822930622457067
0.008130641579213968
0.008009033562262546
0.007662191762490122
0.007136366448864334
0.0065752238633170704
0.005963315595706888
0.005258535779897705
0.004490199381448558
0.0035126105706673157
0.0023149607136076617
0.0009899728847112947
-0.000498526804305957
-0.0016135236648428313
-0.002294839683462976
-0.002823720723725152
-0.0030456992816860705
-0.0032520670613943887
-0.0034608967266151216
-0.003388166489788221
-0.0030896193872430875
-0.002987915882556949
-0.0030794494995465497
-0.0031937226137013076
-0.0034323487156368002
-0.0034680367388228036
-0.003277021027924154
-0.0031035191201709686
-0.0028719063811314337
-0.002709129356930501
-0.002652590916932659
-0.00258658137986593
-0.0025526823201938833
-0.00253290300832324
-0.002518343702057695
-0.0025555652634230157
-0.0026411465757330485
-0.0025910593243622763
-0.002397071920920567
-0.002146173164386536
-0.0017908015530180212
-0.0014492330820585944
-0.0011305583675840405
-0.0007359436318685978
-0.00029141687542975534
3.0172440465441378e-06
0.00013925529793236676
0.0001932820614207087
0.0001109514214228756
3.138081697078193e-05
-4.103264017808539e-05
-0.00022389245609495765
-0.0004902314474232753
-0.0007340700385815405
-0.0009619325250239722
-0.0012082977688450264
-0.001449443035448716
-0.0017814790673492515
-0.0022107483850368885
-0.0026713415498044514
-0.0031859821973742315
-0.0033486490074273274
-0.003112298282187419
-0.0026845444012160453
-0.0019469875639489811
-0.0011182581010773577
-0.00020945334651319576
0.0009962480369303372
0.0024589037361893384
0.0038629654552898136
0.005213531876278252
0.006640919558947584
0.008071027186615547
0.009752658442898585
0.011705979652916209
0.013749463388690649
0.015942365626647723
0.017259542919378198
0.01757923783639558
0.01742644536489235
0.016500693424116572
0.01535096465957793
0.014004181380284642
0.011912127462910501
0.009174026028152354
0.00659858655332617
0.0041729756579239104
0.0015603892785549785
-0.0010495619425918328
-0.0042937758966861694
-0.008224811402167314
-0.012378485316881866
-0.016907072310059768
-0.020047894672591528
-0.021578469685736942
-0.022440938462769504
-0.022117546302763542
-0.02152182599570277
-0.020706774423859268
-0.018745798677457563
-0.015806393305286055
-0.013342989677736127
-0.01134313263383252
-0.00919779292088142
-0.007253193861683495
-0.004387484135443943
-0.0005111034624284579
0.0035446874011810354
0.008044421850351232
0.011270323850618814
0.01296720770741336
0.014139593433166238
0.014275264897916699
0.01418007667673895
0.013915108630616
0.012613058760227348
0.010422160188824787
0.008907495111327232
0.00807402927208868
0.0072488893575887794
0.006811840423945933
0.0055994704314362344
0.003519949223121973
0.001456496734543052
-0.0008614914233219953
-0.002620060300595942
-0.00364603596941563
-0.004521541853051286
-0.004991671805092499
-0.00532687011600759
-0.005565049295823057
-0.005338547112512525
-0.004695339890590031
-0.004568394295696713
-0.004979632613182377
-0.005503148206634514
-0.006371728599316098
-0.006938457890889706
-0.007150955807296815
-0.007521299800239532
-0.007901420593181167
-0.008058955267003794
-0.008026886361595105
-0.007807110288660344
-0.007346589571128088
-0.006896327286636937
-0.006453960122791335
-0.00584812826047136
-0.005127871234495576
-0.004257272719231315
-0.0032123891707571584
-0.0020414188307429247
-0.0007278398610042295
0.0007603682887500595
0.0024234949411934166
0.0042631177942458985
0.00628931356242889
0.007792278576722753
0.008705154998001525
0.009371470537415019
0.009589650266118013
0.009771593112454536
0.009938096552471833
0.009702554162327511
0.009143395615796447
0.008767765501873085
0.008565018556903097
0.008337141083618643
0.00820366112551062
0.007756880276902246
0.006966925174095882
0.006130842324633696
0.005153212312360796
0.00429391969893324
0.0036073112535092372
0.0028992491051203235
0.0022493156134662773
0.0015729780538172398
0.0008549223670952004
0.00020829203444433655
-0.00038407156588172303
-0.0012230325119233101
-0.0023182863811977124
-0.003535748047108306
-0.004952398143830992
-0.0063648087464465266
-0.0077587488609268465
-0.00930005539716472
-0.01094411347795362
-0.011914085464048298
-0.012150466638229928
-0.011986109627828536
-0.011201199799934503
-0.010281802327138021
-0.009243287392461786
-0.007643462591588853
-0.005571922751679502
-0.003525116060768234
-0.001481809503165364
0.000747099843848744
0.003049694542347698
0.005849930924098721
0.009181681852008615
0.012749706327236338
0.0166568049205629
0.019261449801282866
0.020371980169185268
0.02083773240091621
0.02018071327384941
0.019282886532438627
0.01819204112502218
0.016034402550287687
0.012972898259769959
0.010305446725655585
0.008015466349364536
0.005568317785322437
0.0032713791721398983
0.00010989081103415907
-0.003996145100606342
-0.008300138008205463
-0.01304160520886041
-0.016496553198648768
-0.01841821885559739
-0.01979560748361675
-0.020116813464678956
-0.020209928398491398
-0.0201345300418362
-0.01901267235593858
-0.01699689316219146
-0.015621430028520128
-0.014887471671244353
-0.014139694417256722
-0.01374905440616999
-0.012566264716362829
-0.010500678157109911
-0.00842062741379819
-0.006058210625513835
-0.00424275284637378
-0.0031464264506296576
-0.0021811361059934733
-0.0016050412919030527
-0.0011344679527521976
-0.000730274704163849
-0.0007689910163644727
-0.0011992880049622018
-0.001082640604802544
-0.00039707514044983393
0.0004317107759603667
0.001638270150149781
0.002571056288136465
0.0031782802187278326
0.003976235677024733
0.004816405798797107
0.005657578535304683
0.006553367455688388
0.007416516926010396
0.008250221707809759
0.009198134873105678
0.010254835404412932
0.0113545895231172
0.01252801483655025
0.013602556485786236
0.014559212205256659
0.015503300529644394
0.01638779058202561
0.017294115027035033
0.018232525129058395
0.019122573637024378
0.019982524240088815
0.02014083874353436
0.019516698272024815
0.01843542448511341
0.016696725115115357
0.01466509663156956
0.0123514355560175
0.009387588904255622
0.00583499040153023
0.0022120203821055047
-0.0014957781659759059
-0.005510307467355161
-0.009714299869291022
-0.014528501093620805
-0.01999229835612365
-0.025809190244429476
-0.032083845167970845
-0.03627442832987793
-0.038097574104205625
-0.03882640673332648
-0.03772158967068668
-0.036184072451610524
-0.034280765129811576
-0.030639715785712233
-0.025517155012517823
-0.020868013377426834
-0.016657573886946952
-0.012084114929501724
-0.007605918789302511
-0.0016721137554381628
0.0058422288578908865
0.013808775202295773
0.02259693877157221
0.028585737063965052
0.03130212909883083
0.03272467342753616
0.03178769008831021
0.030329884924258168
0.028466417812191683
0.02431225404091129
0.01820621217606188
0.013202081345686264
0.009283533317541793
0.00516637803229395
0.0015820118943466013
-0.0038023559046197475
-0.011170972263594736
-0.018782948999624703
-0.027185428738364544
-0.03252608582499765
-0.03424019450139989
-0.03454215938307047
-0.03228151497727202
-0.029286233640690152
-0.025684007292391616
-0.019514131871645638
-0.011107871209771029
-0.003919787746980279
0.0020501698636299047
0.008290409560046242
0.013969108389060467
0.021677127120394945
0.03162458206308545
0.041861093791016046
0.05299482561596664
0.060336830321484375
0.06321344793737918
0.06427511417004253
0.06212205371584094
0.05901565247643215
0.055103423060913315
0.04797869991822369
0.03804835406117347
0.02945882392642152
0.022200109818215713
0.014487712223392176
0.007315015128668248
-0.0024502439187775336
-0.015065345946556705
-0.028186088645705792
-0.04255155696487445
-0.05271098583410085
-0.057878578707315824
-0.06116363441221407
-0.060941807057911065
-0.05983230622690196
-0.05801505668741198
-0.05270357560832633
-0.04437424808867758
-0.03788677976594861
-0.033239097563675206
-0.02834530480488226
-0.024375720067669693
-0.017678543253231052
-0.007959679943724677
0.0020329407539849053
0.013155557101566823
0.021462330144766218
0.026277537015197073
0.0300908375703413
0.03170475936818955
0.03278176422134121
0.03347786621326891
0.03187403215946915
0.02827334120095964
0.026606810702961087
0.026920358187763352
0.027481888552553138
0.029256820515567626
0.02940439414944726
0.027698667672563636
0.026333516890785547
0.02465280601554833
0.022193169636380947
0.019138202334151932
0.015222202056627547
0.010362264337613732
0.005317660129383335
5.311255400497933e-05
-0.005883783720717532
-0.012350374362451167
-0.01988118032026622
-0.028578489110022757
-0.03809992989706466
-0.04861209674724127
-0.05996020967372302
-0.07213194064025454
-0.0853606181583096
-0.09962743910799765
-0.10840077200751658
-0.11106251877593025
-0.1106745917846524
-0.1053651111155667
-0.09895594249563369
-0.09160403614653095
-0.07970324627101638
-0.06395872731346217
-0.04897543790478041
-0.034624392906499976
-0.019080217703952632
-0.0034066715630470482
0.01616411093046222
0.039931645450552215
0.06520238314866185
0.09287873703461964
0.1127615439613989
0.12357326793571466
0.13078767557380327
0.13141781342343084
0.13075365607386982
0.12911406392325617
0.12115076389647586
0.10784279009955136
0.09759375284568896
0.0903402414748931
0.08257930251002986
0.07631843346592726
0.06509173185248143
0.04839227466533675
0.031027386296583217
0.011479913976516685
-0.0033441699020729646
-0.012273037767985297
-0.019684079420495645
-0.023490572158959562
-0.026607130886203458
-0.029318618750563234
-0.02827921538814677
-0.024029243638018165
-0.023428178360648935
-0.026564052805296477
-0.030430249656931602
-0.036718054196270986
-0.04048543016127933
-0.041348267684024324
-0.04313909406992809
-0.04472372108248959
-0.04579632825862329
-0.04673682924347396
-0.046861354554754465
-0.04617816235880468
-0.04573821738181382
-0.04547989655304573
-0.044896367173422914
-0.044195737453201024
-0.04210361360233722
-0.038462390780839927
-0.034022319114997354
-0.028422541222816084
-0.02223238584810771
-0.015508017941943158
-0.007647791869018186
0.0012349566447922584
0.007846552457200574
0.011949653249705434
0.015028486732896766
0.01617059772142141
0.01743221240152637
0.018910335459626313
0.018767597991087917
0.01740548439413942
0.016947123193572385
0.01732867860994724
0.017775700304899715
0.018786571048407676
0.018600837963545978
0.017101187039013786
0.015558018523841418
0.013563892695073786
0.012233800066138993
0.011801381875805123
0.011437398163588058
0.011484022417979118
0.0115847566017099
0.011676009139767693
0.012241763977243681
0.013211228308479327
0.0133173140330004
0.012522168646063403
0.011393387121236956
0.009608831308177935
0.00802981719367577
0.006718878108377704
0.0049787702844311405
0.0030003737426091627
0.0014419408741753854
0.000287227248737165
-0.0006400153392042635
-0.0011736178387844853
-0.0018618474750500057
-0.0027165928818800407
-0.0033199186445662153
-0.0037818607785797083
-0.00431530722173913
-0.004888145609317617
-0.005469870443444589
-0.0061038538638667475
-0.006546768750797128
-0.006788264497497294
-0.006981239172854041
-0.007069212086286817
-0.007194917761461251
-0.0073832830525165
-0.007522730976795274
-0.0076534658787916965
-0.0077264747726023195
-0.0077294655664841465
-0.007720177694195197
-0.007685633497715256
-0.007476630527052976
-0.007086053634007459
-0.006574653781051551
-0.005902142762240045
-0.0051649026138479714
-0.004366604040415279
-0.003423463858928663
-0.002354156257792086
