-0.01881359800750588
-0.01977370310978327
-0.020489333307072283
-0.02093118873651758
-0.021389367557867512
-0.02177326439865814
-0.021726678033862447
-0.02124136194869353
-0.020415757961011558
-0.019151129410141784
-0.01771509450690424
-0.01610614358451953
-0.01409889860089903
-0.011739888067011584
-0.009171768954950138
-0.006372420854085336
-0.0032962888970023106
3.1742762114769915e-05
0.0037702053003587964
0.007935030720458331
0.012434279410002217
0.017310935081017217
0.021151692709333886
0.023810515903318646
0.025987061432220387
0.02727526908268201
0.02847474168712076
0.02962589478670585
0.02996297311034924
0.029636004690644865
0.029705225848785197
0.030152218694030022
0.030552518103137884
0.0311564761351442
0.031121569653201012
0.03038385090553435
0.029559514818326665
0.028450505853941276
0.027040433901883786
0.025384700451097288
0.02333972149652944
0.020908603160400756
0.01823246214867281
0.015289834692384496
0.012008496912292901
0.008408532544574914
0.0042597877721009415
-0.00047123620052071894
-0.00566821806025903
-0.011401978628740466
-0.017576468619472766
-0.02419107841937399
-0.03136137495106211
-0.039075199333020526
-0.04437227467078865
-0.046973376342798245
-0.04826439133193782
-0.04739710608589063
-0.04610939744278166
-0.04447260672179431
-0.040849772837921364
-0.03556195497614202
-0.0307052459570403
-0.02622223908499505
-0.02128276695726412
-0.01637185457414609
-0.009776383934203886
-0.0013609488825070978
0.00764802587855196
0.017660150967959393
0.02484783988286273
0.028712655717282865
0.031363739952145545
0.031678217593264286
0.03159646245872376
0.03124697008929856
0.02864556442241868
0.024154375852789133
0.021012814879467465
0.019209736009412337
0.01738934041959268
0.01633179244889579
0.013574680472794497
0.008928364778949923
0.0042408350942292625
-0.001061248612541319
-0.005035601775164936
-0.007299224117792472
-0.009189603259498101
-0.01010707668386999
-0.010756255298745345
-0.011225520570927109
-0.010618056827429558
-0.009062185083477513
-0.008674789281762145
-0.009499246750915733
-0.010583026499785951
-0.012453009745501398
-0.013624987571091011
-0.013981272033463712
-0.014690669753477504
-0.015413932960713134
-0.015668147605936607
-0.015532834223387974
-0.014989030192326995
-0.013928960325999468
-0.012898962907306518
-0.011892140077070575
-0.010542450869135741
-0.008956702916170851
-0.007023132147550749
-0.004688072462166432
-0.0020728560241768607
0.0008670987878221033
0.004180326675825684
0.007865656164883014
0.011944224058586923
0.016433214038625674
0.019573686738474202
0.02120027229788406
0.022157442115280396
0.021944796834128737
0.021585564369169495
0.02112913885663507
0.019614402339600063
0.017234834544335192
0.015240612160000822
0.0136032178603951
0.01183319740655277
0.01022377516528111
0.007765242420104253
0.004382184926931789
0.0008068089209667964
-0.0031985024248134273
-0.006126123437369078
-0.007754305500398158
-0.008969919575184941
-0.009325468498142924
-0.009527677651578947
-0.00963284459266042
-0.008883518891772834
-0.00741166135297932
-0.006583681034206305
-0.006405432560821777
-0.006292879841316825
-0.006578915918225843
-0.006250866517101987
-0.005230665133472374
-0.00429027514351934
-0.0031956515359673576
-0.002289784629930755
-0.0016876217528579817
-0.0010558029952622678
-0.000511096822950986
-3.0534723569680574e-05
0.000409948932360216
0.0006918117764922242
0.0008176542034777118
0.0013346152828712472
0.0022683239201132617
0.0033538646204176667
0.004732307194599822
0.0060554643602978185
0.007294761212096633
0.00874137432669276
0.01031771844564295
0.011360060807013744
0.011836262116332645
0.012003636492647296
0.011680437322024027
0.011317543245960817
0.010928466567774627
0.010125371665720254
0.008994261807536806
0.007897104030524137
0.006811949002239204
0.00561574027012934
0.004388866157119888
0.002805166757090699
0.0008413620788359935
-0.0012798253829350366
-0.0036366145920090206
-0.00565062732431862
-0.00724548588836448
-0.008753784899283593
-0.010007424913012536
-0.011293039912124218
-0.01263411861687019
-0.013737456365257368
-0.014659005284257823
-0.015899884336807467
-0.01746235332874704
-0.019139204163195554
-0.021053653100996588
-0.022833089302012798
-0.02445136697040034
-0.026194458253487103
-0.027977949771176805
-0.028769749631841254
-0.028494559157028313
-0.027573802265396796
-0.02571428363162736
-0.023573560715850032
-0.021166942805150312
-0.01789790197874624
-0.013884880792808965
-0.009761520509338883
-0.005493832160233746
-0.0008397985170582145
0.0040615427142101914
0.009766158580219106
0.016321484115716677
0.02334946836158383
0.030987935641474416
0.03651636040740675
0.03962937039263246
0.041711466553986776
0.041973585751133996
0.04190460836477656
0.04158238966841442
0.039548708924173864
0.03607955724390023
0.03328778464524265
0.031142483860210887
0.028780584101126994
0.02670146827478064
0.023242852548400143
0.018274733821068645
0.013016478828981005
0.00707576342393113
0.0025942731775554454
-9.496112789858795e-05
-0.0022933607401549212
-0.003361744350207688
-0.00426711250183647
-0.0050944894392401605
-0.004783634881834924
-0.00351597777427533
-0.0033125910709794243
-0.0041912458247855364
-0.00528117106980447
-0.007078605030431301
-0.00810641461543881
-0.008251938543330443
-0.008652433422905292
-0.008968847719410828
-0.00961826505761426
-0.010764330009627971
-0.011964153030492492
-0.013366972488929218
-0.014993742034024822
-0.016814926893462853
-0.018959281734769982
-0.021435962223962497
-0.02350608804379259
-0.025133614319579344
-0.026686892078617276
-0.027976269928602793
-0.029466344853214785
-0.031198525187679522
-0.032784410837795
-0.03432934460047954
-0.03477732706664017
-0.033972610234633695
-0.032482080447984306
-0.02998364925809272
-0.026989578304556158
-0.023520878440098602
-0.019021381474835616
-0.013574817270172517
-0.00809652386338048
-0.002573302638904019
0.003401374376150422
0.009616059906415576
0.01678353761004891
0.02497131396158409
0.033664697575147104
0.04303958870959617
0.049626247344539465
0.05302646289353021
0.05500289803031792
0.054543886048191194
0.05353865543137358
0.05208120454867953
0.048308137513090585
0.042565099211657256
0.037569238177273936
0.03327856989067798
0.028573117427362852
0.0240923543326642
0.017695282846794187
0.009209891231576848
0.0002008803254581297
-0.009840434961071148
-0.017145855489644413
-0.021186280381710852
-0.024115397337055127
-0.024818657468478278
-0.025126372149119953
-0.025171551838820593
-0.023031481214530407
-0.01904667649612867
-0.016551768699703474
-0.015550548139390722
-0.01462753953814343
-0.01459102055182709
-0.012943346712476189
-0.009491219443508461
-0.0061255616229726525
-0.002266767729274494
0.00027113376835163395
0.0011100330514604234
0.0015292699569503993
0.000962280165030871
2.69146067906801e-05
-0.0011945977730627336
-0.0035280346469318156
-0.0068641060189551925
-0.009161304957458248
-0.010375206951650982
-0.011435985418066506
-0.011835897025854572
-0.012998190960753915
-0.015038870723728113
-0.016836107456798505
-0.01871679051602194
-0.019858297729318967
-0.020052790206621048
-0.019921630878790574
-0.019194337926680575
-0.018084920799881443
-0.016626021095451703
-0.014457627671918188
-0.011608938474032738
-0.009115331364821577
-0.007000465506904632
-0.004769246478293416
-0.002676217444434016
-6.628366588926917e-06
0.003305818904778446
0.006701926281644064
0.010350893351883378
0.013447383867941528
0.01585106647721487
0.01806514323787319
0.019843070658317787
0.021526192461275347
0.023143843175899
0.02429981291519137
0.02505453591208059
0.026224356121597903
0.027817887909727588
0.029472326950146583
0.03138719897229827
0.03297038213980419
0.03417326880443619
0.035450775537735804
0.03666495365172262
0.03682008268165272
0.03586047020266639
0.034149025383979945
0.031405460102336524
0.028299844500262437
0.024840611942376408
0.020435550095394973
0.015203730645958596
0.009675746437729772
0.0038082556349055934
-0.0025925556372411503
-0.009416922681890412
-0.017164086534018907
-0.025879236541198683
-0.03523919065723737
-0.04537156171443183
-0.05242523446406058
-0.055987939757999254
-0.05796825944753896
-0.05725224167317045
-0.055993174419786025
-0.05429421748681176
-0.05006979440597188
-0.04371733148636645
-0.038144481023779764
-0.033296447450091124
-0.027993767301499904
-0.022918347630179175
-0.01575413266045067
-0.006318003611358753
0.003705882196078659
0.014867441774751864
0.022928673963014495
0.027302611644310946
0.03039484226743467
0.03095374893117849
0.03105343999277736
0.03084190122410263
0.028150744152046433
0.023365875720296952
0.02020228097437495
0.018660508166079136
0.01716736088396417
0.016621900092026246
0.01423312817285924
0.009784900941228972
0.005386010223051067
0.0003880678824853129
-0.0032055494836394313
-0.004976358530898437
-0.006344302005904334
-0.006684268978877936
-0.006675400269478589
-0.0064104574531519045
-0.004980461392295173
-0.0025066582331209385
-0.0012525349098842483
-0.001269310553686698
-0.001526976085845558
-0.0025897414381913088
-0.0028835496683381895
-0.002281364317989896
-0.00202713421330688
-0.0017605079156730128
-0.0015448003965716523
-0.001524385284599091
-0.001409733874992248
-0.0012545841445083105
-0.0013093335088980049
-0.0015557645187368094
-0.0019244371017752872
-0.002470581057147005
-0.0026575453782365635
-0.0024412588615154484
-0.0021223688817013837
-0.0015585698782234543
-0.0010417929630918185
-0.0006033005792526363
2.1627871853030555e-05
0.0007670011327677668
0.0013202338459604754
0.0016843925244479133
0.001961666547824791
0.002073533961806995
0.002262339244439967
0.0025370728535065914
0.0027098574121018227
0.002830904643611992
0.003008716735947729
0.0032307691058236763
0.0034788975008589493
0.0037768592184358246
0.004010659779223787
0.004176439650756821
0.004349675950210783
0.0045050269783226075
0.004526184973222518
0.00440773656031888
0.0041850270972011655
0.0038247898765515604
0.003411730451307854
0.002945268268498965
0.002351834216498884
0.0016457741878271362
0.0008894986029827762
7.69332323621819e-05
-0.0008151741106888139
-0.0017745004123656853
-0.0028623276945050342
-0.0040847427135592635
-0.005403451927767276
-0.006834622379495335
-0.007824740670505703
-0.008315583078730251
-0.008580056124635397
-0.008458396430733239
-0.008262337213942362
-0.00800678355043255
-0.007391315552111198
-0.00647367684122852
-0.005669428477462071
-0.00497062499523671
-0.004209473754337953
-0.003483490977563134
-0.002461203331039434
-0.0011166376565175417
0.00030913616413027865
0.0018946883552697807
0.002976460343714476
0.0034644801576767118
0.0037294835530748897
0.0035756467589476426
0.003332203919143954
0.003021298785709116
0.002301020624036648
0.001232225146289761
0.0003869994616181639
-0.0002360304805096256
-0.0008787423998964984
-0.0014034123003974525
-0.002243055043051854
-0.003431659809102454
-0.004644027427910649
-0.005981297117330315
-0.006663117465424021
-0.006577117346050258
-0.006164039361720856
-0.005190740960646118
-0.0040326362942564664
-0.00271396139973938
-0.0008343159730551081
0.0015390236954559023
0.0037179264904282604
0.005704483862702908
0.007795313433835344
0.009825861811672497
0.012316665709216603
0.015310821803649432
0.018419453536303258
0.021765676353019826
0.023808011546254934
0.024350820240020325
0.024208414382910597
0.022925948629023526
0.02130301818734407
0.019382120097762034
0.016348709943895687
0.012346734705478996
0.008639921179259291
0.0052137277334444575
0.0015351830977436095
-0.00209747135006608
-0.006666192396286646
-0.01225225026048512
-0.018134188291680432
-0.024546047910143923
-0.02894154308621722
-0.03099326234215355
-0.032072075103809695
-0.03142828663212338
-0.030369575569688792
-0.02897275826361977
-0.02590316116323489
-0.021399840942368808
-0.01758435105580521
-0.014440251448690787
-0.011075445162762664
-0.007995322902194556
-0.003567983004956683
0.002337507084520404
0.008510503563248577
0.015335952831182111
