0.024487304251534038
0.024127907289847525
0.022920802994734
0.020779256030356172
0.018527198111912217
0.015903325319693826
0.013649754796876789
0.011921160521063604
0.01017222780485534
0.008631360844993507
0.007051076767165708
0.005390194095391791
0.003977138093164752
0.002763256308451711
0.0008898997628819298
-0.0016687553971572865
-0.004528429416574467
-0.007907587221635568
-0.011221457732141607
-0.014427754296743034
-0.01799975161509592
-0.02180793052425601
-0.02460109141320008
-0.026307497188706543
-0.02742283784767426
-0.02760000749943968
-0.027671481962408515
-0.02766084111050494
-0.026839427102528974
-0.02536342504523862
-0.023954227808419347
-0.0225716915448577
-0.020958809607167592
-0.019275937634946304
-0.016882836327284767
-0.013731063515436853
-0.01025910985847383
-0.006312120197681083
-0.0032496638506726867
-0.0012442358279706701
0.0004636716756681738
0.001479300394788455
0.0024954322349837097
0.003563518582236529
0.003984077333330234
0.0038907836934121394
0.004433947081675433
0.0056142072853901
0.006957721484912192
0.008745162921076551
0.010110606310417106
0.010992002838952042
0.012047684356823556
0.013079840534784328
0.013860093443586732
0.014434080880696348
0.014763852794911518
0.014798318598879041
0.014819678994121295
0.0148192880901705
0.014610194217768003
0.014245096693797787
0.013640065711852802
0.012763636739366056
0.011687259142940632
0.010379204154021831
0.008825836568311441
0.007026267928866598
0.004954848333438184
0.002603143471657026
0.0007789784417022402
-0.0004465481898390267
-0.0014643986776092868
-0.0020478683341955614
-0.002675062494851584
-0.0033723825130807547
-0.0036994930966776844
-0.003749920116779568
-0.0040970925052965105
-0.004730971784997585
-0.005433278093279024
-0.006341102308214616
-0.006996290400197791
-0.007368130678277385
-0.007794544703145675
-0.008170485473184698
-0.008371694021604531
-0.008418922236877228
-0.008292187033217326
-0.007961550940104686
-0.007574903208842302
-0.0071257366016325464
-0.006511866676488308
-0.0057592047723046816
-0.004832788697853433
-0.0037148117059105164
-0.002435594788438813
-0.0009794799529870234
0.0006697935476775408
0.0025151366609121534
0.004565871613862038
0.006829903403707002
0.00840534563836466
0.009206625275424972
0.009666150950414513
0.009526798155328845
0.009314374737721084
0.009053812355478186
0.008250911151957401
0.00700480689389707
0.005964528734898001
0.005115830050936276
0.004203654037714989
0.003380387740491668
0.0021228287841596975
0.00039177569735953055
-0.001432956435860073
-0.003474502207023572
-0.005018299350036746
-0.00595620034352892
-0.006716581376266014
-0.007086916998393574
-0.007395189032416424
-0.007669232444145907
-0.0075533761628682776
-0.007109185565954202
-0.0069972820389085305
-0.007222208023641864
-0.007500645348794472
-0.007994314207788298
-0.008217532517737594
-0.00813321416038949
-0.00811382124364294
-0.008047631380351814
-0.00789680244043827
-0.007696577664761928
-0.007382630188718971
-0.006952676267265992
-0.006512922701950089
-0.006056561383350408
-0.005528901270383342
-0.004950141004400028
-0.004203046932040924
-0.0032714050831766017
-0.002224088953985351
-0.0010269579320106022
0.0002713656381956838
0.0016667591164459027
0.0032142334271626116
0.0049050201050332
0.00632660596173993
0.007446783331247772
0.008455317533200744
0.009237161877780444
0.010045468184250401
0.010892471119458109
0.011549303191432216
0.012065161091843152
0.012715853577887966
0.013494140129888978
0.014297350989802216
0.015190481045431935
0.015947451417736944
0.01655290409515781
0.017170843763013578
0.017748913904145097
0.017821147312036843
0.017355056099168386
0.01652889720859348
0.015209268064646725
0.013699060634746709
0.012001916746700066
0.009843123885062968
0.00727537851555667
0.004571763249934218
0.0017134874045528277
-0.0014048967672646638
-0.004725872095296796
-0.008497862151973876
-0.012744100898797371
-0.01730121365156219
-0.022232730611435932
-0.02566319249089954
-0.02739099254803648
-0.02834655977610127
-0.027987096145938115
-0.02736007889666063
-0.02651568126557176
-0.024438408168812972
-0.021321443862931208
-0.01858453242926032
-0.0162012121011099
-0.013594946620595546
-0.011098759211291274
-0.007582463305193757
-0.0029565898413179085
0.0019568096509200686
0.007426111665967988
0.011352871700236453
0.013447494294649642
0.014898082085800964
0.015085000004996673
0.015037744951060618
0.014829107355094549
0.013384127643086986
0.010894186404666242
0.009194181638796015
0.00828370190089704
0.007385988272584179
0.006944777568531827
0.005579998340212753
0.003184592836949847
0.00080039397375309
-0.0018934424351822283
-0.003764626486476079
-0.004592043161370707
-0.005144462223555722
-0.005071790058685991
-0.0047915246133807135
-0.004352619244979715
-0.0032273990362408143
-0.001490571467788301
-0.0003630480864944309
0.0001327779197169106
0.0005473248974299182
0.0005782869584454745
0.0010872123755768924
0.0021438584242301534
0.003073961388111079
0.004075864209661004
0.004701412362746927
0.004831517276430071
0.004820152075044577
0.004519142535219582
0.004031581461236981
0.0033774664181773447
0.0023671182385502877
0.0010145440098326618
-9.139342656907533e-05
-0.0009344226143558068
-0.001796703536092902
-0.002532040193061444
-0.003540687332385102
-0.004858927189438767
-0.006169571928629201
-0.007566306552848001
-0.008420059503092103
-0.008632134275045278
-0.00856561950384887
-0.008029305408852648
-0.0073133917318778515
-0.006436087719628559
-0.005076284007922001
-0.0032839873506798644
-0.0016433213652900444
-0.00015362211252959612
0.001442797962815203
0.0030065571732370323
0.0049762928241577934
0.007390033103253992
0.009920147949672489
0.012671332110124783
0.014470463407958477
0.015166273431635697
0.015387553648908658
0.014788232133374003
0.013971708058080396
0.012972279653145218
0.011173365126491641
0.008684536400518836
0.0064839645668041
0.004563308070379252
0.002510134872846067
0.0005568828796835268
-0.002050427874444769
-0.0053730066678154016
-0.008852896036368392
-0.012668550991007213
-0.015239998139793216
-0.01635256444937547
-0.01688129426380912
-0.016358476508446275
-0.015570432075131745
-0.014567128071941493
-0.012530526034855938
-0.009604155326265455
-0.007146733087824599
-0.005152619724997112
-0.0030448744924213653
-0.0011489379958076443
0.001568416296801685
0.00519015755485677
0.008944364674033214
0.01307399572811269
0.01593423825070199
0.01728146723018485
0.018068600360766993
0.01780419444050587
0.01726354254482481
0.016502471472969512
0.014686562876033444
0.011956814506554368
0.009802256490178185
0.008224889813007626
0.006582774038995197
0.005235483952938075
0.003070596396909541
-1.4380263612827403e-06
-0.003140462302637981
-0.006606826927190318
-0.00925957181353909
-0.010898000148535127
-0.012251007140228991
-0.012970823259671202
-0.013527348310419605
-0.013965999991827033
-0.013735477352474473
-0.012920857474414368
-0.012676588757060165
-0.013017342057722491
-0.013431608950172837
-0.014203114520384369
-0.014500787909178355
-0.014257979848081177
-0.014117544228078859
-0.013887379017035902
-0.013513177412326117
-0.01305719340815493
-0.01240359130570684
-0.011551870913855428
-0.01067769909878596
-0.009769216740337872
-0.008739115864177797
-0.007620938989800453
-0.006198690164483187
-0.004444211045487132
-0.0024822273022583204
-0.0002504227419662864
0.002157081804970039
0.004732419692021085
0.007578382114452456
0.010677506412881017
0.013068252219460652
0.014670182489980005
0.015925774937602746
0.016563956808723614
0.017166244595247546
0.017758411987541422
0.017806691345645904
0.01742162367465065
0.017255137238875645
0.01728871926207812
0.01727356336903443
0.017361605368860642
0.017016779674065743
0.016199861902421585
0.015296245346822165
0.014179724605735779
0.012986871658725129
0.011766154190980578
0.01035662730082553
0.008801902543717162
0.007105594703769152
0.005249995544566848
0.003269598393854825
0.001160875043733154
-0.0013232816564647369
-0.0042014501472457996
-0.007360620863791551
-0.010869291493775817
-0.01458411004553361
-0.018498516395676203
-0.02274521506768333
-0.027297030996320665
-0.03008211360233359
-0.030908658487964515
-0.030731474572501024
-0.028956557441952115
-0.0268098274504006
-0.024337915778324965
-0.02038879510862346
-0.015187315888305443
-0.01017891740958713
-0.005319350652987081
-3.634188431143968e-05
0.005338121377592771
0.011995508195810337
0.020031807800047322
0.02860023126017702
0.037987579291269315
0.04430074813116443
0.04706927858061717
0.04833885101723733
0.046971972625732515
0.045027266011832254
0.04262053241070598
0.03769197763750719
0.030621232824524777
0.02454573974956881
0.019432025749163126
0.01397891654881683
0.008931643953498927
0.001853404312759561
-0.007448421400232077
-0.01717414323803748
-0.027898189835249353
-0.03570110441425943
-0.040010690800818566
-0.04309714912989962
-0.04379390547352402
-0.043960337856240525
-0.043733503797261784
-0.04112609223252538
-0.036480045500000065
-0.03332441352137857
-0.03166586365108085
-0.029991361744142443
-0.029155430326925053
-0.026524200337953684
-0.021889470487767272
-0.017245400872133738
-0.011978397018280818
-0.007790406188249967
-0.005056913315226129
-0.002523923401848132
-0.0007260838290889768
0.0008713550296563427
0.002353277211323548
0.002966068439901648
0.0028060995844383456
0.003883855562365997
0.006253580495824168
0.008995499162170725
0.012614722382029622
0.015732744645859675
0.018240037423001603
0.021237809723051452
0.024413182687348517
0.026664204362736883
0.0280031141406928
0.028722386649163465
0.028535357839293632
0.028331081205767356
0.028120245392533456
0.02720382014879704
0.025752351589156768
0.024125895208912847
0.02226302924117872
0.020093761102494577
0.01768478096924761
0.014614289746365708
0.010854431827014129
0.006657088247152098
0.00191695232452875
-0.0015467653379652962
-0.0035374399903233275
-0.004995277960584486
-0.005399041730935544
-0.005748699001205923
-0.00610480346833212
-0.005500951733696089
-0.004128955626535488
-0.0033907824361223246
-0.0032716171416522738
-0.0032104999219208334
-0.0035436461221666545
-0.003178559789663062
-0.002036380595968873
-0.0009295461743366428
0.0003945311028856886
0.0008165424315548969
0.0001408822922331403
-0.0009206301961503972
-0.0027088973074453153
-0.004764948728355439
-0.007045134789567015
-0.010089264521839005
-0.013814838729351584
-0.0171106860592264
-0.019964915618520693
-0.0228704641071087
-0.02555554831274278
-0.028823846839030685
-0.032740914410103315
-0.03668822765185402
-0.040852628068341994
-0.04314569954978201
-0.043288414285478666
-0.04239533366281058
-0.03984434468946429
-0.03669302408945646
-0.03299547982828517
-0.02765245192895356
-0.020849933495679412
-0.014332766949172342
-0.008080517250207246
-0.0013454722516119658
0.005462591138274913
0.013697540246206896
0.023475870677289613
0.033806379736738175
0.04501471150706308
0.052897452675111034
0.05693475830518532
0.05934519053395282
0.0588955571184315
0.05779097870311983
0.05615401753279206
0.05176234020145766
0.04501942847315228
0.03935501204166914
0.03473398716196512
0.029724199245866407
0.025139620548812826
0.018321055878654124
0.009055354216388672
-0.0006941694950061631
-0.011556082918554483
-0.019475481748052144
-0.02385211440543234
-0.027062078661044545
-0.027898165344801506
-0.028265305602637392
-0.028310508853740753
-0.025988468464762767
-0.02165175225082343
-0.018998016403388565
-0.018041519607395702
-0.017196252317345586
-0.017361377707805412
-0.015792771799261442
-0.012276207054149446
-0.0088994459812803
-0.005026192786430268
-0.002172366093337808
-0.000707355625525949
0.0005497502626684703
0.001113527006167718
0.0013862911021674063
0.0014471317371637725
0.0006513327558479225
-0.0009317453403411638
-0.00139470663394481
-0.0006790180118460939
0.00032714043034220877
0.002104394584196745
0.0033639606602407397
0.004000647921243354
0.005051050594804861
0.006222174670920556
