0.004259707849531409
0.004359705953965678
0.004461097702103113
0.004563899167705351
0.004668018386947647
0.004773493544752928
0.004826332577295189
0.004820974701232198
0.0047826895153590815
0.004695750829573547
0.004591036641707821
0.004469594380544155
0.004301570415158158
0.004092434392203439
0.0038809341804491512
0.0036658448850361335
0.003431296050015611
0.0031860850121506316
0.002898318934025425
0.002565220705022086
0.0022092701263585076
0.0018226484281796734
0.0014422772131606424
0.0010736807039946818
0.000693324495251645
0.00031194234021913347
-8.735958736734775e-05
-0.0005065512075974543
-0.0009277703845450469
-0.0013545509944797882
-0.0018230194256101228
-0.002333985788830346
-0.0028724538789379915
-0.003447646663385009
-0.004034070330823899
-0.0046301882267464406
-0.005256477526532722
-0.005907436812557788
-0.00654265887469615
-0.007160524881489625
-0.007776236750696164
-0.008378839163634574
-0.008996735590394888
-0.00963079471353137
-0.010257082023629975
-0.010881099259359671
-0.011524824787157441
-0.012186979390350917
-0.012860364950320452
-0.013549934161477402
-0.014235882084032562
-0.014916915239953229
-0.015606687572783618
-0.016300534665962024
-0.017033405716022507
-0.017810011470861347
-0.018610373890699885
-0.019444720215574435
-0.02029591930575159
-0.021162648910863686
-0.022062651907571545
-0.022992661609512056
-0.02392258218082011
-0.024852372944096715
-0.025794620328889507
-0.026741997439786495
-0.02771704371564218
-0.02872143199000796
-0.029738033188278813
-0.030772028842899327
-0.03164589930236024
-0.032339595616179356
-0.03293990602103309
-0.033394731474818654
-0.03380174378303796
-0.03416472492825443
-0.03438706177235179
-0.03448599014724088
-0.03459531029226071
-0.03471167586778611
-0.034779341663185116
-0.034829016532404306
-0.034752705045900396
-0.034541001757469755
-0.03427094415734908
-0.033916192058470934
-0.03359202770358873
-0.03331648909031805
-0.033014720412109747
-0.03272045647453328
-0.03238253166923134
-0.031994734587945516
-0.03161230311469824
-0.03122456820071343
-0.03071594105863458
-0.030083660558843234
-0.029376183742037067
-0.02856398295366544
-0.02772816057465447
-0.026873700594942766
-0.025935317579106238
-0.024930544171788544
-0.024000565162946057
-0.023151813686697678
-0.02233005448081893
-0.021573816135342826
-0.020785523473199122
-0.019962177226381966
-0.019186899426464656
-0.018440914874729653
-0.01764547628373876
-0.016804967296804005
-0.0159458982790236
-0.015050527302570026
-0.014189192502404068
-0.013366659127825104
-0.012534364038254775
-0.011708956613227385
-0.010771186465935239
-0.009704860474299843
-0.008578771096738989
-0.0073580518348476814
-0.006100877060824256
-0.004811916831402363
-0.0034308604980237602
-0.0019688914290990024
-0.0005297697803526317
0.0008861625308873611
0.0023222476770469657
0.003753108336494578
0.005256042690406088
0.006836685587712897
0.008435995550953672
0.010071642073011667
0.011509830003029518
0.012720256121594655
0.013825105662075477
0.014754850620380969
0.015629666226135746
0.016455175955135303
0.017107430810918704
0.017607418943947982
0.018145086012436386
0.018717415443771587
0.01924320382100672
0.0197666622400347
0.020138722081571647
0.02034631909733551
0.020497570093121472
0.02055633759091764
0.020661205053937672
0.0208355779510486
0.020986219108270754
0.02115412335763242
0.02128125396285384
0.021359919495673084
0.021455269032445483
0.02155521458672944
0.021514304900026746
0.021328610129138992
0.021060042289654114
0.02067134338640802
0.02026339430761304
0.01984252953355413
0.019327076193982037
0.018738847311250157
0.018282078704714922
0.017967596274136386
0.017714526353106795
0.017579058496573725
0.017423332976731643
0.017243000331090216
0.017157228327952332
0.01713968505438529
0.017072299994591512
0.016961156556973528
0.01684733775276171
0.0167041840368862
0.016635750791394337
0.01664935706834339
0.01667287657722617
0.01673104524044294
0.016657077521197362
0.016428001919739598
0.01614121755357822
0.01574796369838396
0.015328893407561911
0.014890785263705832
0.014349730541622186
0.0137213576132
0.013152884491401994
0.012645133583377757
0.012136599143169178
0.011663467559295643
0.011116775116793142
0.010488715297326347
0.009862993498553015
0.0092148479274012
0.008650983832930751
0.008191402048965004
0.007768290222777767
0.007414892363491493
0.007089674301030933
0.006789203725764021
0.0065650128931306435
0.006410317649478632
0.006217255676429426
0.005985164362626567
0.005763317728716791
0.0055258168665041916
0.00535141356643365
0.005247245349650871
0.005153769558939716
0.005089845210129197
0.005012696309688888
0.004912288372201937
0.004823090636915598
0.0047317868550607965
0.004650599862782081
0.004582408228753142
0.004509281126199822
0.004433833485677535
0.004412196074558465
0.004446736493130924
0.00451222088183649
0.004623280385328968
0.004743081271421419
0.00486920168475552
0.00503243880790986
0.005224913876697412
0.0053241798881734845
0.005321674126415201
0.005269517071092423
0.005133452324072729
0.004991605363750675
0.004846718388286366
0.0046289362145756924
0.00435298930385799
0.004095829699869317
0.0038542947743509352
0.0035999163637141524
0.003350241214978749
0.0030396232574865347
0.002663175428425824
0.002266998538646524
0.001835428533498998
0.0014605089746952658
0.001155497642000162
0.0008650735146513171
0.0006162230086286593
0.00036566254265071597
0.00010940740431722765
-0.00010683319632697093
-0.00029153681278214357
-0.0005288369833059386
-0.0008195798282330823
-0.0011284336950762386
-0.0014762536489288435
-0.0018016000656391365
-0.0021001632793186615
-0.0024196353704387333
-0.0027461784661695883
-0.0030368888452975942
-0.003292648781052883
-0.0035236252238225953
-0.0037186867238428313
-0.003913717833968919
-0.0041089583796283516
-0.004276536807291082
-0.004423283054891391
-0.004562314307784865
-0.00469106257529881
-0.004807315518946333
-0.004913377446301139
-0.004993033934722298
-0.005045191022550542
-0.005079264107395126
-0.005091152442993936
-0.005127104460757259
-0.0051921347030855795
-0.005261068692998874
-0.005346970082129754
-0.005424791031817174
-0.005492567263664141
-0.00557430300681672
-0.005664917872713701
-0.005727516523168978
-0.0057620522339341534
-0.005782980799864649
-0.005781172001619448
-0.00578449638937862
-0.00579467155973872
-0.0057902819643018974
-0.005777507131050327
-0.005762413053896986
-0.005743215409378841
-0.0057214386159424825
-0.0056982091240965005
-0.0056648079915570075
-0.005621326095743101
-0.005573003602749146
-0.005518035821771555
-0.0054595356524835895
-0.005398269516306698
-0.005331477556114583
-0.0052601036964331615
-0.005183837057426676
-0.005102444456808025
-0.005016903128511091
-0.004927136814760995
-0.0048200445964276155
-0.004694498101907017
-0.00455662740909855
-0.004402738548318809
-0.004240567271027849
-0.00407047206181381
-0.003885275412633506
-0.00368644476413515
-0.003482661559847486
-0.00327365783288401
-0.003056108196249587
-0.002832022223858108
-0.0025942384741166227
-0.0023422200549846743
-0.002081088461331929
-0.001809146619130964
-0.0015660526120999283
-0.0013563336964754643
-0.0011601374720046683
-0.000989057909207728
-0.0008214728689025475
-0.000656404157773157
-0.0005152353659322864
-0.0003940728651682285
-0.00026247864801844003
-0.00012105715519705944
1.7584596711540957e-05
0.00016052835101195808
0.00028352947725989033
0.000384564350662285
0.0004811561095960567
0.0005674737306395943
0.0006683301465910682
0.0007877800435932769
0.0009096598017911363
0.0010413158389798506
0.0011720693918019737
0.00130065999861031
0.0014389431122843242
0.0015847601779529197
0.0017130465048964612
0.0018232613166682555
0.0019260878386051462
0.002015181447587231
0.0021082065933353744
0.0022063372403274286
0.002295482153386082
0.0023795276351949736
0.002488751599195651
0.002624585175939677
0.0027755482705503405
0.002949954294435316
0.0031269676655490274
0.0033060281217885856
0.0035050082706724077
0.0037199613617130106
0.003934221229503285
0.004148813141166457
0.004369431712179313
0.004592387507222223
0.0048327510305319395
0.005091615147650641
0.0053587205379690625
0.005637695601900762
0.005903124887292342
0.006151631857321888
0.006397996390507319
0.006634845940012773
0.006874707740836135
0.007118660348003612
0.007353886978965803
0.0075828612197207925
0.00782782615849323
0.008088933565601685
0.00835700925156327
0.008637553671419372
0.008914132683782444
0.009185623250273237
0.00946471827211841
0.009747723118215432
0.009996249939329911
0.010207751934499557
0.010397531513474192
0.010554764468279559
0.010704440200500192
0.010847136279282382
0.010960504127816352
0.011049090276671782
0.01113576961822993
0.01121924226613202
0.011290970266125274
0.011355964359685835
0.011393945997103336
0.011403228966972448
0.011397562782071477
0.011371938585209315
0.01135735220237926
0.011357919773222352
0.011355058390905799
0.01135767407835248
0.01135051763075692
0.011332071285646903
0.011317776701534929
0.011304486366970666
0.011264142180818842
0.011196326155059054
0.011112448524773067
0.011005423680830928
0.010895549532377279
0.010784058246705927
0.010654907897917416
0.010512522416150532
0.010379498232114011
0.010256237485909831
0.01013520038285862
0.010022387314608985
0.009900803609131422
0.009770024011708211
0.009643849670304022
0.009518963632647537
0.009384680226830736
0.009241862703109014
0.009093582027414634
0.008937494211978793
0.008783860019281185
0.008633300589900592
0.008478940038075729
0.008323197611638628
0.008144531173227996
0.007940201403158376
0.007722186081235355
0.007484219417985198
0.007237198787218649
0.006981908863780662
0.006707282170661149
0.0064153980940651134
0.006124160557840693
0.005833527444073968
0.005536093944801803
0.005236195768828059
0.004920265245318584
0.004587297902003079
0.00424753107136976
0.0038978361305740195
0.0035879570297453296
0.003324057407032786
0.0030805694530998077
0.0028721977342540273
0.002672788708658617
0.002481142590179271
0.002323810780934853
0.00219617616397595
0.002058658868184591
0.001911950313872226
0.0017727897271418416
0.0016319705808096336
0.0015207345626662727
0.0014417777394322138
0.001372480416286923
0.001320399118045548
0.0012553300970119415
0.001172248041173983
0.001091213639696402
0.0010032940064115528
0.0009212976500102045
0.0008468488313500271
0.0007656536439675773
0.0006803520530660383
0.0006221633942270624
0.0005918686892818275
0.000576182512301167
0.000583068629758429
0.0005907432980968179
0.0005978125200308569
0.0006218184788906398
0.0006580226402271703
0.0006646822621003548
0.0006396587481685966
0.0005992626151035007
0.0005320163764916523
0.0004662673675640901
0.0004028679971237598
0.0003173731759874366
0.0002151830278219988
0.00012007344040827219
3.074817779924832e-05
-6.102162540206478e-05
-0.0001498991240879106
-0.0002570016049306201
-0.0003838286840069894
-0.0005158229396519196
-0.0006580241107175546
-0.0007760354610996153
-0.0008651730111949262
-0.0009454961678907741
-0.0010069736933127093
-0.0010663414837101814
-0.0011250169669232753
-0.001165681899243738
-0.0011915990152512232
-0.001233046800270178
-0.0012902060659395929
-0.0013504779109528007
-0.0014213189645573491
-0.0014803306893742048
-0.0015259316914585876
-0.0015753575369180826
-0.001623535329466538
-0.0016706542436564762
-0.0017186064014472302
-0.0017636439937239463
-0.0018062801467535236
-0.0018504538024299744
-0.0018958979496750653
-0.0019411839192730877
-0.001987141775403931
-0.0020272252705361474
-0.002060820642040841
-0.0020916835207531338
-0.0021180508496134736
-0.0021432766551222285
-0.0021677267481692098
-0.0021882359345713697
-0.002205547543514797
-0.002225819749077887
-0.0022492386115669457
-0.0022733972442445065
-0.0022999170299412403
-0.002324487893856847
-0.0023469237820656044
-0.002370784664758971
-0.0023951954552868557
-0.00241711521756924
-0.0024367227040667534
-0.002454906595276067
-0.0024709663602215295
-0.0024876528326269456
-0.0025051073307203508
-0.0025214035836361613
-0.002537163947923365
