-0.0009083104623643321
-0.0014636858834356037
-0.0020241874125704936
-0.0025868944086565484
-0.0031885052481993867
-0.003818902948321627
-0.004265090813996291
-0.004509542915112885
-0.00464488625221601
-0.004610398340911601
-0.0045371762453015815
-0.004429279433107413
-0.0041659310693997085
-0.003771025015340851
-0.003384404893866996
-0.0030003728717061034
-0.002564609334481137
-0.002108631602461257
-0.0015138413179711036
-0.0007704948011212825
3.873211682424167e-05
0.0009427315941139176
0.0017825510782380285
0.0025355456716569646
0.003299163914156641
0.004027226624077663
0.004794881523811713
0.005609841761283218
0.006393783093866787
0.007162014935649574
0.008062976936598826
0.009099046088896428
0.010208740704293848
0.011429464563427602
0.01265444727519618
0.01387688066713165
0.015181126838475925
0.016543732724894
0.01742736370496568
0.01778670532628287
0.017856741317124523
0.017483886860128858
0.016996639298716684
0.016405100657959925
0.015405147677957252
0.014056393947782232
0.012714335417077456
0.011364649924453808
0.00986833390458647
0.008305453656125505
0.006375100361046505
0.004052283429968934
0.0015467420215661107
-0.0012149807703605684
-0.0038345336096036785
-0.006255076851494689
-0.008721773409084605
-0.011118988428348981
-0.013634817637410184
-0.01628888292795791
-0.018885228718444586
-0.02146236194426233
-0.024393900165225524
-0.02768615309927395
-0.031184548509195203
-0.034983433698352884
-0.038814711043965305
-0.042661490580133285
-0.04673612720101008
-0.050979921487605176
-0.05413348144105812
-0.05609253636215207
-0.057405461560730245
-0.05771297695683057
-0.057788987087250145
-0.05765739374078662
-0.0566043529926022
-0.054770755318080885
-0.05298512842379614
-0.05121380657729922
-0.04913441022365816
-0.0469336337455628
-0.04390914815072676
-0.04000308764182573
-0.03570502548960642
-0.030843770746190144
-0.026358356424519926
-0.022382581480870443
-0.01834028356010939
-0.014504212418665183
-0.010430485168122953
-0.006073376035649668
-0.0018954361716127788
0.002193869406068941
0.007072287843622336
0.012754050933551985
0.018875721830804392
0.025658587651660125
0.0324716368324203
0.03927475081569823
0.04656679514165885
0.05420926976456338
0.06022354992357841
0.06446518546879978
0.06776362469897203
0.06956001816560808
0.07111121387532982
0.0724540616048473
0.07245340766901626
0.07134056030573649
0.0703586858695711
0.06945068525910594
0.06814673151422591
0.06672554020362986
0.06411562254168093
0.060231125632320234
0.05581400466342137
0.05060368151361781
0.04613525721073673
0.04262246956435876
0.03913884474699181
0.03612989179719658
0.032859464112667075
0.02925561544708581
0.02608022377079821
0.023184508016516954
0.019162107554962213
0.013993985461762231
0.008261371336063552
0.0016115754033358188
-0.004936251065710037
-0.011316059877732296
-0.01832827006935613
-0.025747712381061574
-0.03164545761467004
-0.03591620453580467
-0.03930485238200276
-0.041276141375230876
-0.04313143940433393
-0.04490369764653131
-0.045459293768318115
-0.045041053567945945
-0.04474768395673895
-0.044514035821342834
-0.04395042087381357
-0.04329918721156863
-0.041575296628915986
-0.03870318061245901
-0.035352670711719825
-0.03128422736912041
-0.028110922191208174
-0.026046743022959465
-0.02414455476126212
-0.022870739233091065
-0.021429875129663455
-0.019750030559915394
-0.018641732265645555
-0.017945534496600204
-0.016233872810808642
-0.013493103418231346
-0.010309040486710934
-0.006326098782379288
-0.002591658027206948
0.0008254442293567626
0.004740470813951564
0.008920397963345842
0.012214140235786892
0.014596020195297918
0.016439979411773525
0.01743599396325066
0.018441280362520674
0.019471053799864215
0.01981888415996918
0.019647125191440955
0.0194890358580805
0.01929448092422943
0.01890297869988655
0.018426589766681375
0.017340082447322547
0.015605946586149284
0.013565540411192874
0.011090310804427536
0.009273462722344108
0.008248309174941208
0.007398234558753381
0.007036790438945469
0.006600955825354593
0.006044633486232143
0.0059268090468417205
0.006135092413246588
0.005750954168319895
0.004770555536525779
0.00356494743144906
0.0019070995784190197
0.00048265711365180476
-0.0006632977846099135
-0.002058703374935369
-0.003550147798801769
-0.004724446845812924
-0.0055977122047188455
-0.006253855775227582
-0.0065876513493271895
-0.006962581751350924
-0.007380345015528631
-0.007565868432312058
-0.007589008899119186
-0.007556352359618139
-0.007441567006869832
-0.007236177349202065
-0.006957428969816324
-0.006459151750623459
-0.005732545272406326
-0.004859481629920856
-0.0038031270361812393
-0.0030528522828231954
-0.002660601087692193
-0.0023654957953149498
-0.0023059984634156198
-0.002214290498076727
-0.002070926223344249
-0.00213202871807864
-0.0023440536981279426
-0.002325400396039127
-0.0020772603294132693
-0.0017492730335614025
-0.001247928787953445
-0.00086499823786223
-0.0006192460229957734
-0.00028891653161086813
6.0504873537728455e-05
0.00034995922303460473
0.0005953518820774125
0.0007866014112336422
0.0009065344795389817
0.0010533652709357082
0.0012253100313478573
0.00135843998290204
0.0014719397350857935
0.0015434093953090088
0.001563455798256608
0.001555112721359471
0.001509987883798639
0.0014211398202886986
0.0012891019521477102
0.0011090291500673868
0.0008783921644058409
0.000744446830191645
0.0007195722327653367
0.0007314764908024938
0.0008210022801890927
0.0009008848450745227
0.0009657103653070623
0.0010949960204294968
0.0012712194090596985
0.001391558260080217
0.001457509575236466
0.0015073074482458695
0.001516069272849929
0.001565386314084745
0.0016602680386001876
0.0017398568557066448
0.0018225066246626382
0.0018805097003448006
0.0019046274582345513
0.001921127950039179
0.0019205116544694645
0.0019041866903765743
0.0018738295027342657
0.0018199129248130724
0.0017423707730016712
0.0016823914498564376
0.0016415792954335318
0.00159958295709371
0.0015667826478142624
0.0015164872066927475
0.0014462299044778065
0.001377763514488455
0.0013049045609459145
0.0012181778251444302
0.0011190746732270948
0.0010075670256489988
0.0008815580972430918
0.0007513806790534496
0.000616963194954587
0.00047136019538465554
0.00031662028100532067
0.00015039915859267546
-2.8329215280575477e-05
-0.0002171219595373239
-0.0004168767015627466
-0.0006283374660232352
-0.0008514541777818889
-0.0010867512392221405
-0.0013345042333983807
-0.0015305910751790782
-0.0016687136720438878
-0.001779221254988489
-0.0018436570406009385
-0.0018990382628867875
-0.0019468790404131339
-0.0019519184190835714
-0.0019209335239343825
-0.0018996056574424253
-0.0018866727319390136
-0.0018638423052947486
-0.0018416478080530414
-0.001782801868774615
-0.0016842806127401531
-0.0015727176381155946
-0.0014391464174275588
-0.001325510912617444
-0.0012383524681074517
-0.0011510177105006451
-0.0010758566084219181
-0.0009942005640464985
-0.0009039899411648465
-0.0008255112651709618
-0.0007550051425294651
-0.0006514730771217471
-0.0005141513299101438
-0.0003603798412721214
-0.00017982518811966627
-1.6624566090455824e-06
0.00017216600649545513
0.0003647863513472238
0.000569756060319017
0.0007409684661812418
0.0008764063427405878
0.0009931586728265701
0.0010785938282195137
0.001164814153923434
0.0012526244484241662
0.0013146406225625507
0.0013569342043267458
0.0014042664580648167
0.0014549982265949653
0.0015007840325193251
0.0015470606533999178
0.0015711577540018012
0.001571424343894508
0.0015631772273834489
0.0015409370973437772
0.0015441690223276106
0.0015780341950319909
0.0016196814271029077
0.0016805294049261343
0.0017409624324928263
0.0017992961673806713
0.0018754739585549645
0.001965606408143332
0.0020353655943531807
0.0020845211662777487
0.002127168950214563
0.002154812496846425
0.002192838221458614
0.0022429599821197858
0.0022855610507690463
0.0023263357472102382
0.0023216700254838356
0.0022648940122302554
0.002180451306360332
0.0020550718059426493
0.0019090067969750762
0.0017433277673868366
0.0015356250876733713
0.001289278034000742
0.0010426750543179072
0.0007954529525701759
0.0005305756070979527
0.0002570147667963779
-5.466420567753157e-05
-0.0004071735272140976
-0.0007789861530403428
-0.0011772837837584352
-0.0015795854571096148
-0.0019817544927550764
-0.00239997101564227
-0.0028275603409351666
-0.003273218164543263
-0.0037383848013159454
-0.0042128845509744155
-0.004698625626499606
-0.00522114371865085
-0.0057813651457254405
-0.006368370560807698
-0.006988820880556225
-0.0076255112805719075
-0.008277446946196408
-0.00895890379212837
-0.009666260282722315
-0.010190937996171514
-0.01051336415804287
-0.010728718063045884
-0.010776911712487713
-0.01078111364333069
-0.010745551460725974
-0.010553853408086058
-0.010228266029993565
-0.00991354485394872
-0.009604802513296287
-0.009244195295917221
-0.008864643186272848
-0.008345968718612571
-0.007678113601158866
-0.00694574762648847
-0.0061196256553062225
-0.0053470815413151065
-0.00464990823882341
-0.003935906526137889
-0.0032480319960141862
-0.002518282106348361
-0.0017392751343450138
-0.000982898140396205
-0.00023522576429978027
0.0006449196501644092
0.0016601701354056774
0.002751702122531679
0.003955236088575248
0.005170084936997991
0.006389864574511246
0.0076945954247000445
0.009062249758696227
0.010155693471204397
0.01094983260767693
0.011587171618304581
0.011972408018702987
0.012318572408137692
0.012632089918502983
0.012720050632477753
0.01262168382593556
0.01255063179019714
0.012497397699374259
0.012380967216125305
0.012249366574738286
0.011919211379170142
0.011375836095550772
0.010746562196263592
0.009986857544202591
0.009355911134890033
0.008890072564180798
0.008432559545982824
0.008058680674153853
0.007644669286193756
0.007178394610798679
0.006788347282076818
0.006449552967062512
0.0059238233307689426
0.005207911466499974
0.004400446387111807
0.003441711576473048
0.0025042217105092487
0.0015992149841765593
0.0005912137462364977
-0.0004816333879869444
-0.0013572163229882961
-0.002024314683987295
-0.0025788658349518894
-0.00294900696829236
-0.003318118770516291
-0.00369050803909501
-0.003909902040447702
-0.004010847460305638
-0.004133047459392181
-0.004266911824020473
-0.0043653947895084125
-0.004458993029619596
-0.004419016275159939
-0.004235962939958554
-0.003996356081861846
-0.003668957510331389
-0.0034824937793425394
-0.003466544897686203
-0.003488960450808014
-0.003615783144835894
-0.003732638925785131
-0.0038296828138347804
-0.004022644332742456
-0.004288749898110847
-0.004429611930121527
-0.004443858083113421
-0.004412659030907907
-0.004286845085773753
-0.004213120016309511
-0.004201265521939785
-0.004137791937145044
-0.004055519564537569
-0.003974822779444749
-0.0038851066352767745
-0.003800161394788653
-0.0037225934091469678
-0.0036134052452699377
-0.003473453374368658
-0.003323893252534524
-0.003156562846902792
-0.002997832076157722
-0.002851738642771343
-0.00269978168207028
-0.002549387223878994
-0.0023912895412221396
-0.002223762095047083
-0.0020577593234132937
-0.0018911644608947888
-0.0016670496218999127
-0.0013813437514903174
-0.0010594570290443925
-0.000685604058718739
-0.00029500402860308043
0.00011077456074008527
0.000563383811156931
0.0010560260083672202
0.0015537160403589086
0.0020577895925480314
0.002580999363997251
0.0031152855380406786
0.0036901898771904778
0.0043077979559852575
0.004947152705812806
0.005615209123773766
0.0061323230951251095
0.006478182793142176
0.0067421310919324766
0.006871667142453571
0.006965135854034616
0.0070268644140015855
0.006959776514841713
0.006781541742948011
0.0066289181565977965
0.006499006304755915
0.006335209875345165
0.006169255309827702
0.005891815700342978
0.0054937105359409094
0.005053723841376297
0.004545496506939214
0.0040816086385872564
0.003680309967955394
0.0032682733460573485
0.0028787522283417366
0.0024630276965523553
0.0020153045421719023
0.0015893824491565144
0.0011753464355696126
0.0006596246756433815
3.970910929585921e-05
-0.0006361503685052553
-0.0013967574804775095
-0.002162156351561868
-0.0029271146330999303
-0.0037555382947535034
-0.00462989961814619
