-0.002005248233279065
-0.0020562821197960537
-0.002107885123491225
-0.002160044328958579
-0.0022129441307209303
-0.0022665363659413597
-0.00230994820987986
-0.0023420842096444124
-0.0023679949034799506
-0.0023845207751404937
-0.002397931111923846
-0.0024084367187254844
-0.0024100094469497093
-0.0024037637123684842
-0.002397431559613284
-0.002390761829681365
-0.0023806041661426774
-0.0023687129760608817
-0.002348705450550204
-0.002320029223769747
-0.002287178646580575
-0.0022485901189685316
-0.0022117711704664187
-0.002177839104283356
-0.002142029971936378
-0.0021065263518560123
-0.002067880328508575
-0.0020256957861545964
-0.001983612637170369
-0.0019409120720083226
-0.001890287363484027
-0.0018315800895671408
-0.001767822916924131
-0.001697153326545395
-0.0016247389757779818
-0.0015508936128465452
-0.0014714745292159466
-0.0013875993192090747
-0.0013072906704457243
-0.0012308631983202652
-0.0011553182797187516
-0.0010828303596373467
-0.0010077442612806396
-0.0009298906991406465
-0.0008540298539719907
-0.0007790675652742465
-0.0007006716622645102
-0.0006191007566464755
-0.0005357689252894854
-0.00044970269064476334
-0.0003648209013456626
-0.0002813806016143128
-0.0001966870814592968
-0.00011166495081111495
-1.934525600656091e-05
8.12066687149733e-05
0.0001860096532181376
0.0002971008805839381
0.00041105538221340374
0.0005276078328510324
0.0006502974247200776
0.0007784693289415609
0.0009061296640955688
0.001033269372260476
0.0011623907391623838
0.0012920333456217473
0.0014266852077575735
0.0015666774221421203
0.0017085968384373152
0.0018534737370613263
0.0019782340773188316
0.0020801474550230193
0.0021707560277352145
0.0022432602993456814
0.002310083767644544
0.002371741918702415
0.0024157859673820587
0.0024444034790871054
0.0024754360267002593
0.0025084966077383542
0.0025360886565036914
0.002562329210125276
0.002572960746732765
0.0025667414466248517
0.0025539044352442274
0.0025309815650889915
0.002512521026344345
0.002500857964113507
0.0024864430730691025
0.002473549896747211
0.0024558395671273577
0.002432523546367774
0.0024105326630667885
0.0023885476270843952
0.0023517732011700348
0.0022998435113044348
0.002238995458049206
0.0021654481098986734
0.0020895482390620667
0.002011938553048023
0.0019242794798821484
0.0018288099547589696
0.0017444503504087166
0.0016721134586732114
0.0016044577656804389
0.0015466628042061445
0.001485761319372361
0.0014213535960884926
0.001364545729521792
0.0013128508068460277
0.0012555880486197742
0.0011933391855438711
0.0011297456368267352
0.0010624011278013567
0.001000806034631359
0.0009456149024554033
0.0008902637233904676
0.0008370065664528803
0.0007700504783498505
0.000687242796315559
0.000597735826749095
0.000496913941271158
0.0003924625771981495
0.00028501071701957304
0.0001665864791255425
3.867329063301367e-05
-8.491582531059005e-05
-0.00020412208275052607
-0.00032471213614226543
-0.0004432999852920145
-0.0005701488989418947
-0.000706000343147827
-0.0008429954109458578
-0.0009834735628464386
-0.0011033082960224924
-0.0011991783389634304
-0.0012840629049342205
-0.0013507381839753792
-0.001411187780194841
-0.0014660161530846737
-0.001502587703885773
-0.0015229785012491732
-0.0015474431817702199
-0.0015757311805058706
-0.0015990813371563693
-0.0016222306407218078
-0.0016294618489817157
-0.0016193877296626525
-0.0016034784571092714
-0.0015779290041261866
-0.0015564001768334404
-0.0015412842414523973
-0.0015232090805687647
-0.0015062344373355829
-0.0014848123879909188
-0.0014581662408559178
-0.0014326489254385425
-0.0014071006350909712
-0.001366828950589104
-0.0013114078479892683
-0.0012471290789239835
-0.0011702192532245426
-0.0010907989065751928
-0.0010095043924332808
-0.0009181069417950388
-0.000818790105336026
-0.0007335346904844673
-0.0006635677305892567
-0.0006000684837253776
-0.0005491000706125428
-0.0004959616549814363
-0.0004401782043747128
-0.0003945245370276986
-0.0003561965156758485
-0.00031229090038372256
-0.0002634447422336221
-0.00021419678090142772
-0.00016162613950498474
-0.00011703184256266113
-8.12145325480194e-05
-4.631911635590153e-05
-1.5031366397441815e-05
3.0356636343617125e-05
9.23041831060499e-05
0.00016042567972240023
0.00023990243110787383
0.0003222134683567936
0.00040663430780787403
0.0005020564495245261
0.0006068281144624756
0.000705234129924804
0.0007971776786505901
0.0008892338093215652
0.0009775362954570635
0.0010736955532096833
0.0011785430190984342
0.0012831489971678236
0.0013901501447149366
0.0014922562949266811
0.0015877521967323663
0.0016819530508822788
0.0017725023729356375
0.0018614860140079557
0.00194918795658065
0.0020323723061292055
0.002111345125615697
0.002194677363314948
0.0022825304304131414
0.002370845945117852
0.0024617184781532265
0.0025491596481202554
0.002632615758106311
0.0027167342409885817
0.0028000928718940506
0.0028844680699538134
0.0029705107718907505
0.0030563181902466333
0.003142499000285472
0.0032290195838363175
0.003315719391381841
0.003403162588933721
0.003491334241562986
0.003576971076438271
0.0036598796782565976
0.003741617487435803
0.0038213176991611446
0.0039009837260026423
0.0039807557464230856
0.004058891611890132
0.004135814504672415
0.004221585467923892
0.004316998819954417
0.004417616092534047
0.004526277411271106
0.004636761141312963
0.004748837201213806
0.004868176983037827
0.004993617041210733
0.005118568647540493
0.005243271640051262
0.005370232395147712
0.005497942477287109
0.005631937852296343
0.005772642696088993
0.005916146383188322
0.006063773062241102
0.006208304162161109
0.006348673531304599
0.006489295053648003
0.006628049397616292
0.006768275023713772
0.006910296930541778
0.007050558883680324
0.007189719926779865
0.007334515913030915
0.007485032637066138
0.007638434577749272
0.007796400110972888
0.007954049758944802
0.008111046418168198
0.008271202261535127
0.008433424783529117
0.008581593721229132
0.008714481405342728
0.008838849110271968
0.008950116819275563
0.00905842482496842
0.009164046404602319
0.009257740014848572
0.00934134632725379
0.009425023366366516
0.009508284650465678
0.009587234453723099
0.00966413071529463
0.009730190945532105
0.009784682880370293
0.009833647956664313
0.009874928703458399
0.009920893420548702
0.009973247079801377
0.010024460305209485
0.010078103464816265
0.01012821872480541
0.010174193801298952
0.010222145557715273
0.010270846068381077
0.01030887390085145
0.01033604215884255
0.010357033642063035
0.010368960879356183
0.010380042115947426
0.01039078247860497
0.010394671184590084
0.010393500488558754
0.0103971711094159
0.010405919753217745
0.010416342486103004
0.010431085863947642
0.010442836598454198
0.010451406623708666
0.010462797930879961
0.010475589696256381
0.010484933340976268
0.01049119577158485
0.010495830837524148
0.010497770918625469
0.010501602207344158
0.010507612893096875
0.010512714833125941
0.010517992920366658
0.010514256191981737
0.010500323664348717
0.010481348403670569
0.010454656944978893
0.010424871708977155
0.010392336046016566
0.010352344133592217
0.010305782116095884
0.010260364047606307
0.01021608404753293
0.010169750332716988
0.010123237385382773
0.010070725529775266
0.010011788499886973
0.009950834356198786
0.009886526150489643
0.009784886938718228
0.009642874808418111
0.009475385577966358
0.009272617560973187
0.009055010853405635
0.008823121015615993
0.008557742034895939
0.008262501243039741
0.007960073251411272
0.00764949452576822
0.0073217098209639
0.006981769956445033
0.006610423201974555
0.006205982146332215
0.005781752282137314
0.005332968472458252
0.004884536251308198
0.004439959169839703
0.003983716241779938
0.0035229807290193768
0.0030459118440680217
0.002551185817644742
0.0020509910542442374
0.0015428329772228405
0.001003073508567236
0.0004312176300599702
-0.0001630664275544405
-0.000785816621157225
-0.0014202442278454556
-0.0020653733612068107
-0.0027346702557879696
-0.0034245289879920302
-0.0041115287212546816
-0.00479493769535731
-0.005483299929617373
-0.006170336593937215
-0.0068729514064086355
-0.007591668215985416
-0.008312490330710794
-0.009038732464576992
-0.009782660662085245
-0.010543522705730541
-0.011317497377755495
-0.01210735833066866
-0.01290191737995737
-0.013700497461325008
-0.014510813226608103
-0.015330259272658905
-0.016179847475704542
-0.017062389303216456
-0.01796604989224691
-0.018896993464919694
-0.01984486626628043
-0.020808925090404117
-0.021799901072760405
-0.022815851799073753
-0.023838975051513937
-0.024869309020938226
-0.025914327670442838
-0.026969735022940443
-0.02804898702620649
-0.02915311854665077
-0.03027199874666578
-0.031408755008593144
-0.03237048562103322
-0.03313632209228217
-0.03379876359990333
-0.03430141874556951
-0.03475240822373311
-0.035155707028855614
-0.0354055730078438
-0.03552114833522756
-0.03564466334678503
-0.03577217271582277
-0.035844918816869485
-0.03589541312824654
-0.03580789608565434
-0.03557231792001516
-0.03527086545225485
-0.03487526429808385
-0.03451387975068927
-0.03420640928975632
-0.03387027939906975
-0.033542960848896713
-0.03316669646751746
-0.03273463681283666
-0.03230858669865953
-0.03187651049760418
-0.03131123777088996
-0.030609850087776055
-0.029825462470502218
-0.0289256227606927
-0.027999855907682263
-0.027053645332555946
-0.0260150591395118
-0.02490346067120017
-0.02386803151228971
-0.022915229103199087
-0.021988327861816138
-0.021127943104508384
-0.02023023134044074
-0.019292040220638594
-0.018401455646592978
-0.01753846230275273
-0.016620841021701496
-0.0156532972939333
-0.01466321867631773
-0.01363210536648916
-0.012633750323816716
-0.011673103230789078
-0.01069930537594215
-0.00972981006996945
-0.008637308841262589
-0.0074046016813917506
-0.006104876161859491
-0.004700918710212794
-0.0032550207463781095
-0.0017721250343424794
-0.00018774955942274507
0.0014861483053687694
0.0031392585038952556
0.004771281993247884
0.0064282746182145415
0.0080832884387192
0.009818641573868858
0.011640353603008092
0.013485635018270152
0.015373325972529288
0.017009720488701006
0.018357981795675975
0.019569177909044288
0.020556262230670783
0.02147286467117107
0.022325868691078523
0.022958549256512775
0.02339782550014505
0.023878053511697195
0.024395027149092807
0.024849181241111927
0.02529489883813839
0.0255470614496765
0.025589486046218465
0.025555936309042404
0.025401483321759524
0.025304305665992857
0.025293926870426267
0.025251597593824133
0.025229887340205252
0.02515302693808616
0.02501122041224449
0.02488866298808801
0.0247695811480835
0.02446920154588454
0.02398269499713834
0.023388431571644868
0.022639125763834592
0.021863338295040537
0.021069112741373835
0.02015254859086607
0.01914145513909708
0.01828647885148208
0.017600481148665578
0.01698493108823022
0.016508666602492384
0.016001576496822146
0.01545834201502589
0.015025527439554131
0.01467059569804409
0.014249874963807817
0.013770921042111545
0.013283373709025822
0.012754821303244786
0.012312304172048306
0.01196469654009535
0.011624047228692303
0.011320538343649543
0.010847871491819476
0.010177743125557397
0.009430298880406229
0.008545236188002993
0.007622550598478556
0.006670569431148944
0.005585381266724119
0.004386338064095479
0.003254939045100865
0.0021921146940027288
0.0011220625533321712
8.935430544791796e-05
-0.001040528031310658
-0.002277247526382533
-0.0035175813856103666
-0.004792129563761212
-0.005890911647303133
-0.006781232409035482
-0.007583438106070022
-0.008233727648125154
-0.008828224917161263
-0.009372717697417942
-0.009760322928447088
-0.010007390466283118
-0.010303188640576477
-0.010646784359292356
-0.010954429295142955
-0.011270857358169845
-0.011452697398089372
-0.011487151187500435
-0.011480300617631995
-0.011397574005147147
-0.011345318538125985
-0.011343955546423397
-0.011316864363048035
-0.011296070390688534
-0.01124202652188118
-0.011148356503735302
-0.011063116323151087
-0.010977986763954789
-0.010771369067454312
-0.010439199879847968
-0.010034385286165135
-0.009525533757779321
-0.008995084767999834
-0.008448286008806071
-0.007817483333289639
-0.007120405599902708
