0.01724774572022864
0.038215161958529205
0.03216881273967644
-0.0044347772435234
-0.05255306838741467
-0.12158105902130192
-0.13079373467358948
-0.07205731147232702
0.008197104098366605
0.13205945612545758
0.173922232337595
0.12079438610849554
0.05157149052343992
-0.06728117891912266
-0.11505897576140367
-0.07691235652340997
-0.03884346235328154
0.031108034475201746
0.058884868943984085
0.031631476972874835
0.011101417555197134
-0.0230011966238395
-0.03578633654559557
-0.018493078073080548
-0.004301046104882154
0.017232430101208347
0.025295008179577593
0.014788549021113038
0.004325437972296441
-0.012448559583167148
-0.018592887536900672
-0.010997217502285713
-0.0031637168285432397
0.009755258263202537
0.013924572617804458
0.007037464822451652
-0.00022705589548815464
-0.011746426035449559
-0.0155210490716252
-0.009635353486167097
-0.003050467357241318
0.00759409025921243
0.012799052764200541
0.01107564986283142
0.009795047355848154
0.006354677150188798
0.003156470366552897
0.0009641948420311962
-0.0035553666989185106
-0.009755116472080102
-0.012014249623247727
-0.010285765979371302
-0.006784330197498824
-0.00010336956223879211
0.0030287122482667997
0.002101992602232496
0.0015628625419967482
-0.00024602888048541404
0.00021080461565355657
0.003576837047579592
0.0068389672144173845
0.010970344579553587
0.01031941337679281
0.004043185376235252
-0.004410075324724857
-0.016708044795612633
-0.019382026594031702
-0.011067526037035003
0.00036540993749439453
0.01858934919264816
0.0238906244555229
0.014188031011496995
0.0020329981774055536
-0.017834903054248435
-0.024434705130111735
-0.015179106591000961
-0.004498903742175368
0.013244264386107376
0.019423007351863832
0.011403503524816101
0.002778080723513097
-0.011526341401255254
-0.01592449062750415
-0.008010804647603885
0.0005623613484607061
0.014109560719529304
0.01816394210822118
0.010536570092918897
0.0017219468183878412
-0.01231102309248413
-0.017462895663481404
-0.011735973353837094
-0.0052519364522269135
0.005859511077842843
0.010448913570513198
0.006826378345608807
0.003568033433962927
-0.002359182445020961
-0.004873556003099089
-0.0027490544641198913
-0.0013980548308218806
0.0008894171606757229
0.0018834322986959172
0.00086666694893626
0.00030018749531731976
-0.000519159344162915
-0.0005977486149133595
0.0004235750719179597
0.001490197652703838
0.0029450049172628826
0.0032430759285103834
0.002141402390347665
0.0006720617064058234
-0.001615249788374794
-0.003234563642118095
-0.004011187643723398
-0.00505357668501652
-0.005979742949976748
-0.005137915576385358
-0.002443361801464561
0.001644410539721216
0.007607711609833964
0.009978727732131572
0.008344623691647977
0.005762281097675238
0.0007980730098321792
-0.0016257960940308503
-0.0009811365660996449
-0.0008510760274802935
1.2703112044215977e-05
-0.0012460136831870738
-0.005190878270795179
-0.00946801886730214
-0.014901035110939211
-0.014684553952998596
-0.007952927073609358
0.0013991512564826873
0.015337125892441529
0.021043837249484755
0.017267395253910387
0.011854369447758462
0.0013906044067294931
-0.004270515785832819
-0.003916749993572194
-0.00517844552129665
-0.005540481614362785
-0.005711326678428265
-0.006415793819889485
-0.005299957083660538
-0.0026181045810351952
-0.00037804326904263447
0.001696020371548906
0.004447671901392263
0.007545677124870482
0.007598592503666341
0.004317928823804248
-0.0009188242335873575
-0.009101749723486137
-0.01140092904329403
-0.007098722925463572
-0.0013115843178611308
0.00827646319103661
0.011169994664144268
0.00620621993865103
0.0003469856557767647
-0.009194195148262394
-0.012523388871665408
-0.008310475004040634
-0.003596693052426086
0.0043012024700528765
0.009015035976617986
0.00950412527030576
0.011064176441064553
0.011982405981844132
0.010227023247319613
0.006050856995187994
-0.0010001738690221923
-0.011477795859798174
-0.01664210526774235
-0.016024005151905264
-0.014354093871626372
-0.009423536241377236
-0.004616539388955787
-0.00032814134935488546
0.006965286871960425
0.016552674177264144
0.019394721561083832
0.015126489002410105
0.007583147642305249
-0.005619040915947744
-0.010904198994402285
-0.007174584760797982
-0.003023100121611458
0.00499343093793711
0.006355862600108209
-0.0004166354958090157
-0.007483041699667517
-0.017675544998518138
-0.019454647611377766
-0.011114728328921254
-0.0004542636350364891
0.015806074749194265
0.0220448881077124
0.016413701722843045
0.009176657225727835
-0.003898618960324759
-0.01076014324547196
-0.009784770958213406
-0.010335405415987743
-0.009261321905128038
-0.005150264077303668
0.0013862619347911316
0.012269155379288882
0.027888779209009888
0.03025112946122929
0.01823782859274367
0.0008598002380157844
-0.026626893341671176
-0.036274212404061194
-0.02543280767607372
-0.0115182041671898
0.012815787178503358
0.023713575956126828
0.018142159896274806
0.013677226077380467
0.0040388605910197176
-0.004370775694589322
-0.009679740972977184
-0.02013946559019098
-0.03402321458532714
-0.03474740465717085
-0.021850608479483294
-0.0019240281633920832
0.029352090832355987
0.04256921296289724
0.035334814101985405
0.02548040577114572
0.0054195674730081415
-0.007280178664167551
-0.010241486356016925
-0.018268490959214633
-0.02694627514824114
-0.02423888020242296
-0.010436141378487852
0.012235629554830454
0.04696397922008036
0.056234589149734227
0.03736568068927114
0.011159006126032772
-0.03215875735586838
-0.05170826082413838
-0.04313935341670265
-0.034282544815142105
-0.01449472799230911
0.00029229595877674846
0.0068958549372979015
0.021802511929495446
0.04091103325943377
0.040149494328012375
0.019183026666905394
-0.01369305455594616
-0.06476238627106859
-0.07811645412935055
-0.04927089204907851
-0.010419527226115685
0.05308791724861618
0.0804174909932854
0.06483133413444202
0.04778452661320707
0.013296946000151787
-0.006186619126283825
-0.00511260131119409
-0.012303940687848727
-0.019186727809079738
-0.02591618396549892
-0.03545445919172787
-0.04096262515342927
-0.043075328090614914
-0.03447127302744129
-0.012975157499800683
0.01767414007406578
0.06035857129660552
0.07301787940363773
0.052016840149125346
0.0201818349470099
-0.03388610578922521
-0.05584544516019
-0.0403629826935248
-0.023308835618548938
0.009397773318130326
0.024401699516494763
0.016475694538102843
0.013224350213700893
0.005791521929118653
-0.0008827061367003084
-0.0038316617668663444
-0.012562594815414186
-0.02538263644323827
-0.02288402660108813
-0.004636151558066163
0.021439392992428804
0.06029913685396075
0.06756285868165841
0.039285244357474866
0.0008290569645347289
-0.05967631951038209
-0.08179397522938608
-0.059134511374758836
-0.030656603428451137
0.019694492147179724
0.04162316949817854
0.02846580886733017
0.01775931438811608
-0.0038143060400502166
-0.012957656813368513
-0.004636980275083287
-0.0009007644843441473
0.004780200607218578
0.0064334534396691765
0.0012098247903795393
-0.002809992835089892
-0.007795554246299101
-0.007226685361290814
0.0004678510882859222
0.010369072877008103
0.024597434497483396
0.028980952783216544
0.021961593993495943
0.012183941505676513
-0.004231839720807008
-0.017184932070948313
-0.025493270021164225
-0.0373789540355661
-0.05035694148441477
-0.0433356641358774
-0.014980693645862072
0.02674951094923175
0.08783230503646405
0.09835142247645792
0.052346523324404745
-0.011556449777723656
-0.11213406446236497
-0.13898606538765151
-0.08088819110623244
-0.006540144862103636
0.1135178176870519
0.1517004024200265
0.09290680473461767
0.022810531806277484
-0.09284496451730967
-0.13329001484531652
-0.08227430537727116
-0.02609594213210128
0.06795889430187053
0.10237270420471348
0.062286215578071756
0.021497616152621843
-0.046743449199196915
-0.07426223682886272
-0.04926378990167002
-0.026527362897347168
0.012944134752870373
0.03371027076819533
0.028121866989828943
0.02891602238640088
0.026024319277553744
0.017405906171891732
0.005946965552260615
-0.01571096027029651
-0.04771529076890544
-0.04991263390593234
-0.020187034754736738
0.022031844458363904
0.0872165775140194
0.10482545576072078
0.06821310982296362
0.01995843696852278
-0.05866774521268939
-0.09935498238056664
-0.094106130448393
-0.09146703282062585
-0.07355792898686925
-0.04995956322276182
-0.024721348102928826
0.02169856921017358
0.08713496339039789
0.11591495162849048
0.10637295927554695
0.0840489621483197
0.034892943875417304
0.0010205801548909404
-0.014152927808129049
-0.04305682363007606
-0.07590423499997818
-0.083707357773256
-0.06684759660894735
-0.03163048340870497
0.02966551746329872
0.055120840306948325
0.040978127690782504
0.0240257101817678
-0.011120504735412774
-0.023108610464660995
-0.006301299686265978
0.006896561861444056
0.027265911446179396
0.032190371991943904
0.016652852648180158
1.9712288184417265e-05
-0.024430347781466594
-0.03497499668064855
-0.028005664269745722
-0.01955702574548341
-0.0034324197565945365
0.0054925794727597845
0.0048854602588071765
0.007187132655998056
0.008456795824681012
0.010046374787202902
0.01323276513096916
0.0142018954627448
0.013487689453458268
0.009978485076149436
0.00285236388919187
-0.007059237057097309
-0.020427026291317964
-0.024579107798295263
-0.018398066165191775
-0.00860831373715363
0.00826189224867856
0.01480096954341591
0.009360387849617423
0.003301290409626847
-0.007875462329876511
-0.009426542887969777
0.0007132366929586649
0.011810268451847475
0.027869584653048333
0.030254378475045814
0.01641223235283796
-0.0015008134447050852
-0.02873702784607922
-0.037777348983785215
-0.025489521229880893
-0.00949451733395755
0.017664309560302672
0.02601937809567074
0.011936104695957225
-0.003965741553207792
-0.02970661573929458
-0.03811665581342392
-0.025352048753588353
-0.011040552266863232
0.012248374194597525
0.01386696704288604
-0.01043490270528656
-0.03989810722014932
-0.08307197518171992
-0.06691909910823449
0.01683472236512336
0.12642472830107332
0.2823819785409695
0.30258668122078797
0.16865828151041223
-0.01518966225775456
-0.29889637956034487
-0.39498588270907625
-0.2739388985664125
-0.11586252454059104
0.15594785190492352
0.26878077964511243
0.18910827776391775
0.11207846883113927
-0.034375223955133004
-0.11048003378200177
-0.08970818342541127
-0.09842133448696463
-0.09857231461244714
-0.07783783225463269
-0.047503792136080865
0.017264446070762378
0.11779618347788959
0.15431819568515334
0.12377163171005161
0.07568417292005888
-0.014539518610428116
-0.058955035408306614
-0.048774193187962556
-0.046762192501048724
-0.030809633316590448
-0.02030249252856057
-0.021842636552467116
-0.008331476320868966
0.01482972785823353
0.02348804990843017
0.01938072425256705
0.010209754466399679
-0.009270319552563772
-0.015963134667819588
-0.008240868452555046
-0.0014733413946189996
0.009928484872483065
0.014352904675881272
0.009552347438902022
0.0054726341310882935
-0.0011470817387084621
-0.002276035131481371
0.0037413802183808684
0.0104101906893778
0.020110626954561176
0.024431979696059678
0.022118834915204996
0.019213621100225585
0.013370597043841043
-0.005281522562405657
-0.03745808268545133
-0.0806059154388183
-0.13774932824016856
-0.14179272718504127
-0.08687086657544654
-0.007567653763209202
0.11459927402702287
0.16752873848192126
0.140783973108933
0.10407400270818859
0.028001065433459028
-0.02451403983464147
-0.04467159323144036
-0.08756128840993298
-0.13752302064945804
-0.1226760200971356
-0.04175085965448398
0.08341956568647875
0.27221180570314124
0.31469204842694337
0.19423170633097883
0.02821790998744992
-0.23879487876583477
-0.3451259603963732
-0.2632727592447661
-0.16538659190744134
0.01741092308647639
0.11075008956637972
0.08890253327313531
0.09286847951730388
0.07670420941342677
0.05941922812296465
0.05516724705826071
0.01767014495873407
-0.04653999932203887
