-0.04428446267318614
-0.01749597945842503
0.07860482234786371
-0.14451268099095874
0.1553472486306596
-0.13687527222230106
0.0814762327700745
0.03091320176149793
-0.06698887795903086
0.014343911841749383
-0.01748962394342434
0.08275496555998145
-0.09881946886199036
0.07351664081274419
-0.0574372402069426
0.031385788693408447
-0.04087668054316522
0.10322369957015537
-0.09856863276677319
0.02459591676723342
0.00866299163969827
0.0005719117216857264
-0.0021309230336609654
-0.01642171085293113
0.008489285877017066
0.04669381001446529
-0.05028275347127413
-0.026550424597784103
0.016588714907996953
0.08968214817272774
-0.10458922809650137
0.05466031374859952
0.007867632567186079
-0.10392325344005211
0.11428919278219725
-0.047254156728379945
0.007181602978632895
0.02388455172617325
-0.02183178873798075
-0.03547306724621344
0.03506893697906249
0.05237285607460142
-0.051420579593162125
-0.06483078916137215
0.07554308460851317
0.035236861382547974
-0.0573297076278624
-0.0033961031389030255
0.016396389746552956
-0.03402114328042013
-0.0074824019300438645
0.20356190574374422
-0.16514210205489888
-0.19738311259435593
0.2264409095907379
0.12138324346276107
-0.1977925019236908
0.0016588112929802681
0.0722412198372566
-0.024771258458377327
-0.0009789171306996652
-0.018904721058321607
-0.011029532616904364
0.10615248412363033
-0.11367364063853146
0.042032440890376804
0.01712469327241231
-0.05170931884980291
0.0852467185012412
-0.1456481531318658
0.1245572757840714
-0.021774501133852292
-0.019111393942525423
0.02271096214960107
0.004366095089177625
-0.0819544257566175
0.08514782640898926
-0.010099304779341595
-0.018015297846113765
0.004756825560880345
0.0062108908361535224
0.013416655057458178
-0.02039762967895489
-0.04911602876790148
-0.05422397655404515
0.312356892407278
-0.43356756543081476
0.4761509355403395
-0.3557418369719191
0.12457247218619776
0.07546506337288933
-0.30187316323257124
0.29693084645380075
-0.10256984554683526
-0.0564843855496962
0.24487197535061905
-0.2774781364925486
0.07390036419377981
-0.08052792164761038
0.3893863056026738
-0.37159154633351926
-0.022533897726691385
0.13667374051215045
0.047410159236941245
-0.07706254093176383
-0.05985985747837026
0.10732500514575989
-0.06796208156022715
0.08068782141349806
-0.10199494402093592
0.1733864898362596
-0.3273088270416308
0.3230359136532513
-0.18873828870509524
0.0754088696898042
0.043713010509771846
-0.06902630286899171
0.0020623046035416065
0.028929071151613965
-0.021010746690645
0.019681524043208408
-0.03736839688050764
0.021876893111263215
0.027989140046201358
-0.04550309538947207
0.03611865466040622
-0.015284524576257135
-0.0035861150560002426
0.030752602551272656
-0.08591697208806964
0.07936714508329334
0.0002131281323160053
-0.029804414509398306
-0.009166013771351043
-0.003444766481774589
0.0859646578951832
-0.09190691200606847
0.015441046984269229
0.014452030522211667
0.01357125645442588
-0.01174375140123983
-0.04030282473961775
0.028926969530446784
0.047851415035833025
-0.06897627357317276
0.051618051415000255
-0.012136384951737675
-0.048273581973187624
0.07372848514173984
-0.08343583167113564
0.05526382191575833
0.014797976816291102
-0.03984596097546993
0.03344691318384183
-0.017488684296654337
-0.028174971016922068
0.025056603129964817
0.043576206570589755
-0.04279430963663011
-0.024983413098166835
0.05335346214045502
-0.05600981981807439
0.036033813752246825
0.009656682087044956
-0.026154205916324627
0.019541694693477992
-0.009315111483765121
-0.009061940070403911
0.012327985570069068
0.0024109834973771206
-0.004765396896424779
-0.0063485162380086295
0.00658290971041254
-0.000179969048357485
-0.008075849324032897
0.021938753358210508
-0.019941485659388646
0.005035280428226011
0.007239198673789127
-0.01866752613091726
0.02039821808716316
-0.01493002177449906
0.006744606757798286
0.0038669527432139013
-0.010010566160044533
0.013077153546387218
-0.011462769573816714
0.006809617111357541
-0.0017120145082253945
-0.006197490322843542
0.007369594762224401
-0.0008352978395973786
0.0006241321163485356
-0.005963103370058468
0.009566277572955782
-0.013025007790141397
0.013347954703110843
-0.008559723048139033
0.009076569837081525
-0.017108851692589248
0.01782304809163365
-0.008090895651260631
0.0068943226514940545
-0.018416900432923648
0.016430676340205327
0.001347264413960765
-0.005328331321020324
-0.0018507215458525047
0.005516564781280521
-0.012074381114827944
0.005388413553829078
0.01996772966140796
-0.024860505988028584
0.005491271086783078
-0.0026337171387923047
0.020077773393937667
-0.022182864600614433
0.005655735221175197
-0.0043894575459946595
0.014508653904281923
-0.01688157642789786
0.028884178166878494
-0.011986015140698757
-0.05553756823671581
0.05532868136349883
0.02359051682627081
-0.037498050897415015
-0.009705690252088808
0.032677330291322214
-0.04037496458883215
0.03312456944074995
-0.004046188571548438
-0.0023045404463712133
-0.021465008464413352
0.020299466511090214
0.010722882990272221
-0.015088168711881898
-0.0072281249982961765
0.018717448065386767
-0.014536850562398214
0.016366754934239773
-0.036401864359348564
0.026014814122472415
0.023015350135992062
-0.03281950213346884
0.002787905396745241
0.007477041060585423
-0.0012060636310663136
-0.003094653786895671
0.011799696298633623
-0.008305744002380043
-0.013916605529618199
0.013159285703253813
0.012720971590851643
-0.020780887376063917
0.011256291371968695
-0.007206974405427566
0.0076607995569278825
-0.0065637193725856064
0.006443524411843543
-0.0013019497625520683
-0.011181468955381772
0.015356460959771657
-0.009591452201798738
0.011826191012037308
-0.018269105584896344
0.021981053087481276
-0.03670945569980698
0.026123726832583388
0.025398719644345404
-0.024408117952831803
-0.03262592162837769
0.047416596818984524
-0.027302625534951237
0.005967131170776498
0.01646734333857351
-0.024431703372347034
0.030295986814796082
-0.01604953556454627
-0.029585960643227258
0.03318490794036915
0.006190245260821493
-0.018127016625238065
0.01124380002983345
0.0015406121482713275
-0.02798498806169544
0.026023725901292243
0.002265340399825084
-0.017171206722467275
0.024013436110217237
-0.019136400942313236
0.0025840301523958817
0.005644095714976463
-0.004326304407588723
0.0017421863733006334
-0.006305704353806734
-0.006145055025228633
0.03755699640462169
-0.0426146113748275
0.03675919201173713
-0.0156941456955342
-0.042084286235949286
0.038103444698253705
0.038573256669404865
-0.05173014625261498
0.009266664402858534
0.013391724697351448
-0.03195030187263102
0.013707256693829521
0.03943453730419223
-0.06175654389347024
0.063334111723139
-0.04162122483620734
-0.007075883346663292
0.04168187760168063
-0.042353573927561644
0.07381245464934019
-0.15930456125176762
0.15672499885263735
-0.06891797826930537
0.028915046613222924
-0.012896519171663226
0.02571205226150722
-0.09724761053190378
0.08392315976962039
0.037213729297627236
-0.0635606073357102
-0.02396314261839262
0.032240549507450984
0.04903548300768974
-0.058208787363203854
0.007142487066909245
0.030015138484777718
-0.06707655127964172
0.06018876961637566
-0.013752929175163551
-0.013829110366669036
0.03515015049539464
-0.03168137792305602
-0.004623730937781033
0.0052595823286298955
0.026670557179921443
-0.041909310710031254
0.051332319204887775
-0.04121565620836809
0.0032316067034770628
0.002825682078653514
0.028511153974798895
-0.035654484764519455
0.011847737963070386
-0.013305237751714874
0.03739249621226886
-0.041664376609116614
0.0451554751754594
-0.01753428483805778
-0.05438342373612449
0.06570949599132776
-0.011438687099469214
-0.016991412272784997
-0.005754074035517379
-0.017059806608123063
0.1225946632350379
-0.11280287243124587
-0.0316079758682132
0.06723955147777766
0.010679988827428547
-0.03570979760771002
0.0004269193105062054
0.0023798015532354483
0.02920889400297974
-0.028461171127593804
0.009844938656816153
0.02281653887687879
-0.08119248592927357
0.09176125217577012
-0.05257533911759942
0.03690403628127671
-0.03992895101424497
0.034290103434018365
-0.040417643986071075
0.013287706773111042
0.0691514643854895
-0.07495954839945779
-0.008929587119396905
0.030659086798726812
0.01961916717057181
-0.01871523371109556
-0.027499335335850632
0.047274881685726154
-0.061549841874179535
0.03622795151514668
0.04730170464920713
-0.06720709047279592
0.004795550264336007
-0.0064822585830013706
0.08766668525433488
-0.09886010072508106
0.027466266545684494
-0.005452041565547007
0.05287918158368156
-0.03716763830580413
-0.05041617572642862
0.0703931152875373
-0.032921186345463656
0.0018514952151157274
0.036475302023788014
-0.04387141182715106
0.006088517987571851
-0.014042037560964839
0.07193142109434138
-0.08607013930320598
0.06297271797670614
-0.03832853782115078
0.014485882905986739
0.003073090027246939
-0.01516087334630192
0.011423937818995988
-0.006192989595041278
-0.023260741703366238
0.07507435556872183
-0.08635350803790533
0.10164012084236865
-0.056210069840307283
-0.10694660017963326
0.09105243784914038
0.11264864096954763
-0.16827591523569985
0.11369973081448792
-0.028625875112606808
-0.10099259230798506
0.13735435328866014
-0.10237609514871386
0.05406169707547664
0.019600103463493418
-0.03531225729460899
0.005851973951175255
0.01846920023924714
-0.05561528205438842
0.0404965873327609
0.017562061792055245
-0.04448023265641827
0.07181137631913367
-0.029871103515316726
-0.08422555840222695
0.12095879700804248
-0.11519694440371005
0.06730182399798847
0.05996272841629152
-0.069981467143618
-0.0561854312164783
0.07646429263866468
0.01604508114533565
-0.053765950203977675
0.02044819729396471
-0.032940447611844975
0.10458068387450664
-0.10631003827478065
0.045667341486650456
-0.003218345784261635
-0.027452195953067065
0.03636145828824434
-0.02128396405244582
0.01120583420606771
-0.018618906311712737
0.0029384758711939046
0.05627027581411171
-0.06416727792777038
-0.016181377510999084
0.009275795388222888
0.12819770033338265
-0.11503998268661586
-0.06524956087344072
0.12396132445202222
-0.04766609923362039
0.021448201688047938
-0.08698829754420609
0.04831941601643931
0.12145396592832353
-0.14563014718146294
0.03483373998187628
0.034507156132791365
-0.06700876599620349
0.07759537005179079
-0.08176333751963842
0.061471544213683754
-0.0016491317930939497
-0.006056842566456161
-0.04314055477707464
0.05205946705410044
-0.021743787756546347
0.0013197085148493892
0.0004480804826991116
-0.014796806735588868
0.0469902288336023
-0.03993506300732109
0.016371014924182404
0.025423897575134066
-0.1146958620359788
0.11172066039678992
-0.008422721657436946
-0.02382572377459816
-0.01766476788656237
0.038555018319600336
-0.022221215834571123
0.04533771414935726
-0.11563960715408443
0.12994235727517764
-0.08911467357977729
0.05318784809926806
-0.044067638627678846
0.0028937240023480053
0.09815555078433263
-0.10662026603378963
8.649926596748791e-05
0.025936676720424715
0.05923881257767738
-0.04557764472774149
-0.09031195310662275
0.1172172938187831
-0.01907697548300622
-0.007552534464584546
-0.06278129394194047
0.053264501463567406
0.06157510822678477
-0.07706890196349492
-0.022481957698214438
0.04057359578093584
0.02990278828294
-0.04691264254096597
0.008161970359910932
0.005904053591975603
0.014565818956593918
-0.015659209747751143
-0.025617624997530918
0.010860095851008854
0.07925706024374264
-0.08832907523992989
0.011222315701999042
0.015841587351841793
0.009526034867402475
-0.015057025261460792
-0.004231908746421941
0.0030735932143434903
0.0176922697704659
-0.02331568412236848
0.026660866535836054
-0.014613986944568755
-0.03278585777064191
0.026716915752446797
0.047233615351058536
