-0.00668177469972263
-0.010676947288609892
-0.01559010778505017
-0.021495994374750062
-0.027728581941604855
-0.03450724537151335
-0.03890818067332692
-0.04057201419859665
-0.04103590809236544
-0.03944239795888267
-0.03732803578104791
-0.03477694558683896
-0.030241981217171893
-0.024003792479431612
-0.01843051565870555
-0.013495501335487296
-0.008210355147676077
-0.0031358708550585706
0.0035689273815885355
0.01205239796985483
0.020958436523775444
0.030723101492814774
0.0376463270651758
0.04122207642067024
0.04351425479707535
0.0434280126650095
0.04279525297336276
0.041736241028458576
0.03834168170038491
0.03294755657219847
0.02875452884789464
0.025753194328282637
0.022585027029658238
0.020018823110669378
0.015629032397176605
0.00922264022166326
0.0026173884034182728
-0.004755276020896525
-0.01020447881705105
-0.01327608294768318
-0.01565688756670318
-0.016532237815909956
-0.01704809779229437
-0.01731045270992885
-0.016006828304177594
-0.013346815045002862
-0.011984961990868147
-0.011950459465672414
-0.012077059406395526
-0.013016233553992384
-0.012845220002654027
-0.01141159742275055
-0.010198545740921027
-0.008761980311963772
-0.007543576698324486
-0.006744890879456132
-0.005832925604482376
-0.004971338743032874
-0.004241500474811981
-0.003604766209493184
-0.0031725249033153144
-0.002964573474022925
-0.002079229287190129
-0.00046446481736881466
0.00142728282901167
0.0038313402536690935
0.006198230316533859
0.008480987180858095
0.011150940743568746
0.014086386865109473
0.016006682584361786
0.016840756107842924
0.017105822087539222
0.01644946333985775
0.015720964768010524
0.014948680561884838
0.013393187113705945
0.011216758929559778
0.009150911938221847
0.007157214545993208
0.004980251923539441
0.0027846421276882596
-7.43039860299806e-05
-0.003642529974695971
-0.007474062123817698
-0.011722613466657617
-0.014767414965327486
-0.01640621884694783
-0.017517798342466598
-0.01762932181585498
-0.01757755812191023
-0.01741636502137554
-0.016301131797684835
-0.014388798644113986
-0.01301350233514535
-0.012167441018980131
-0.01129744925216769
-0.010723897980255004
-0.009425058312420034
-0.007322828259953341
-0.005180908866713051
-0.002761266460051933
-0.0009467903271828557
9.659562835886038e-05
0.0009603152030555444
0.0013737039119713597
0.0016742075033308972
0.0019005919928504003
0.001638572434061079
0.0009498977873361882
0.0007661150518561137
0.0011038059860335758
0.0015470437599241695
0.0023268322463744014
0.002783939656019903
0.0028662567680075076
0.0030899871413727982
0.003304101241888895
0.003606495343458583
0.004063628535873799
0.0045202884547015775
0.005018938251504308
0.005622169166857413
0.006320125458758031
0.007122592193247637
0.00804448039566835
0.00881333131973757
0.009411898281073338
0.009984061715108909
0.010458992178329655
0.010997812485918168
0.011616309869672221
0.012175398369528547
0.012711740363153774
0.012831572405014442
0.012476953457415873
0.011857151335624394
0.010851803720730196
0.009653379804798157
0.008269127727249203
0.006490412218806004
0.0043483882392915795
0.0021842690452160167
-7.292974206256353e-06
-0.002378198935820018
-0.004849910380827338
-0.007689112295956397
-0.010921351907846176
-0.014354762124575647
-0.01805541935772225
-0.02057506405486649
-0.021749621547107512
-0.02230918192533352
-0.021831778990363985
-0.021110740146266925
-0.020184477236282278
-0.018272935369959893
-0.015521034511785048
-0.013053356801121458
-0.01085108767796659
-0.008451480672847437
-0.006118550435404809
-0.0029629027124413176
0.001087207712947136
0.005383549961431668
0.010137859116909865
0.013456529687806845
0.015086728452976763
0.016077329898564183
0.01587023477203577
0.015414736578349115
0.014773070989565089
0.012965246413339553
0.01016671362599555
0.007998127670111148
0.006454114815723567
0.004851252887762961
0.0035791774717781662
0.0014073922351751538
-0.0017606456326218548
-0.005002520267510518
-0.008605868238353775
-0.010988339863149956
-0.011896596312604967
-0.01228670629806334
-0.011681601578350263
-0.010785538461149212
-0.009655668105438423
-0.007505791561658945
-0.004463343914067577
-0.002027988498138712
-0.0002086833701165001
0.0016499276071995244
0.0031833214657544353
0.005494671724876191
0.008673199827585704
0.011878014031611204
0.01536637784416896
0.017680743395656628
0.01858584506080255
0.018954867618084025
0.018346158332260745
0.01740869323061887
0.0161916949333281
0.01396692121980614
0.010849360822217873
0.008220422541434333
0.006085699548032058
0.00383757321583153
0.001809790328239851
-0.0010189806377780353
-0.004733842853799797
-0.008561173048959167
-0.012741249746734172
-0.01570134804270477
-0.017203355075049633
-0.018163599422070065
-0.018110129744484026
-0.017776312704964093
-0.017214758104671178
-0.015628760282516786
-0.013150490451539917
-0.011222750656429688
-0.009848188797511086
-0.008401101857765082
-0.007229721037799763
-0.0052581966961232525
-0.002398862558833099
0.0005357514700626981
0.003798019901692043
0.006220401614811936
0.007602584089214126
0.008680319854786385
0.009098935257278947
0.00935052038678881
0.009480782142286733
0.008921210738763518
0.007761188876983308
0.007165302779358815
0.007146904614441574
0.007192294400997673
0.007587263658392493
0.007489698054408142
0.006832314247616742
0.006264929772079034
0.005592792502935574
0.004847072932631451
0.004099237699080804
0.0031913366454615322
0.00214766355302011
0.0010963271756817988
2.331474774201555e-05
-0.0011123759084185859
-0.0022858749664021183
-0.0037769136055374724
-0.0056122562426434855
-0.007641176325204942
-0.009940810416281708
-0.012365923199517815
-0.01490447579415431
-0.017696136590910065
-0.020711191282875897
-0.02254470468933513
-0.02307377377313306
-0.022938549091960657
-0.02173904468035651
-0.02031791276068642
-0.018707822989677617
-0.016125792147433666
-0.012728022140320322
-0.009469110270957318
-0.006318093424019724
-0.002903055126820356
0.0005567712238733998
0.004852982597987274
0.01004785765348813
0.015579450258373394
0.021637582601586568
0.025923883264271197
0.028155145944344397
0.029554795250754134
0.02945073572841311
0.029044799993269897
0.028407807390885116
0.026330589482091306
0.02303555592421496
0.020397437911485558
0.018399853134746007
0.016263590436771943
0.014435635438693918
0.011468263111614325
0.007247881831087864
0.002848321345211535
-0.002070538846228907
-0.0056726489181809425
-0.007666766629025009
-0.009169306331840434
-0.00962927847904045
-0.009866441606236615
-0.009950947073467891
-0.008973759759998139
-0.007086110665454372
-0.006031087170099751
-0.005822388467847596
-0.005703195034252991
-0.006099722458309308
-0.0057357469468590945
-0.004511153795198731
-0.0034046970291701922
-0.002121347246501916
-0.0014224519043284922
-0.001488278287595082
-0.001745309059283993
-0.002437489437847475
-0.003349024544697061
-0.004444117964842636
-0.006054925534936252
-0.008145860906206599
-0.009786472080942374
-0.010952291461050926
-0.012077586838851186
-0.01293025553798706
-0.014147652577156139
-0.015783794893595965
-0.01733255293075134
-0.018940889058526107
-0.019827316783969533
-0.019855610307079823
-0.01949762684359007
-0.018511610619921025
-0.017229706160601595
-0.015674420948765384
-0.013455669755166043
-0.010628261237911133
-0.007957123422445506
-0.005443775269611465
-0.0027426146096595667
-3.619802138172374e-05
0.0032426505232781896
0.007145146163937492
0.011246289841222945
0.015682374245495508
0.019112330072524598
0.021358894884955803
0.023154178196092244
0.02410222230691589
0.02488382570251844
0.0255406112474231
0.0253725927556641
0.024504368671608552
0.024079230810644045
0.024091326224830924
0.02405783602954992
0.024252418902959698
0.023802166570612144
0.022637492246471765
0.021409520571282366
0.01991311716937261
0.018424791751544635
0.017035603738482587
0.01546084695675276
0.013791340241700846
0.012008833887307838
0.010087508029892018
0.008116480676697667
0.006089253292908223
0.003546955095031113
0.00046247836964590454
-0.002949421580998407
-0.006811220322430628
-0.010841160917098244
-0.015021051091514975
-0.019597136718489675
-0.02451092332789417
-0.028057354239329212
-0.030095857207383912
-0.03138786056917959
-0.03145020569728289
-0.031325875299774285
-0.03105395742170544
-0.029676731771155342
-0.027388488843281315
-0.025326553452835212
-0.023451734434523863
-0.02132680030130929
-0.019212618917748923
-0.016159294182687554
-0.012093284252838265
-0.007687285654674626
-0.002713927149050919
0.0011121612609403379
0.003558700652813232
0.00560564016031102
0.006750472763643245
0.007838198900542312
0.008933620996772293
0.009163040524771446
0.008687591556114031
0.009006226300205653
0.010122836986148426
0.01140996592888601
0.013233469035733617
0.014473684167033606
0.015048051956516576
0.015809661086455016
0.01650173547608498
0.0168123087546379
0.016798516382313118
0.016417760270497038
0.015598850230352491
0.014715034096451605
0.013754798154250238
0.012467214728146422
0.010921397948424286
0.009015563425608499
0.00670767848520348
0.004086734635843388
0.0011125240566386928
-0.002240206383098364
-0.005973938308463593
-0.01011807049374143
-0.014685983363523432
-0.01781252078324194
-0.01932169819089799
-0.020105139246777055
-0.01963125037086248
-0.018988135324182535
-0.01822682394962645
-0.01632494631967113
-0.013487388313699196
-0.011047048975923537
-0.008973310663994148
-0.006742764904453763
-0.0046676910057230955
-0.0016708607175822893
0.0023288512001730845
0.006551114244395067
0.011249927506030932
0.014365962036002803
0.01561677744419708
0.01616010006889788
0.015387568696156912
0.014312162725250184
0.013003203698001564
0.01040337819530249
0.00669978628067217
0.0036745282864738263
0.0013241112324972896
-0.0011065971214762487
-0.003188410476877269
-0.006267794488751621
-0.010450716828579034
-0.014725180956511798
-0.019405715440568953
-0.022631823884506665
-0.024112159872369133
-0.024952642696022532
-0.02459310287126504
-0.023876925580024643
-0.022868507359913543
-0.020635810570928816
-0.01733062692320817
-0.01468777773766683
-0.012713708817360116
-0.010651798532252281
-0.008921851209829282
-0.006238863031996222
-0.0024978808984717775
0.0013268746834884991
0.005536419037334352
0.00913430895135576
0.011920987639522752
0.01458822194560229
0.01682751245262194
0.018997189140513186
0.021143211894378466
0.022806201121000853
0.024051489556147783
0.025986200774650036
0.028634704091162613
0.03149810678373787
0.034852769844228214
0.037925644382940674
0.0406558412385008
0.04365428220653693
0.046744813690064925
0.048181600572025717
0.047853181736991775
0.04644912075565687
0.04347860460713757
0.04008256910935566
0.03628698334141341
0.031074966285279934
0.024654383562428134
0.018038361162127335
0.011165454305386964
0.003661202003883146
-0.004254001341773187
-0.013486712550211031
-0.024112497603866107
-0.035520407364055685
-0.04793501816427986
-0.05692139141340728
-0.06198307654795477
-0.06537736012209054
-0.06581873195929915
-0.06573548664393512
-0.06525526686308838
-0.06200158622995506
-0.056425203061403806
-0.05196546598911037
-0.048572182232459286
-0.044841908983044465
-0.041587843170684854
-0.03610418630911509
-0.028179914556311043
-0.019800452968564117
-0.010327604047461062
-0.0030358731502850298
0.0015540030381662828
0.005460840197097718
0.007705532162102118
0.009740200575212545
0.011698697114037433
0.011972122863359714
0.010833834523875652
0.011420908776908385
0.01376663617069336
0.016515525257580394
0.02044030302672658
0.023261470383966032
0.02480610366305875
0.02683656593537736
0.028831245114260773
0.030178302938229186
0.031004072680873605
0.031214945924737548
0.030677580557408837
0.030147193821127367
0.029605004087454943
0.028556457286663766
0.02714581894694256
0.025132729760145384
0.022435025761973076
0.019256587727821548
0.015510699442483037
0.01117679416804103
0.006256754831574353
0.0006745979856684025
-0.005586186329973578
