-0.15372113518755803
0.5524799198209319
-0.7978469316070322
1.351133888368446
-1.0027373278305938
-0.7640418356336642
0.8642345822715466
1.0162538239942647
-1.285704150546983
-0.1657797475443915
0.7062123087962232
-0.1707786335755173
0.23249136553094502
-1.0029972102996259
1.0037925677024393
-0.5473112457401645
0.011249855019108218
1.0477134962080974
-0.7767876789831762
-0.9599812331108832
1.6520710661131617
-1.1521148849287148
1.1389358010871615
-1.7670721846859851
1.5369289109622983
-0.7241679582252611
-0.0612490545854438
1.2446046238958204
-1.2419018735268361
-0.1804737640282339
0.46629331313179107
0.47008806997289876
-0.6522135502212161
0.281917235194251
-0.07532168246382648
-0.5560315786932666
0.025021489395565713
2.0635400104485657
-2.189832049114757
0.5913863609957579
0.4693993497197381
-1.2777189584705848
1.2282686922743364
-0.37789566541548136
-0.13100339347125373
0.4209139027306471
-0.49329740655696336
0.14106082004784104
-0.1789045792816292
0.8618652899493169
-0.6403629758314923
-0.5157148991543162
1.077578946261866
-0.9903165838359871
1.0007607249813004
-1.307369391387488
1.0345572092913777
-0.20048694176167306
-0.16346479055470137
0.30337285931801916
-0.047046750388112894
-0.6926061568680373
0.733249340563959
-0.47604009012882365
-0.06236276963089926
1.4184293601063809
-1.0869201021318113
-0.9778091381058565
1.835139661589256
-1.5973620801487698
1.2468155925344442
-0.9684110853002084
0.44930398097221663
0.45088014767767093
-0.6547949215987352
0.27715101763708494
0.011819631861501369
-0.2624179652164809
0.17073728622399315
0.02612750691959019
-0.5028290891144592
1.359570228412986
-1.4435513272905414
1.0028284487762829
-0.34271109547418654
-0.7177483293548595
1.0282962461736311
-0.6560295199089685
0.5647306864983265
-0.548083590773877
0.9150190641529234
-1.6401973788373094
1.86782010493123
-1.9585422929749994
1.4458534299219592
-0.06935064143087127
-0.17804872698994573
-0.6538181944766654
0.982218355423913
-0.9640253780635445
0.6763844836484294
-0.16165073146157116
-0.10308501170473532
0.31694954168043
-0.09520605331478736
-0.5362043970172089
0.7237502390272086
-0.8083715107868215
0.3863378949557849
0.9596045429736695
-1.0824147449380659
-0.40311863667353065
0.4625128084306019
1.0360565107915594
-1.297497880823349
0.581426478237909
0.10730249267701657
-0.9999574377655823
1.0656935944954586
-0.3330048923148674
-0.05177617079892562
0.1037016946356677
-0.10380511712145449
0.0959781459434612
0.05163112286696865
-0.38016337204902356
0.6427127012588225
-0.5868433114844691
0.913492305616169
-1.9215644377577275
1.8655718203990415
-0.635966368816599
0.1545559562732065
-0.4545952989372095
0.3783548922836748
0.10271265549444952
-0.42285634284012535
0.36736583494874675
-0.6642676938562703
1.4190945069420349
-1.3337904165271122
0.7251890688541593
0.18214013307420082
-1.4882374402254404
1.8901582393861622
-1.714164725405001
1.1954514865559933
0.05622563285200649
-0.23878477021511998
-1.0546021426892922
0.982060272944694
0.6726620471708995
-0.9539761124354864
0.015285384054734952
0.5795108083184787
-0.9621125331772971
0.8650728338000875
-0.4523037081451976
-0.006788759011444982
0.7271491681908223
-0.8219261793530774
0.07805456871256441
0.03394372759991943
0.8102789872365875
-0.7039790209156347
-0.6598840094084621
0.8228523648664319
0.33574100217559555
-0.5423134329271175
0.0003806560474666487
0.3938279811318291
-0.9225897830698719
0.5962019442371771
0.46387735299029303
-1.0816672596083765
1.5889545564473881
-1.3210493054003747
0.21187239646359796
0.1433551340338192
0.0392001717639704
-0.3589499317330018
0.9347782845390631
-0.8718711024110546
0.3543390710793019
0.2491574212617721
-0.8845260018754463
1.0563151770986827
-1.2814267534395005
0.5716955199442213
1.518268097291215
-1.9061972035624926
0.43265898226836885
-0.1764413506696546
0.9039968472566411
-1.313635148510844
1.889994238647732
-1.3203048852631785
-0.5568829366146937
1.1909199635555614
-0.6734168889536649
0.30494204801079783
-0.22958033046634088
0.08181618883795179
0.6127392299933472
-0.3360580014729264
-1.4793220598493537
1.4806921531490622
0.6158587765957155
-0.9473658368324414
-0.26908812707021446
0.9901884076288122
-1.56177318088112
1.2665580974397508
-0.047212745610387796
-0.46706853306584134
0.38510828687847454
-0.309613907584511
0.10492030584339557
-0.20297715558098967
0.6667337341374622
-0.6983870418221374
0.47061534896910645
-0.18462195909407403
-0.37482494440159253
0.21161322945850553
0.5672560067795152
-1.0074269439435752
1.3520433707846602
-1.0852849836313785
0.14994071322453228
0.29163919556123524
-0.18392464693567806
0.2469539936581346
-0.6195066664899551
0.5624081960540775
-0.04777324131035901
-0.06936453943557286
-0.009461269893914132
0.20717672849067348
-0.9734202246617348
0.790826528219958
0.8637695980985386
-0.8142444844002276
-1.2122481084523788
1.6191517131190887
-0.49297250967753836
-0.03305141848258756
0.07126159703577957
0.1401030391770412
-0.5550209272373205
0.9785431076835727
-1.2619190016039439
1.5689878456708612
-2.179894768710871
1.9488170583140094
-0.7949341130098418
0.29494912655944977
-0.48243921948975593
0.43252329505930065
-0.08832668196832333
0.030516444906741658
-0.2199661899210871
0.2929025825639884
-0.41879363774795936
0.29144888433899074
0.35820381543386176
-0.29871432400620246
-0.6597793639431886
0.6941560718269904
0.028127274130614333
-0.4063212885742177
1.0275333053228592
-0.6171606983876076
-1.5025276898415973
1.4568352988526252
1.1253643978811914
-1.6546294485820598
0.13517467733761146
0.395194174839901
-0.19080226379575696
-0.11544332756180146
0.8335079788201152
-0.6710400323004202
-0.44051806801427973
0.7665789686521045
-0.41302189818655277
0.03537485846052024
0.30799593945326886
-0.5812866844298795
0.8917757636130309
-0.7981520109319126
0.4749022631997744
-0.1527623110729625
-0.42018274159807023
0.18781317608202236
0.804697112958012
-1.3634421491945241
1.4952265829953106
-1.4203776617020318
1.3993739217958918
-0.8743417786813896
-0.3246873797718241
0.7312336654425593
-0.2768815773739709
0.22500201786068563
-0.6899902842191096
0.7434471247984762
-0.318742634923013
0.3318865048576611
-0.5829152258325456
0.8706115757223799
-1.4040717548235113
1.0738603040904706
-0.1615304024388124
-0.6749962371380998
1.9137395656976097
-1.885085849475532
0.20331605861678193
0.07831103130816681
1.316423707763061
-1.3361962064321853
-0.038940476980083516
0.653099308305019
-0.5836942644475603
0.5562772511754381
-0.4407554844527565
0.5028956128081599
-0.7930872818473454
0.5786943677072214
-0.28340094880006816
-0.43127368925993037
2.0178611627728675
-1.8909834364248908
0.25040396292967215
0.6692072084445002
-1.359900069570228
0.9424287115134531
0.6602152337126006
-1.1470750007465977
0.9417936283620324
-0.39778672983783414
-1.0715665533385623
0.9736785612136467
1.1713837930768443
-1.4237069130079751
-0.45224988918800774
0.8324619131518248
0.3356510840309318
-0.8014047550661447
0.4189663984134973
-0.44459924553819286
1.1987833428305856
-1.0960575575761278
-0.142424278948513
0.2349456555031855
0.8652409528662999
-1.205806720787396
0.9545686705475156
-0.6685473775427578
0.2524524589203575
-0.333029847338253
0.6685304585310984
-1.1398155249572057
1.997355739378262
-1.9250759831070405
0.860612895545065
-0.26942793376540114
0.3710243904118923
-0.00858776600364694
-1.1143296450361564
1.2204478202514202
-0.12054239539843137
-0.09964671264311617
-0.5982621191923447
0.679134243874953
-0.25522429220050696
-0.21352724620611713
0.6564422732065506
-0.9441492000887803
1.3313641686596676
-1.0992099592342142
0.22985204044552898
0.023778493524150304
0.05876895201365413
-0.5076554843189937
1.4134974772126185
-1.5528767754948338
1.1240841845860388
-0.5000278058854972
-0.34615498120358545
0.7850307673944075
-0.8487039835851564
0.7820037405975151
-0.6851192318129236
0.37480268805098044
0.12271226742678715
-0.40146559848615804
0.6761984098581394
-0.6023624094628031
-0.041663025241884755
-0.08952270334839788
0.9720477206865328
-1.3202614954876473
1.4480303449128733
-1.1741823640614952
0.07078603851739046
-0.15400993677443958
1.6535947132905067
-1.8430884604256108
0.6991057210856746
-0.0815449133247102
0.024677596067010463
0.3230904854680733
-0.8596090308599265
1.358578633012146
-1.8170107722133277
1.9338057349741413
-1.8693294000128235
1.3508633238276115
-0.6632744013404527
0.00526323880310027
1.2713012511258412
-1.0018018444030492
-1.3872408382397747
1.6792910882349525
0.43611878211746624
-0.7443599064082008
-0.7843052942841083
1.4582220076482642
-1.1555835299145063
1.1835059711538893
-1.7443839110769002
1.4648748842329453
-0.6441846200076242
0.012647991245210183
1.1237121560270453
-0.6159229246310356
-1.8955035623026149
2.40976730905388
-0.9913123819477274
0.25791887574117134
-0.2017159242498312
0.1363433987436098
0.10848748101292324
0.034553800220511036
-0.5791351721213016
0.6326001433313445
-0.5019065365044881
-0.011430786586044343
1.2073235193671015
-1.31824328794245
0.2957148917944248
0.02375341408277916
0.22766616366827397
-0.46640205172722693
0.7294469334258682
-0.65364769423067
0.4291666518202493
0.04614309233142064
-0.8898250502514103
1.1628596860278158
-0.776131379167762
0.6387418777317856
-0.9638795348699543
0.6913226150467968
0.3232186985653201
-0.6460884232555791
0.2309008362324283
-0.1981836154169993
0.6292764320980624
-0.8542930504159834
0.43729546620093523
-0.7017341395044173
2.2428779785162565
-1.8268993170134287
-0.6291185897130857
1.5907113204617458
-1.4236972227997409
1.0413130146218084
-0.04591256985134301
0.20312797741282268
-1.5767141156572835
1.9162921134385191
-1.56999895193908
0.9451853159479295
0.3390622393002659
-0.45171824829925056
-0.8120326590564377
1.0004677096392685
-0.15899763144778795
-0.12562177975995276
0.16171565087699052
0.22485026605345174
-1.2307261775796643
1.269623482657087
-0.49202683540588477
-0.08383703532922374
0.7133902252906514
-0.7719915910032091
-0.08804946217947227
0.09648279158174225
1.2041861543607177
-1.0391301307392733
-0.8489753379096396
1.3185848632077812
-0.19732605712794232
-0.13107933372800265
-0.5464745738627618
0.27129567980474323
0.7261693555113695
-1.3484385095858185
2.134998858087276
-1.603809183083864
-0.4431079148912107
1.1628904840392675
-0.4064797977510095
0.13679323835372087
-0.887526076931424
0.41783453965251166
1.846290519593825
-2.092859456226328
-0.14691806061951718
0.5397586020029737
1.289190393189715
-1.3066399384330027
-0.4075242014494644
1.1334264625190424
-1.2867608083706945
0.7873037379894631
0.6798859791670075
-1.0152821963524568
-0.08897222536447341
0.1742495944287385
1.1160955382931903
-1.0863786835907234
-0.42774387180122264
0.8381964709654112
-0.11710228014263555
-0.15326399118416617
-0.08006874603622485
-0.0159599139698015
0.16057445620997043
-0.3059604700974303
1.2094967980087359
-0.4241761750313521
-2.5032694008038394
3.039590490370209
-1.2908120021123768
0.33528861567746165
-0.06887581578982888
