0.007328177389363848
0.00800946054709801
0.00870224309959136
0.009404726410164238
0.010140588033825003
0.010903426486631793
0.011459650511277248
0.011788129626567969
0.011993734448568877
0.012009336241864302
0.011974652797325317
0.01189424863778133
0.011637059059598212
0.011228332483271687
0.010827383579314533
0.01042842631139419
0.009968234587392598
0.00948288718846708
0.008839127844570352
0.008025801245370816
0.0071363680741599505
0.006138336006291378
0.005200067791031362
0.004346086392890613
0.0034716906854319837
0.00262586062205222
0.0017301167770462005
0.0007760507709481735
-0.00015392998666193008
-0.0010759176283308915
-0.00214992939543581
-0.003378866080035844
-0.004696283643102718
-0.006142660068832455
-0.007603643649478541
-0.00907203016316178
-0.01063863139581804
-0.012278445348297869
-0.013554279214526828
-0.014432035316668848
-0.015098956494832493
-0.01543098329306929
-0.015701132966330394
-0.01591774959241482
-0.015831697417807447
-0.015493030304403991
-0.015183420165914095
-0.014890849871699719
-0.01450731379588565
-0.0140962187644707
-0.013417166154969075
-0.012450700587559363
-0.011364067475300818
-0.010098813899232425
-0.00898675672806333
-0.008074769503318466
-0.007160962330214862
-0.00634175182337176
-0.005459406186637054
-0.004498157965435986
-0.003622072505902872
-0.0027991988668756972
-0.0017224414150495207
-0.0003873013180989793
0.0010790241152782121
0.0027536904839825936
0.004414935104878735
0.006048434151997205
0.00782878970697482
0.009707096991599214
0.011194397287117689
0.012260827433406342
0.013101007246952961
0.013578419623553465
0.01401611055511976
0.014422734411019746
0.014513395508760008
0.014348115643632404
0.014215576762472822
0.014100143522896806
0.013896935820916195
0.013670045102313944
0.013164479235437343
0.012360382176795566
0.011432363654669117
0.010318434835646309
0.009416678273462877
0.008780820680165271
0.00817492714980611
0.007714259056461914
0.007204409356575814
0.006627340950893821
0.0061822474672797705
0.005830070136610477
0.005214317868993533
0.00433111100547776
0.0033271384449861463
0.0021134100058881177
0.0009503939324874781
-0.00014485111890031176
-0.001375658957510456
-0.002684200809782664
-0.0037694064395424956
-0.0046236028902806705
-0.005346939004617863
-0.005858165896876069
-0.006379291327612995
-0.00691459033947781
-0.007280288601711124
-0.007518496137127143
-0.007772413340996867
-0.008029401461991166
-0.008245536147218232
-0.008451226392372503
-0.008507417734827683
-0.008404227838777322
-0.008232792635894338
-0.007959217961910663
-0.007865075205180724
-0.007985146465062914
-0.00816012990748638
-0.008470953669256648
-0.008773485146745568
-0.009055922851317899
-0.009462036886497622
-0.009963154516629916
-0.010321626639215488
-0.010536457166166921
-0.010704013186878447
-0.010765610332938836
-0.010898548855382533
-0.011114616739197065
-0.011277379350616751
-0.011426591324151051
-0.01148438836496576
-0.01142766937588384
-0.01132120098470884
-0.01113844384906792
-0.010891240698190826
-0.010582793894782797
-0.010182086304489623
-0.009689855562124814
-0.00921117488695805
-0.008748720019131248
-0.008250464104999628
-0.007742109713877519
-0.007152377913993024
-0.006474108184442259
-0.005763116175707005
-0.005002234992764531
-0.004191815025751361
-0.003337441541114622
-0.0024258767625321147
-0.0014582522557439312
-0.0004457986338068994
0.0006131421405091913
0.0017233440754632363
0.002883039316883116
0.004117452160633149
0.0054295872186221365
0.006806619125062576
0.00825594140760986
0.00976541609509061
0.011334548258446944
0.012976201578476008
0.014688350402892632
0.0160340277368996
0.016970689146484513
0.01770197774101563
0.018101825012455146
0.018424547346787622
0.018679633670145097
0.018625122710060397
0.018307117339892282
0.018035169550106055
0.01779994536297429
0.017477124533700615
0.01713761007068965
0.016526997436634407
0.015624208255667328
0.014609791774329087
0.013422151677285402
0.01236121942391816
0.011472453960169555
0.010566849387955456
0.00973224573932191
0.008832396367930545
0.007852405732698345
0.006938063112735218
0.006061670784538996
0.00493303768596745
0.003546740115976919
0.0020245203403445886
0.00029307514203442974
-0.001440865594395796
-0.0031639022187878304
-0.005040156937210806
-0.007024216379628304
-0.008600510734650646
-0.009735529427752418
-0.010639012320031511
-0.011166608323518465
-0.011654302310001223
-0.012111689438678522
-0.012240335882952069
-0.012102678538424045
-0.012010215923101435
-0.011947281289086974
-0.011799358590550077
-0.011636046034882164
-0.0111851558336133
-0.010425496061443594
-0.009544633412086681
-0.008476576715655411
-0.007631526393834783
-0.007065749833063522
-0.006534654566157859
-0.006157277669076346
-0.005735134683848997
-0.005249608611185782
-0.004905362901121272
-0.004662600073261918
-0.004151045484031132
-0.003366488298901216
-0.002461877252505706
-0.001344774104240003
-0.00028519382529462804
0.0006990466873375975
0.0018188576479970281
0.0030142361905607855
0.003951709815800648
0.0046211224837293605
0.005136211196911516
0.005406513062694427
0.005674339190468864
0.005944499880721167
0.006014669566582416
0.005930630064138621
0.005855843542623802
0.00577666760245416
0.005641389239995832
0.0054849004407503624
0.005150571001645591
0.0046270335684963524
0.004017469138484725
0.003283648493602078
0.0027313639163670197
0.002398731340449577
0.0021115991537990417
0.00195786862966595
0.00178174692048437
0.0015701938387781148
0.00147891786133764
0.0014768159374397803
0.0013037344876741777
0.0009582694600986364
0.0005459803864732118
2.466815918527335e-06
-0.0004788540928560334
-0.0008852336099495142
-0.0013659421497532072
-0.0018777366923880831
-0.0022732396566647658
-0.0025539373817561567
-0.002757987035712743
-0.002846800607414297
-0.0029406934047160774
-0.0030408220869498127
-0.003052590545420644
-0.0029989232618198385
-0.0029318266491333393
-0.002843225118737102
-0.0027218824848324855
-0.002577690987296952
-0.002351430736209627
-0.0020391221374825522
-0.0016766365698505897
-0.0012492265559666605
-0.0009154989613017727
-0.0006932557591523248
-0.000495842500647566
-0.0003683409499584982
-0.00022593792690917317
-6.210701915014472e-05
4.095052863005015e-05
0.0001002321483682346
0.00024345466062196018
0.00047068175635939913
0.0007312761064233179
0.0010566983818100669
0.0013503982191573284
0.0016061678410813178
0.0018979068333511988
0.002204023375063885
0.0024291718848009694
0.0025716844471662535
0.0026607237579106295
0.0026705801997790064
0.0026736009510323648
0.002670680049686036
0.0026024726523313103
0.0024825079775273855
0.002352831601656379
0.0022088684229006183
0.0020382263566811514
0.001849446564680886
0.0015996793033468668
0.001285695938611664
0.0009346678181179492
0.0005359137851870578
0.00018491508881840038
-0.00010711261725243802
-0.00039376378803451464
-0.0006478446869379061
-0.0009193894272022917
-0.0012125685515294896
-0.0014784204478089753
-0.001727079456911058
-0.0020381604932903996
-0.0024120849727747914
-0.002817100299941637
-0.003272995389094297
-0.0037204223234653696
-0.0041556639104773615
-0.004624642151711694
-0.005114213057910259
-0.00548214389122979
-0.00571901891626714
-0.005882084923876403
-0.005931329911736002
-0.005959411265820059
-0.005968684262513958
-0.005876499651313394
-0.005699865169974786
-0.005524636862838177
-0.00534625786295673
-0.005132826055050009
-0.004903343967565022
-0.004582332830667283
-0.004163695600305307
-0.0036990460327826664
-0.0031699040158624263
-0.00269204433777717
-0.0022810533981123945
-0.00186785540340248
-0.001485881716528975
-0.0010785282155150097
-0.0006403605152180534
-0.00022916592077632628
0.00016655978088931235
0.0006512909409685466
0.001226369529393362
0.0018489824715880725
0.0025453471718547855
0.003239511811856778
0.003926653791674983
0.004666404264550993
0.005442034301852112
0.006056029269937624
0.006495036372480403
0.006839772154785775
0.007034710460599439
0.007207673629216617
0.007362195971015984
0.007384063334350387
0.0072968652728595
0.007221224433367334
0.007151109202853259
0.007041660211649409
0.006919768164090417
0.006680219149849287
0.006314648930524125
0.005895468316941302
0.00539705996196242
0.004976892947720061
0.004656508908112747
0.004341702947120505
0.004078093070757809
0.0037893759168621207
0.0034682591843432043
0.003193216703755848
0.002948844237973226
0.002592469840171343
0.002122317469344839
0.0015971645118903423
0.0009812864084531433
0.00037844388532666827
-0.00020463850858121844
-0.0008492690027702237
-0.0015324955620643153
-0.0020742080445951896
-0.002465293915084274
-0.0027739277456143713
-0.0029503105708633373
-0.003117530561599894
-0.0032785752150867823
-0.003327004342752134
-0.0032858302207038957
-0.003255294348541655
-0.003229095284561403
-0.00317223096596093
-0.0031067045669436223
-0.0029417333528560775
-0.00267040587129021
-0.002354148890559742
-0.0019708695470759888
-0.0016738706359017504
-0.0014832582962866889
-0.0013095226423637642
-0.0011969387367309066
-0.0010694369887416493
-0.0009202352576925072
-0.000826557920257515
-0.0007731669448791348
-0.0006253571356317443
-0.0003819399749752354
-9.80785783699545e-05
0.00025974435701071554
0.0005924633933959784
0.0008935660315263101
0.0012400470060883481
0.0016098478262623356
0.0018735010821887836
0.002026415391488924
0.002113547600714586
0.0020995457849780166
0.0020772096148298272
0.002048338505823371
0.0019347057823691403
0.0017537116870059806
0.0015705811777562558
0.001380073661591746
0.0011608946040996104
0.0009269746143976913
0.0006164101497952441
0.00022455527412294077
-0.00020774245753428172
-0.0006956659852270288
-0.001121590334719442
-0.0014708138811499346
-0.0018107584107328529
-0.00210765584433972
-0.002421335625016517
-0.0027569484458845857
-0.0030547486828069992
-0.0033267671502166416
-0.0036738355374794592
-0.004096658388642506
-0.004554397649165578
-0.005072112069535442
-0.005575151195639696
-0.006058690696901891
-0.006580590629114618
-0.0071242508157736565
-0.0075238760666995665
-0.007768954657161145
-0.007925275222899781
-0.007946306107127475
-0.00794100875107545
-0.007912045840803334
-0.007762708778537805
-0.00751301069980997
-0.007261220197162723
-0.00700183930695443
-0.006698674315898629
-0.006373372164187802
-0.005938863680684686
-0.0053881189051326875
-0.00478040555341505
-0.0040943670806268965
-0.0034658938558368934
-0.0029131081043326473
-0.0023551527583302637
-0.001831207621935575
-0.001274503435708362
-0.0006786472543812567
-0.00011155132811976239
0.00044038236446265804
0.0010992694298087007
0.0018666635093398717
0.0026926507615190063
0.003607887262344091
0.004523535787052289
0.005433995242498007
0.0064090227263976585
0.007429074377343295
0.008238693819361327
0.008819765678231608
0.009278155380573444
0.009541813338861142
0.00977426650266727
0.009980141556467538
0.01001233799184633
0.009900946807917059
0.009804645305523595
0.009715844765915244
0.009574898362682587
0.00941726899372374
0.00910545233718074
0.008628426469076097
0.008081101112137126
0.007429988258747597
0.006876157350860902
0.006447342963141576
0.006022649969752839
0.0056603592651313225
0.005263512547361723
0.004822705516992174
0.0044379134429062515
0.004089524641137127
0.003594213642791414
0.0029495592973973806
0.002231167639980712
0.0013930719543820936
0.0005682897001920077
-0.000234589851427536
-0.0011199848052488035
-0.002058516085584756
-0.0028119053092256936
-0.0033677890278638735
-0.003817098260163976
-0.0040938967613856105
-0.004360325996116755
-0.0046204286513362326
-0.00473369983676082
-0.004730468634871509
-0.004744549541578931
-0.0047677552192979394
-0.004753148115042035
-0.004730188980395152
-0.004578227995849217
-0.0042880952813816086
-0.0039416520192366855
-0.003509578934716045
-0.003193378787156215
-0.003019630325509656
-0.0028705028507479934
-0.002804246887460046
-0.0027211747302299887
-0.0026123909422390806
-0.0025793261672508927
-0.0026020411090259656
-0.0025030888968734927
-0.0022808986081262325
-0.002008254513919867
-0.0016410196233619214
-0.0013096529929776974
-0.0010227710477885472
-0.0006790003158678676
-0.00030741468135385717
