0.001309939541151179
0.012648212881305793
0.017096672008895624
0.013713452213380974
0.00884779612268034
-0.00031482665310862137
-0.005036328651478395
-0.004283373478811915
-0.0046336583897591075
-0.003851267549218753
-0.003251181778420733
-0.003492596640017221
-0.002142069326076685
0.00040860770503484893
0.001670256261720678
0.0018160399554572018
0.001781189816619368
0.0010439084540857615
0.00048711379720382586
0.00017460568006396587
-0.0007375477639248651
-0.0020759629228628736
-0.0026983287141314574
-0.0026221657555468895
-0.002290279011846179
-0.001429576773529565
-4.7732211705249546e-05
0.0018851010729460077
0.0046184269322257976
0.00820535766815076
0.00787336509484314
0.0032329150033769513
-0.0033841424186800326
-0.01329732520545472
-0.014987465888769003
-0.007384729713546628
0.002876983204319597
0.018898138310501515
0.023235423107325813
0.014048510834174731
0.0022938853457147965
-0.016704619549072083
-0.02373987215809283
-0.01651060754053623
-0.008131311626475445
0.006537627831265214
0.013057100720241561
0.009296315750420002
0.006452713865323278
0.0006464564780679035
-0.002538058567765225
-0.0016933188770558466
-0.0026790467746613347
-0.003906376013220706
-0.0033710512909203914
-0.0015408748404918352
0.001899178960833007
0.007350486626658154
0.007774991758043943
0.0027440949230086776
-0.004038165158189406
-0.014392339174591255
-0.016443956766189767
-0.008988941819655117
0.0007868488678739892
0.016080327857366246
0.021822161609100037
0.016322608827405202
0.009486103591914164
-0.0027150288721134105
-0.007676590714490764
-0.00369553145778348
-0.00018031797809371316
0.006225099708240731
0.004290618100675293
-0.007788577675743526
-0.021939897363324908
-0.04136007212499518
-0.04338537660990408
-0.025322960564252234
-0.0006144367482667252
0.03710791195167902
0.05449637497223762
0.04810047625484141
0.03938301632707451
0.01951630423150167
0.004991571319380547
-0.0016617921803488878
-0.0158479300171276
-0.03348622047307958
-0.04041828063771155
-0.037067590885658704
-0.02708946168990159
-0.006939195545038447
0.004165960638215157
0.005223949623067726
0.008666038546430287
0.009968384062132487
0.012903518071698244
0.018723458382381833
0.022065246248497872
0.023941917573869938
0.019736125955508617
0.008102389201455475
-0.0081651556609527
-0.03079592984747394
-0.036260149923252764
-0.02239968528770052
-0.002043285589622155
0.03124551054235522
0.04479850799791195
0.0354218366107084
0.024325197238174168
0.0029951241128655104
-0.016579063901045618
-0.03221140227980409
-0.05683116020559875
-0.08754823244685696
-0.08414449733801646
-0.04436107104661406
0.014892327542039029
0.10458706912115469
0.13360585500352878
0.09418393223577122
0.03946647051938451
-0.05457988443836316
-0.09238338754125511
-0.0632511582761911
-0.03324413507147973
0.022661273268330173
0.04632494665624387
0.02798044224049209
0.016055857735384687
-0.0052050598511294175
-0.015429276470074093
-0.00835985006565386
-0.006509020086572196
-0.003630820874117258
-0.002320480491598472
-0.00531501296526667
-0.006271733207500677
-0.006540046041151025
-0.0059559537388137246
-0.0036174722548595385
-0.0007606763378019651
0.002985601468404773
0.009130152178247796
0.017734448296495238
0.02851145892715664
0.04190734420010995
0.041309880888130486
0.025185856002168647
0.0017797184833364833
-0.033577476620766024
-0.05455263460967608
-0.05885412312586744
-0.06324226891005462
-0.06095738276111989
-0.04927393537052399
-0.028655912706075138
0.0054047745838951815
0.05418362336892929
0.08101029759300829
0.08408196005826131
0.08253886778092151
0.06708694836506185
0.04279039132535703
0.0101601630527197
-0.04141681330841723
-0.11174736730159769
-0.12916033456120102
-0.08912428647466933
-0.026312811870277567
0.07841903019792551
0.11599919380122364
0.07659406323977348
0.028990442304833424
-0.0550794961658162
-0.08456657373766437
-0.04736249076011835
-0.010432682565996585
0.0504961701292867
0.07209961467981049
0.04346085744910818
0.014713241309248263
-0.03186998476866293
-0.05299769581608173
-0.04075199013246733
-0.030579232029359735
-0.010274207220099437
0.00237780978570666
0.002920363973427179
0.010084743298594245
0.018825807970193873
0.022656709575143957
0.023085876598181163
0.01919029411872216
0.009682096175913804
0.002676285711768916
-0.0019160955335707547
-0.009204083030420444
-0.017545366249394834
-0.019992892547126138
-0.016333307035676693
-0.008675155515590513
0.004912039920644771
0.011390564339953073
0.009937312392913981
0.008590965310075077
0.004138165890593761
0.0009922278683596598
-6.383597438806404e-06
-0.003609284944111103
-0.008735063281983015
-0.009145568334967734
-0.004877218251806266
0.0018771384295698992
0.01267203304669228
0.014855750906001726
0.007395347160073233
-0.002338054170542127
-0.01765513095882545
-0.021781517590188364
-0.01285697226255186
-0.0016545819410063755
0.016334588194354058
0.02258530388074855
0.014823513427896458
0.005683786790478821
-0.009823626012696887
-0.016012310900856107
-0.010671095951910686
-0.005471846424282981
0.00381934290279139
0.007525067503881361
0.003888961399207566
0.0010359188403672721
-0.003721496547469128
-0.005433254081145964
-0.0029224205677032718
-0.0007541384288561423
0.0025389659661326403
0.004505479304301346
0.0045025073107890345
0.004927819109034808
0.00504085756450142
0.006737436984940604
0.010433897772719455
0.014616316563121826
0.01986447220119218
0.01700304826062635
0.005012422538301024
-0.011292581040693398
-0.03454705628159205
-0.0346624103199881
-0.008739671480145466
0.02663882154740502
0.07974532296267575
0.0726190104420466
-0.002568697123375575
-0.10173377869665493
-0.24630933979429656
-0.2747205600287851
-0.17054447832286462
-0.029011460341317147
0.19381670067334203
0.3015110792608642
0.2729332815853352
0.23968834223285448
0.1501432406495324
0.07213764604573256
0.019180211354262115
-0.08477848025896097
-0.22319200254075247
-0.27425813011807354
-0.2367309736561858
-0.15682913816091448
-0.0036440628737362704
0.07752092363215232
0.0764198158632322
0.08995123281552597
0.08287546127853525
0.07532206730097395
0.07599620580662352
0.04700136775242205
-0.006568301558319935
-0.03369883347108492
-0.03647238055070116
-0.03661902071425536
-0.02300722327038302
-0.016266892880544014
-0.018368999484907302
-0.01041964366354987
0.0031223486816588366
0.009542645253192494
0.010203047867832363
0.008247027709889903
0.0010003573125492275
-0.0008202042950179253
0.0033083614927239134
0.006023856643705856
0.00975233328257949
0.009330516002773775
0.0035678277183796205
-0.0032923130004396503
-0.012830065912925709
-0.015149174275441688
-0.008995707573112794
-0.00042347786062665795
0.01336508741363246
0.018238828516237596
0.01269691338673271
0.005918227215418838
-0.005846836473288368
-0.012450151639717908
-0.012477880850868293
-0.013940052092598297
-0.0141783349589214
-0.011278992938312743
-0.005712570876465663
0.003796875945367511
0.017771852291133615
0.0225741500196156
0.01743452759453117
0.009414450172371617
-0.005002652068296952
-0.011481900193232539
-0.008606381196576899
-0.006237908373892395
-0.000720914602888543
0.0020489407299108127
0.0008463167508471849
0.0014748484532684663
0.002346096207744225
0.002821081705730277
0.003501014689650471
0.0034593894727548403
0.0026912769552212023
0.0008391220298022426
-0.0023691374861744188
-0.00678974031070101
-0.012663660045519082
-0.012728288953049366
-0.006345667219202551
0.002784254869506374
0.016672272029077458
0.019511078595895674
0.009811066683530949
-0.0031470940291511264
-0.023602877096298894
-0.030115031474515573
-0.0203575981168925
-0.00816115627964357
0.012201565982474903
0.023300606248418017
0.022832585216168304
0.023966958882120467
0.022115832625640763
0.016314995837426634
0.007439750659765783
-0.00787145185535194
-0.02994713894884344
-0.03656478901756894
-0.02652781675594356
-0.010906037284837236
0.016067106053899823
0.027526597201754318
0.020943391169467987
0.014118273403693397
0.00016440747907129526
-0.008648671007586033
-0.010104855402869737
-0.015764196532478805
-0.022424970558746794
-0.02094347651894027
-0.011695865847792714
0.0034855350915375064
0.02691183118661078
0.03432235918523462
0.024006330347875325
0.009610641743115085
-0.015140247418420658
-0.025136070948399262
-0.017618868474018022
-0.009883821255017454
0.00462247391795548
0.01149346084756312
0.00825536936061449
0.007200700543742262
0.004440893369793901
0.0018571628810490927
0.0007625177995657389
-0.002892176351381895
-0.008425601278127704
-0.00931365206321877
-0.005572551628114194
0.00020196315347445124
0.009596344940216939
0.012691723458643136
0.00864247932790084
0.003526002968798386
-0.00522603685509495
-0.009696288858848694
-0.008867372001928048
-0.008672853416916152
-0.007038700409996211
-0.004285427189871301
-0.0008820984807893457
0.005042800189839984
0.013419809514899912
0.015524312178996084
0.01092247884319602
0.0037881303481499453
-0.008149047328087708
-0.011659236469149369
-0.0055237239901358495
0.0019903310073744376
0.014336693859918374
0.015188101919955925
0.0025689384103643885
-0.012884639367914015
-0.03562936307558812
-0.039666084188023594
-0.021965425001566563
0.0013634602868701007
0.0374840588397542
0.04910420933008277
0.032087888295280025
0.01033718089607352
-0.026186256549673232
-0.040200836355096706
-0.02707440279399228
-0.013094475167740123
0.011679502441147202
0.02391146710415198
0.019702071319089604
0.018466971288308782
0.01388672950709577
0.009283972337294067
0.006667811491307481
-0.000722417251133477
-0.0117946522031726
-0.01789153683632562
-0.0193046565055102
-0.019409159301815027
-0.016238093229588895
-0.010040677630942605
-0.0006816840801975485
0.013669604499459595
0.033299267048239344
0.03553580281642014
0.01872892848584775
-0.005916187403045946
-0.04453892530223246
-0.05511776491842432
-0.03375908511605236
-0.005838689207228002
0.03976663213392244
0.05630399616076438
0.03836021187927669
0.017634383222641818
-0.018311497719190738
-0.03333104617411492
-0.022147412505934144
-0.012397402077847343
0.005659270726339233
0.013474171078267153
0.007177391957589284
0.0036495348348940192
-0.0023381394342489622
-0.00510196994874952
-0.002478084404336643
-0.0014375779680040935
-0.00010878555082495609
0.0008946766323341431
0.0007196253330362158
0.001212408006855194
0.0019903063567264633
0.002176656087366969
0.0019420326298887753
0.0013596430496761642
0.0002705916356049449
-0.00032045245557993374
-0.00037230229442718936
-0.0004935523377262632
-0.00044861883247287787
0.00037440331257602755
0.0020039001501254957
0.004344712435949535
0.007585855110739823
0.0053792313847919205
-0.0028461851342290135
-0.013915837795384106
-0.029602080993782618
-0.03198058721893162
-0.019352267672442993
-0.0017766955969401377
0.025630194072291182
0.03737117342479572
0.030861397789593664
0.022491923209387088
0.0055423752280880385
-0.0052191052330931905
-0.007622615408598533
-0.01441462448546023
-0.021832775697172974
-0.02126649843897612
-0.013162267663965548
0.0013607653498223361
0.024523126422605665
0.03103319077308761
0.01921936966404369
0.0031941511897911677
-0.023541318494448106
-0.03216569949651575
-0.01953389680686188
-0.004857565685210837
0.01947178470160843
0.027754896305664568
0.016437161694993964
0.004095516000551534
-0.016249900302682124
-0.023371694107483694
-0.014014050566345132
-0.0041126604199798675
0.012187297927133358
0.017764216015351175
0.009870993701816655
0.0015565776729520523
-0.011939966340244216
-0.015715915884433277
-0.007415694475297038
0.0018857976577975513
0.016356786447097725
0.020391517183665848
0.011760182795324068
0.0013945127209382185
-0.015041356022195876
-0.02063714757536803
-0.013158795213878137
-0.004335492901586595
0.010447481555765439
0.016270686739776385
0.011040337466050381
0.005761876727659319
-0.0036021819086621883
-0.008643565128376716
-0.007806204948573129
-0.00846948950644307
-0.008330737754663406
