-0.0009911701640866052
-0.0009856273014993574
-0.0009826156897636148
-0.0009827866082514382
-0.0009784622639727304
-0.0009718246312168858
-0.0009582548166292191
-0.0009363963728571044
-0.0009099396478515705
-0.0008772945519212258
-0.0008392283554532146
-0.0007958867688922991
-0.000745362913371047
-0.0006876858701962332
-0.0006289230010468546
-0.000569186788718616
-0.0005054339934554542
-0.00043912018391492505
-0.000366046806465047
-0.00028576268551087734
-0.00020148352084455425
-0.00011217126239794533
-1.8195185147260036e-05
8.011672829197206e-05
0.0001837534132700281
0.00029257368490133825
0.0004061791308004711
0.0005247107613622049
0.0006482713864369835
0.0007768336682783942
0.0009121743886796249
0.0010544961916729358
0.0012029782221446796
0.0013581491109136803
0.0015191148003746492
0.0016858636379607909
0.0018593388358754996
0.002039404157922104
0.002168530047778719
0.002240981459813182
0.0022836227181155036
0.002279791269592658
0.002262739148871607
0.0022336637890048674
0.002160725688159317
0.002049899040205213
0.001942201523302502
0.0018363790332263995
0.001715824664196588
0.0015899037151976257
0.001424898548862991
0.0012179600615866626
0.0009929596666139234
0.0007416946151066568
0.0005037172138213365
0.0002849908349867481
6.0495622072367335e-05
-0.00015821624106158457
-0.0003891684416195099
-0.0006343772378607425
-0.0008746457722509618
-0.0011136765084911885
-0.001389884985923726
-0.0017040405200428003
-0.002040090426695553
-0.002407776062315249
-0.002779821650685546
-0.0031545043036605895
-0.0035535691693294406
-0.0039710627144474205
-0.004292311150161149
-0.0045081408173817785
-0.004668093695776302
-0.004739570314838194
-0.004793676618677448
-0.004832625295043907
-0.00479125503830355
-0.0046825830470084125
-0.004581213052002611
-0.004484056959716472
-0.004362350942245453
-0.004232915758127644
-0.004032324812631254
-0.003755425866878971
-0.003446427034177591
-0.0030899078930648415
-0.002772009705397539
-0.0025049781250831484
-0.0022362133602062146
-0.0019907589005201693
-0.0017278272948030957
-0.0014433000336263708
-0.0011796973681449804
-0.0009287485691025322
-0.0006103767041168213
-0.0002233697555531746
0.00019907361833152606
0.000677088371217307
0.0011529376699435203
0.0016228979175019883
0.002132477327539944
0.0026689538724461864
0.003105806079145705
0.0034353595951614447
0.0037079395436651233
0.003888244752023378
0.00405996544184552
0.004225357573835087
0.004310687737365476
0.004331524045611173
0.004362464919365912
0.004399472086101321
0.004415497136548695
0.004427111333042885
0.004368413330982609
0.00423429173638023
0.004069890201263139
0.0038592016689014876
0.003705300105578047
0.0036221040139321884
0.0035485693698830098
0.0035145511915816905
0.0034697234316977384
0.003409436288205698
0.0033852811726054525
0.003387161558753465
0.003322843763113803
0.003191345300109403
0.0030306395855050857
0.002817717230476393
0.002620007533192879
0.002441943367488847
0.0022309222727759925
0.0020019293733932212
0.0018009114762239419
0.001626581002584706
0.0014679902781292017
0.001336866308157219
0.001194073723491889
0.0010391399313375445
0.0009019495855764943
0.0007748619810377906
0.0006437622167356691
0.0005112076209933019
0.00037919162844810006
0.00024506392882926443
0.00012594454933651571
2.2761385566141603e-05
-7.475145874468226e-05
-0.0001624371742383253
-0.0002912588826708031
-0.0004669308460626317
-0.0006621614578100744
-0.0008915165251868317
-0.0011277029957536282
-0.0013688200506723623
-0.0016414675004097707
-0.0019403071047507923
-0.002225232524282533
-0.0024964510511408587
-0.0027700016043151763
-0.003036148488657568
-0.003325650995448909
-0.0036406348647108717
-0.003957913760475436
-0.004284500838644414
-0.004529435565875789
-0.0046809436313912395
-0.004786677891307666
-0.004819614807611098
-0.004826440470020739
-0.004809384158399576
-0.004720304575929914
-0.004567381253833307
-0.004424396693870016
-0.004290198073855079
-0.004133282551518969
-0.003970839622393695
-0.0037450095447907877
-0.0034507434714210997
-0.003130045034701842
-0.0027689056451912467
-0.0024201827843026115
-0.0020928872514345306
-0.0017512956319225763
-0.0014110645895351937
-0.0010502411237619997
-0.0006658807603603718
-0.0002827632384218438
0.00010368293467436072
0.0005492105814519179
0.0010553445908824423
0.001598309217719001
0.002192388965966091
0.0027989668430780813
0.0034156103190270738
0.004073602109262047
0.0047645907682128796
0.005300671119261926
0.005666408968879144
0.005944047298015763
0.006080113059435348
0.006190155022364721
0.006277947896266028
0.006237180423879826
0.006089041540140262
0.005957354001037871
0.0058372761144552185
0.005680870244903781
0.00551617685273806
0.00523859213190278
0.004839660944872117
0.004392609973708502
0.003872078174124609
0.0034169585861235567
0.0030472518245572016
0.002677825248417589
0.002349148627004701
0.001995970594861144
0.0016116762566583606
0.001264689832788252
0.0009418248794423636
0.0005132943216645695
-2.2876862891318087e-05
-0.0006126895138222598
-0.001288754247109983
-0.0019575618708437006
-0.002613017627733134
-0.003328795896334929
-0.004084252796108962
-0.00467885141586755
-0.005100578957282336
-0.005428834982482192
-0.00560769347263617
-0.005770120909439126
-0.0059196449588621155
-0.005939256677415421
-0.005853679906504911
-0.005780474614341856
-0.0057131559607988555
-0.005609195684232705
-0.005494658317942356
-0.005265409210500592
-0.004913357596790647
-0.004509710493945997
-0.004029147599662712
-0.0036353667144698853
-0.003350394650214258
-0.003077335956822028
-0.002863570696661627
-0.0026290262642400183
-0.00236629432784861
-0.0021573323559872857
-0.001986051406045801
-0.0017061211123566005
-0.0013159710005260868
-0.0008757751779986667
-0.0003490115490635866
0.00015735011967202913
0.0006363082641127279
0.0011713458099621237
0.0017387123712614306
0.002187531861613566
0.002511843296300988
0.00276550054538416
0.0029071983368564036
0.0030436830345201907
0.00317722892558597
0.003217296230297745
0.0031839300965880515
0.0031554733893746044
0.0031261093574551555
0.003069787640493802
0.0030034250486563
0.0028538203602056205
0.002615506248792526
0.0023372401114010945
0.0020011504204828588
0.001741557760600793
0.0015755316594112923
0.001425738491448017
0.0013308399627882318
0.001223074057134506
0.001096590885830266
0.0010194740028728038
0.0009781502079327334
0.0008567418536454393
0.0006544246089668659
0.0004183505112642154
0.00011974751565466707
-0.00015567901407756673
-0.0004023176147814874
-0.0006865649764116097
-0.0009893179901988192
-0.001219587093860225
-0.0013754932398665168
-0.001486058592955585
-0.001526776025141533
-0.0015658169191104963
-0.0016042821471837652
-0.0015860904591330394
-0.0015241079852488034
-0.0014598003085826176
-0.0013890801673048542
-0.0012995674200110185
-0.0011998893621367138
-0.0010487661969249397
-0.0008432058057433338
-0.0006098367804197771
-0.00033850169203224423
-0.00011692770541493487
4.4310456950924664e-05
0.0001946178663555753
0.00030888786565814487
0.00043254725413281796
0.0005693360414566546
0.0006743572051508318
0.0007567204826937393
0.0008899503078080782
0.001074378098790615
0.0012804199987798731
0.0015262798793520987
0.001757095710260438
0.0019693127376377976
0.002205236764806563
0.0024526306612132525
0.002638790388909557
0.002760966393487577
0.0028444642226136195
0.0028693469430088074
0.002887458731702381
0.0028997429806925223
0.0028622759658033185
0.0027847119974440276
0.002704084610066977
0.002617424342031576
0.002512438198786841
0.002397007987087306
0.0022360407679572892
0.0020268319525780154
0.0017924895357579798
0.0015243602737233064
0.0012888906960980434
0.0010943478343962989
0.0009025476244653197
0.0007325305302779569
0.0005504243273665888
0.00035326256598336176
0.00017476958426606402
8.091543652290365e-06
-0.0002038958581591453
-0.0004616503206616746
-0.0007421055196295567
-0.0010595003385911593
-0.001371646843708366
-0.0016758689926019347
-0.0020049667382128016
-0.0023496013350312464
-0.00262519846957689
-0.002826811598626392
-0.0029874285663739637
-0.0030834510935243975
-0.0031713357873496563
-0.0032524682489813213
-0.0032772625384572458
-0.0032561688027198795
-0.0032382596615940463
-0.0032206895032201362
-0.003185733253469722
-0.00314420062918887
-0.0030523050205752103
-0.00290659758987659
-0.002736848453640894
-0.0025323597031094605
-0.0023637844764437684
-0.0022404927159207035
-0.0021207992884748725
-0.0020251002035467022
-0.0019185542614516262
-0.0017979362465405848
-0.001698683439243059
-0.001613761063503616
-0.001480283630835232
-0.0012975662200244763
-0.001091353796351706
-0.0008459279084655556
-0.0006072676938153207
-0.00037833711993793374
-0.00012321093697204222
0.0001479333228619917
0.00036628453919065705
0.0005289044469816772
0.0006608418149167327
0.0007432132728380991
0.0008242300370587188
0.0009049816676540614
0.0009443723837100974
0.000951459507689361
0.0009628372390497787
0.0009759510404792744
0.0009784569777227141
0.0009783174608553678
0.0009417314808934183
0.0008661781860026302
0.0007743240011665293
0.0006579414207308785
0.0005776255343662419
0.0005411683762864264
0.0005135785901242346
0.0005123312408036855
0.0005070352300290031
0.0004950640831496766
0.0005070897890885525
0.0005370434924351573
0.0005324098675372812
0.0004928120617777729
0.00043969211707484146
0.00036002008214180335
0.0002926133375094068
0.00024003820877431607
0.00017223554809679714
9.787301826015211e-05
4.6737279773512025e-05
1.8517154872412216e-05
5.431816810671483e-06
1.5263783194367537e-05
2.3702155946140175e-05
3.048453659676093e-05
5.469642414432542e-05
9.168572873082117e-05
0.00013090731305523065
0.00017396841583678326
0.00022312444283272454
0.0002763498171945839
0.00034559073567822906
0.0004316286902607239
0.0005271875691888381
0.0006352246861968778
0.0007239190583779939
0.0007896752444889754
0.0008498626121466297
0.0008954211765120196
0.0009433204849216322
0.00099485083641262
0.0010335178587229153
0.0010627068548706674
0.0011080238683915699
0.001169464116347649
0.0012368442665906586
0.0013164576539371694
0.0013889180346294584
0.001452960207910583
0.0015233899444985174
0.0015958567269806969
0.0016429784471687229
0.0016635536856529887
0.0016672630387840782
0.00164653048317875
0.0016205617185073493
0.0015896751810870957
0.0015373910671626493
0.0014672379235355778
0.001393532858101645
0.001315150181773975
0.0012271667872165296
0.0011326155471641974
0.0010180194389742291
0.0008822871274977211
0.000734274122417088
0.0005706255446234026
0.0004161080396197418
0.0002737933307337355
0.00012931983227112227
-1.0240259632254698e-05
-0.0001575230225743216
-0.0003136861066504312
-0.00046620252588751223
-0.0006176651781387117
-0.000789575548073797
-0.0009821621136914323
-0.0011867888119950533
-0.001408852531060186
-0.0016325797732927635
-0.001857011033442147
-0.002094502234144454
-0.002341598028962291
-0.0025304122571708078
-0.0026554112054182643
-0.002745940901140664
-0.002782648917798424
-0.0028074757658657417
-0.0028216850359835625
-0.0027866954515931115
-0.002710140426188357
-0.0026364203341610343
-0.002563685953056068
-0.0024747068402709003
-0.002379470664649449
-0.0022402264361062506
-0.002053862425719948
-0.0018466460785469842
-0.0016093678130055871
-0.0013933361718030971
-0.0012058109543446533
-0.0010154168277536383
-0.0008370452701170027
-0.000646334044310579
-0.0004407943936490059
-0.00024574300737829636
-5.621201598658473e-05
0.00017556706210380344
0.0004503516386091407
0.0007483892403342041
0.0010817175209652961
0.0014159529072154393
0.0017489113393880345
0.002107756572414668
0.0024849400163123843
0.0027786695003363597
0.0029816875570786534
0.0031363713040933757
0.003214019602250948
0.003279664179283436
0.0033351925560376563
0.003322079258491452
0.00325231314360505
0.0031893262953949903
0.00313014216436906
0.003050917040929941
0.002965858154956979
0.0028201243182132216
0.0026093428015117252
0.002371440742950393
0.002093085796344404
0.0018538341719396704
0.0016647171778603495
0.001477857375386843
0.0013163391459564962
0.0011419157062357754
0.0009508825893236954
0.0007827749960318776
0.000629874219891152
0.00041954848037783425
0.00015084797377120203
-0.0001462208741477245
-0.0004898565379565927
-0.0008273523088175668
-0.0011552820209299154
-0.0015149941465644363
-0.0018948311805185034
