-0.05575343223187778
0.022281862169779693
0.035790852335184024
0.007013238072774062
-0.011024527105259588
-0.04044247328276418
-0.02149305057103071
0.05526729569094442
0.047612879929910354
-0.037954097123053525
-0.02889665661708841
0.05675972240203602
0.026378042018843022
-0.10141428858028996
-0.06367912229200517
0.12236277440896229
0.08172708826066374
-0.1593325249356373
-0.13696987252755466
0.10546920544415175
0.14811663447983384
0.05445894404898141
-0.009678444986665487
-0.11088417629842284
-0.09040843179886963
0.0795849030283419
0.09098446973142595
-0.030544621464906663
-0.059843811801254254
-0.04431685171187175
-0.012145786027805607
0.0711232282997252
0.05660259419101478
-0.06147502300962911
-0.05812609212293558
0.04630482976137122
0.059302824640312043
0.012344427063521934
0.0005442753876792085
-0.003336845723870463
-0.051139024088726524
-0.1355836861259098
-0.08124954988103665
0.11826461190826618
0.17170867715933916
0.10233645509928517
0.018050242040322524
-0.13825077850942996
-0.15254184425292489
-0.003997870780202619
0.05735398631307198
0.07511298570133625
0.028991008608154865
-0.12746766411398067
-0.1096356561963075
0.0815988987143445
0.13965109690345376
0.1102251912055019
0.03825038470969691
-0.13169215280704483
-0.15374031872157756
-0.019478728157572244
0.04641508101997864
0.09208722174640081
0.050673098043654594
-0.11993828558690492
-0.10398190285239876
0.09047058422016
0.12395245216230545
0.043627675746824954
0.0022169182768340167
-0.053332522927363894
-0.09013633568398231
-0.09002374449918794
-0.032046588041193945
0.10310611393325267
0.11228305491189115
-0.007695993353254924
-0.05720230225020754
-0.07364504383200092
-0.005581378787323214
0.18684466470196057
0.12880567711907157
-0.18282770607356774
-0.20462698973271423
0.014164989253992427
0.0624104770930944
0.02212132737345683
0.05703667862706657
0.11309839428557189
0.056300259575800884
-0.10824238970823995
-0.1348007244983087
-0.03527103995691152
0.032181154757225446
0.11371089650033067
0.06592879034250634
-0.1445506023614468
-0.11924460411951733
0.12569103371509235
0.12964285390729496
-0.05368245205137066
-0.07405601958659903
0.005148737712926593
0.01759759837153664
0.010817754036059871
0.0004922561555500754
-0.03426938503110705
-0.010140944395514483
0.07612897882376427
0.051104994009828875
-0.0787788202137842
-0.07408667314103239
0.044956588012051046
0.049997574992589014
-0.02648928250611549
-0.029691472265715762
0.009810091656159533
0.007204601683639537
-0.01872376253199277
0.00487116609633035
0.07098466438156295
0.043245881704561964
-0.07506248590190255
-0.07981873178631269
0.01325357556632078
0.028104085023313647
-0.004900795569937853
0.012330921476648386
0.057068095316371574
0.029085102067106836
-0.06596399472796881
-0.06045323337987508
0.036913554889806625
0.047606682773661146
-0.004395621916753213
-0.0199768715388294
-0.0257792723056655
-0.0076764478244520686
0.049519233738162804
0.028955066797011545
-0.06999453356111293
-0.05713727540174067
0.05464076147373093
0.054291580524315514
-0.03389271836855668
-0.05090512067049354
-0.026365625807720325
0.03098657142204609
0.14911501359591173
0.08979488829810155
-0.15936203247255082
-0.15060040884486744
0.08951064455601633
0.11470655757924968
-0.010969654149058521
-0.06978050381218542
-0.12929256744419115
-0.08073668776404988
0.11262007413794148
0.15914772472889696
0.07720565010865331
-0.006949838523596009
-0.15003318424229123
-0.11410133092745812
0.12928059137835032
0.12673364480770719
-0.08800161544247136
-0.11400878880969827
-0.016749132527075813
0.00830152428099315
0.017791361769035084
0.060746434765419244
0.11663317582292865
0.05754385103324543
-0.12502907042218672
-0.13602895893006245
0.013209897243227828
0.06269459796270571
0.061640875152559754
0.017542389678620415
-0.11427076980035011
-0.08230440807870135
0.11821908719570148
0.1122707337779711
-0.06747841528567816
-0.07580950568159464
0.0363805750189882
0.03137468811699676
-0.045905879110822674
-0.0377919203390068
0.02848889402540189
0.05232807939398625
0.05417073441868952
0.029118910269254988
-0.04116787502045399
-0.07951850576954689
-0.08888437734085732
-0.03327874337290348
0.11014029055043707
0.10880051483865824
-0.03824259734614287
-0.07143330174693024
-0.028834367222524998
0.015549911914088083
0.10521675946109593
0.06759404624025563
-0.11279995158560166
-0.10397649059409093
0.07296054994917196
0.08475629109965671
-0.022439079759256915
-0.060166827609636125
-0.07723487703428782
-0.043172461226885145
0.07235001142531759
0.10548729148134359
0.06298156510330499
0.007412217885063287
-0.09553607413544982
-0.09869991946139761
0.011375660247237929
0.04259436531413786
0.02259272741031591
0.020277270314624393
0.005193361159103682
-0.0011596761712122415
0.006677620761500752
-0.014889141554214511
-0.06259878125352646
-0.02711071024783643
0.09270226472830632
0.07139161346468087
-0.08275974784018528
-0.06692982021367429
0.09153579332851723
0.057043571545429585
-0.13515184210479791
-0.10425569316641349
0.11356377836971093
0.1194261498816491
-0.03982957279576393
-0.06981256694811713
-0.02715053210037278
0.012927850375444786
0.09518307239903656
0.06071665060084688
-0.10502292416378183
-0.09028525795276432
0.08616992614226689
0.09263143399219256
-0.028893535681735843
-0.07096622954703319
-0.08226261530451455
-0.040023742472741056
0.09049923714091153
0.09134555814248843
-0.035951246140074805
-0.073825978330714
-0.05860056597976762
0.029199893680471323
0.23201319261288317
0.14377022628177974
-0.24932614618342586
-0.2424916440692256
0.11690341481701742
0.1548466842963802
-0.02783252616681591
-0.0600643582419989
-0.037545952408205734
-0.01826839821071926
0.046030578769280364
0.05824779482508325
0.01523160972344133
-0.008055652271513804
-0.03073572788840588
-0.03477433324133494
-0.008321324303420374
0.007506357796776983
0.019418274019131217
0.020775052642134837
0.003722102314250006
-0.003756094928406664
-0.004814053723313694
-0.01002274250607866
-0.014774446544204635
-0.0043603231430906835
0.022248808921217625
0.016822447567930617
-0.020675619688107005
-0.0227838805340732
0.003928256717972537
0.012854806165258826
0.014388965870509593
-0.0015860621585923255
-0.04357017681691365
-0.0075855041121108534
0.10986072476072625
0.07406657487793175
-0.10833485328469242
-0.11436918913876631
0.027262391593702803
0.04420906158632776
-0.016956405816202186
-0.0006511011822019526
0.05792255745552217
0.01703104077894826
-0.11217160502439961
-0.04944233366964223
0.1990172688382882
0.1377163717358886
-0.20869635900357067
-0.18919364766100713
0.13790654713141556
0.14210779536168738
-0.09084822182660855
-0.08747138194810551
0.07019133990106302
0.0662200025353983
-0.04182801445837783
-0.045913887791132466
0.015738906480575604
0.02626389578700748
0.012883247466703327
-0.00961955203195125
-0.058763961099678116
-0.03853431237258758
0.056362975540903276
0.06329105929913974
-0.005322305069333255
-0.02602031161357257
-0.02442182946471372
-0.011917140228249117
0.030940430462718164
0.024586743896475496
-0.03245290147576147
-0.028134059173982477
0.026793176572220613
0.0296727855157529
-0.00480589158867632
-0.008915492589641747
0.0033793874623274586
0.018560936081711027
0.04696245767441577
-0.021376363668063822
-0.19631778416884896
-0.12430007046740187
0.19505021726587354
0.21594153252694856
-0.0187886300688955
-0.07652202952715456
-0.04150284396355393
-0.045294451265905006
-0.026064296624613254
0.009321783278961568
0.054612479384848235
0.04635224688462131
-0.024638995595999517
-0.023320946547326363
0.04086880860038253
0.0007093338264510286
-0.12890592249463145
-0.07682752421154522
0.1459695946865649
0.14039038683547753
-0.06409760412755221
-0.07004541251446694
0.06771831395085517
0.019261653478221383
-0.1677128421559398
-0.09873226225541173
0.19886770762385986
0.16408049997779295
-0.16349271907052434
-0.1513996031098377
0.12929308818453106
0.11973599052967522
-0.09875236215197998
-0.0938000814454424
0.06531825441718998
0.06879220909173395
-0.029654269087312817
-0.039697264870789756
-0.0012673223434368974
0.0062560203749969165
0.00783037856518244
0.0009332121205471808
-0.024582435310799497
0.006176605983285849
0.09557194374331948
0.07408507762055001
-0.05382747467933955
-0.10698361643867761
-0.11167352300287414
-0.03250895265532744
0.17022774103517366
0.1319381037305271
-0.15352885868929855
-0.15043099146349762
0.09233963435400891
0.13306912854742528
0.04852532746316743
0.0002898146413694144
-0.0774761326686351
-0.09197450561786061
-0.022310456913600365
0.015081867986105446
0.043157852228259665
0.0497436638097463
0.014952417929236884
-0.017259960331021958
-0.05607284472629139
-0.029208608579697405
0.07696227944453939
0.052807668944013744
-0.09560817831405896
-0.06481833866338375
0.12164792327890248
0.09157206793447938
-0.12130555025915063
-0.10941371596477867
0.08286543402821601
0.07725845041591393
-0.07451176667796058
-0.04736080307743408
0.11343569232377877
0.08169448290483106
-0.10833917729443084
-0.10767501604583235
0.04548637252847166
0.053994586568013044
-0.034974341837944824
-0.015772308121644776
0.07449651929991986
0.04197742953749527
-0.09454224824257168
-0.07072523892541427
0.09522343622480892
0.08325261543446007
-0.07489090640041265
-0.06782125997370933
0.06393207212344644
0.07017429121294745
-0.009085420505802194
-0.0588069295409303
-0.11643333535443279
-0.06270668608245404
0.12742965098777803
0.13075325846095234
-0.0399574559337851
-0.07660205180458438
-0.02976672608698985
0.015874734328483457
0.1098382755125748
0.07585357220374656
-0.10208046807933212
-0.11971261309095568
-0.002059371299281445
0.039775777254127814
0.05447395003956004
0.039443905085086696
-0.03823162178313387
-0.038278750819300995
0.03647919827644982
0.012724198056655946
-0.09112821374561166
-0.07271978693116508
0.050495116449728934
0.10340634478276521
0.11569100086472411
0.04203024455364441
-0.1552773573354931
-0.149399503544798
0.060445314759204935
0.08845848782335378
-0.014605947579089514
-0.017901698263144167
0.023007895191126723
0.014574494493297518
-0.01737914865775843
-0.023690562400152507
-0.013390066702321082
-0.0016304916582090996
0.01986766746000145
0.026628285835017397
0.016184742108742302
0.007869084756980987
-0.004226062920087161
-0.02970236999476694
-0.067603595932061
-0.030618384557603632
0.08781845855613044
0.08129599442573793
-0.04313223547417256
-0.053285627117965036
0.021112514941408027
0.009020423719135133
-0.058613876880812044
-0.04855336481854396
0.021182162342996597
0.0697618433628981
0.11741631906972103
0.05677959202618911
-0.13518247773776515
-0.1360691582866603
0.04495677795194883
0.08273740649190366
0.028027646760811733
-0.017133988552347816
-0.1050021612348451
-0.06680539281895016
0.1160062170554245
0.11422040794430026
-0.05049309147242944
-0.0632791018951663
0.029061597041317645
0.018169686552365904
-0.05470577831670674
-0.032500974238892796
0.06382992215414471
0.051863665776713544
-0.053136854707400386
-0.047487331965648576
0.04630612678775387
0.03654932909085286
-0.051441570007777083
-0.04475159657171702
0.0340056458584706
0.04180268465733783
0.0007281128059450344
-0.012533433000247653
-0.018683944760067368
-0.0021998275663102284
0.04925392928875659
0.040900329839436096
-0.026575369945062682
-0.06141970925997416
-0.07983739404951076
-0.03887549493088786
0.08243508889709683
0.10174268200956078
0.023549916702513135
-0.022972293648665983
-0.072188192676001
-0.0480322055417561
0.0741961239101902
0.06820615208376012
-0.05543352437237363
-0.06382779205058373
0.010631628045610426
