0.005443654241009423
0.005508324992178365
0.005571993469398366
0.005634480943341555
0.005697740529452207
0.005761198775567613
0.0058168091360980625
0.0058639563966308254
0.005905988534426125
0.005940613955310929
0.005972895755372994
0.0060029597108409456
0.006026181693943829
0.00604347344762895
0.006059876726085847
0.006075138110802539
0.006087314855375885
0.006097519796447965
0.006101370328815198
0.006098492976801633
0.006091884843453672
0.006080462257536261
0.006070441783366565
0.00606266946083416
0.0060533551360468
0.006044286568224092
0.00603244880179518
0.006017526008332166
0.006002591620162765
0.005987017695091726
0.005965060985434513
0.005936620487274105
0.005904037163414743
0.005865853148197945
0.005826189659981809
0.0057852919780709946
0.005739881474043145
0.005690850474770508
0.005643224832729697
0.005597121645500057
0.0055507947039063615
0.005505583034688887
0.005457770069914883
0.0054072521125277
0.005357069676073284
0.005306494806300062
0.005253039634448968
0.0051968817140139656
0.005138761428607248
0.005078124332727156
0.005017302391189691
0.004956435437443125
0.004893938492872526
0.004830357325524911
0.004761022336503434
0.004685325619251605
0.004605875596812826
0.004521308232368561
0.004433958100429483
0.004343991860073468
0.004249015772180715
0.0041494711487735465
0.004049267878193862
0.003948395764783438
0.0038452255330285656
0.003740701608883606
0.003631861931697604
0.003518482385050665
0.0034027935569661935
0.0032841091124814017
0.003170968858314812
0.0030644762657342085
0.0029601286009688444
0.002860457591923983
0.002761074195106072
0.002661757250492173
0.002567018724068651
0.0024760812040130983
0.0023819580607336243
0.0022847432618456624
0.002187408176078413
0.002088315088100782
0.0019929145419635198
0.0019016720182357622
0.0018106074493898024
0.0017210314659032364
0.0016279223341356755
0.0015304147215015093
0.0014318782627266212
0.001330816782132241
0.0012293014640005358
0.0011275983505874593
0.00102334492815236
0.0009169623829235848
0.0008137185962452926
0.0007137450119991868
0.0006147776355362949
0.000518156652903556
0.0004202109028118453
0.0003206973223665953
0.0002225665062378083
0.00012501456033965614
2.062490731998218e-05
-9.100718387500914e-05
-0.000206962892679655
-0.00032929168734254757
-0.00045300820869025076
-0.0005779673869101412
-0.0007085018818933566
-0.0008436696313943584
-0.0009792051424331201
-0.0011153417302751957
-0.0012535802195075157
-0.0013929673496168133
-0.0015372866399943582
-0.0016868159251844888
-0.0018389542511440449
-0.0019946106739200603
-0.002147755743743775
-0.002297569905468057
-0.00244759451859945
-0.0025960758176341993
-0.0027459481177536105
-0.002897469707586722
-0.0030476136214301567
-0.0031969586926120317
-0.0033508509918246878
-0.0035093330305528
-0.0036701892682905104
-0.0038347433597660844
-0.003999060555026534
-0.004162870743144632
-0.004329219057585845
-0.004497221149776007
-0.0046402632770213325
-0.004755944125846225
-0.004856071790536882
-0.004932980046609279
-0.005002621659669435
-0.005065470860863447
-0.0051065399227473406
-0.005128682465544207
-0.005149859176815518
-0.005169360518937601
-0.005180029463743403
-0.005185898123336154
-0.005171828268969817
-0.005136519476503725
-0.005090507091346901
-0.00503006949771072
-0.004974540711240794
-0.0049266860758892484
-0.0048744618770870584
-0.004823462152966072
-0.004764580497993234
-0.004696816149301428
-0.004629629199119761
-0.004561123456256996
-0.004472925626499532
-0.004364672806984168
-0.004243931998571564
-0.004106029848600495
-0.003964048939234784
-0.00381877814472066
-0.003659768992733011
-0.0034898536972845884
-0.0033274160686989117
-0.003173066716740135
-0.0030201225556091595
-0.0028735352054572966
-0.002720105263109977
-0.00255945007571265
-0.0024025603717650846
-0.002246871438477124
-0.0020827756093695924
-0.0019108890977222756
-0.001734250035993987
-0.0015507074009029024
-0.0013690699511569007
-0.001189898843194711
-0.0010071660945104174
-0.0008229452654107425
-0.0006208424561553406
-0.0003986863830294701
-0.00016576223936398994
8.271955549644139e-05
0.00033864350343471814
0.0006013991163774659
0.0008793424384564576
0.0011709274014623434
0.0014621996952169014
0.001753158963380679
0.002049623871904934
0.002348204552779556
0.002659394631724741
0.00298397436907743
0.0033139909996098347
0.003651860939967507
0.003941296518236037
0.004175685391805794
0.004383120764131405
0.004547032284348202
0.004697824750782027
0.004836759746437937
0.004933442299789959
0.00499323680036529
0.005059539917776426
0.005131403111154696
0.005190627072165019
0.005247227280444833
0.005266500437750371
0.005245433816514261
0.005208934345844727
0.0051485657423813
0.005099937601378859
0.005068757452758352
0.005031696821519792
0.004999218471169673
0.004955788250058502
0.0048994878811370645
0.004847298186861495
0.004795993273082575
0.004709438869271719
0.004586754665214218
0.004443177604002103
0.004269481415065595
0.004090962467279642
0.003909199562710419
0.0037038247274896042
0.0034803190766148203
0.0032845717703330448
0.0031187869216421755
0.002965200401233495
0.0028363756446708427
0.00270083795715841
0.0025576273119250936
0.002433696814261905
0.00232301510935009
0.002199743039288192
0.0020653035911937564
0.0019285023371552262
0.0017835258139722314
0.0016533919278435435
0.0015396918299961449
0.0014265409919367257
0.0013194064037367961
0.0011799364979817799
0.001002915538570068
0.0008105693271956958
0.0005916957302397938
0.00036498009740288366
0.00013195643916173326
-0.00012673484600533668
-0.000407481233232992
-0.0006767472312004612
-0.000934385001541012
-0.0011943817924828556
-0.0014485122377325067
-0.001721686124017369
-0.002015696170780791
-0.0023114576726496784
-0.0026146433518731615
-0.002877791781639995
-0.0030939777394201084
-0.0032895079048472454
-0.0034500772219548683
-0.003598411382676633
-0.003735757587508151
-0.003837583541693705
-0.003907797292437588
-0.003987594360835124
-0.004076614238030966
-0.004156846450792843
-0.004237976357596052
-0.0042884056407968135
-0.004305332956345118
-0.0043119739705565095
-0.004300695367361475
-0.004297040823272514
-0.004305674653219207
-0.004308690743155295
-0.004313726084782156
-0.004310793915924102
-0.004298409590632585
-0.004288305679547637
-0.004278390755331758
-0.004240437768669009
-0.004173573911990346
-0.004089977892045369
-0.0039823849512777235
-0.003870103438854124
-0.0037543563064235345
-0.0036193828029961656
-0.0034693444990740482
-0.003349264104082029
-0.0032617810078012757
-0.003188611968891757
-0.0031422113000191955
-0.003092742794785246
-0.0030392271317060847
-0.0030077356209113164
-0.0029925901007840667
-0.0029669946949321107
-0.002932226913034968
-0.002897814776213808
-0.0028576838755746043
-0.0028351737736885805
-0.0028319560294885627
-0.0028317725071760414
-0.0028401758968499874
-0.0028213806129738167
-0.0027703827312756247
-0.0027082689892974784
-0.002624565115389854
-0.002536418530046066
-0.0024453100337752743
-0.0023333083705846494
-0.0022037444701549303
-0.002088556477765444
-0.0019879657511101315
-0.0018886011867144368
-0.0017983321170122522
-0.0016936161508491823
-0.0015727746145545614
-0.001453947409200823
-0.0013317971053004181
-0.0012217473687625273
-0.0011273569623680359
-0.0010375646416481894
-0.0009573459834189908
-0.0008821281151000517
-0.0008113364997443741
-0.0007518933188543044
-0.0007031285151063643
-0.0006472091645634456
-0.0005838344150021658
-0.0005214399755574996
-0.0004556854038926007
-0.00039910751347237497
-0.00035287560303197624
-0.00030730942051169634
-0.0002653993198994355
-0.0002230966438264736
-0.00017902635348766784
-0.00013734957983173632
-9.671135923794601e-05
-5.740510219403134e-05
-1.9793154456716777e-05
1.7479178903798378e-05
5.432463865116451e-05
8.366735421662455e-05
0.0001050928718476164
0.00012193147031896652
0.00013229910195295636
0.00014056135689599595
0.00014700891967709434
0.00014784336650314358
0.0001439784164407743
0.00015641308396571355
0.00018677697229124495
0.00022581788657642364
0.00027945009986523174
0.00033463067446012044
0.00039086772925743914
0.00046000611915004367
0.0005395949589053751
0.00061591028762141
0.0006894443009261445
0.0007653883833081021
0.0008405920639083282
0.0009265787186864302
0.001024217695091444
0.0011253518340095785
0.0012327274225175818
0.0013311858189503593
0.00141848300628541
0.0015038524652522293
0.001582835536354001
0.0016624362827355414
0.0017433216627671245
0.0018180115627736246
0.0018878776218785758
0.001967012835372924
0.0020555808543634133
0.0021476328528699648
0.002246669343799525
0.0023424520167644926
0.0024342609668898197
0.002530068013780799
0.0026275698905359646
0.0027148910181335577
0.0027917002531117835
0.0028619069567620723
0.00292228481699947
0.0029815283561979602
0.003039774705925955
0.0030897685986769866
0.0031331338995459913
0.0031754340987342066
0.0032161374957089804
0.0032535021049821815
0.0032886819418794376
0.003316199410435963
0.0033356353712149624
0.0033505218640793037
0.003359498727595833
0.003373471409250552
0.0033937589663526205
0.003414130990688321
0.003437697457015134
0.0034588303449908514
0.003477035655644838
0.0034978614508718144
0.003520160131390993
0.0035346580344384213
0.0035412809080158504
0.003543741506065408
0.0035397234040194067
0.0035360824178521442
0.003533241979587235
0.003525864031923532
0.0035154587327038286
0.0035063852298732583
0.0034984744058670636
0.0034907402238969175
0.0034842779711354117
0.0034752676900133466
0.0034636562701180246
0.0034523079001839495
0.003440465090636944
0.0034268586213725147
0.003411727464599734
0.003395193427675062
0.0033770141824821004
0.00335876534611102
0.003340516079840973
0.0033213154071752384
0.003301536072089997
0.003276079496254938
0.0032443696722274755
0.003209094066868123
0.0031687865837179397
0.003126174696900924
0.0030814309570206854
0.0030318786796904623
0.0029780390191801016
0.0029238643437437288
0.0028693152051566975
0.0028127948786193977
0.002755250055244329
0.002693613324084229
0.0026276588092692356
0.002559668026320891
0.0024889294074827216
0.0024179355348919354
0.002347167255129475
0.0022749263689100523
0.0022019793446792025
0.002127405612244024
0.0020510929324404382
0.0019741968813152015
0.0018965492112751484
0.0018154868820941111
0.0017309590740729435
0.0016441599431385424
0.0015544280722065303
0.0014636385715753163
0.0013719401253395784
0.001277860363576862
0.0011818285171720465
0.0010830517638081504
0.0009812867946973236
0.0008772146176783664
0.0007705637342144945
0.0006614487183743453
0.0005499065096766683
0.00043562416035582727
0.00031861020210161023
0.00020001029363796283
7.986106891606811e-05
-4.2400263379735136e-05
-0.00016648871917968635
-0.00029316888059827763
-0.0004225132216988616
-0.0005539116262960904
-0.0006875441645749425
-0.0008260644971870287
-0.0009696805219081828
-0.0011172850994904738
-0.0012696361012426544
-0.0014250829504883834
-0.0015835867400096869
-0.0017466664326566826
-0.0019140276742456584
-0.0020840304426394626
-0.002256762684994946
-0.0024328613414337993
-0.0026119681796538292
-0.0027955176704430647
-0.0029836360115598043
-0.0031753501568428846
-0.0033710181520168396
-0.003568715130372362
-0.0037681798043686086
-0.003970607044577365
-0.0041754469117347365
-0.004383631034767895
-0.004595265082394229
-0.004809405541385944
-0.005026251804876861
-0.005247610923937157
-0.00547352260466701
-0.005703256838303062
-0.005937277605039577
-0.0061743034534705084
-0.006414263992255952
-0.006658192099648611
-0.006905815539147705
-0.007122853600109061
-0.007305909180120411
-0.007470826612385429
-0.00760766296480721
-0.007736304265378107
-0.0078574184292822
-0.007951964178835837
-0.008023487838086263
-0.008096222437255074
-0.008169370066372071
-0.008233098836963194
-0.008292907865448623
-0.008328758669420008
-0.00833892812205971
-0.008337522471692683
-0.008319638387065478
-0.008309132200600972
-0.008309543808379468
-0.008305790816042624
-0.008304811454085754
-0.008295625305145722
-0.008276987913126605
-0.008260485946860241
-0.008243838852002076
-0.008203925197291817
-0.008140259927592267
-0.008062444142581135
-0.00796459354385056
-0.007863093591118914
-0.007758947911047169
-0.007639046383088541
-0.007506941265398371
