0.010915192343583414
0.004750375029502974
-0.001635282781267834
-0.008117575339424421
-0.017027399044515345
-0.02784812243312597
-0.032936036077685804
-0.03185836140170553
-0.02790280254356041
-0.018991314646973352
-0.010184998930394472
-0.0017226917696798866
0.010749698830160024
0.026218889549137498
0.03499022442343321
0.036699270658629816
0.03528873763975677
0.028188361613079353
0.022201831635128823
0.017653649667887173
0.008918773654222984
-0.002604911907342363
-0.009556184727551764
-0.011944305173397236
-0.01234527067133962
-0.00889865514808763
-0.007386382457074734
-0.008066132023813196
-0.006477688414540818
-0.003846529264084303
-0.00288959037354938
-0.0033451730201025723
-0.004762516435107716
-0.007765079992056532
-0.009610795473795262
-0.010234414474555243
-0.011516224096252818
-0.012871435228091178
-0.013069656547144272
-0.012175579328292361
-0.010349354422981823
-0.007272047157069516
-0.004142798022415785
-0.0009510731945427816
0.0031926629936642843
0.0080640093487319
0.01152322866498762
0.013472299956832566
0.014782352544621399
0.014876125918410272
0.015264328554134437
0.016013277114382624
0.015862699936655213
0.015118253336453235
0.01338198243319604
0.01043649866772757
0.006651744011223532
0.0018441534578377734
-0.004118274860228141
-0.011259965339838317
-0.019717190326431926
-0.029563408184622206
-0.033511589072382594
-0.03089294391011181
-0.02522089089166126
-0.014433290461391015
-0.0028105314367529496
0.009427328947543659
0.02626375278852092
0.04687645963839318
0.05710216638140109
0.05612222792174229
0.05013723802149735
0.035304572203482154
0.02092775809649578
0.007475914839517714
-0.013062956953364225
-0.03881092133591245
-0.0537380239247831
-0.057350901555657315
-0.0560381161493202
-0.0455893090454782
-0.037463270865375334
-0.0322089665634887
-0.02047492979136287
-0.004634904770714387
0.005276690762803767
0.009473210264279592
0.01114874732000157
0.007827548086484695
0.007830796097962854
0.01150950863329321
0.012639977324779318
0.013003949564166789
0.014068046823503412
0.015268351238011665
0.017142567719403586
0.019918115257952916
0.02112829740131427
0.020773930517071527
0.020237361719228752
0.018979315830726658
0.01678525433626157
0.01371363943074504
0.009444136030188758
0.0038920792108165054
-0.0024778823670042016
-0.009753449068651662
-0.018282379509526478
-0.028023938659132164
-0.033165680745480916
-0.03318775195137187
-0.030825668475496143
-0.02443087794743088
-0.017517596167016987
-0.010251365828897255
0.0006030073775254168
0.01437338099859959
0.02212664640720001
0.02346057917490977
0.022207487840489443
0.015993676952383618
0.010911295685289228
0.007290983679597309
4.182629200693731e-05
-0.009570525231784553
-0.01466355464516144
-0.015220982395084766
-0.013669682492140681
-0.008259785604145784
-0.004326174431867945
-0.002100528879199649
0.0025680785695307877
0.008557577873402188
0.011298197100468319
0.010834264458821243
0.00856189155446174
0.0033155517986653746
-0.0011707588586266963
-0.004783455804880155
-0.010392374654383639
-0.017233480137377397
-0.0198065192270009
-0.017910027861208377
-0.013625434036084917
-0.005472818973984272
0.002591273453046198
0.010428573546212223
0.021321095634672365
0.034485136879666
0.04040136684976268
0.03855799246777333
0.03294579891829296
0.020975207347537272
0.009057156285746064
-0.0025285767453485162
-0.019266269491564757
-0.039880203686464895
-0.05004980305417317
-0.049100206543711736
-0.04298810397641545
-0.02786275431390078
-0.013514567770766093
-0.0003962914911199896
0.01974827454665295
0.04493935598429773
0.05820453257528296
0.058964658825564814
0.05397004241501331
0.03872936707381012
0.025308244605780524
0.014255470441498113
-0.004349620736455532
-0.028034537752051277
-0.04233928259275545
-0.04712516063746837
-0.0476221516907837
-0.04011631447533247
-0.035661839136735686
-0.03474022743077916
-0.028658714323462654
-0.019729618209495727
-0.013098875434390554
-0.008196738205723286
-0.004123839444329315
-0.0020136735865727905
0.0034431577540198167
0.012425382254425752
0.02139177647496678
0.03151816675671245
0.03737546881453124
0.03808954603903688
0.03707476584887563
0.03271397697645164
0.02725296867196389
0.020918912238839318
0.011134389917947511
-0.0016802489244613597
-0.00990771523121492
-0.013237333625934992
-0.015069606065508986
-0.013419583742375465
-0.013422136504655251
-0.015414072693774561
-0.01515161651905726
-0.013740274850069649
-0.013286877011817817
-0.013462904048255238
-0.014011151434570884
-0.01536009461606377
-0.0152037056703546
-0.01346167706331058
-0.01160287109607386
-0.009105004059126709
-0.0072585600971624845
-0.006307162589804154
-0.005243387240154972
-0.004440744349744374
-0.0034968400027210397
-0.002311667432117366
-0.0014032384515095993
-0.0006720509062294146
0.0030743768380852286
0.010080577065589583
0.018913782610901965
0.030466801294568933
0.042799395840064286
0.055830072469722325
0.07132815470330929
0.08892565892981194
0.09539858688480703
0.08966886268727478
0.07773103990729976
0.05585791235838812
0.032157408125783764
0.006971631742723963
-0.027098404536922475
-0.06851444509866722
-0.09663758675764977
-0.11052753988695078
-0.1190520441907476
-0.11672275961593158
-0.1176149547692326
-0.1224934720484647
-0.11959139355340741
-0.1118327103463323
-0.10039166482178973
-0.08378856395693333
-0.06329913468456075
-0.038674927077380274
-0.006014099874506411
0.03493659268858494
0.08273407382472994
0.1384810537545814
0.1714857986784901
0.1788246013670734
0.1759447760328795
0.15420331838783544
0.13123036394240742
0.10811333613428735
0.06838017847777385
0.015507416000824205
-0.017930157178654402
-0.031171060694450976
-0.03758660187476387
-0.02881399220497318
-0.028302508569661145
-0.037415017507852914
-0.037391632323523466
-0.03327701173831613
-0.03424130393938922
-0.038901668054621065
-0.04634430460311908
-0.05849291548329799
-0.06523162180841588
-0.06629618504820714
-0.06822136810956983
-0.06877770465421255
-0.06192001980897284
-0.04757692111899876
-0.026900153452288026
0.0018321003540161217
0.03356095442171031
0.06842764767376339
0.11061145252765767
0.1592820961168635
0.17827419660523944
0.16457143239935287
0.1347441030615947
0.07858640942336494
0.018303960026770642
-0.045125173390392265
-0.13195306799505235
-0.23794204006170455
-0.2888529828616566
-0.28026794848221737
-0.2447155375652154
-0.1619877836938742
-0.08072395900012927
-0.0033340114223977787
0.11221444594795353
0.2561481972730891
0.32893199425991626
0.3264356614719735
0.2894904282403073
0.1915508977151018
0.10163636078248109
0.022984145121832784
-0.10196984919573937
-0.25914935554336943
-0.3420335683510659
-0.34764134938620445
-0.31718900036215647
-0.2226670600524734
-0.14125476391832045
-0.07635530995350755
0.03480983136000647
0.17638308253514104
0.25838938399298
0.2799909805356335
0.2733408510140893
0.2152821117634483
0.17483294353111656
0.15487829971217307
0.10111475086230048
0.027908778872194635
-0.018597217531346175
-0.04057224339379315
-0.05028879715748963
-0.036632494205798394
-0.04089578163998197
-0.06453515204405166
-0.07770691502071032
-0.0892508915010361
-0.0966033663724381
-0.09623091122307038
-0.09549246286191505
-0.09281716377563609
-0.08186606785558921
-0.06299416244018433
-0.03774623683789526
-0.004631933063084427
0.016987791732916358
0.02552007920887136
0.031430257581412616
0.029520328762921596
0.0306917366727878
0.035966710306628
0.03549517722571411
0.03166757899335717
0.030208837839234278
0.030353334368373064
0.030958706214513725
0.03318785944495079
0.031279590400644
0.024948213337774024
0.017908941520692796
0.008817371112358193
0.0016763885724443233
-0.0028388904271922396
-0.0076639856452120035
-0.01165410437319116
-0.016314352185643817
-0.02193978785097699
-0.026807702105516827
-0.03127893157207939
-0.032603215690588716
-0.030233210267228902
-0.025679057363051202
-0.018028532609663153
-0.008467136337192463
0.0030046052713075437
0.017871108344085517
0.03599401639078548
0.04519055026125564
0.04454451313909034
0.0398007258406681
0.027601471761874646
0.015498827678007171
0.003925753232142039
-0.013840478672916073
-0.036279236850064615
-0.04778541501441023
-0.047752881850033
-0.042604741286012084
-0.0282055806986947
-0.015404641139878484
-0.004735399737296489
0.012799478909931586
0.034966307216038474
0.04670471813531881
0.04769191094444806
0.043583972557176956
0.030448259875854693
0.01940478690887817
0.010928252368639885
-0.003928801052531093
-0.022875732027893655
-0.03358775820416983
-0.03597987532277488
-0.03436859924140006
-0.025584381686122624
-0.01917027857267469
-0.015508761704949294
-0.007115835661818946
0.004027427560358448
0.010955146479049441
0.013903870890799828
0.014850070289185568
0.01208539845095958
0.011656952283655576
0.013778588619902294
0.01399783823367634
0.013597421780822329
0.012071083899477666
0.008858164385340827
0.005072590587296902
0.0004261391520673356
-0.005976023619414359
-0.014103459110485038
-0.02381490281266183
-0.03534292384875828
-0.04039323352938601
-0.03820367210237441
-0.03289064163461107
-0.022125362076465822
-0.010685525063132903
0.001144714035684702
0.01781805133203578
0.038396603015169804
0.04943541717465262
0.050252637300644366
0.0466352083968393
0.03497228680786686
0.024264097261549575
0.014970898146126638
-0.0005458003666359867
-0.0204491559484545
-0.03154194028271431
-0.03354135417851069
-0.031508005680920145
-0.022012076353778456
-0.014753933121566613
-0.010183593850137874
-0.0005143039088804607
0.01223331409191136
0.018865448113976734
0.019448654846873265
0.016985535041395345
0.009149132615423836
0.0033309285193499115
-0.00018940285733455922
-0.007085692249306737
-0.0158144374988655
-0.020202954179700357
-0.020315548857675503
-0.018021896984456665
-0.011747230653501904
-0.006572388773887724
-0.002650049847872334
0.003915506980823024
0.012084264388452967
0.016672585967196056
0.01764039983099182
0.01674322086362047
0.012635821151469483
0.0093826608696406
0.007125865038124419
0.0026709442384987058
-0.0031506990807973517
-0.006673861635119664
-0.00793737100282829
-0.008128391378380992
-0.0063240669306192255
-0.005521946342530243
-0.00583930177735005
-0.00499682770989538
-0.0036258627113244
-0.0023566977903156545
-0.000979795632118594
0.0003777359164514927
0.001616332836290386
0.003710323717180461
0.006677168064627681
0.009969254744448965
0.013809123672490691
0.0155456914805911
0.014880069356777827
0.013231480414263076
0.009841525050361134
0.006107276605555865
0.002124674924404567
-0.003480542747361644
-0.010437792114881711
-0.014798335920343733
-0.016382792642732593
-0.01690332681380253
-0.015312869476655487
-0.014278247675265338
-0.013949197622971166
-0.01209230991377164
-0.009263603491843025
-0.00693469097132368
-0.004954054270081625
-0.0029822017108779102
-0.0013364838939228967
0.0014346487233449748
0.005401887972062554
0.009600932328221607
0.014365745928175397
0.01690692773242574
0.01686036952464579
0.015788426034759214
0.012876528485577092
0.009507199277461057
0.005780027391234264
0.00027141962848184844
-0.006757704901175828
-0.010880891982260358
-0.011888781294730632
-0.011734086857145986
-0.009243734449697805
-0.007381855604966356
-0.006323075311056402
-0.0035795320676438305
0.0002270837718570907
0.002703266390792674
0.003938476298776061
0.004659299889138474
0.004291008329943782
0.0048758469615152195
0.006504334069740584
0.007685382223491958
0.008864030205573529
0.009195007854337514
0.008430693311916489
0.007281134873203791
0.005461366488688025
0.003078057716640165
0.00016760776980875665
-0.003591319956282115
-0.008194203984917141
-0.011022671402602298
-0.01189316665367702
-0.012062680830802168
-0.010820632045483551
-0.009780140654332142
-0.009046417624678782
-0.007197511868376649
-0.0045672383501180955
