-0.010597084847759267
-0.02811650732372578
-0.014907797924733944
0.0317213264699342
0.03252998594795226
-0.008629208764683588
-0.016005156005177906
-0.0017252894697945243
-0.000790291275885894
-0.002276269589332235
5.2356186513458905e-06
0.0025376724151740552
0.003806017490147177
0.003888541854638032
0.002062564911765819
-0.002288741854950776
-0.005376955802759367
-0.00736320818556917
-0.003084124464439042
0.008935041035998181
0.006576715827041459
-0.010152468425564175
-0.010964121344426501
0.001121820330293287
0.012280833820801803
0.027870900636111497
0.01654678649578401
-0.025882037481158117
-0.03312656534722406
-0.009306818533909324
0.00612423609732207
0.02517277054709948
0.017718283094370565
-0.02375742588676638
-0.021926651583268123
0.01897857713348203
0.01972431615167853
-0.008895978343782805
-0.01057608830946518
0.004197082943295941
0.003571010474630308
-0.00541030922217133
-0.004748137880905446
0.002003053646835643
0.003909489338969618
0.003195415692662063
-0.0018555352408663548
-0.013384475078674855
-0.004537536064646536
0.02584871399088876
0.01595541107359236
-0.03247666753325587
-0.02120325004156103
0.043579687047581576
0.03662644145102675
-0.030827757885482993
-0.04081691136597082
-0.0102367048015222
0.005200142588496609
0.02375692960986032
0.020108578959683293
-0.014353233626556543
-0.018552969283540274
0.0026168235286368803
0.012050625575019812
0.019888813491794468
0.010560746053230607
-0.02239478680365309
-0.0274611007509588
-0.006925320611275202
0.0016372548221766188
0.007219864312142993
0.01888017551667066
0.03202572221127192
0.015192921967958874
-0.03451955525013998
-0.039263176058024235
-0.0017237960205616833
0.013183544455481496
0.018966592700488605
0.013632499349434387
-0.013667450924166196
-0.015240366388104547
0.007697367312510542
0.0035635410853621322
-0.020754980303093258
-0.01968961528244396
0.0008409759568174859
0.029596180990270744
0.07515289209108712
0.04293385157795572
-0.07533213094270931
-0.08799796836865872
-0.00621112417066005
0.025721904866775485
0.040011324556016435
0.02833189293994759
-0.03282750938657846
-0.0349674296269726
0.018815457529722357
0.02891169040108888
0.01268031135834183
0.0014569666548878443
-0.019738838276662604
-0.02537175386042493
-0.01176171456666963
-0.002758669860625863
0.007760905667874787
0.024365228713342867
0.04449071836887118
0.01919855410301675
-0.05644656123224649
-0.057349560550366836
0.012694228227988753
0.02332046793949477
-0.006162442326613612
0.009856901584451886
0.05443035028062405
0.03371556963222434
-0.046690516191916755
-0.06061329954122873
-0.018997815735187922
0.00955128080580446
0.047409239681368495
0.03135795462988514
-0.05211159586681216
-0.04899272113468126
0.032143776591757815
0.04490934330990575
0.01196149642807967
-0.0027984096689693243
-0.021361297299279783
-0.014113901851747214
0.02843138873562799
0.03434274096026771
0.00892911068257474
-0.05301717936871619
-0.16876167448338322
-0.09472054724557005
0.18311377070666976
0.23624429457994595
0.09614256766302379
0.026641677118311627
-0.04680232693695977
-0.22587321839268404
-0.4880373398321387
-0.25172715110137756
0.5237953786715157
0.5975088873873619
0.029210614984419438
-0.16916259784643112
-0.20587097675054608
-0.21043069037583903
-0.028113490574025294
0.06596474583803093
0.08579278579610318
0.09467408994917195
0.03698557006686727
-0.025946377924149357
-0.10111800883550673
-0.06527130359566635
0.10494849935783268
0.08268203721298158
-0.11811375329226188
-0.08711697016573125
0.13518084482649242
0.10408457506967268
-0.13343864948615003
-0.10450255862476295
0.1396503425370101
0.12363290737400152
-0.09579603173942927
-0.12321059277013444
-0.021352748838753467
0.01897637120252946
0.05597447859835457
0.061204773010362964
0.008481510266284234
-0.015166199279467597
-0.02102103070625631
-0.032602855878291995
-0.03553988290607147
-0.011919125480502595
0.04117806778402732
0.05155344385436318
0.019130046336404527
-0.0029283539374363376
-0.029327771971765133
-0.036847729942130605
-0.016564020217785667
0.00036964402184471866
0.02167866765134973
0.021522941020369307
-0.006686680589647897
-0.018431392343643934
-0.0197856792337766
0.017536111637477685
0.10517589045953284
0.07245853349414932
-0.08388267971296873
-0.12833514077829844
-0.08589933252337863
-0.021694852700121364
0.10928330849223579
0.13264807189024702
0.03668595386982865
-0.027514796817442354
-0.09796942696796067
-0.08967223227508866
0.026322206632657323
0.038906277592836054
-0.03502570356808976
0.029121083447629252
0.20616600612383795
0.13782021446799428
-0.16332797418996303
-0.24322398703992493
-0.14969446962732857
-0.0207451020410414
0.23019014749476852
0.22713066079854413
-0.060195459080503846
-0.11773936450093793
-0.011423343657977751
-0.007560473858270309
-0.028241190905605788
-0.007045528474467258
0.029501661999112833
0.03841101685831726
0.02235986562731643
0.005120748192866387
-0.02262120698484764
-0.03468931147385591
-0.02690478635881225
-0.004929580092674123
0.03995704914869698
0.02590762694366282
-0.05192608758380403
-0.05206443137104645
0.014713864010534481
0.06517299234748486
0.12409323843214219
0.07026263461903597
-0.11852539691515393
-0.15747707073365175
-0.06283188265133846
0.007948090740208549
0.10832332817806269
0.11135920748388961
-0.010471770569904847
-0.05136690108497869
-0.039018306340521135
-0.020726273897755297
0.0393566223387943
0.029697422639674467
-0.055291864454440065
-0.04089683751966832
0.05801683102246855
0.03774215910564431
-0.08237562241338847
-0.030213756143319326
0.1753993889231776
0.13256418174734855
-0.1335415587618362
-0.17884111041424416
-0.05695883295429367
0.02702189760308256
0.14723406053365107
0.10399230065580649
-0.14101770741435923
-0.12309444604497219
0.13109394721316947
0.11451207020007569
-0.11154397984189651
-0.09650136127370404
0.0974076993697157
0.0778490892462304
-0.1017424239473663
-0.0877777114878642
0.07360951243873773
0.0817566519156301
-0.01887251479773555
-0.0369401254516374
-0.013921132406689912
0.008045999404140575
0.05673001942601129
0.04389708229693511
-0.037435031648592784
-0.0707767647625568
-0.07161286623363844
-0.030920719185814096
0.07577848921286467
0.09435091460358154
0.024713073903290275
-0.025149757567435135
-0.08631491313300156
-0.0513609422982088
0.1033562301061178
0.08206950576228385
-0.10345241853302468
-0.079074947052442
0.11847954887728936
0.10770738561332688
-0.06602995524654824
-0.10870967104316051
-0.07298724656220776
-0.014023461450564566
0.11710199767630174
0.10335037399534117
-0.06762532951040895
-0.07944028615770936
0.03474943285428063
0.03933760564604973
-0.020584596240470994
-0.01950036168813129
0.013558724123078276
0.01652587486025301
0.003766009206060768
0.00328773533435809
0.007407005351280949
-0.01676952081096715
-0.06848627280007104
-0.04420522200132854
0.057574088118023385
0.07536987557727211
0.02251789089813689
-0.015091382300183167
-0.06627592877339408
-0.037547096621993875
0.08900814161136425
0.07538209639289623
-0.06778737931608231
-0.08038392312134723
0.004440554298676893
0.030029177433898074
0.034862617428619035
0.012302951267583871
-0.06189040478161382
-0.046238075572110515
0.059904031297974385
0.06433951104627447
-0.01374414513402021
-0.02404155875816482
0.0059349709169758
-0.008136925537944237
-0.04754917323369781
-0.029202319647032918
0.04118917136147905
0.04836084015336742
0.0013787321695328013
-0.022107680543936782
-0.04155684258215047
-0.007039654040145392
0.09770136665772966
0.06791308905008966
-0.09508607541924977
-0.0991117402427005
0.029929386491352142
0.04945999824670002
0.0018229621715317474
-0.0056811486869467005
-0.007149951701846011
-0.007573853579657518
0.005157329808260641
0.013531791730430866
0.01968437551659365
0.012618458770961816
-0.011939400779127992
-0.030351881312620538
-0.04561218186027827
-0.021489035883517967
0.05047902981150624
0.05847404142539458
0.0058459791052512585
-0.014460355395800803
-0.021969450986841107
-0.022253792888189395
-0.0007754258248812533
0.010252529572609598
0.013343281750046433
0.00509873454231072
-0.021772134758179757
-0.017615393501896892
0.017683242503989848
0.02272036250057969
0.004845033155698369
-0.002868002871159108
-0.01005575462688775
-0.01288882442550514
-0.006846040475310536
-0.0005167684172107726
0.00842519324033281
0.011488121375574646
0.006921294719990779
0.00010740607118384809
-0.011674912215840001
-0.01026830545113168
0.006074683442531404
0.008464271644061579
-0.00010434692148268129
-0.0021136269958612766
-0.002082206478676899
0.0006539160307208762
0.008641533987425214
0.0003010302155748584
-0.02515774610996646
-0.01710333169500219
0.023284185536696547
0.026806959451258845
-0.00015299096462897054
-0.009246288901444345
-0.011336957295064629
-0.008535448578375493
0.006611851826433993
0.005724803391347221
-0.010958986636531377
-0.001943035257985887
0.029555023154082
0.01913494863007853
-0.03000673079327321
-0.028659744354379416
0.01595409775198675
0.018274730420749258
-0.009431982171294246
-0.013333363795409855
-0.005244656863494014
-0.006359816634192593
-0.00992201973412952
0.0157521989994279
0.07128430821996179
0.04056019612974584
-0.07881200516070229
-0.07970657243602973
0.025263332849752677
0.039169111875987296
-0.00741558544593625
-0.003074419391577663
0.025232976482178194
0.011235511343321016
-0.03457925855903977
-0.025001544844521183
0.035081895076815084
0.028597533232062888
-0.03432695445246221
-0.029130593208710955
0.02969253090049171
0.02745305754353324
-0.0204860605240801
-0.017503774558321236
0.02224316459590033
0.024551815134296575
0.001541946214039489
-0.024448788480457957
-0.06569144455990551
-0.03550704200791604
0.07485630933020822
0.07510810572768688
-0.0255776536127879
-0.040700606561753776
0.0011495398400987295
0.004754425495837258
-0.003213303309613911
-0.0005672354174614279
0.002142301556361349
0.004403379063459273
0.007601560031287754
0.004181794595333115
-0.006472370106313281
-0.011734294380984986
-0.012713117065860079
-0.00658596314046094
0.00982154003284138
0.018319790355525938
0.01958841501998823
0.005190448552109151
-0.03031536915865876
-0.025950299116009334
0.01912166851035617
0.019156087665026925
-0.017327446219787553
-0.010527298346662746
0.028596589997610583
0.01991750250704712
-0.028267889356854804
-0.026816340431523967
0.015181093881377051
0.01647196388232586
-0.011084778547841614
-0.008625266184865867
0.013444365872889741
0.008280616752140299
-0.017802460029165572
-0.01038918677782058
0.026093321895288315
0.01927240865342117
-0.02525942475684123
-0.02351809828471151
0.015809364802350505
0.017935392989719284
-0.005957942037460299
-0.008198244818635786
0.0011038535799722023
0.004125700150972264
0.0071640637812249225
-0.0018366781752861968
-0.025994714294743166
-0.019036614894331838
0.018927418567106464
0.026735774851078132
0.010877301623554474
-0.005690173931979271
-0.03407806593452387
-0.01747521477643594
0.05037239409222995
0.03722886983793475
-0.05151237371335813
-0.04188743636819823
0.05025047050338857
0.04853156741079743
-0.025153828521447805
-0.04370734938991125
-0.03180429871953867
-0.007420685073025068
0.05020802806592557
0.04474136817335365
-0.028076001876237846
-0.033197660605936846
0.01475894736966816
0.014092188038186425
-0.016286478818221747
-0.014601998565487297
0.007066399146281637
0.015219085958136336
0.017731088547543575
0.007492894764829743
-0.021696079316384908
-0.022924792272283227
0.0034653415719988565
0.010888570471250745
0.007239398372073704
0.0036302497135112773
-0.007386537869485977
-0.004544359971902343
0.013580938479100664
0.0055402902603340935
-0.026492779728022837
-0.017112644660158844
0.030081915844161856
0.024208240815004306
-0.027679199919018932
