0.00031183076579519145
0.00042112854408564253
0.000528492909773988
0.0006327991172738263
0.0007476209370644973
0.0008691401079442536
0.0009734010827329653
0.001059519301126767
0.0011360338951196675
0.0011964185048561897
0.0012577299649761558
0.0013203583097000384
0.0013699238235131595
0.0014096570751174749
0.0014519044044852163
0.001495760184431509
0.001537190947547571
0.0015788796756636412
0.0016092970298555876
0.0016276124749588538
0.0016415382751340866
0.0016482813069754881
0.0016691692105925094
0.0017069311624686554
0.0017493416711744122
0.0018025578285621527
0.0018558533669249067
0.0019083292217650755
0.0019708122899214035
0.002041176217169735
0.002101100464114964
0.00215048467708796
0.002196819687741618
0.0022355782662935586
0.002280364350403617
0.0023320945108025225
0.002380281559018842
0.0024279796381026166
0.0024103614063566807
0.0023195940045346295
0.00218815881867743
0.0019968730267022317
0.001780316911202535
0.0015398676399883396
0.0012405880804333643
0.0008884930449872977
0.000533857586735398
0.0001755422959935633
-0.00020774166214325524
-0.000604444750842132
-0.0010548023267983597
-0.0015623977367579586
-0.002098458765417077
-0.0026728317575084566
-0.00324513177231028
-0.003808905076708974
-0.004390883745062608
-0.004979254021360564
-0.005591646998105903
-0.00623034746355767
-0.00687619260107838
-0.007532919282172091
-0.008241932387717702
-0.009004350463372404
-0.009802817789242826
-0.010647981572712469
-0.011511060510183444
-0.012390343640315974
-0.013309194900216372
-0.014261453197587804
-0.014960603778056008
-0.01538012175893557
-0.015649860707736066
-0.015687340373046872
-0.01566259329146733
-0.015581314308742723
-0.01528326637968008
-0.014799144085030847
-0.014326410449574155
-0.013858174513341232
-0.013315704308830306
-0.012743812518980702
-0.011978033384943403
-0.011004576514169192
-0.009939064274337522
-0.008741422752348491
-0.007615809704793216
-0.006592208855768578
-0.0055431635405110355
-0.004528126075675456
-0.003452436051423453
-0.0023058551990367167
-0.0011881193558463056
-7.9815537947733e-05
0.0012140599914518702
0.0026971226986829025
0.004288271016865236
0.0060368565200839995
0.007803725100571086
0.009580098477030464
0.011476573823204288
0.013462733214604127
0.015066398689225963
0.016252264667021
0.017220234984513978
0.01783679378819506
0.018399974524627202
0.018918801756811793
0.01912321745296847
0.01906809795333356
0.019053271254071927
0.019065497152882638
0.01899097175356996
0.01889712638973935
0.01852680994800332
0.017859453957770034
0.017073679828937535
0.016107052868249695
0.015322246294878437
0.014770181246371633
0.01423139497516214
0.013811283082658752
0.013336776821904976
0.012790903962682721
0.012353424716886375
0.011989423924544638
0.011365427677274926
0.010476882081233811
0.00946191254190334
0.008236915231182276
0.007043392005267064
0.005897086206024374
0.004608341804544577
0.0032305685168911753
0.0020966526928479453
0.0012188011676575261
0.0004786304760415126
-3.317295896298182e-05
-0.0005538389647458356
-0.0010887374211159973
-0.0014379320642290195
-0.0016463330128588154
-0.0018850883968851782
-0.00214154628909291
-0.0023598474288270394
-0.002577139543637551
-0.0026333752445329398
-0.0025170035259113534
-0.0023349773763944536
-0.0020484955313551487
-0.001954400729439529
-0.0020906119411163273
-0.0022870036515158674
-0.0026292404430988186
-0.002967903594346841
-0.003290454565375402
-0.003747600889885856
-0.004309697423909776
-0.004721849000865951
-0.004982643451230266
-0.00519623632587712
-0.005299621317060833
-0.005482053611817673
-0.005756254147320062
-0.00597628869714245
-0.006184623546604963
-0.006382745064365585
-0.00655464242237511
-0.006729925853467067
-0.0069048824093023205
-0.007043725294103737
-0.007148229445061069
-0.00723205393089829
-0.007287399587184299
-0.007366143927406222
-0.007473094892413282
-0.007577362165366149
-0.007692713381574849
-0.0077927746361395635
-0.007874232519285686
-0.007961672580834425
-0.008048964923838914
-0.008079530907120084
-0.008050800342707198
-0.007985061964651747
-0.007866978516873662
-0.007734553130148295
-0.007589089188975917
-0.007397986509553017
-0.007168596180092786
-0.006929866100873079
-0.006679876419134792
-0.006409144507231462
-0.0061240642011952265
-0.00579823273485503
-0.005429828624723516
-0.005036792287693198
-0.0046128134303061495
-0.004224315461851574
-0.003879489196525265
-0.0035422721411621453
-0.0032319809521838107
-0.00291420936376796
-0.002586685572320706
-0.0022839820565640316
-0.001999591238458565
-0.0016790473533309592
-0.001322633889622033
-0.0009528182352684135
-0.0005564848550110383
-0.00017528930447016335
0.0001876405378207243
0.0005635206112711551
0.0009426892117508222
0.0013602190452020704
0.0018228293466903897
0.002306909717999585
0.0028232638193342093
0.0033587541646638917
0.0039118709866174176
0.004499013037735414
0.005117816007348589
0.005731055855450333
0.006338086873534974
0.006955632299161962
0.0075744863453590435
0.008220999085328378
0.008897297510193513
0.009582797014433856
0.010283565819522188
0.010804164065249531
0.011122254756714927
0.011333612710453436
0.011380768889285775
0.011370860367486323
0.011307998317718239
0.011085857176421389
0.010723271025202206
0.010368486501341976
0.010017844309662039
0.009609367062290167
0.009177072772576246
0.008601441018974266
0.007872003404448259
0.007074023623825361
0.00617831873752901
0.005312788669163097
0.0044974093488143844
0.003649142671338657
0.0028053979562538767
0.0019093175418304592
0.0009539919086518655
7.22178161115456e-07
-0.0009623636893109889
-0.0020635372173588573
-0.003305881041412269
-0.004635660923728123
-0.006085660525739438
-0.007565904165659118
-0.009070884812660523
-0.01067306673894547
-0.012353016647342325
-0.01365143890138428
-0.014530064034026909
-0.015190555974665582
-0.01550201145553847
-0.015745876093205827
-0.015931314865843624
-0.015798694910871033
-0.015399509117511147
-0.015038094226873482
-0.014702677608372565
-0.014274980327550368
-0.013823920225644203
-0.013092766691338431
-0.012060653547867098
-0.010907346412072782
-0.009570545003301992
-0.008389766641801298
-0.007413933178904422
-0.006434663237112402
-0.005550858282359328
-0.004603072681185433
-0.0035750515970277355
-0.002633965829761743
-0.001747539285702773
-0.000597971293595162
0.0008196749182476756
0.0023732242690752726
0.004142590000171787
0.005898997603228796
0.007627596997301488
0.00950879463700642
0.011492141440285203
0.013047845133109385
0.014142564014858774
0.014988959458165045
0.015438853012375296
0.01584009924390332
0.01620216014614741
0.01621713200181835
0.0159495571926521
0.01571520971999832
0.015497399086406172
0.015180656944837738
0.014835196735045037
0.014183181612685582
0.01320287463676984
0.012084859323220398
0.010761586598278881
0.009660440147829482
0.008839389391413802
0.008044355879957782
0.007399123296338184
0.006695583892070674
0.005914252517102187
0.005268688538025541
0.004717031755020547
0.0038751212537756516
0.002738597892413365
0.0014656358683462147
-3.9743032587523746e-05
-0.0014972517023184202
-0.002888574730750616
-0.00443275364767661
-0.006067617323143539
-0.007351743997577109
-0.008264889437643825
-0.008969822674283878
-0.00934496920148611
-0.009696577658477312
-0.01003159652189121
-0.010087343319371167
-0.00992112510680747
-0.009771239849173245
-0.009621475364679747
-0.009390205941384197
-0.009129318196015678
-0.008619948420220517
-0.007845500303660604
-0.006952939090769448
-0.005888870699174763
-0.00503657957974504
-0.004445560285426497
-0.003893321534471527
-0.0034903357407234993
-0.003044860931372631
-0.002539982446954035
-0.002169284871729234
-0.001894300140984049
-0.0013808838922504338
-0.0006262705216478538
0.00023320026326530455
0.0012806478285808467
0.0022698338620018113
0.0031846702337200985
0.004216390999618263
0.00531020025196931
0.006139433712251696
0.006692161549265368
0.007082435704531107
0.007220964880344266
0.00734120929186899
0.00744774322309007
0.007343426572990957
0.007072009431156042
0.006799337553787336
0.0065123000140881165
0.006156437217272683
0.005767237252312987
0.005187830557751598
0.004406418501676892
0.0035266872817929893
0.0025101739336580845
0.001653177513515981
0.000992825478726113
0.00035912720437495207
-0.00016282733775802223
-0.0007235707778600537
-0.0013360825727984718
-0.0018499186460248385
-0.002295341874827331
-0.0029266946346794363
-0.0037457787531618883
-0.004649520736237243
-0.005701133731945497
-0.006712380872390063
-0.007671085701353017
-0.008723167043149979
-0.009826762955488346
-0.010661925481419227
-0.011212251123545255
-0.011597767684263504
-0.011729727963917191
-0.011826752817253504
-0.011893671254758733
-0.01174090253053392
-0.011408979202913136
-0.011075337664226451
-0.01072835886123868
-0.01030560623922231
-0.009845703567093503
-0.009187049512059951
-0.008316975986591776
-0.007344114722390195
-0.006228831792635078
-0.005246552500488823
-0.004432936290058207
-0.003626945798052397
-0.002907841445745171
-0.0021380657012726747
-0.0013050958381260625
-0.0005476476055597288
0.00016211418942379315
0.0010663493247539966
0.0021674926142333144
0.0033669581726244913
0.0047252503165172615
0.006064756680057474
0.0073741384151693986
0.008792008348420333
0.010279088303615246
0.011438506861808188
0.012245403763926873
0.012857837540036617
0.013164676091195456
0.013427153248139744
0.013652004953308755
0.013607970583322377
0.01334331337603894
0.013093599346978057
0.01284598857311841
0.012514193047352868
0.012150359828278182
0.011546386358015833
0.010685778778762464
0.009710745044723336
0.0085704928473093
0.007589475300557258
0.006811284410740889
0.0060432443410064615
0.005379133676786135
0.004660124871686092
0.0038712688905701534
0.003174816001008892
0.0025386662391747167
0.0016716774380834225
0.0005704359773543929
-0.0006455893248580756
-0.002049258791964943
-0.0034282780662105803
-0.004768967914518718
-0.006237490017110943
-0.007786898956710931
-0.009006910552105014
-0.009874537349890897
-0.010548795909453896
-0.010915602734499763
-0.011250670836249484
-0.011560898343494214
-0.011605376507356269
-0.01143539702458001
-0.011286210704150194
-0.011143971298159073
-0.010924666675012459
-0.01068015503204518
-0.010199875505985844
-0.009467509082774564
-0.008626214885514072
-0.007624694808900903
-0.006805776851617035
-0.006214930971218396
-0.005650482422316537
-0.005211489791507608
-0.004728894605074348
-0.00418726617549215
-0.0037587440987122854
-0.0034093423286031886
-0.0028349954693074448
-0.0020326381272691017
-0.0011269275458284313
-4.2021290802870075e-05
0.0009992944218108137
0.0019824886191891124
0.003081233371759368
0.0042460622835380395
0.00517779334686061
0.005865506475434193
0.006414309963062505
0.0067425282253978066
0.007063818641562229
0.007382596302144084
0.007518592917083197
0.007511995388934941
0.007515337955497364
0.007516836504921421
0.0074665298361749535
0.0073972248689613196
0.007165211078931137
0.006759839046336979
0.006276467028405673
0.005680001161041154
0.005240347226183869
0.004991552407108424
0.004778849054411229
0.004679882732915372
0.004557962876722997
0.004401420958273314
0.004347305359873774
0.004368265546317069
0.004232625577286624
0.0039388773765218835
0.003581184759209618
0.003102082266580941
0.0026732414290079314
0.00230592395459882
0.0018673107912931652
0.0013957044663230657
0.0010074994569136953
0.0006997526384036768
0.0004451874919308144
0.00027375581870268305
8.669719697716281e-05
-0.00011686429984944714
-0.000260998366644672
-0.00036473671889784615
-0.00046393117748478956
-0.0005518504035421019
-0.0006229388659656835
-0.0006837259586637326
-0.000690323599373617
-0.0006400689745210575
-0.0005588820108922533
-0.0004358914072975373
-0.000401850951089206
-0.00047117321471126024
-0.0005734905428430609
-0.000745986994750089
-0.0009181717007751743
-0.001084904511130365
-0.0013143412850094584
-0.0015924869942972367
-0.0018159757103337025
-0.001985083316263004
-0.0021407756863103494
-0.0022577645918107833
-0.0024148793656619386
-0.0026173245809320875
-0.0028052264810970104
-0.002996357437644865
