0.003733368415226985
-0.0005707148578885928
-0.006225931486549887
-0.013407996511794399
-0.02240160928129272
-0.033314402383633174
-0.03146282168076035
-0.015484861648421932
0.007560839840554831
0.04184176630325843
0.052197607085643624
0.03546715501679404
0.012099354166624823
-0.02728293663332033
-0.042346691782390145
-0.02869313836158276
-0.013584853830099974
0.013572309781938807
0.02526009130618157
0.017236959448171888
0.011438010417228976
0.00046395174198262285
-0.005578013136160709
-0.0039047471882577827
-0.005389425221077782
-0.007066842405344856
-0.006626144986888672
-0.005062780211568415
-0.0010826606520816407
0.005664817900982196
0.007915650878803207
0.005439610174845878
0.002027321663379026
-0.004085482281865782
-0.005963416499636282
-0.002845258984958437
0.0005050646737723805
0.005897198478665829
0.007738845720455805
0.005184096174005988
0.0023834179276387727
-0.0022051377507696424
-0.005561920819846715
-0.007129266886685058
-0.009651931481919038
-0.012317588983036056
-0.011204020850370477
-0.006189108750264175
0.001538895550710483
0.013065804454403243
0.018215185958457402
0.016230872486443153
0.012963305146690089
0.005776473580669851
0.0011542423959132685
-0.00013175583942759566
-0.0034373870929131386
-0.007174857249828559
-0.00975691172525174
-0.011582686925012109
-0.012191551641236692
-0.011245095774063817
-0.008434110654789247
-0.0034228073444760765
0.004020214203864299
0.01421265657518707
0.01732345987209861
0.01260230327088868
0.005101698629185351
-0.007831536794989246
-0.013591349384828965
-0.011009472606392297
-0.008433810163129178
-0.0026404038997746913
0.0031538766414755475
0.008166831894383872
0.016624026795773256
0.02775950391518109
0.028225984178370498
0.017363046117728664
0.0009830470872961782
-0.024474686868957457
-0.03622961798713058
-0.032366326187636164
-0.026899466443127826
-0.013947647810792035
-0.004164029038683423
0.0008628947791656075
0.011208249849546307
0.024282938083533368
0.028382510342289325
0.023580936337315738
0.013514707210593543
-0.004804632690224107
-0.013390618119499695
-0.011071995732150723
-0.009138523465044231
-0.003172299468280487
-0.0004914579423448424
-0.002445147610016774
-0.001942091065336903
-0.0008730723127762837
4.093634436554315e-05
0.0015760596051070056
0.002657054732733317
0.003326516178725083
0.0033686990921743994
0.002519532622916952
0.0009224809501409491
-0.0016169051358473556
-0.002333003384867353
-0.0010239167910501667
0.0007667978514999802
0.003762871968299708
0.0032906909576602855
-0.001142083193273844
-0.006704834722317706
-0.014665758287875879
-0.015794253320562675
-0.00909148705440629
-1.2346525508103633e-05
0.013984375546785447
0.020195476899944532
0.01727729864776856
0.013485427343159094
0.005453946497143323
0.0004752450103881023
-0.00036392656791741696
-0.0034016246566681368
-0.0067780256166182105
-0.009608263748288617
-0.012469866192622437
-0.014342771427188317
-0.01511740054646297
-0.012813735107497538
-0.0069056712898856185
0.0018415638600228204
0.014210160734060411
0.01959315072197257
0.017154226233033164
0.012733773852987606
0.0035142082770628982
-0.003138898096720305
-0.006473224496002976
-0.012480155631199651
-0.01940915226977828
-0.016506350259009123
-0.0033138353335397425
0.016437251661954658
0.04572353823257222
0.05180872634380389
0.031994489651998075
0.004537293748869509
-0.039275954642089335
-0.05784331385965553
-0.04685088500839108
-0.033618567231827025
-0.00721974324325924
0.008202179992518906
0.008922671711929323
0.01565456928901173
0.022130368589894603
0.023333816803425413
0.0208175180477991
0.0119924176006671
-0.004219024204173574
-0.011624216993912214
-0.009826409265753542
-0.007695973075099678
-0.0014234014617576561
0.001204269569078431
-0.0009137809303979949
-0.000965801248430456
-0.0008893414445443886
-1.0336041595241415e-05
0.0024972110803340554
0.004859851520723878
0.007466241004032235
0.005700106157576488
-0.0011519236370383106
-0.010583723736738288
-0.0240222671362487
-0.026159909698155737
-0.015564119732410626
-0.0007980944414342575
0.022305520956975446
0.03138743224503131
0.024184847555519563
0.014965285019978437
-0.0021785709395563584
-0.010869499669041934
-0.008889597037332237
-0.0090483897757857
-0.0070735084671409015
-0.004268743832775447
-0.0018256881552630297
0.004352095408028407
0.013837163960114864
0.01616391999179003
0.011106540864746668
0.0034218052998604338
-0.00948718504585256
-0.01696143317784435
-0.018059880949623918
-0.02009971608251797
-0.020424490441280318
-0.017550427134036355
-0.011820643985918332
-0.0017514463770387273
0.0131529388063347
0.023526445826659362
0.02908850958676141
0.03492629151313273
0.038796824179081715
0.032314102569365226
0.014750944924907304
-0.011868486903871881
-0.05020800420277446
-0.06162340095020922
-0.04312142748160089
-0.015653240313715604
0.03105803851527426
0.04969461870900665
0.0355032098088226
0.019935006033338393
-0.009294676101601083
-0.025340662701048115
-0.023835287162635867
-0.02780464121762614
-0.030156515309593346
-0.026524939950495645
-0.01867892536033454
-0.0029898046406623344
0.02145892611864476
0.03473993511434378
0.03626210563805627
0.03656335652338983
0.03083908904857464
0.019461746247948112
0.00266061901407761
-0.023847186177492007
-0.06048819581204373
-0.0652860224166238
-0.03535504877769214
0.008640117515449018
0.07798283974280318
0.09867079651707375
0.06385354404889822
0.018622317863178726
-0.05654464668811663
-0.08779127398440759
-0.06630576774157071
-0.04381523832758977
-0.0007823611792455365
0.025584507836439983
0.028481948169167406
0.041960420649140746
0.056097589346227515
0.051181552042055566
0.02877051110487194
-0.009725523885360958
-0.06926298233274086
-0.08182505930535358
-0.042769982021097074
0.010949217668501496
0.09704299686977297
0.10323880036156967
0.017920601229934805
-0.09056380315148563
-0.25250847820367023
-0.2912838499310542
-0.18733356765546857
-0.05032836326912076
0.16778947492747848
0.2872755174864756
0.2871484336946729
0.2944697516390035
0.2621017861426868
0.1917547428287716
0.09142601030778096
-0.07950808660558754
-0.3223560514773631
-0.418443226979838
-0.3570440131703315
-0.2460684001572478
-0.029177025148180238
0.09218704966651185
0.09962040700900567
0.13836585723301575
0.1589167921232122
0.1540721884651196
0.13478382848185944
0.06492666674877194
-0.05727043000089698
-0.10863213888579412
-0.08712777412466059
-0.05537457599934202
0.015838543264820558
0.04138125615877121
0.01166555138307765
-0.008626013791874672
-0.04085931382113264
-0.04814749282520108
-0.02116175789305337
0.005786831120186484
0.043859719520494944
0.05753340415650821
0.04031393324443227
0.018456469291660192
-0.018499498417259765
-0.03295212677088807
-0.019924944181891995
-0.0064467146589795915
0.017613682309347494
0.02308952968652706
0.005397752254927896
-0.013143200606940249
-0.04057203531452126
-0.045494472195510505
-0.023209032925785838
0.004722478847288688
0.047205788435188016
0.05901917517682178
0.034750234996539196
0.0035406188425115307
-0.04698262784214574
-0.06413401800400804
-0.04161513705558239
-0.015077946919310034
0.02962156285977569
0.04992778698501194
0.039808167777486046
0.03145069144177459
0.013431707883100275
0.0009913077088171591
-0.0020582980025029285
-0.012472869430683885
-0.026049927633366804
-0.030085108179838553
-0.025402493284813036
-0.014788909377615744
0.004758669885511483
0.013387106627753182
0.009945344012174635
0.0065913659663540975
-0.0015152137448971308
-0.0033324357619920796
0.0028758615654092897
0.007921863890742455
0.014727257166416333
0.014235124123361271
0.0046800751461535395
-0.007339117500531311
-0.024558292122379435
-0.027062935674307488
-0.01259225539360688
0.00702304283362196
0.0373194723114403
0.044630182565878834
0.025430149015998195
0.0005290919993844788
-0.03913824877586231
-0.053265888353813295
-0.03719541415228891
-0.017838507231202904
0.015589935012159582
0.02817895029084968
0.0151454258291348
0.002195315244769786
-0.020058025032944262
-0.021610789473842484
0.002268394416967552
0.029569032778399083
0.06871535559135722
0.07516128400647165
0.04316475798855775
0.0009452504032608499
-0.06398560036098132
-0.08987548410616289
-0.06983259739256342
-0.04406940465124845
0.003967184361920688
0.029000679083413448
0.02483943597843998
0.027160446268296095
0.024155425397897272
0.01802145238702585
0.011981001432706487
-0.004603763469523827
-0.030916311575349593
-0.03847308261125252
-0.026714710443392388
-0.008914916878803409
0.021912944475159044
0.036750426971399686
0.03289466036053633
0.030115511861546443
0.021081267243969946
0.012602837467508477
0.00662553141945586
-0.006122572003731731
-0.02391156708530238
-0.035174892818133664
-0.04024883607856912
-0.04350558997851991
-0.042260266909849034
-0.034175836587317085
-0.018723363861878974
0.0053892564964402945
0.039376284275026256
0.05957296222577228
0.0646230449213419
0.06725215074567813
0.06140895502165011
0.04657035119163642
0.022741369776376932
-0.0151995558119728
-0.06820194303318695
-0.09237913522815026
-0.08519292858778384
-0.06895673238049158
-0.03224281562697713
-0.005404955373657597
0.008802693656129873
0.03493815764548935
0.06596274120758149
0.0734419198487758
0.05720210255325131
0.02544190466690456
-0.029400142277084308
-0.05178181551436086
-0.03800496965194717
-0.02153257099877712
0.011545003990015942
0.023586453974868395
0.009426295314508388
-0.0014902220243465814
-0.01900570366824238
-0.0244443519396899
-0.013468689307129592
-0.0028607859087293975
0.012915958792759311
0.02137462248642892
0.019875816092959613
0.019022698610131533
0.01515050083994656
0.010229343743934713
0.005227146440328879
-0.00395976212157492
-0.016817239671123415
-0.02295221292088171
-0.022109196632518507
-0.01895503394735925
-0.010883023700415093
-0.004411018607328084
-2.1619221205328263e-05
0.007696131698914579
0.017314065261983105
0.01994857360529011
0.015367569753198218
0.006764487508889289
-0.00822397457581853
-0.015158901414955517
-0.013016108749431637
-0.010833858825354434
-0.005013544250066479
0.0010576657243135587
0.006593281235322979
0.016201765945999248
0.029123552600409122
0.029774394671594512
0.017374556724266056
-0.0011577981080090427
-0.029965272335355276
-0.0408810079459553
-0.031462105538933464
-0.018771310397331483
0.004545225028484442
0.01611201073701312
0.013142302341979039
0.01253967110597132
0.008511339163308545
0.005832811378910689
0.006309066345438206
0.002956026829695964
-0.0028415646826622865
-0.00448361053483051
-0.002378637377168243
0.0013239566883091445
0.008086514316355509
0.007173556701971901
-0.002308117190782157
-0.01405157482381913
-0.030863617737806447
-0.033222464759962565
-0.01899002927071844
0.00022764184570245777
0.0298066849473593
0.04154525709183685
0.03244681203206443
0.02059247923174783
-0.0015356069484669587
-0.013549819148927443
-0.012701142840541035
-0.015111494265359378
-0.015494765570278582
-0.014024853141600875
-0.012104353100384144
-0.0053749645658148805
0.006006314623470177
0.009216158160700958
0.004004110933417862
-0.0034653599124337187
-0.016307763505807395
-0.0130908527826798
0.008333611141987312
0.035214759529822746
0.07333881560170945
0.07922580505713689
0.04821954188561543
0.0058508938564802715
-0.059847988231551054
-0.09122162920968666
-0.08220788998982048
-0.07068549080361057
-0.041460493755005864
-0.01706756683267611
-0.0015156733205340847
0.028865626176710645
0.06859896385833161
0.08100345950070266
0.06564029066480064
0.035983465674032954
-0.017379973219975142
-0.04169309090745611
-0.03313161208131151
-0.02527649240316337
-0.005025414743096702
0.003974173503789349
-0.0024905583996523172
-0.002428546375341678
-0.0020149025277880974
-0.0012758402348507717
0.002243952707239838
0.0038166309309480887
0.004064481023383639
0.004148887859897665
0.003329975917955896
0.0015694072279945751
-0.0012040726641918094
