-0.0194475714676607
-0.01670276970679244
-0.014376617688228949
-0.012621862072272134
-0.008911377146557894
-0.0038573692204853143
-0.0005816278459156802
0.0009477824839283787
0.0018182631837656551
0.0012553974532074253
0.0017540254660396363
0.003436010541954254
0.004410960019438756
0.005218562451284678
0.006205358979913471
0.007189727285454928
0.008382368856415738
0.00982349841816096
0.010829561357774957
0.011403930898250687
0.011907596588701623
0.012189591355644958
0.011432190918758495
0.009566621931429051
0.006854280774400342
0.003046340971571756
-0.0013030183923896771
-0.00620844913790447
-0.012188822283427108
-0.019161770742509292
-0.022728664623485165
-0.022536109219811137
-0.020621709426700257
-0.015755006092329413
-0.010648889767816212
-0.005436602596616659
0.0023327088317664823
0.01213031882737089
0.017437471591935184
0.017963544470669765
0.016471801204280292
0.011226549734674489
0.006686108588345892
0.0030818340931466756
-0.0033153640566927385
-0.011585610509611785
-0.015395290384940093
-0.01460408544357235
-0.011603893456553289
-0.004740503374186649
0.0013285112391089905
0.00640215470391736
0.01423380440324862
0.023863714484217802
0.02845657931454938
0.027805916255088763
0.024501739412674653
0.016729817985890138
0.009445400171311921
0.0028414319073920705
-0.007141589897202203
-0.019503813501292655
-0.02676657428714431
-0.028720604633282066
-0.028255384303045937
-0.023403460029464886
-0.019607802733205247
-0.017108115066301968
-0.011483762157033079
-0.0038539636171985537
0.001085640896948147
0.0034433969016970374
0.004713865043799125
0.003742959011396812
0.004451081238470569
0.00700811113834511
0.00849591475774578
0.00975851988826105
0.010381163463469666
0.009991121034067515
0.009366592562250246
0.008297488949995737
0.006265576178135146
0.0032990138572908724
-0.0005598919063605393
-0.005445876902758639
-0.008497296022472723
-0.009483267978324918
-0.009883745502021606
-0.008922215773133764
-0.008265200905058086
-0.008046222248498328
-0.0067656592882376415
-0.004777437641109112
-0.0024545141979410933
0.00037772121561478245
0.0036756654580718936
0.0074134335036950905
0.012202006510675895
0.018085301731500854
0.024774739086204343
0.03243599540689055
0.03554197614069992
0.03353926573555356
0.029167819961766137
0.02085000522255938
0.011730942008229323
0.0019783313020573707
-0.011395296403100465
-0.027791424892345113
-0.03781891683074802
-0.04100074927286891
-0.04143207367531239
-0.03659839126062478
-0.032780046636974695
-0.03031709448386728
-0.02389304894234407
-0.014802068746341268
-0.008128927025402338
-0.003658224980994119
0.0001940525364538797
0.00222679214317921
0.0068251720829289805
0.01421012825451216
0.021225236203775057
0.028847431116362118
0.03280357284888342
0.03233504195063075
0.03015106626590069
0.024943162183852785
0.01839410415491384
0.010656511007033883
-0.0003093749441933657
-0.014214241383295911
-0.022231582497618273
-0.023853480367501616
-0.02313346921134006
-0.01770788159374902
-0.013280044928802406
-0.010203540141530515
-0.0035919323441870057
0.005363690400058751
0.010298739458721971
0.011234312163754088
0.010407218414716502
0.006218173118936742
0.003637925886309451
0.002894920626414316
0.00016041180638807345
-0.003507511631134187
-0.0054661520778982115
-0.005904385850652256
-0.0053459239955485505
-0.0031618241878754267
-0.001875869666080808
-0.0015448432214335579
-0.0003808678481423175
0.0010881161996629458
0.002072612740269559
0.002689564448143016
0.00294646996186339
0.0026648725292716903
0.0027844951275992494
0.0033077695766011196
0.0036149075712427646
0.003899104843911039
0.003944729205324103
0.003665886531642317
0.003297068077167821
0.002761773548541414
0.0020080587185377424
0.001048825118344892
-0.00016199649638320431
-0.0016398915392030048
-0.0027640847406950313
-0.003491850419951612
-0.004135052798511524
-0.00452786337081849
-0.005044896424021625
-0.005715720052529314
-0.0062119743180702605
-0.00661426368334846
-0.00632869366522701
-0.005249283068353467
-0.00370494188935251
-0.0015060613357979838
0.0010929121121683477
0.0040864664994647165
0.007783334703099753
0.012149441285127986
0.013996570684493928
0.01306353950033532
0.010843990584159907
0.006446092732593578
0.0018088627341250182
-0.0029694502536419635
-0.009651050177751372
-0.017857962163049308
-0.02193964326591881
-0.021589096801476266
-0.0192455100810135
-0.013381167399498014
-0.0077523665650045806
-0.0025450866958266994
0.005453076045916686
0.015482458285345524
0.021087135745894072
0.022062610026673292
0.02097654548763275
0.01612925211684702
0.012129632145143638
0.009194124904559318
0.0035529350256385634
-0.0038428293470932694
-0.008203052470315601
-0.009540591210009096
-0.009498802349572906
-0.006865665416323806
-0.005427842478893347
-0.005345784955585499
-0.003700864594452289
-0.0012914705742536172
5.051811762839633e-05
0.0004931773874899382
0.0003622565522574733
-0.0007638546302211
-0.001052950982990672
-0.000457718242808458
-0.00023808274107624275
-1.774866236935218e-06
0.00020280996182485883
0.0002428851119946332
0.00042025670306296677
0.0006947156234506826
0.0007646323000426082
0.0006546464463738188
0.00047745783155193374
0.00017219191714014264
2.8309456395887394e-05
7.365856666999544e-05
0.00012396702067749834
0.0002546117614580571
0.00033540370334762836
0.00034548151767441047
0.00041096736645365506
0.0004998639438715946
0.00045337271655071845
0.0002713465344849237
5.336399205807264e-06
-0.00038548764808082274
-0.0007841315778949761
-0.0011873742686234505
-0.0016892402984793474
-0.0022666044567330045
-0.0024535471879304936
-0.0022151694892197957
-0.0017554762947253994
-0.0009436981894536517
-7.417941100341416e-05
0.0008416988028978246
0.0020684870467733924
0.0035503073576440285
0.004184284362143134
0.0038987736042707137
0.0031805689045928598
0.0017267288824836299
0.0002494121570504969
-0.0012174905600975106
-0.003297278779465137
-0.0058487878242865455
-0.006873548851417818
-0.006258768910186659
-0.004858767968786745
-0.0021296182907879066
0.0006032565722784918
0.0032789993231974513
0.007038395602807871
0.011617086612113518
0.013822480956888993
0.013492647439122726
0.011967199655274345
0.008383237237688718
0.00489834044230926
0.0016110798389506438
-0.0033129999307351865
-0.009440488292049512
-0.012992940584880324
-0.013844709921610314
-0.013506841957568521
-0.010982530047293207
-0.008961315113116448
-0.007569948197171889
-0.004603512724174811
-0.0006165399084700712
0.001986696196459611
0.003255620319110417
0.003967642281986113
0.0035304971592421963
0.003932363322496688
0.005260618739571384
0.006029107983428842
0.006665601292106918
0.006731650382540188
0.006012899490171214
0.005009664898091464
0.0035477802439538935
0.0014928460793143228
-0.0011377082241118173
-0.004449447062277673
-0.008489038147883378
-0.01052674117001537
-0.01033702995247222
-0.009260561415714524
-0.0065425182225515915
-0.003802498870113703
-0.001142709505705159
0.0029083591695982327
0.00802392323062288
0.010624495876748224
0.010563662883820758
0.009329407959050021
0.005971465718200486
0.002956444276706205
0.00040726228199604016
-0.0037308528299559328
-0.00895054527704245
-0.011738711797395504
-0.012015574931533941
-0.011110234977302784
-0.008104407478449004
-0.005580442516789614
-0.003649873103805087
-0.00023043561140540024
0.0041458734802369565
0.007070892995810019
0.008572766860253005
0.009442037348143304
0.009075599479515318
0.009430960189358698
0.010588865774317696
0.011063004793433862
0.011268239962410524
0.010791974557635517
0.009414803312195632
0.007608981989977541
0.005201239721656707
0.00203172332848806
-0.001892356938725369
-0.00666853069816219
-0.012355571503986055
-0.01579891609512258
-0.01673442943215698
-0.016715915100389965
-0.014869769369296262
-0.01306762740158319
-0.011427951867304399
-0.008248710081313332
-0.0039075209239571446
-0.0009762129381246454
0.0005374948453106979
0.0016219746118812455
0.0016351846359455898
0.0025328645131402518
0.0044272598830558335
0.0058095664840548495
0.007108009677518051
0.007999651404938296
0.008277070697397308
0.00838857994921326
0.008191063852686217
0.007490352290334376
0.006301151457128765
0.004575230715974258
0.0022549192920578265
0.0005176114652099042
-0.0005612569293465158
-0.0016017780343069523
-0.002296871869700053
-0.0033600551161713085
-0.004860245052379147
-0.006186795765846819
-0.007502342073244661
-0.00791359535692043
-0.007253104343142039
-0.006050961435484294
-0.004022930292707034
-0.0015366017562506889
0.0013911839109436509
0.005213171779274498
0.009876238136571095
0.012295240702700739
0.012248649927191732
0.011178317222372157
0.008237756414097842
0.005353481976143477
0.002635602338201255
-0.001620405130083727
-0.0070252885630692945
-0.010019920066923099
-0.010489405058230464
-0.009872228383665246
-0.007233848293583966
-0.005095615208802232
-0.003582604012982645
-0.0006313226659169688
0.003234449392336093
0.005551232857857845
0.006340271349920653
0.006422165448919668
0.005177816874514198
0.004583462370243404
0.004720775630184896
0.004079387162284997
0.0030767347043328293
0.001782458315393504
2.1547409913882408e-05
-0.0019594090705755815
-0.0041960910588568845
-0.007132924138063186
-0.010774827384733926
-0.014952836721184696
-0.019778773227867065
-0.021836192414659124
-0.0207900018966646
-0.018341740593704824
-0.013521462927754352
-0.008267675399313099
-0.0026889874115010857
0.005050249267809062
0.014577447227938694
0.020651095391759945
0.023029513822270233
0.02397522599669108
0.0220946617995821
0.02093825559071745
0.020700713088486568
0.018406196957271543
0.014792075325530011
0.011514023669389539
0.008336541959908352
0.004945034778072807
0.0016715327081129412
-0.0032482710026424935
-0.009905762186373335
-0.017185916420473842
-0.025506112933220734
-0.029556223989366755
-0.028718892272688888
-0.025812473689030165
-0.019303424997312996
-0.012004559354946116
-0.004093587410729339
0.007212311006649087
0.021379108264765107
0.029120086774808283
0.02994783886898252
0.027951632265548
0.020642720620049567
0.014177202311766413
0.008894901160891406
-0.00043600109177914926
-0.012546458122587582
-0.01958241108014547
-0.021464775928230113
-0.021088723308152466
-0.016443864272393607
-0.013475063540420603
-0.012456782892944522
-0.008709974257213033
-0.003486006999068038
-0.00015584371283741086
0.0015207895541577282
0.002298415164033552
0.0013878216001506302
0.001977632127868659
0.004168816917893456
0.005722033464994645
0.007323225288035412
0.008263061716654868
0.00823572833135064
0.008059295998891072
0.007475973131024356
0.006311606991290479
0.004616838728618897
0.0022368638035219976
-0.000876119011455342
-0.002926022841164419
-0.003796366034075465
-0.004393414297700248
-0.004241991200987832
-0.004428287897836821
-0.0050421616053572035
-0.005139634248366488
-0.004957863485701661
-0.004346215292627579
-0.0031635688579715396
-0.0016349772856370864
0.0003282592602459162
0.002879467028520749
0.006028327747802617
0.00979907858796993
0.014246860439178841
0.016234906708947252
0.015479043612223287
0.013513480836489646
0.009455998117479271
0.005145035099069431
0.0006843008081149559
-0.0056290413379195626
-0.013435585214280298
-0.01800584346148148
-0.019121297707349567
-0.018802447889643015
-0.015788371399218175
-0.013287996730410425
-0.011469651991630234
-0.0076387039651958175
-0.0024566505148700584
0.0008601653966989251
0.002352142699587004
0.003115284922198716
0.002352075752120055
0.0026506516867908464
0.004132108998154037
0.004838900801746975
0.00532849489855842
0.006053166495579624
0.00683342887417764
0.007841262115473797
0.009144614443039054
0.009978236356295089
0.010342137197115261
0.01066207332156542
0.010770166760798044
0.010230202546582207
0.009021059410631211
0.007214999792694467
0.00467723221290654
0.0017615947991756278
-0.0015530523426038807
-0.00557957547328243
-0.010269100678947193
-0.013426918355579381
-0.014888054462803293
-0.015670473924453233
-0.015166486273851053
-0.014758438545771812
-0.014520221872037106
-0.013224971694100323
-0.011148667553129177
