0.0017537394548862797
0.017187276448923112
-0.009197370077189569
-0.025666503893600666
0.03848398329106315
-0.036833491783580495
0.02324586274258212
0.0034577852086790095
-0.01392032346698914
0.013605007730008317
-0.0073635076704181195
-0.010831474042423128
0.01274779253313116
0.011955158862355373
-0.013317751723432528
-0.026169207535062182
0.018548555988868943
0.05305799701601545
-0.06211096015662979
-0.005843568432429051
0.01707536557235918
0.0415440670091604
-0.04386332900338515
-0.016452325481669243
0.034207586738960016
-0.005178286337114786
-0.0029113340421571196
-0.022096159032461215
0.018824000096945917
0.03225553316174437
-0.028464560842189804
-0.0473059935445317
0.054551673065222135
0.01563617479518819
-0.03514289011406993
-0.010944142424929146
0.01865106833278781
0.042711073602173064
-0.023502144559055877
-0.10037421455353013
0.11598073889508993
-0.02210972935524061
-0.012827105846235854
0.0013522707795649682
0.013234356622698533
-0.047351021543343794
0.04164445737002334
0.020556701914736623
-0.027969007212089107
-0.0366811297394808
0.04092527677128884
0.032389791955678066
-0.04020821782720329
-0.029012618091873908
0.03800672780508489
0.011614728027706595
-0.030286747672416417
0.026517080184956923
-0.009748917278503716
-0.017743623709838417
0.03219103859813194
-0.043032417161538716
0.03304920348064208
0.005955372678838453
-0.01850969862923954
-0.002200603177847162
-0.009814795055529298
0.03862519215145657
-0.06366039887499489
0.11217525596533712
-0.07837304990311489
-0.030285983693426315
0.09026493770995225
-0.11876709813545493
0.09769918865659105
-0.03843997646357932
-0.012861544750687046
0.0644594977559774
-0.07392709827963856
0.05375390453044386
-0.022172650018864162
-0.012569001617942499
0.018777039408976758
-0.061423300916614285
0.003931315056229666
0.23411347942881294
-0.21356793855038564
-0.10056543982066835
0.2002314171458602
-0.021357614664705614
-0.014576706243515371
-0.21222835038402
0.07571516843834372
0.4246626771604556
-0.6123260089948582
0.6043870345088036
-0.4253446779829597
-0.0005170968221486494
0.11664201133051735
0.11020414094096304
-0.14882587725360155
-0.06234986181047604
0.10199633304034585
0.13307633129984084
-0.07081032098696498
-0.35828399624337365
0.43832300987501915
-0.15341641055796107
0.04326892090110487
-0.12364398745323783
0.1096858077690979
0.008697171017690367
-0.05087508528895741
0.014012756347183939
-0.00557380047353307
0.02843219653559251
-0.026313764866443615
0.004924218041795294
0.01565540274086082
-0.040321874011891384
0.047955355139152646
-0.027633118628877178
0.02449377453483467
-0.052195058897564664
0.02339684368461048
0.036659610788174146
-0.0918982574962909
0.1831008124092134
-0.1520069000672323
-0.00916086153216928
0.08499871488303554
-0.05298670482174615
0.05770749584528769
-0.1470654603441458
0.09091526070360482
0.1132116643932595
-0.200615614123297
0.1997554714441503
-0.16125691817609372
0.06927286379018356
-0.0378230622786359
0.07292138543851769
-0.06226394507815035
0.017034608014346638
0.021444267084415145
-0.061992243273619616
0.061489975532492705
-0.023079754084453143
-0.016904616214578456
0.03095095776439548
-0.07044072009019897
0.17589795961653915
-0.14871088955050474
-0.014507106585943202
0.08766637149439135
-0.08321074534178602
0.07159897684239336
-0.04806934875521158
0.03506093952405655
-0.06752446349136165
0.06493784631290062
0.06834109700137038
0.0011803162983720882
-0.36401597610209746
0.37868583662027955
-0.012451815506963004
-0.11264848739468483
-0.016123860589507315
0.027918224884255497
0.07552308668932829
-0.11455588061430719
0.1003768286342003
-0.06767628122221202
0.03002147020958841
0.009610218696183679
-0.07182211093605807
0.06828473942902114
0.005660779786087231
-0.03607213101988828
0.015021556268822223
-0.014263943936161653
0.05041789780011211
-0.035714345458570315
-0.03314765793350792
0.05736291279462464
-0.04133747009634875
0.022680764517105174
-0.010086113602926414
-0.009781474197427305
0.051696423224949564
-0.0521060048196214
-0.003136406252966628
0.011284631787743622
0.039395963202713706
-0.036844745673443945
-0.017975244578294018
0.04277401489232939
-0.045850858298160185
0.03805563037528671
-0.013472950842067026
0.008166784125568687
-0.03152417030849525
0.03370053094729073
0.006784447726222212
0.0020484207740237934
-0.08078018857319673
0.07725686391623408
0.007889007307106916
-0.04537687494463524
0.04416118686216303
-0.031169784941853913
0.006573902728123983
0.00686066630342777
-0.015788258495809313
0.016134273689779356
0.002519078580918538
0.0042584014859015345
-0.048254051949702524
0.05469168186271491
-0.007887898280648778
0.006213119968183132
-0.06733808733009042
0.064115745376877
0.00763493435651981
-0.029126591316820223
0.004817215053704275
0.017684339549103117
-0.027509472282058297
0.04442582964728445
-0.09216603036995608
0.07946069340534476
0.011434895132694509
-0.027103215937391262
-0.036320337235608735
0.05051770293284251
-0.02164339191201252
-0.001628261576591373
0.0215180389372138
-0.02908620452123463
0.026478983168668695
-0.020068832301881428
0.012636707622878891
-0.00458238439353012
-0.008615942992956576
0.008216752057424061
0.007026291750369767
-0.010469421851035296
0.009028395509943415
-0.005153652030819696
-0.01514157359962752
9.246233855168535e-05
0.0526580225396232
-0.06753419629813813
0.056655221700716664
-0.032866140973024684
-0.012134387317464357
0.023186747612092974
0.0007149980826602932
-0.0078076623704131315
-0.002364427410126121
0.006445538611425839
-0.003629085474533775
0.005674910210593236
-0.012981509633339695
0.018472209283632808
-0.016546013610024172
0.020511536250093568
-0.04308923672123364
0.03557819301173645
0.014058387752387352
-0.019223416663770917
-0.02633147867259565
0.035498861097215804
-0.0069772564122420775
-0.0022792914199734056
-0.007027595846026925
0.011238279934828996
-0.007709689082115476
0.006815315535280546
-0.015705666622168157
0.007266039086175368
0.022350138994118036
-0.029886996471809774
0.015522037973941152
-0.008208025954924734
0.009459299188805285
-0.006290890928798257
-0.0017533544842985873
0.002952100175582894
-0.0012082372011951402
-0.004542546460936112
0.020050392727924388
-0.019793088296315698
0.0010108994617839843
-0.00012512989548295295
0.011187914803388828
-0.021583249288724807
0.0405587338415603
-0.03282990127009939
-0.0019921979283265712
0.01616532947610575
-0.016246508732485645
0.00848845962066964
0.011280867272846249
-0.013229022403783559
-0.0008580126453756288
0.008423785152200113
-0.011821597171295335
0.007114700295165113
-0.0007988774925383078
-0.008700949247850929
0.032342617542582545
-0.024372015475835805
-0.016574407116095757
0.030777344709774244
-0.025199208958334256
0.012972290630754899
0.009100042333139685
-0.014514532082632496
0.0034140838224178812
0.004428692301325827
-0.0026599881858189655
0.009021361500943504
-0.03515237906082041
0.029282504437676667
0.014774714508257914
-0.02359816587655885
-0.0003081225919711085
0.012177268044348781
-0.017487170124685435
0.013641414452792523
0.005695360445357877
-0.00863095780989149
-0.013642170614882347
0.01001857392057157
0.02589731224840696
-0.03070236669948591
0.006222535283314972
0.003765461507359958
-0.00816013182319727
-0.000663636140803771
0.028236623662120017
-0.0267580745845079
0.00887159649398965
0.00964518029879326
-0.054649205845537535
0.037211739329406225
0.06008489239313907
-0.07807125103078806
0.011097601125687296
0.009136653740010846
0.018471967049198495
-0.022523655840063665
0.007569584672337069
0.004056810230556221
-0.0213272850674675
0.019525918430251848
0.010708391261118042
-0.010075547950886131
-0.02592680878943849
0.03285244268941537
-0.011995902377861398
8.362060784688406e-05
0.00098935845588187
-0.0018622537816013027
0.015138473818975156
-0.007854247207116522
-0.04008158667120597
0.03394678916589046
0.04502339138181026
-0.0541563712218657
-0.01719929061792231
0.02785308419124987
0.01975892263326129
-0.039455181220795006
0.039913824458730325
-0.027423779105950254
-0.004106746319274417
0.01525445271538404
0.0034944793305750456
0.0013233673072503942
-0.04202664462525812
0.04111159372543417
0.007608074366187356
-0.01842496441974036
-0.003516809624373369
0.012423378995714171
-0.025284734926343796
0.008122731699773547
0.0517053327981943
-0.0548955046846624
0.0053646694029345025
0.022545735647208236
-0.034053080113120165
0.03025726106871438
-0.020957629975247232
0.008001679230222252
0.03042346398054899
-0.01878531806355635
-0.0612887403579677
0.06821329635026951
0.004924949330278698
-0.026977162338693714
-0.0035996364499842354
0.011876284872095067
0.007742512176437743
-0.013558226595971754
-0.01052640655831789
-0.0003851016584092339
0.0647588673738891
-0.06510595691540327
-0.005653708976819313
0.02343704237722063
0.006601813275274355
-0.023071524705291956
0.03297566674300629
-0.025980697872927484
0.0036426880968921937
0.007435053340383856
-0.013529647456294782
0.0068039530008719784
0.017038491799207946
-0.02511324146235866
0.01084652431712698
-0.013140929337820469
0.04306621349719548
-0.04274434819427957
-0.0018052133676189127
0.003477055095414013
0.049624839460031635
-0.05211161422906725
0.0008367503042866521
0.016740169462619494
-0.0009363852054525817
-0.006454869031609828
0.00032296883207669235
-0.004595829467207205
0.023228732376126812
-0.019291660452494214
0.004484087194313531
0.014857493617194795
-0.053840244494854896
0.041788460090913575
0.01743235520645045
-0.05149056832946202
0.06318529629627942
-0.05685744901089979
0.04912921052119029
-0.01589601212491363
-0.05068717872118729
0.06378338924566077
-0.04079762555814549
0.010539612693360522
0.053757301973869215
-0.04887083232079
-0.04101048690284817
0.05001483163396795
0.018448593495660647
-0.052323413171833526
0.06286349947903323
-0.05826059706237726
0.025618149943509787
-0.02616542965849041
0.07244128451492164
-0.0723396887152898
0.015146126366291729
0.0006199703637562719
0.03531102670312447
-0.027983961934410384
-0.02379893467877691
0.045919534879939806
-0.04013771008265378
0.03332710937053129
-0.03154773405985615
0.019216806298308988
0.005575534859106509
-0.010160104321786736
0.0036277875463082295
0.01267737991437909
-0.04505106876172294
0.048406103075645766
-0.02522938476292
0.009272744826615942
-0.0014679939756036603
-0.00255543204776882
0.009138700250675813
-9.046433083255762e-05
-0.022226246037038863
0.032019533296272454
-0.03743686222442052
0.023078410613471424
0.011745456845878998
-0.030890637230441564
0.03481403299710251
-0.037666790627089226
0.04328991594089682
-0.04102604424918658
0.026561089422107557
-0.026008600271009544
0.04083490287316686
-0.04223581095019346
0.03560412427997318
-0.028648612581204356
0.003790342440757896
-0.009384418244541294
0.06826075940470186
-0.05534161011446641
-0.03944024960755496
0.06884693121712479
-0.03046251334410953
0.01831629712581955
-0.036824728029953055
0.033975134658531636
-0.009516619911982892
-0.0011053746419589236
-0.0012937230499664425
0.005548461280243279
-0.005142644912710944
0.013133305663780237
-0.03788299097575213
0.03445613017206574
-0.00253524284614017
-0.010462377137912144
0.00764135064866525
-0.0010810083974267597
-0.008426281199439195
0.015815456161685334
-0.02135996885214858
0.023379967607413305
-0.022845470744286958
0.01945289788368263
-0.012731691947493764
0.006374833241163127
-0.005445138473871933
-0.002256651203857884
0.02354373957373476
-0.022788385470419545
-0.004407873751833407
0.012507860468794237
0.002947302077305306
-0.0013677778020964055
-0.02232709465036112
0.028378073088575262
-0.008683235153041364
0.011473808268664754
-0.04226538554434178
0.04251209283787045
-0.017077896043332017
-0.0017375421200395993
0.020454496551873525
