0.003902471566576359
0.02149249050122737
0.027174316058358558
0.019516844768275244
0.008396308664824595
-0.010835356154972511
-0.019063184877815244
-0.01426381243531453
-0.009551807167376636
2.935742794407236e-05
0.005954590594496797
0.006584613447394815
0.010091962167152671
0.014217618828087867
0.01357325862792515
0.008534774433216569
-0.00011378926704619233
-0.013693954295131688
-0.018970849833160604
-0.015098498253090273
-0.009589293306018523
0.0009206992591966236
0.007059278633635041
0.0077102327753176434
0.010192813842162168
0.012147423172920382
0.009827257711769134
0.0035043241465649846
-0.006941320694669466
-0.02252729053294055
-0.02539957025044567
-0.014321958170248021
0.0012343198489021391
0.025964867516315562
0.031889960391419454
0.016205618130875836
-0.003755542951330823
-0.03544755541261784
-0.04584942058736018
-0.031076622274234238
-0.013152264631792013
0.016799527593877716
0.03345573934053865
0.03326806165432402
0.035826001306810705
0.03442144105317254
0.025742032263021977
0.010957215765003284
-0.0139456193359407
-0.0499509940715061
-0.05922841074700749
-0.03951811253260743
-0.009969476572347964
0.03931031052098946
0.05764989349616368
0.04020383236426213
0.019668808582753484
-0.017123348940619204
-0.03575147980202183
-0.031226578445958813
-0.030965411468540323
-0.025887130508702023
-0.01758529506511296
-0.00851218863593392
0.00951331393926989
0.03590504116127606
0.04502221549526427
0.036075207177061
0.021070649407737965
-0.006431188046261617
-0.01909245675932389
-0.014437657461408833
-0.011048513055047232
-0.002047334303682647
0.00030162317126940816
-0.006444120680673872
-0.010857063017356236
-0.016280617745932598
-0.015981714853143206
-0.008078417911379398
0.001618316334623598
0.01532010189170678
0.021674498770756452
0.01922956760815281
0.015348789890342687
0.006876713021360575
0.000523531926774514
-0.0028193208584295633
-0.009123312652091098
-0.016756043681261292
-0.01784175961430577
-0.012274182463131689
-0.0025451244460639342
0.013435636257885785
0.01864859344760574
0.011839375289147597
0.003016068220301891
-0.012188418345348766
-0.016574603353284433
-0.008110891100022017
0.0013553353133545698
0.016390910472899922
0.02071255319440369
0.012016290791637045
0.0018360004781197078
-0.014316369516156242
-0.020815297397856064
-0.015480123775504506
-0.009542378577735506
0.0012657490268501406
0.006173764828654732
0.003454341144015775
0.0018380635274062745
-0.0015889075455853255
-0.0012073007450283948
0.004270952653584615
0.009800241972770112
0.017039334791512737
0.016954475700329562
0.00820462622978048
-0.0035643244401306405
-0.020995866847805862
-0.02655997543365826
-0.018436615156957246
-0.007291181870281305
0.01161624402075005
0.019367982614083495
0.013809708637562925
0.008030383178362825
-0.0029442367434980143
-0.007343967299406141
-0.0032188246899918106
-0.00030637238415645726
0.00457871989332876
0.007531497968039494
0.0073227382693809035
0.008406537737262713
0.009590562920172846
0.003847766825501939
-0.009031303555338252
-0.026725949274499276
-0.05114434388998927
-0.05270589814241045
-0.028812264747795847
0.004821656887308662
0.05627677555912998
0.07465320429695993
0.055028345880885954
0.028685355110425567
-0.01788094555921997
-0.03771526235726597
-0.02513101492002258
-0.014000556374897095
0.007993601571078736
0.014360416214235465
0.0001506081783528512
-0.011903390723380414
-0.029154803642738196
-0.03137516854538026
-0.014521993482865184
0.005833077732609679
0.03573339636158809
0.04474311669538216
0.028990597151386972
0.008160941156998006
-0.026194185032382182
-0.038376009366627384
-0.024180157219781243
-0.007884178379846545
0.020044182716851114
0.029400231630758562
0.015889346962369252
0.0018743434738924998
-0.02083334882047659
-0.028662241367734504
-0.01777581565388554
-0.006190226329210361
0.012668867280884732
0.021346179522883386
0.016913282294112437
0.013211843513649856
0.005398530505191294
-0.0002960443737080815
-0.0022417285039303845
-0.007476593764288091
-0.014268989621403338
-0.014862049620318105
-0.009370579603380535
-0.00012937936492247366
0.01481303254329937
0.01928350248018474
0.012069555803066394
0.0026062422376783127
-0.013277397884234382
-0.01862901195244223
-0.011489526070393078
-0.003439825585422679
0.01001263784879769
0.014859570892808498
0.009060280201575678
0.0030244791090908454
-0.007066186581214557
-0.010827629502943208
-0.006540230055210542
-0.0023307548796226117
0.004684588305624733
0.007296256969201832
0.004204515271917972
0.001247348258407562
-0.0036069331827633788
-0.00560458987229448
-0.0038359103391112973
-0.0022624086559072704
0.0004680742669000033
0.001636569459729372
0.0006640997399244187
-2.3052909928219465e-05
-0.0012064689633346814
-0.000399556879075541
0.002862381123187444
0.006758466170225385
0.012028426557408699
0.012857765688087648
0.008580071137856735
0.0025876179059333994
-0.0067488067759268995
-0.01249786597136584
-0.013953623855681298
-0.015861568126307953
-0.016436612416967936
-0.012919015214972842
-0.005306372071300834
0.006612288772756384
0.023716925687247394
0.028041180453201437
0.018296956254765084
0.003915099692982147
-0.019871617597035367
-0.02851816311977601
-0.01962866745029932
-0.009027395283925108
0.009694649196287364
0.018825360389021793
0.01586464490323582
0.014624237499539193
0.01042231350715231
0.006079383530763569
0.002978006830567431
-0.004066023915228083
-0.014221354832701578
-0.01751296481680493
-0.013831754463583668
-0.00736173333516596
0.0043672395433452926
0.009908294801757804
0.00832241083460822
0.0072091142753979
0.003715165509032284
0.0003513721638026226
-0.0021608598654689402
-0.007356647765271143
-0.014614801441795949
-0.01574020301005225
-0.0104942795559125
-0.0023607348476168653
0.010767149148243185
0.016862017500824892
0.014920382725570216
0.012521257210959839
0.006592842403021318
0.0015579907467487583
-0.001798458131448348
-0.00816942774767825
-0.016489999372560706
-0.01662111143592373
-0.00819314425123465
0.004756802633928718
0.024919371146979508
0.03034574480958053
0.01919490676680605
0.004295718536320023
-0.02011935961024787
-0.030563100000495332
-0.024390516347793507
-0.01769817679295161
-0.004306012279564247
0.0034732549983966035
0.0034997478979130713
0.00680883157252909
0.010143616336263124
0.012226540257093447
0.014068173946795864
0.01370187926289953
0.010993114809541498
0.007669887321359671
0.003327711024388616
-0.003081766652399297
-0.011418221956570515
-0.01659094963772343
-0.01830884068343969
-0.019014083816537963
-0.017356431791685716
-0.013262786044901194
-0.006627749787905817
0.0037654865547803065
0.018184915126667464
0.025087061198345872
0.023783032356347586
0.020164351336357064
0.01121620846250766
0.003793746309835162
-0.0014946003698291447
-0.010591777740847188
-0.021976691743159273
-0.024001875227196958
-0.01624131454578123
-0.0031255068818826547
0.018472307039275774
0.026080990114161998
0.017946647823434445
0.007594812895883323
-0.010747228723772758
-0.01904894700403238
-0.015030384807833648
-0.012129447055702562
-0.005632719135166717
-0.001551348304312269
-0.0014834730133907932
0.0012937908802658315
0.005090244225423871
0.007454473876207065
0.00898401324397364
0.009542874749140125
0.008691906121117048
0.005669893690993611
0.00013733164520195244
-0.007958118745081625
-0.019049376846164957
-0.01939842388789903
-0.007868404012988358
0.008555135601997053
0.03363838301662371
0.04017626383323695
0.025607705378670124
0.006174020655604767
-0.025377895598978465
-0.038946249838259575
-0.031127602259432795
-0.022459362852159954
-0.004997387049721176
0.00593957380743905
0.007696525205976596
0.014243365099643497
0.021568719927594827
0.020354461734869232
0.01115335860268221
-0.004787510967513634
-0.029824973802143207
-0.036823280685966
-0.023957958172520236
-0.006321019427894142
0.02308420183960311
0.03499437674086228
0.026234879844960226
0.016682568156795773
-0.0013206036809852086
-0.010831875531915162
-0.009040834580928156
-0.010400236997523534
-0.010390692934900105
-0.008186206210939689
-0.005052320365041669
0.002273576968754618
0.013845308890167397
0.017080898283067202
0.011573676432592859
0.0034874410538451657
-0.010305026601280954
-0.015607770601688671
-0.011031446416335883
-0.005987304385690642
0.0031897860933067703
0.007769725999390039
0.00636609658163856
0.00617636642922283
0.004868409510739829
0.0018504809833441733
-0.0023116075873598242
-0.009248745600542709
-0.019079503704561036
-0.020391530913287926
-0.012509582801427435
-0.0010262484173707382
0.017066330027024044
0.024742776402455313
0.020427147287053443
0.014847465755821505
0.00356790593609355
-0.003355317915902883
-0.004477759757193829
-0.008345405380332009
-0.012395003267066248
-0.012563232587030121
-0.00930265925526347
-0.0025199906504055165
0.008794890694616872
0.012426618701716135
0.007699323360808079
0.001402689455395156
-0.009532702307352817
-0.012581810916139328
-0.006330991263516209
0.0006929664419796393
0.011793664762633334
0.014478508873942149
0.0070170265121981094
-0.0019181882664483798
-0.015776545944827705
-0.018369425438298115
-0.00764271784627384
0.005798481908794217
0.02642014815414446
0.03167848446968989
0.018917380031299957
0.00266051860438239
-0.02323543043000254
-0.033366206362184576
-0.024665523514163772
-0.014468780134869106
0.0040377518417845
0.012920956860677622
0.009495435264113375
0.008050780978680012
0.0038052422089453032
0.0016931041612438
0.003383136219286487
0.0026216849213846175
0.0008820743203656327
-0.0002304258422477438
-0.0013891560839835388
-0.002230828355951008
-0.002583648022372381
-0.0028895704373833016
-0.0030250924749384476
-0.0026625888575460945
-0.0018140686845002172
-0.0012044348309102019
-0.0008174946295733429
-0.00025904210753982396
0.00031667580570554095
0.0018926328065195241
0.0045934481795992235
0.007842189022594533
0.011919405442582834
0.011616220528538345
0.0064002508044107
-0.0010317173109923572
-0.012155146461601318
-0.017209220593797325
-0.015298155575958008
-0.012387248912002907
-0.005907286733075836
-0.001612130326681136
-0.00026219006109564567
0.003091001031305116
0.007025980201056564
0.009966833616426196
0.012294874150732953
0.013678707813467817
0.013793896745539765
0.011166319640061654
0.0053837117820337834
-0.0032101000179834086
-0.015243615585569874
-0.02011467814797608
-0.017012885977160556
-0.011639041616295918
-0.0011702482078215105
0.004962294666722281
0.005834672029066633
0.008424558833183085
0.010405419906224435
0.008786445934464275
0.003849269219260064
-0.004853734414948011
-0.01815466241667083
-0.021716919720763502
-0.01465210076670556
-0.004620078447952854
0.012083905899550391
0.020114262838950073
0.017894863030014495
0.015912737891500606
0.010210783052025723
0.004738007652723308
0.0005156012471532949
-0.007635967250085551
-0.018740816954863897
-0.02136700730759308
-0.0151883577565929
-0.004971932980039476
0.012231858986686982
0.01855171275896285
0.012507078215296308
0.005205614933060007
-0.007935183022360816
-0.012465812366839453
-0.006462310244329569
-0.000620200592571815
0.008902601838319058
0.012548511370804741
0.008610909273415377
0.004795369842068536
-0.0015847183875692373
-0.005677715433958058
-0.006431774726024677
-0.00841468786804382
-0.01025827874994555
-0.00837222961022187
-0.002840623700616836
0.005773549342171951
0.01843525038126648
0.019609005529369016
0.008084155395299854
-0.007872565015673138
-0.03241769717991936
-0.03918532795734092
-0.0255671123553692
-0.007691104114412121
0.021480882334493325
0.03542050695977149
0.031003545469995966
0.026876867531322936
0.01605428698786347
0.006235071543038264
-0.000681611521325502
-0.014225359236156088
-0.03245381738271149
-0.035320650682668035
-0.02224260514418463
-0.0013579128324075187
0.03254546017713864
0.043493175913912836
0.02849707671043329
0.009280419455919594
-0.023484551165411097
-0.036748405988128376
-0.026468212050869994
-0.016234623558615057
0.002679024809413583
