-0.0001258022106930479
-0.0002907295987381135
-0.00045358007896537973
-0.0006127850669364907
-0.0007873720080564044
-0.0009720015179619634
-0.001123155590417802
-0.0012385791486486197
-0.0013349033294660256
-0.0014000911969723243
-0.0014637496020920024
-0.0015266261762855952
-0.0015630725314861023
-0.0015786330320079532
-0.0015977522071576739
-0.0016189422820410166
-0.0016336377966280084
-0.0016472260553203094
-0.0016376832494168583
-0.001603341926927853
-0.0015591576999086042
-0.0014997839217506107
-0.001461912120137592
-0.0014503915070521285
-0.0014437647142799244
-0.0014526434344731113
-0.0014588948919899963
-0.001460904072035753
-0.00147713851878149
-0.0015039756539198404
-0.0015090991805689622
-0.0014922268617274929
-0.0014666242465139444
-0.0014242568397290858
-0.0013888889946372138
-0.0013620956007245302
-0.0013254185071216622
-0.0012841579089764754
-0.0012204342142771065
-0.001130320514068405
-0.0010259194277940794
-0.0009014614247276159
-0.0007626999177220965
-0.0006101535564953571
-0.0004355205755767195
-0.00023959205286936132
-4.182021467600443e-05
0.00015764825648583862
0.00036807209391381845
0.0005848233359160037
0.0008219463284830401
0.0010808397050161688
0.0013509351417007266
0.0016356723709921898
0.0019297307068387283
0.0022316217101927254
0.0025465315799291185
0.0028728097562139214
0.0032114561857548404
0.003563019907337693
0.00392560170133192
0.004299524007731038
0.004693385261225267
0.005107746487211051
0.0055387923298267396
0.005988878757734418
0.00645276600673867
0.006930213128356161
0.00742592447420489
0.007938884236596168
0.008319810021534198
0.00855406621634712
0.008710884951654277
0.008747089635028073
0.008749493911974906
0.00872117127868151
0.008579303164895713
0.008339503387967798
0.008107360425068962
0.007879539003235667
0.007613435212047113
0.00733312221636679
0.006951537441736952
0.006461335277305802
0.005924050702891205
0.005318493978982718
0.0047480865777656004
0.004228325768727581
0.003693980022210965
0.0031752329063026445
0.0026247626646295694
0.002037313156364452
0.0014631532502069236
0.0008925629979804721
0.000225471734339348
-0.0005400940999230563
-0.0013623677106989445
-0.002266716066637864
-0.0031820116398676625
-0.004103766151534784
-0.005088651180383715
-0.006121139067898198
-0.006948066593456624
-0.0075502226142998684
-0.008035350462218415
-0.008331797408026335
-0.00859872999868441
-0.008841029226423916
-0.008914144020092078
-0.008847366972238757
-0.008802380969368154
-0.008772178720111714
-0.008695203756578732
-0.00860786106927789
-0.008371816318554605
-0.007975990093621179
-0.007516594712364554
-0.00696005377953955
-0.006499659374044341
-0.006162658164856655
-0.005831861548465909
-0.005563466221169809
-0.005265453734837216
-0.004928757678049794
-0.0046490973852544495
-0.00440790673023083
-0.004027027875768476
-0.003503988650715456
-0.0029126374063805616
-0.002208296239948947
-0.0015198914686922992
-0.0008558305180956168
-0.00011482059750412719
0.0006746304798596429
0.0013226485848080295
0.0018214804790162547
0.0022400214985100145
0.0025263254555317415
0.0028140161687685277
0.003106205825391012
0.003289436926955967
0.003388929519530314
0.003504751474078419
0.0036298783692202685
0.0037309445114862795
0.0038297619837774207
0.0038337350740192703
0.0037360828614037903
0.0035989562852403864
0.0033998937111785485
0.00330562532286802
0.0033376383434206044
0.0033998525226670764
0.003540406883880477
0.003675770563006281
0.0037988161594457227
0.003993996484548801
0.004244703725861291
0.004406788103134944
0.004479321118324937
0.0045212689340043315
0.004496939558729676
0.004513075154352349
0.004576817711147493
0.004605687481775905
0.004623592488672378
0.004559436575632545
0.004396710787248851
0.0041856582265392015
0.003903175449667678
0.003570115117815138
0.0031887925766332843
0.0027270895140839887
0.002187811782935955
0.0016517564501861773
0.001119930105981028
0.0005536903026775474
-2.7554722985522125e-05
-0.000681235517360392
-0.0014129963358333801
-0.0021791033882350933
-0.0029935042045181656
-0.003838813985702787
-0.004709180036290165
-0.005623544510710043
-0.006576280226344641
-0.007568641484047092
-0.008602596532575344
-0.009672709225986984
-0.010779635846630945
-0.011955384420491204
-0.013202188301511352
-0.014505439685149727
-0.015873924700124106
-0.017288538665697854
-0.018748327933683685
-0.020270605815496494
-0.021851651300798112
-0.02305969968487975
-0.023853003162463096
-0.024431379364598254
-0.024670202845284046
-0.024821637063743372
-0.024894735065680098
-0.024649798902458584
-0.0241323777958906
-0.02364660381578386
-0.0231828846828621
-0.0226190385189746
-0.02202449408804993
-0.021148387259739825
-0.019969751700693
-0.018666052989206205
-0.017176367407252657
-0.015800237368658807
-0.014582604837755996
-0.013335000592767486
-0.01214494677563428
-0.010875470017816635
-0.009511545555281452
-0.008198918646355243
-0.0069095946966480914
-0.005354487516113694
-0.003528099512115673
-0.001551287730453982
0.0006490877850614659
0.0028671772298247545
0.005089830340211739
0.007480709926180168
0.009994737124352131
0.012152214216112697
0.0139233962779585
0.015501619985479661
0.0167530794765286
0.0179933601908706
0.01923154009867705
0.02018914371801426
0.020925125554464623
0.021725848337146487
0.02257665115614718
0.02337350162168955
0.024180434004972363
0.02474634565621213
0.025052031080926417
0.025270517975730104
0.025341114981265022
0.02564978107906629
0.02624932086907863
0.0269108447618203
0.027746469572864467
0.028569085826254906
0.02936154957958312
0.03031687520845431
0.03139778133679299
0.032257978776604065
0.03289395802191703
0.03344896537562571
0.03383681321070742
0.03431087201673155
0.034888118825241246
0.03537131844532883
0.03581701716357968
0.03595812103416075
0.03574479792907701
0.03534183858686885
0.03466540265523935
0.0338205239244835
0.0328141670789961
0.031515474917506184
0.0299405803461268
0.02835217729325615
0.026750090485666497
0.02501285890118249
0.023202370023311446
0.021123393244710752
0.018757023185321284
0.01624798501803469
0.013548431837858862
0.010768755176290326
0.00793278896589192
0.004951171041291211
0.00185708635272252
-0.001384833266902674
-0.004783292607841832
-0.00829201813443345
-0.011919614058882925
-0.015810062306530804
-0.019970500216593978
-0.024338570087379847
-0.02895274063182415
-0.03372018687580689
-0.038636116483763396
-0.04378035414658275
-0.04913409341578238
-0.05329358630640943
-0.056125806186809984
-0.058275737084176604
-0.0593389517799398
-0.06014121571220757
-0.06071181860267227
-0.06026939342045249
-0.05896343572334303
-0.05777493876256482
-0.056672129789459666
-0.0552627040016296
-0.05377043621976918
-0.051383873455203954
-0.04803552239433329
-0.04429877389281649
-0.039976644311815586
-0.03605381230438705
-0.03267715247815206
-0.02922972958897392
-0.025999181936999453
-0.022533396431097356
-0.01878344666514315
-0.015229424315783632
-0.01177914881152706
-0.007487056952933039
-0.0023357750244093933
0.003279574347507043
0.009597922823754374
0.01594464326755249
0.022276440178365463
0.02912882063886033
0.03635381146989335
0.042054574783776506
0.04609981647451363
0.04927450776686148
0.051045249155542934
0.05263146358294235
0.05406878243846708
0.054264774681580995
0.05344511532696073
0.05278087186150394
0.052216248841797104
0.05131446646427967
0.05033788557349739
0.04827143857555181
0.04503508992944823
0.041330660336113226
0.0369118455104788
0.03326596226366731
0.030598971170374644
0.028018459021049477
0.02595624702545358
0.02369668291623461
0.021171327608327982
0.01912020290362366
0.01739940214136317
0.014655839811796242
0.010872768241211788
0.006609660349755018
0.0015280729880920124
-0.0033882503792463025
-0.008074783381993668
-0.013301779195592337
-0.018851116369434213
-0.02330001016616706
-0.026590878528308954
-0.029236132504331738
-0.030846214669963425
-0.03242414133854336
-0.03399218018584003
-0.034698554596624014
-0.03473195247581916
-0.034837197689301894
-0.03496047143013964
-0.03485334167536921
-0.03467732042583988
-0.03373990394322468
-0.03198970806502608
-0.02988961891244313
-0.027270995184715204
-0.025389702221413974
-0.024406411275915224
-0.023597243270063146
-0.023324132762644497
-0.02295566581975337
-0.022437445662041887
-0.022405640315803173
-0.022734095979816866
-0.022337484461146178
-0.02120823429768714
-0.01978895160008201
-0.01781038304241167
-0.016075327088043937
-0.01463675985863869
-0.012873194381230217
-0.010963862408920545
-0.009373877282468357
-0.008081299075556072
-0.006995722989207399
-0.00623414893656092
-0.005380134625726215
-0.004431154871639039
-0.0036984586730363545
-0.0031011150523992006
-0.002528959586985137
-0.0020117577499857483
-0.001551956314966687
-0.0011321334722453641
-0.0009103971771634565
-0.0008951415946352928
-0.0009985091181820643
-0.0012598290045196918
-0.0011236551198677148
-0.0005309667289040493
0.00022454591321250083
0.0013004385694734292
0.002392751666594226
0.0034803231375110434
0.004854653319445273
0.006455592706077765
0.007854127978326807
0.00905265592946193
0.010220092250768871
0.011251984529099202
0.012478386180281286
0.013921228310978001
0.015331317344838535
0.016783364320226795
0.01798103836327504
0.01886749923016934
0.01963554401022528
0.020192845865352308
0.02065049226564179
0.021018770888274144
0.021156941880372808
0.021083325227698672
0.02110076227267614
0.021211835986133642
0.021278047348719124
0.021372474622975035
0.021275800308729248
0.02096836590640868
0.020617037103337982
0.020169569154119913
0.0197245460209314
0.019308259015787966
0.018834818555522704
0.018335651448686364
0.017789205045720343
0.017188281798525825
0.016571640073514395
0.015934559371568013
0.0151356197430695
0.01416812212534489
0.013096881214961298
0.011884829053244925
0.010622906008870923
0.009317219254815455
0.007890848885174138
0.006363185596689281
0.005082452410138635
0.004074238379073676
0.0031882330719209652
0.002522209610935647
0.0018566812310280303
0.001183798702788462
0.0007013029696006641
0.00036795098552969813
-3.8665001583120486e-05
-0.0005098081956214434
-0.0009622510666718132
-0.0014467789209966053
-0.0017747798316024915
-0.0019320374166722388
-0.002051293509362654
-0.0020874894289548336
-0.0022977029274386033
-0.002719308330459643
-0.0031967547784560292
-0.003805445133097632
-0.004425226607764834
-0.005044787019549533
-0.005791399727467759
-0.006641450849943485
-0.007358069897967214
-0.007938617445862991
-0.00848263969965021
-0.008931293564678365
-0.009457000237298084
-0.010071771864359596
-0.010641412598738688
-0.011204658338491671
-0.011694265386087734
-0.01208828363744017
-0.012445710355480553
-0.012743003513944216
-0.012986555739374033
-0.01317915115612597
-0.013295142413222515
-0.013334189169986918
-0.013393902498363523
-0.01347706349311293
-0.013534579856248107
-0.013590371826273078
-0.013578984702147865
-0.013493669617755822
-0.01338591957192023
-0.013239910593553127
-0.013054351784562709
-0.012834230799604817
-0.012568078133282005
-0.01225646753123336
-0.011910597883013994
-0.011528958668965724
-0.011106291315443016
-0.010644363368028563
-0.01012075371340043
-0.009532616850540342
-0.00889142711293861
-0.008190529593857966
-0.007440341086207917
-0.006641228651945278
-0.005781815264776848
-0.004863757454615492
-0.004077082480125722
-0.0034391178534168916
-0.0028614044517384146
-0.002398143084504016
-0.0019366813933640432
-0.0014722998690289146
-0.0011102667585643523
-0.000829593520265725
-0.0004971776474961726
-0.00011668367390738863
0.00025970790751266004
0.0006628681425652125
0.0009838513946237772
0.0012142330202447721
0.0014321205953820085
0.0016115841666744194
0.0018832669446082176
0.0022673675518500675
0.002682651682279948
0.0031677611075859504
0.003664043554246405
0.0041656243230954095
0.004736343375286953
0.005364733071595366
0.005925963462949231
0.006418297147324462
0.00689487066457275
0.007324590836701975
0.007797441273800071
0.008319788047103401
0.008821258016755049
0.009322069650516865
