0.005093072137007616
0.0053963201943565626
0.005706875449781535
0.006024615117724326
0.006352023684611711
0.00668852277756374
0.006926612824255156
0.007055590704099663
0.007125368336413459
0.00710477334154004
0.007056032991163626
0.006981293494853789
0.006820936674945835
0.00658608546598994
0.00635306332525868
0.006119431906425717
0.005854229702787463
0.005574817486646096
0.005218242340489892
0.004779121691508178
0.004301870799131741
0.0037711170153878104
0.003261335151695748
0.002783644821556742
0.002290939661010292
0.001804913400011875
0.0012914188859849576
0.0007466010287839343
0.00020661808297015553
-0.00033559521587862563
-0.0009523017059202745
-0.0016449954927211037
-0.0023835998575174443
-0.0031864828392218526
-0.004002405124918857
-0.004828193602388345
-0.005704796047269696
-0.006621077784879669
-0.007358169894826599
-0.007898542930166197
-0.008336957717862819
-0.008611214049980541
-0.008856969031918368
-0.009078507587684876
-0.00915153564085347
-0.009100925792626596
-0.009069400022466673
-0.009051137935003653
-0.008991138766422579
-0.008921632902888514
-0.008721459052768322
-0.008380819553910485
-0.007984282613002153
-0.007502433363650231
-0.007099613820700935
-0.006799254283027984
-0.006501046815521566
-0.006252813186772589
-0.0059768605240327205
-0.005665383919693012
-0.005399515294299018
-0.005163542943900202
-0.004804709253129542
-0.004320747329780563
-0.003775075477851693
-0.0031293213377960464
-0.0024936995364548058
-0.0018753690953918728
-0.0011875462398327438
-0.00045455723257614705
0.00014435021068910748
0.0006008857519959401
0.00098194164842894
0.001238234769307193
0.0014938056821234534
0.001751711943146054
0.0019056299316501293
0.0019789149791644184
0.002069254694646861
0.0021703163639011386
0.002248712204578977
0.002325892528402883
0.002312799991930541
0.0022028371713283005
0.0020562148501926886
0.0018513530494075271
0.0017422691992529282
0.001749108587709919
0.001782500019046027
0.001886979375421719
0.0019859890093112164
0.0020728860336701235
0.00222544710172286
0.0024284454323735658
0.002547518991457158
0.0025816824493754952
0.00258605491639037
0.002527327300128847
0.0025047058662518093
0.002524833351776683
0.002510918377004507
0.0024851637563550483
0.002458472857658916
0.002423378482692762
0.0023905582315424446
0.0023609346694606977
0.002309783106304608
0.002237738851293016
0.002157513941657512
0.0020638805253754503
0.0019767998947826243
0.001898943022620261
0.0018169230138708641
0.0017362486398786437
0.0016489167136274708
0.0015536099782701702
0.0014589694441823884
0.0013631398941635388
0.0012297678518682336
0.0010564185523297851
0.0008589355348237268
0.0006272699222530397
0.00038424829095333544
0.00013082485192379337
-0.00015335716883994259
-0.00046390292668156604
-0.0007792157923523001
-0.001100237242011994
-0.0014347306770976713
-0.0017777670484366082
-0.0021478527308123095
-0.0025463041835159786
-0.0029601176294066275
-0.003393674049073132
-0.0037363677243768202
-0.003975722398250078
-0.004166850504537595
-0.004277459807590436
-0.0043681258210808895
-0.004441564450160623
-0.004438051594755681
-0.0043685089823436805
-0.004317211644401122
-0.0042824214167985
-0.004229322393779001
-0.004177500978765476
-0.004059676956020186
-0.003870241830347967
-0.003657760643369888
-0.003406046592645756
-0.003184199514706359
-0.00300347602824268
-0.002818894215188798
-0.002650898219319892
-0.0024696896391926313
-0.002271751037379231
-0.002090107233398235
-0.0019187263756637587
-0.0016879094541403486
-0.0013961515171073138
-0.0010731323319543393
-0.0007012041095641336
-0.0003294903690831522
3.875471409882535e-05
0.00044272656608802374
0.0008716247539976002
0.0012667187366047384
0.0016266573018572145
0.0019714722598340906
0.0022854703083660835
0.002612036130847276
0.002952246452623261
0.003270490704764888
0.0035751752552743653
0.0038944106251256015
0.004225937081587116
0.004561401534784119
0.004906933701918332
0.005235662114616152
0.005545867876270279
0.005855504423304937
0.006158177580251162
0.006507167790294915
0.006909273575976197
0.0073345008465238015
0.007798303263224742
0.008273824401245826
0.008759005949903462
0.009281079086552317
0.009834844153930673
0.01037548712538
0.010902979764642901
0.011435778590631983
0.01196294718591629
0.012518181253297862
0.013103891842137888
0.013694446569998948
0.014297538660351846
0.014730400316379373
0.014971521666547177
0.015111951672152298
0.015097838839999931
0.015027838118010879
0.014905962138307029
0.014633465430737128
0.01422769128015663
0.013829273148616357
0.013435041322943361
0.012985922960319522
0.01251430840309387
0.01190755983754234
0.01115582691878912
0.01033979992017287
0.009432034967493945
0.008547963785439946
0.007706015289150294
0.006830435173451082
0.005955079908429475
0.005029471419379393
0.004047304198025561
0.0030635803845521494
0.002067751608019288
0.0009425345136798847
-0.0003150081361347244
-0.0016555403506873748
-0.003109069927055121
-0.0045936297568671975
-0.006104182032180722
-0.007706873293115646
-0.009384008162593865
-0.010825056111490356
-0.012006299452434057
-0.013061051205691617
-0.013901515585186455
-0.014722414492127413
-0.015530052782790581
-0.016147603395982753
-0.016611087851131454
-0.01712035058448081
-0.017667154542155963
-0.01817551283602734
-0.018690666568683584
-0.019042522187195116
-0.01921766308427746
-0.019334964406897498
-0.019353340023515152
-0.019507996992615607
-0.019832468052104636
-0.020184156522570714
-0.020631650533387343
-0.02106369597315013
-0.021469469930329933
-0.021965417728712938
-0.022529274683733603
-0.02294401629643918
-0.02320679810322952
-0.023407999679918415
-0.023493350993063447
-0.02362015136612748
-0.02379888176698633
-0.023906302924406497
-0.0239773703468244
-0.023906337456588947
-0.023668140374874747
-0.02333671471361514
-0.02287729716326965
-0.02232026998356939
-0.0216685372096282
-0.020873960425860937
-0.019940171202085043
-0.01898728405686352
-0.01801635318665112
-0.016969161283155433
-0.01587420465024104
-0.014645323826265535
-0.01327360750303306
-0.011823839597011889
-0.010274728818340687
-0.008654364457668678
-0.006971271883026945
-0.005195477747127358
-0.0033356654053164005
-0.0013879766078997633
0.0006510557897122422
0.002772343479806692
0.004977612128499484
0.0073170078632099605
0.0097942845825474
0.012387343264934719
0.015110207373416909
0.017933284428015794
0.02085549517534236
0.023904258569323208
0.027074118772572854
0.029635002515287605
0.03151629845343114
0.033056671528983145
0.034045500639204695
0.03490911016480561
0.03566308527056246
0.035902379040918565
0.035704183900292535
0.03558416929786698
0.03552644513600699
0.03532403948274259
0.03509490331217756
0.03441441904297826
0.03324731618403833
0.03189451340047433
0.030253089325742038
0.028829997861396388
0.027701577164642367
0.026549190675010676
0.025521164360552875
0.02438616028898592
0.02311902068130649
0.021966512612222596
0.020881566124907814
0.019375212564118165
0.017438395114358303
0.01527593787052891
0.012764322226853746
0.010252139894370401
0.0077619099700393475
0.005016937350238228
0.00209376496029158
-0.0003181569691871977
-0.0021808495884590197
-0.0037639341675216923
-0.0048764285373540306
-0.005981990166797076
-0.007093365794575453
-0.007806853915920716
-0.008209550706225133
-0.008697922685996746
-0.009249705595420456
-0.009724593276094911
-0.010210754401118802
-0.010355382967207082
-0.010132036560581394
-0.009782282026046443
-0.009220913835917473
-0.009016862916632359
-0.009246694672717616
-0.009576319380441943
-0.010170816075164773
-0.010751751803336238
-0.011294348254969375
-0.012084358396431707
-0.013066490971502772
-0.013736599006723024
-0.014090336658701028
-0.014335793594745402
-0.014347834889611126
-0.014497032349652963
-0.014808379142492653
-0.014994402601118511
-0.015138043585225072
-0.015229959989064144
-0.015236940045335342
-0.015222222703401568
-0.015174568103622799
-0.015030109034159946
-0.014792086755222263
-0.014480210806267428
-0.014079911692540283
-0.013702168861580332
-0.013355778394052992
-0.012975630031068403
-0.012590524237775822
-0.012140551954594531
-0.011618098371326798
-0.011076503586224216
-0.010501421225423076
-0.00979285305952908
-0.008946948086107836
-0.008000154943432994
-0.0069252960086975705
-0.00579101701109587
-0.004598938741087489
-0.003290387718042508
-0.0018782700994387327
-0.0004083670447671618
0.0011236454849420287
0.00273238590397899
0.004408378970963442
0.0061961547639859576
0.008099195600728927
0.010088745431045166
0.012175895741661752
0.013817356439305612
0.014955619052604206
0.01585387729825514
0.016354412544480522
0.016763123524662544
0.017092787122169353
0.017046811739569116
0.016680577384416317
0.01639550193910348
0.016181812952191024
0.01587577330302762
0.015570195447161643
0.014940846047288837
0.013960868941736421
0.012862815095720122
0.011568549964034171
0.010432433680049487
0.009510428262851119
0.00857545342739252
0.007731939699077278
0.006823459980051657
0.005832297943392671
0.0049292075760369826
0.004082549818118825
0.002941861166016327
0.0015001448344711989
-9.420114128033875e-05
-0.001929735354415659
-0.0037580557395358854
-0.005562763053897775
-0.007541401790318956
-0.009639290908549035
-0.011268600738467591
-0.01239234207185043
-0.01324759477318467
-0.013670125705123187
-0.01404543030314445
-0.014384375824362227
-0.014345907433092381
-0.014001785294264947
-0.013702907068543385
-0.013431072077111491
-0.013058232485018487
-0.012662638075117893
-0.011936274945614236
-0.01085528240105725
-0.00963146291337662
-0.008190138163311749
-0.007000821958351704
-0.006127613410310312
-0.005291196409382658
-0.004627752326447161
-0.003909505962739416
-0.0031152154392444344
-0.002479369767186622
-0.0019563100902324974
-0.0011235726087426342
2.3516007819649655e-05
0.001310599422262715
0.0028430971051835756
0.004312631453990704
0.005698851874690751
0.007242480468865359
0.00887496528888513
0.010148257370146239
0.011043784026745662
0.011722800549197868
0.01206237594900158
0.012377611846001389
0.01267524625134263
0.012687012034438705
0.012471944325693957
0.012264929186887954
0.012048811328923053
0.011744706584658732
0.01140336752635353
0.010806146902983815
0.0099365501672896
0.008940357113195824
0.007764118278075398
0.006803237074788963
0.006108095777001917
0.005450328116539637
0.004943707757205538
0.004389078399805611
0.003769036547291812
0.0032837371498939194
0.0028931800338670823
0.0022550353731680406
0.001366643257696697
0.0003672536272720096
-0.0008282614759097866
-0.0019671676873195968
-0.0030330319276684176
-0.004221986235152404
-0.0054778108459031345
-0.006485336654599724
-0.007234364142704292
-0.007832572228833521
-0.008194162089933475
-0.008547243553985208
-0.008896122516287078
-0.00904957009845721
-0.009050450380958173
-0.009054767546440154
-0.009049539483886308
-0.008984676190086305
-0.008893385355455393
-0.0086264107193739
-0.008172669336558537
-0.007630326539531894
-0.006962791697493898
-0.006460932694812116
-0.006160868823005789
-0.0058966413052082105
-0.0057517415321823775
-0.005577703605738598
-0.005361934584249328
-0.005252467641599182
-0.005219518855130406
-0.0050150923710135424
-0.004637653736106249
-0.004187589873483774
-0.003603367320336591
-0.0030690193721752863
-0.002596505868708795
-0.002043460575351968
-0.0014508847381347323
-0.0009614872818165774
-0.0005739247168678613
-0.0002504880309227125
-2.847905715740987e-05
0.00020832817143301451
0.0004612705576637428
0.000639040161715771
0.0007639138615939577
0.0008874123491789581
0.0010019720868711813
0.001096340905311361
0.0011805352897887944
0.0011968525953712107
0.0011415593287520981
0.0010500528014265572
0.0009081087587352554
0.0008686820806836685
0.0009491696176431793
0.001066134639715589
0.0012631964163653513
0.001458982475745854
0.0016473711458308514
0.0019076641070332756
0.002223694961581957
0.002472335351058966
0.002653672455549192
0.0028168149683955495
0.0029315572921774437
0.003091222184644316
0.0033019788086197303
0.0034926806907533627
0.003684332640964359
