-0.008607083767204912
-0.008967825335963561
-0.009341662037884602
-0.00972953133870002
-0.01012166999006564
-0.01052100677692724
-0.010858380479526922
-0.011125644847072399
-0.011357269548502897
-0.011532875241461805
-0.011689790854007101
-0.01182953782657663
-0.011914750706354275
-0.011951993240769614
-0.011994547559201638
-0.012041221771533332
-0.012069633409615439
-0.012092058953616525
-0.012065840662703615
-0.011987251014572022
-0.011886859910820691
-0.011754277207547664
-0.011633301959361566
-0.011530927214757779
-0.01141843058997061
-0.011308662012805951
-0.011182465449522694
-0.011037456168508647
-0.010894512457973281
-0.010749636580412522
-0.010558354928041485
-0.01031956130236517
-0.010051970508262748
-0.00974420877271875
-0.009427372443552165
-0.009103378499998588
-0.008747145690809406
-0.008365392334255569
-0.008014712846073265
-0.007697811237117522
-0.00739273174506426
-0.007114953718787353
-0.006825636932349675
-0.006523572510838558
-0.006241985659279443
-0.005973415059759438
-0.005685928244714615
-0.005381254806384677
-0.0050702521011936775
-0.0047457163397466905
-0.0044360384622688
-0.004143159837932289
-0.003847444778673819
-0.003555618348916834
-0.003220357163864002
-0.0028352025528323496
-0.002427546907118932
-0.0019835501757032004
-0.0015262290757136793
-0.0010574522301293207
-0.0005533211052554668
-1.826649135748554e-05
0.0005063659141970239
0.0010204165201052819
0.0015411648917062865
0.002058487600784664
0.002603134889170577
0.003177341845184327
0.003757589926744783
0.004350900083965218
0.00483492628780109
0.005194579885066394
0.005492166036281582
0.005691468445683405
0.005857057744522356
0.005991722123275741
0.006029917908343244
0.0059829501005063505
0.0059474055896493305
0.005921401647517438
0.005864001197460857
0.0057975521376087856
0.0056454152028372825
0.005400868449012014
0.005119113395739081
0.0047815109186384805
0.00446328136917677
0.004176724595485863
0.003871925673120777
0.00357102141074463
0.0032417007273737837
0.002879816053279094
0.0025209988430759593
0.0021584986293216213
0.001714777406826564
0.0011878162828376526
0.0006103878918962413
-3.736405938308982e-05
-0.0007014471877515554
-0.0013785211051283736
-0.0021122367410983337
-0.0028909378331268758
-0.0036113175988019015
-0.004268195271404781
-0.004902071352076203
-0.005484621791144596
-0.006086210823538378
-0.006709058615243027
-0.007292701778256896
-0.007850633785578022
-0.008441862110922151
-0.009063284165800194
-0.009694629850550113
-0.010349229415395176
-0.010974875480245094
-0.011567963688436832
-0.012164668445894616
-0.01275261428543727
-0.013417247183383926
-0.014170293721052635
-0.01496211203967601
-0.01581769892614728
-0.016695633794114505
-0.017592512847705473
-0.018551417324733456
-0.019564361972035895
-0.020556359509762468
-0.02152707498793608
-0.022507865951917144
-0.023480350137923184
-0.024500198469861626
-0.025571444994033386
-0.026651450807369744
-0.027752910989312287
-0.028670515245622554
-0.02937858642036088
-0.029982328197122637
-0.030420870917498875
-0.03080181140533633
-0.031129862038998916
-0.03129530487824562
-0.031316940348839264
-0.03135801920815974
-0.03141548265752327
-0.031419938033243784
-0.03140919320636785
-0.03125402815790945
-0.030943083469846207
-0.03056954849087893
-0.03010199921516654
-0.029665553243605848
-0.029280805988564956
-0.028864410965162245
-0.028453214876246174
-0.02799375233178811
-0.02747908402822207
-0.026968356533723963
-0.026450385500843523
-0.02579557933308886
-0.025000505501979856
-0.024119991243382998
-0.023120826886903225
-0.022093117177370614
-0.021042430211499378
-0.019895843761890172
-0.01867279545171178
-0.017548432430154567
-0.0165316530503124
-0.01555355685429771
-0.014662190984533521
-0.013738513909115251
-0.012778741900690695
-0.011885284484909818
-0.011035315838187424
-0.010128401092534631
-0.009169759949387565
-0.008193982734684727
-0.007178361232863413
-0.006211601495944278
-0.005299833762682339
-0.004381538120726416
-0.003477736863917578
-0.002444016506400745
-0.0012605132327644644
-1.1202399185875197e-05
0.001346176231193001
0.002741707183883176
0.004169635240654059
0.005702742936037894
0.007327555717149679
0.00891718622365414
0.010471056665504762
0.012042254946018759
0.013599674339441705
0.015237486996370108
0.01696252208226737
0.018702643138920835
0.020479326499591232
0.02203180882963971
0.023325560914508697
0.024498097885310963
0.025471663632779695
0.02637875933971342
0.0272256937002872
0.027874738053543104
0.0283489348295031
0.028862423522503688
0.029412012570729895
0.029905725827873174
0.030393452298987503
0.030707692560722352
0.030833691217128766
0.030893108043032906
0.03084532204553068
0.030842781831118573
0.030911487130498235
0.030948193810462443
0.03099803245992421
0.030997681479387664
0.030938574248484067
0.03089212509623086
0.030845098373845765
0.03063620307350187
0.030260943012936265
0.029788041353392778
0.02917611860761311
0.028536736702816565
0.027876864989979135
0.02710598967025359
0.026248184800926885
0.025535134063881783
0.02497932539305799
0.02448851118745207
0.024126467774541967
0.02373727566159522
0.023315936841428266
0.02299742385250144
0.02275194068013414
0.022444718757039947
0.022082554170913617
0.021712482912347307
0.02130401756591783
0.020975575945877886
0.020735476285684527
0.020501483957423017
0.02030172024473771
0.019947826256361278
0.01941374889214837
0.01880959794024887
0.018080262787988147
0.017316612359324683
0.016526281802680665
0.015614556507712728
0.014599016969678537
0.013646180809372455
0.0127569761387626
0.011861745123741944
0.01100140321500862
0.010052719088907149
0.009006831063416713
0.007958380200209936
0.006879340649616597
0.005936726820687939
0.005157907150408897
0.004444497443843908
0.003847577663717238
0.003293622618607453
0.002777835858875412
0.0023841220983803805
0.0021000907567965956
0.0017704827128820267
0.00139558454774692
0.001044721782728969
0.0006810369376292893
0.0004209553489551661
0.00027491512677689284
0.00015626330515298965
9.30230344505672e-05
4.986023276961504e-06
-0.00012396756476315952
-0.00023461380032700112
-0.00035127859305486385
-0.0004455854991563022
-0.0005126028156653958
-0.0005880256210709523
-0.0006658680707527589
-0.0006515710699730592
-0.0005417816008221099
-0.0003779621645249192
-0.00013564678265752766
0.00012153666173705645
0.00038950685598496566
0.0007207032716876848
0.001101458709945717
0.0013583322773156547
0.0014802104681172104
0.001539177308494798
0.0014869944174057516
0.0014365381979094193
0.0013916405649990807
0.0012525885989213652
0.0010407736047534115
0.0008622364782056062
0.000712275650876764
0.0005524325965240699
0.00040682070213533936
0.00018403620177495365
-0.0001225895141614926
-0.0004491198140435648
-0.0008173279917384884
-0.0010929383944524285
-0.0012569053354325966
-0.0013890832638037214
-0.0014501349724842629
-0.0015038318776170426
-0.0015558446299884284
-0.0015391693854905262
-0.0014662368793218086
-0.0014582349590437106
-0.0015161778248310258
-0.0015892469773215792
-0.0017073835635309218
-0.0017816420078028946
-0.0018057235328360413
-0.0018483929453756087
-0.0018895430290102235
-0.0019362038873817317
-0.0019966463049091655
-0.0020531371439719602
-0.0021096168727969466
-0.002178282054736211
-0.002258037615824145
-0.0023467312574944185
-0.00244712215317664
-0.002528592711729351
-0.0025889104666012956
-0.0026450251485866812
-0.002688939648661953
-0.002737874416981177
-0.002793696661547984
-0.0028412023319851726
-0.002884357905971326
-0.0029428590453648034
-0.0030168128428853347
-0.0030997500729740787
-0.003196777655818186
-0.003293112335792201
-0.00338833388080301
-0.0034942863163568926
-0.0036080338284138697
-0.003722215868001358
-0.0038377061183255423
-0.0039561820819944684
-0.004076113302494191
-0.004205190750777789
-0.004343844324041482
-0.004487133102653063
-0.004636882421934892
-0.004751165895877887
-0.004825341712262039
-0.004880474074734041
-0.004904397517630642
-0.004920104958464422
-0.00492872467084976
-0.004907729511560385
-0.004861339534157219
-0.004821324898733292
-0.004787090323985579
-0.004745645799777237
-0.004704427869285642
-0.004638185348610032
-0.0045448862624517875
-0.004442876672865187
-0.004326139244216855
-0.004219570653765344
-0.004127358587314412
-0.00403320184114146
-0.003944523465080411
-0.0038508606548059766
-0.003750986376763319
-0.003656748050748549
-0.003566069512612123
-0.0034536528408552437
-0.0033189795249102933
-0.0031729408578578828
-0.003009164646100749
-0.002845507152603829
-0.002683205797337196
-0.002508081631012448
-0.0023241006990602003
-0.002157231110449661
-0.0020084841555717604
-0.001868484608417531
-0.0017443168423012345
-0.0016176524521449858
-0.00148805988094468
-0.0013710556817733658
-0.0012631713142809272
-0.0011509705249867401
-0.0010354282721217736
-0.0009209679854556318
-0.0008046694402767579
-0.0006990402506015112
-0.0006049890049549
-0.0005141434092880362
-0.0004295368888488648
-0.00032879700507324757
-0.000209042387565517
-8.318276074770686e-05
5.5237597367724066e-05
0.00019501584266682885
0.0003351890870318692
0.00048707983058736805
0.0006484562767039657
0.0007999747414312762
0.0009415056175443997
0.0010809553947982616
0.0012135308601501599
0.0013535456675266792
0.001501953085078151
0.001647683837333539
0.0017939400892650111
0.0019506814162972167
0.002117695585101447
0.0022926023615577927
0.0024779790066646666
0.002665460836618641
0.002854978780193425
0.0030530070870552657
0.0032579430588035073
0.003466642540493285
0.0036796822018881734
0.0038976004216527485
0.004119825109678165
0.004350161758298125
0.004588853459475486
0.004833652605815933
0.00508550851148149
0.005333401174788085
0.005576117914960537
0.005819621701347274
0.0060607846429185566
0.006305548349499154
0.006554358693813305
0.006801482943386694
0.0070481094526290535
0.007302998201820918
0.007566139755464637
0.007834073000922256
0.008108950200697563
0.008384117491039405
0.008659145395127675
0.008939110103184846
0.009222520199129407
0.0094680158429159
0.009671894511507892
0.00985241989222478
0.009997680444336353
0.010132555033569891
0.010257767881961874
0.010349982178584956
0.010413645325837054
0.010476591291962207
0.010537703413289693
0.010585901489746032
0.010627426712052537
0.010638776298742802
0.010617928658985799
0.010581220497977556
0.010522869428801457
0.010473280150191515
0.010436777675789526
0.010394474040421623
0.010355161461818516
0.010304467423467845
0.01024082346240848
0.010179127917729328
0.010116389319568497
0.010023804176330808
0.0099008119102664
0.009759263304704582
0.009591834693585068
0.00941905620205246
0.00924216524638611
0.009044775154364908
0.00883133160516532
0.008631067973204738
0.00844498541219902
0.008262419384637211
0.008091254510739472
0.007910562072736865
0.007719736845054598
0.007536240246033085
0.007356011685786414
0.007163695120706619
0.006960268240638131
0.006750617381726301
0.006531305337365643
0.006316388190164142
0.0061067691428776235
0.00589282821790975
0.005677878271700979
0.005435915947232506
0.005163494990363955
0.004875364628211395
0.004563929836073835
0.004242057547946566
0.003910722586177175
0.003556678405978188
0.00318238032665912
0.002809999215125358
0.0024395435685481788
0.0020617724040059627
0.0016820764726383532
0.0012837989107971671
0.0008657058453530084
0.0004404330505125729
4.1492298691832215e-06
-0.00037707415730720765
-0.0006951308408637798
-0.0009837273962884988
-0.001223337658047176
-0.0014488974770452791
-0.001661956177346568
-0.0018271399038271268
-0.0019506007296243868
-0.002084534066085786
-0.0022279617688744182
-0.0023588247733721543
-0.0024892307370971488
-0.0025778324350893386
-0.0026210415764249904
-0.0026487083919934
-0.002650808211758243
-0.002667927597525395
-0.0027067417405132544
-0.0027403714449696025
-0.0027807900275440252
-0.002810632786808432
-0.002827702242131878
-0.0028512393454635547
-0.00287764718752331
-0.0028651500739701853
-0.002812697067348621
-0.0027380040673391838
-0.002630401837380954
-0.002519042866490716
-0.0024057679839238695
-0.0022670778471004342
-0.0021092968703434398
