0.0019309980127219324
0.026197573996137972
0.035945049451685016
0.029114738308690803
0.019428615358017345
0.0008961619801274004
-0.0090688787133312
-0.008333129696751247
-0.010323908829555053
-0.010593484207605173
-0.00997627983313513
-0.009692884485757045
-0.005768840794104769
0.001479149722497845
0.005188772911751268
0.0055326791022910216
0.005687182904644519
0.0041366321862248805
0.003254553717577064
0.003320477759359037
0.0019751857482397943
-0.000268121923023141
-0.0006603585203790669
0.0007246808009657882
0.002908181608403721
0.006542678612159642
0.0047468627045777825
-0.0030935899077335046
-0.01316958290934163
-0.027341220161298665
-0.0291225096206167
-0.016836312821849192
0.0001110308819323155
0.026250477665807216
0.03574617352264794
0.025959405036945618
0.01312452369661072
-0.00963700529829547
-0.020516685491067884
-0.016756614409484463
-0.014606326163234248
-0.00835948211558844
-0.0008170374373398012
0.006552258147739342
0.01979746066782364
0.03817969679304767
0.039755759945480564
0.023476221224980415
-0.0006702004248073509
-0.038448099250349525
-0.053508755208478635
-0.04264256514269
-0.028205065016007475
-0.0007275987845931614
0.013627911773664337
0.011440518767389987
0.013194897590932593
0.012139467376782405
0.013159622915861395
0.01850098638970136
0.020419237513203792
0.020458924360150437
0.017032198850190965
0.008785721788422251
-0.0024450471126869844
-0.017617751098086443
-0.02835282580508729
-0.033880900887619685
-0.03920562650073778
-0.042094849495629055
-0.035613243990534636
-0.019143186861800776
0.006059943871790423
0.04226885215136398
0.06021832520827824
0.05786823083340036
0.05142752061981555
0.03328981355307576
0.016953973618853847
0.003927869917760056
-0.018875656500947673
-0.048503983612722325
-0.060207659211897566
-0.05335987491787211
-0.037717870652277496
-0.0068446148487399236
0.010818443556580523
0.013304665529334538
0.019993916649414467
0.024070937549555332
0.024755678057021162
0.023431028815214344
0.015044741021409501
-0.0006670029862840153
-0.007706878500660553
-0.005933453224448981
-0.003575627624015907
0.0030791292207560006
0.004255182473366945
-0.0012399477787512366
-0.005733247016604824
-0.011688621446625564
-0.00948704001830049
0.002555584390488632
0.017988590392532883
0.03969555524635066
0.03490083321024955
0.00014191647016105133
-0.046565130926426765
-0.1144093116527223
-0.1264438614281894
-0.0750908547267091
-0.004909564686874889
0.1050143861076208
0.1494119733825968
0.11721507728495886
0.07663166461908043
-0.00022071354512163206
-0.04150042383576674
-0.037075721208413175
-0.04480697276384985
-0.04598546648468992
-0.04117865531897957
-0.03555214705929837
-0.013740701971074212
0.02359242885241296
0.03683119909475859
0.025595545169266577
0.00883793116233138
-0.022859738283049904
-0.0294596279127128
-0.006908888806056895
0.017930759688454166
0.05541268030940002
0.06391686388127578
0.037709560017879055
0.0050341561917799284
-0.045680316621159726
-0.06619292693333148
-0.05047230242433766
-0.0313648046246521
0.004199205672217331
0.02353130163634893
0.021777167071026653
0.025631935939426368
0.02649920619192481
0.01773991904192936
0.0010388659298731632
-0.027460955368008043
-0.06945491413081634
-0.07865270990819262
-0.05226183495212154
-0.014078108800709083
0.04795912949966488
0.07769168390423188
0.06966582624208
0.061061619705481476
0.03738481806513119
0.015272493089702074
-0.0016425338788493668
-0.03346081663267607
-0.07617553828604112
-0.08108902653644279
-0.04637936551765932
0.0076170730987021006
0.0937016115348305
0.12027361570627201
0.07958018048046381
0.026516021645318733
-0.06281688593864465
-0.1039498959157801
-0.08676409895188437
-0.0717286804669178
-0.036682644678006616
-0.011211260384831893
-0.0022310092123753542
0.022753715408013728
0.05585681146835032
0.06831379043752772
0.06147068635946049
0.04305085644911337
0.006178992110412391
-0.015437430245675263
-0.020019927410604335
-0.02982632400430035
-0.03698670497206485
-0.03378989845092925
-0.02112045979997037
0.003597464767918607
0.04265133671049985
0.054450668639711035
0.03670154840957283
0.011647819604613868
-0.0312999200156098
-0.04829356553903602
-0.03472013661303134
-0.020453236617828625
0.005885738415664995
0.0190943876771108
0.014893801993548875
0.014704461904883776
0.011739016078685223
0.0063419860840530605
0.0004944415670978177
-0.011495240736035578
-0.029298538123487892
-0.03279294636385986
-0.021226569838769322
-0.004059067543541776
0.023828906807838453
0.03568820134219621
0.02906414384659865
0.02110843000553957
0.004912584310059578
-0.005014670514584736
-0.006417887785461929
-0.012005625573743961
-0.018044316896814565
-0.017394785621245683
-0.010656801260097123
0.00172670022203225
0.021544022641031724
0.027600817702373874
0.01858351100304266
0.006263022233739108
-0.014765967717233722
-0.025189853540365372
-0.02285939909921125
-0.021557412670385676
-0.01630343064651122
-0.00992691294353624
-0.0036490351326351395
0.007997582227970632
0.024314000062298963
0.03314164274552559
0.0343090950037214
0.03324184855283739
0.02695509917757363
0.020805260757029813
0.015156587349945976
0.004832115842435577
-0.009126846240648285
-0.02851056602410938
-0.05434602764440706
-0.08526801615723703
-0.1221764220623549
-0.11747705514657435
-0.06644818907171239
0.007638357239147062
0.11840011805016479
0.16734953579271047
0.1457996441947309
0.11292443055589517
0.042837757973766814
-0.003997667656594676
-0.01990941354779284
-0.05598669440241244
-0.09732909798095866
-0.10690060246505488
-0.08638045921101206
-0.04183020005440595
0.03625126443209124
0.06910806136568604
0.05227358380266556
0.03222615459082384
-0.01047011034204145
-0.024848489314195716
-0.0039051794300029832
0.012069340141802196
0.03633652279875956
0.04207582253333045
0.023101215051610686
0.0027204110212614725
-0.027115035580574057
-0.043210011778635773
-0.041508561587656256
-0.039911925143682095
-0.0318079972722893
-0.021678425318231654
-0.01105234845503688
0.007948198747788064
0.03430798871801663
0.047243954344680435
0.04617912943636312
0.04049039878034719
0.024932632137023854
0.01010301954809652
-0.0032932418236516327
-0.024980741802596268
-0.05282451935230617
-0.05577948052075117
-0.03213006685327269
0.004813767329097627
0.06347411476811485
0.07817053893222162
0.04328819207619299
-0.0024196226909982844
-0.07621771235650222
-0.10138035085605113
-0.06923559185599812
-0.030937557163846892
0.03393972816354694
0.052515915259042756
0.014977064031068426
-0.02688572177564286
-0.09285922060923434
-0.08338133278374615
0.014599120469297068
0.13742475656728964
0.31302716039936657
0.33711571586761313
0.1873222623677558
-0.015520489581551356
-0.3277991097459157
-0.44036406688585317
-0.32066017383173867
-0.1646873927679368
0.1101424480695142
0.22995552050075188
0.1601377481943867
0.10142451861575293
-0.018350751729406648
-0.06487129400271664
-0.010709379292793194
0.020790966627371604
0.06696450566046283
0.07800753178799612
0.03672156013503975
-0.003240914482020854
-0.05843048681577165
-0.0826966157791393
-0.06645728274643342
-0.04583407570811449
-0.006885338647635304
0.017205519658720032
0.021274431659615952
0.033445735259047926
0.04499463096360165
0.04149575234044273
0.02414618492486257
-0.007275349505691027
-0.05655994332303535
-0.0699819192581928
-0.044180453105967146
-0.008396752979052157
0.0511844400802045
0.0695312127212265
0.03977458601652283
0.004584346516106135
-0.053186306065959164
-0.07411945636485917
-0.05021556805569942
-0.024088987877523935
0.020328285697655768
0.04843671996389879
0.05424366676299375
0.06775238600222608
0.07965916750242277
0.07011478388892711
0.039917227985953874
-0.009170720400984544
-0.0825128472778593
-0.11445808412793035
-0.10077643044444526
-0.0778721360613109
-0.028895988730085666
0.0028002279846932737
0.012338529254456481
0.034871209209622334
0.059839153432502
0.06704223152860735
0.05802310993237413
0.03420847116450723
-0.00953161348850457
-0.031214322653530146
-0.028972586504823532
-0.027789489445010446
-0.017621637327373586
-0.009849631630297421
-0.0068445675251472375
0.005004918307342744
0.023014608883183237
0.02743436994737347
0.018412514851174705
0.0035879094583355364
-0.021836615315076788
-0.03027052652259632
-0.019458550527580002
-0.006665748659810132
0.015141987781195387
0.023705405168257303
0.01600193780044353
0.00845281589209931
-0.004900959523732017
-0.011330477031631113
-0.008453161490930932
-0.007271826868110775
-0.004260805953646207
-0.0008656406916851781
0.0017964002661616768
0.007321102427891059
0.015197736362286945
0.014145963351385769
0.003671465497776594
-0.01123952973774563
-0.0335459928198435
-0.03816244787586753
-0.02281733593859709
-0.00200157082053308
0.03099509037831215
0.043277319054341054
0.031322601813591935
0.016546774384130727
-0.009781017747534836
-0.022118042257177516
-0.016964493862582287
-0.013864849433574106
-0.006065666583445098
-0.00015971218901946615
0.0017002854033599025
0.008205538582296492
0.01748271047715244
0.01867385632058327
0.011933831562068868
0.0010197982091560353
-0.01672757789173965
-0.02216349110822134
-0.01377215221376996
-0.0029774284250269657
0.015161605035326526
0.022473822293182247
0.016769456746018888
0.010854359677606354
-7.623573195460564e-05
-0.010114303574072942
-0.017897712091669796
-0.03027718912524959
-0.045743449092973884
-0.04483283237193871
-0.02654170412844739
0.0010460573756922885
0.04320433893284049
0.06212232282389531
0.05469269312087682
0.043653785227785735
0.019201647769051942
0.0024135872833925954
-0.0038918747313230265
-0.01813228033610825
-0.03512971451533275
-0.040773159221893264
-0.0356978152516447
-0.022654849782214822
0.0019099269691179792
0.014356131529159526
0.013475926308320415
0.013866163011297238
0.009867247260242285
0.007272823991764537
0.007493681337431676
0.0031928773556523095
-0.004214031720022293
-0.007820986026989257
-0.008104639403642581
-0.007445467230777586
-0.004356455293009373
-0.0004808304784695447
0.004170150741810925
0.01163664366070531
0.021729315330381326
0.022470308146158302
0.013090966701272485
-0.0007417670159320867
-0.02225429424335612
-0.03028082538446847
-0.022927304052187972
-0.013113173968731202
0.004705562650277382
0.012677543118592672
0.008587405952849991
0.005639832076944495
-0.0008259805296740708
-0.003556602577156005
-0.0008585218189814608
4.043976198939733e-06
0.0010711412846322898
0.0003215323457626495
-0.003250747719479443
-0.007078496300799057
-0.011944793100457313
-0.008377226706754306
0.004827026359130285
0.02252019334345829
0.04748163609518392
0.05123986526015694
0.031059597592637166
0.0029193070965316237
-0.0409614455970261
-0.05986311066664002
-0.04967190483542398
-0.0365586831662663
-0.009797504586223617
0.006867657295657746
0.009952305781235777
0.01987771853992037
0.03058618408108779
0.030431565388872314
0.02033288486002298
0.0010430154876514266
-0.03038453834210971
-0.041188974541642956
-0.029425025436131187
-0.013487114748784829
0.014902421595804852
0.02938283351487636
0.026887310467087328
0.026955459422935188
0.0228297945285324
0.01562075774743374
0.006933018100979038
-0.009286573816576237
-0.03274498660018654
-0.040093715406476674
-0.03038785710389836
-0.014756467006428665
0.012762066379265666
0.02421581911622367
0.01704690715075086
0.009731180532152052
-0.004861320653046051
-0.010198367472562548
-0.003575561297665889
0.0012668552867679266
0.008770190146126521
0.010538751456124224
0.004508412052715066
-0.0017567805958277395
-0.01080815528697328
-0.013184349524177205
-0.007338052001626835
7.592016008530007e-05
0.011793837809425192
0.015380558635297095
0.009319633910364831
0.0018977744061618204
-0.010262053576787857
-0.014542541236764772
-0.009314387297216606
-0.003445116664625516
0.006468549265541996
