0.005621695284353289
0.006131453872491367
0.006649431819608031
0.007174234955426814
0.0077241256051516815
0.008294151774694045
0.008707702453931288
0.008948837273603882
0.00909676208378072
0.009100729580031098
0.009066456953192945
0.008997385600352643
0.008794386276029794
0.008476562383201778
0.00816423119720571
0.007853001666787039
0.007495142917495585
0.007117893659921394
0.0066205656266935696
0.005994728222846444
0.00531097713375114
0.004544756850065445
0.003823513476986313
0.0031657913174440158
0.0024923616536462797
0.00184029486616413
0.0011501462863429913
0.00041555037729144374
-0.0003011016747776446
-0.0010120013121291023
-0.0018382206341696892
-0.0027819523516704496
-0.0037929367144845095
-0.004901801023862564
-0.006022017068501374
-0.007148137302700327
-0.008348877631689292
-0.009605321494012654
-0.010585780232045256
-0.011264364302962477
-0.011783167930045208
-0.012048064497570411
-0.012266144059278129
-0.012443739152187619
-0.01239185086953125
-0.012148444611803878
-0.011927289573066468
-0.011719274859811675
-0.01144241764066649
-0.011144842059059187
-0.010644125676511781
-0.009925503678014973
-0.009115895682516154
-0.008170946125641721
-0.007342348776692986
-0.006665665060561599
-0.005987742315333743
-0.005381717164309857
-0.004727957545371322
-0.004014502229546668
-0.0033657953158301593
-0.002757603468972394
-0.0019569588913384726
-0.0009604464424753821
0.00013543657422179745
0.0013892223683430827
0.002632683579838985
0.00385495404963729
0.005188487991881649
0.00659618689200583
0.007701896443520448
0.008482424766389184
0.009087855939836713
0.009413104866776987
0.009706227204727408
0.009973889286365816
0.009997076525549004
0.009821851544603294
0.00967095669896213
0.009532411718221018
0.009325119752902983
0.009098551199010084
0.008656182136720578
0.007982680811737329
0.007212681027938413
0.006298401051460814
0.0055454018300488146
0.00499497492571379
0.004465860922230746
0.004046536281041374
0.0035878869548802705
0.003076038930575083
0.002663830247635405
0.0023212882733335376
0.0017744807603830208
0.001020385923204937
0.0001717334698141176
-0.0008398778216780892
-0.0018143885462795573
-0.0027387095427575956
-0.0037690728340273507
-0.004861077131619721
-0.005718457377476266
-0.006328652813147096
-0.006799004061999541
-0.007048181473822383
-0.007283943161225356
-0.007510845515120942
-0.007551778829939238
-0.007445695494082504
-0.007349200555476783
-0.007251118059115674
-0.007098646461206
-0.006925733205558103
-0.0065872087356100935
-0.006072154520165338
-0.005477625975213412
-0.004768193306765717
-0.004204620636433034
-0.0038202866643748867
-0.0034645015589784642
-0.0032123675220945037
-0.0029328296558313286
-0.002614462994224239
-0.0023892296371651736
-0.002230859558849857
-0.0019133257623192104
-0.001434901179709265
-0.0008876726176457113
-0.00021547149179176317
0.00041480458397149405
0.0009922388011485172
0.001646272798497512
0.002339733665441159
0.002869941845406514
0.003230670975063937
0.0034904055183135273
0.003594034290254978
0.0036889778993901847
0.0037779184447562435
0.0037375688816088794
0.0035956198504615367
0.003451074764248871
0.003295429410715686
0.0030971719857117363
0.002877276238676496
0.002540382553403018
0.0020793997690179244
0.0015567986366680966
0.0009491590113046474
0.0004446402817208402
6.64642521390075e-05
-0.0002925712738454885
-0.0005785109368324001
-0.0008876747534927099
-0.001228231816195435
-0.0015043576409199898
-0.0017354064644971182
-0.002081445529345886
-0.0025434636043113073
-0.0030567840261835396
-0.0036611403020660837
-0.004237718164986576
-0.004778837667154646
-0.005376438455220371
-0.006004076255687782
-0.006440905443974978
-0.006674569449508718
-0.006789615185365008
-0.006724482198295796
-0.006627895095027757
-0.006503219275287644
-0.006220314855237503
-0.005806626222942982
-0.005387748323204979
-0.004955881200855218
-0.004465968896412559
-0.003945446558113761
-0.003281058298747549
-0.0024637860879548504
-0.0015700622730421988
-0.0005720779470288138
0.00034316828144356103
0.0011512462659601578
0.001962219262808035
0.002722265003935867
0.0035243138858681326
0.004377009625770581
0.005186439702539387
0.005971480384070218
0.00689788564187992
0.007967515575383272
0.009112847718366531
0.010375394083542424
0.01163399608769485
0.012880987983005663
0.014211196155149933
0.015597905244457314
0.01661490709206404
0.017229363310378176
0.017621906449731144
0.017671519827007404
0.01764555841642788
0.017551721047365652
0.017146294917693636
0.016478074440264258
0.015819264797594497
0.015157648862177025
0.014388850649920825
0.013573820944702173
0.012478920374624154
0.011084998306970203
0.009553812883053448
0.007828304761221067
0.006236204693659985
0.004823233981686474
0.0033902879773712465
0.002032329811310852
0.000592440393099136
-0.0009451641343546165
-0.0024182797109179974
-0.003858896922682677
-0.0055695244792262994
-0.0075547349682742555
-0.009689784610668611
-0.01205083772750284
-0.01441960131579593
-0.016782235515943312
-0.019310948745920237
-0.021957794329447233
-0.023974821479524306
-0.02530540531102741
-0.026266065645990495
-0.02664490545492014
-0.02691287427339025
-0.02708384935502358
-0.02672997549114125
-0.02593759250638743
-0.025182425044812835
-0.02444320683432502
-0.023538544020910813
-0.022575161017478005
-0.02114468267355902
-0.019214040845981235
-0.017066349259073462
-0.014602153332019656
-0.01239655043797281
-0.010529972895455052
-0.008653798075968767
-0.00693489023226984
-0.005098242284036924
-0.0031165446968456634
-0.001274666695987302
0.0004831736961017598
0.0026866233978765407
0.005343297408530215
0.008234343905841232
0.011492835869350102
0.014735870444074442
0.017938841606544114
0.021403135897284847
0.025044368822246393
0.027849119994454687
0.029748427291990218
0.031157472419093855
0.03179127455904101
0.03230446823757792
0.03271528595634266
0.03243823928637076
0.031594131597704085
0.030802942286060328
0.030033856241899685
0.02905602967274752
0.02800773376675723
0.026348693500339245
0.024035934648876982
0.021441461608607573
0.018433741868412828
0.015816560077044923
0.013700091653912753
0.011602881329672847
0.009757809202500623
0.00777588195457414
0.005619785647780708
0.0036898418297207454
0.001907483119224156
-0.0004565503823492405
-0.003411464046803189
-0.006656744809557968
-0.010375053747893047
-0.01403631308081121
-0.017606197530796036
-0.021500252432483557
-0.025601264454585694
-0.02877257085274482
-0.03094540195041897
-0.0325693257223901
-0.03332690191254315
-0.03397094314566814
-0.03452093714967762
-0.034313362545827286
-0.033487775488201144
-0.03271149760769353
-0.03194743325846493
-0.03095327012016948
-0.029876670184546244
-0.02812608294156151
-0.02565510366203905
-0.022867625993096184
-0.019619480433291224
-0.016841978276737328
-0.014660008797001085
-0.012521938966672535
-0.010697037125493672
-0.008728921086964306
-0.006575069345554489
-0.004701685046300817
-0.0030167674702003843
-0.0006873160075232242
0.0022959586239072816
0.005591093816497539
0.009406273670455404
0.013133141242151404
0.01673223798932076
0.020678992873829034
0.024838627131243667
0.028071538287432366
0.03031521125516262
0.03200800962078091
0.03283327374439209
0.033559821614854005
0.03420637586994259
0.03410241982910062
0.033390882434830446
0.032719678330845
0.03204963887037468
0.031150242908836816
0.030163890739911107
0.028508229970844182
0.026138016571109184
0.023448114058007473
0.02029642562902272
0.01764037591298166
0.015606242511113637
0.013631499185363391
0.011992511113052693
0.010215763258562924
0.008258023920157738
0.006600325527435229
0.005147305370634806
0.0030514215023783645
0.000304100861452012
-0.0027477810765856618
-0.00631573115944914
-0.009778680932193681
-0.013096346347893017
-0.01675306252555377
-0.020611080887173436
-0.02363484939433989
-0.025773331543817227
-0.02741396778680386
-0.028270477537660408
-0.029054065976394254
-0.02978108383236042
-0.029837574222737376
-0.029356158578602614
-0.028906906409551673
-0.02845252687157323
-0.0277946296774707
-0.027057665336066267
-0.025722019215211077
-0.023747774270606183
-0.02148486720491505
-0.01880640200879144
-0.016603494760046304
-0.014991899828598857
-0.01345210226939577
-0.012240976807873193
-0.01091413945273425
-0.009431831681138167
-0.008243320728479803
-0.007259236668713041
-0.0056984785025126685
-0.0035539720671009653
-0.001144559935023992
0.0017243673410993628
0.0044784966344218954
0.00708052022870648
0.009977310167016301
0.013041307836415312
0.015456083053372868
0.017188585224209435
0.018530751141141357
0.0192587118522833
0.01994880781685274
0.02061311944268775
0.02076183561610981
0.020502930405838317
0.02026252117336919
0.020009098344721282
0.019600086088435727
0.01912743097629054
0.018193438254831655
0.0167681372417094
0.015116336915707209
0.01314078372924041
0.011569818639388432
0.010495906568979212
0.009499316858240292
0.00878957924849761
0.007999068334199631
0.0070958657306069255
0.006449039837809935
0.005984808215333523
0.005074108507492819
0.003712252163753153
0.0021549954656055513
0.0002459956548508463
-0.001549866813515145
-0.00320232435539066
-0.005071882405185767
-0.0070550690840983825
-0.008619320538436531
-0.009750620095181304
-0.010624876652877696
-0.01109793334017216
-0.011562225864481588
-0.01202466989270269
-0.01215956053928878
-0.012040856130625279
-0.011921694351331533
-0.011779193128454862
-0.011534920761379325
-0.011242220567587766
-0.010654265555999323
-0.009753001775049362
-0.008699327490140456
-0.007432668148459214
-0.006455897958340984
-0.005830570206230792
-0.005271794305588977
-0.004923740091432547
-0.00452789463098868
-0.0040627261877370854
-0.0037849401992954166
-0.003642737562628211
-0.003211262921888241
-0.0024883183997179733
-0.0016454424977296917
-0.0005773836873707263
0.00039957412749508326
0.0012648479578785258
0.0022625969093002275
0.0033222629631985043
0.004164583549119238
0.004788169485716476
0.0052735369917945455
0.00554653684887239
0.0058260799945965246
0.00611494936631592
0.006237330420696819
0.0062347586938784096
0.006220223608084788
0.006179815060392377
0.006083913113523206
0.005955166326901318
0.005674049184126313
0.005232220734259272
0.004704611890530715
0.004061665071174533
0.003590005274261209
0.003322929651564479
0.003101731408925694
0.0030081712274861103
0.0028912430618283223
0.0027390114982887093
0.0026992145781681576
0.0027416202880911167
0.0026311812708228748
0.0023673877124763872
0.002044144933667456
0.0016034511858563
0.0012220063746668792
0.0009112572741811067
0.0005355733614965341
0.00013446029796409755
-0.00020301816871155358
-0.00048271293518161476
-0.000718114513298226
-0.0008871278460403912
-0.0010734002978461214
-0.0012769966832051455
-0.0014366160962349147
-0.0015684521144285546
-0.0016879463605267524
-0.0017887176395705823
-0.0018734167452274459
-0.001943757038624195
-0.0019720237063565044
-0.001956791843993123
-0.001912148642913072
-0.001831029733085522
-0.001828877528292485
-0.0019174348726713351
-0.0020364010696382515
-0.00221835042538001
-0.0023990302231429485
-0.002574016665633581
-0.0028042086916999307
-0.003076812088600359
-0.003304101235684182
-0.00348664243839401
-0.0036585753328122333
-0.0037985207192436023
-0.003974230278104954
-0.00419009478383923
-0.00439497087180284
-0.004604135335557712
-0.0047497426745171465
-0.004819366530657164
-0.004855775460519889
-0.004837940630882537
-0.004792583112409086
-0.004721894943478655
-0.00459309368681712
-0.004410589412406172
-0.004241348521274479
-0.004085676814910011
-0.003913109062093314
-0.0037396865457557204
-0.0035163070741435127
-0.003238526755111266
-0.0029433650520952668
-0.0026190511103545036
-0.002290128688559359
-0.0019625990615669046
-0.0016159372706345508
-0.0012578022186651085
-0.0008817417927290984
-0.0004859739680231925
-8.048633097969149e-05
0.00033616845529100674
0.0007974231739161595
0.001304822678726207
0.0018433213118471154
0.0024217038271947262
0.003018324040124557
0.0036318113255605178
0.0042804752004484406
0.004959745826234259
