-0.008300391607628058
-0.004963583543398951
-0.001576338820234985
0.0017775333545233035
0.006601258659391497
0.012555432692265096
0.015573937398079524
0.015462821173280258
0.013931021547450434
0.009886708923526652
0.006094454625718227
0.0026869512031563693
-0.002669105533426221
-0.00941231823222639
-0.013414210286209045
-0.014578585352085269
-0.014497835433380098
-0.012096169824541916
-0.010397254399794132
-0.009541376495807533
-0.007094320712897568
-0.003684903833154988
-0.001407959147868927
-0.00016082860431109095
0.0006342334414764653
0.0004782248988333043
0.0012376343200223101
0.0029869007561550845
0.0043849932032421005
0.005837367735312308
0.006820006621371975
0.007137166180362839
0.007321674783487027
0.0071882788404923495
0.006695850144150224
0.005875078654975491
0.004572206545216136
0.002768842961180999
0.0014011327278112794
0.0005131921821519492
-0.0003693554558751987
-0.0010082144420495188
-0.0019955743141733227
-0.0033876271190691953
-0.004694252566803372
-0.006052336988681382
-0.006602137871650008
-0.006198222133980419
-0.00534019008187273
-0.0037614576258119415
-0.0018424173107760462
0.00039625261410145777
0.0033933215667068272
0.007087632472921552
0.009129731787983826
0.009365133796125906
0.008879989373545004
0.007035601237326596
0.00532506016148322
0.003835596763040283
0.001264765981439273
-0.0020819609313112502
-0.004399591924993912
-0.005689746029353347
-0.0066143661815590785
-0.006721733591195657
-0.007409271501906227
-0.008749093960353388
-0.009666262465376626
-0.010462788141100044
-0.010296166076901469
-0.00895346681267639
-0.007035364159137974
-0.004259617224844934
-0.0008317007536720767
0.003229371069945043
0.008296883247299177
0.014353713207389861
0.01746979550754292
0.017334756780593596
0.015814850444737343
0.011821060275827052
0.007744715087942254
0.0037205023163573822
-0.002406887707814591
-0.010161251628231126
-0.014438646897869872
-0.015040998824697352
-0.014088402927048526
-0.010231352295592274
-0.0070140620962224655
-0.004617749865586117
-0.00010787417511175517
0.0057813579888830015
0.009076609484502052
0.009765650118374746
0.009246680342726878
0.006507413577461093
0.004630248506312565
0.0037470824184153754
0.001457076651023789
-0.001592892040307749
-0.0034034849007307444
-0.004067905089122368
-0.004095554707633913
-0.003000982465821852
-0.0025779734644417757
-0.0028815903681461454
-0.0026088713070222705
-0.002138352778082844
-0.0017325492632674039
-0.001271118927860943
-0.0008902960842732424
-0.0006265784504548628
2.013228618560145e-05
0.0010477860722337938
0.002184383414420112
0.0035394742094644062
0.0041668247080196875
0.003955063382584479
0.003432790836368822
0.0023302958170975524
0.0011221170857340682
-0.00015345177676168585
-0.001972313167565877
-0.0042407992309922765
-0.005160225454614454
-0.004623869863050617
-0.0034253082269976552
-0.0010760941975028087
0.0012567858059759206
0.0035139135744254807
0.006706158767121246
0.01059853766844422
0.012595660976490612
0.012577416148492488
0.011619803679664394
0.009025646721712537
0.006569263725883033
0.004332211264930254
0.000818921163854647
-0.0036119893586975143
-0.0069536580888190334
-0.009211091872337313
-0.011108169531376394
-0.012142362782353954
-0.013888809465788951
-0.016426481164252684
-0.01854877448108408
-0.02059561270005559
-0.02059453554016481
-0.018201280555763623
-0.014570684818433984
-0.009087170195853724
-0.002567974547438587
0.0049454995391782575
0.01443926169249225
0.025790079110568256
0.03188025615705161
0.03218177743859282
0.03001166362585349
0.023406337849892545
0.016782831228998086
0.010382819201311448
0.00027007839639274934
-0.01267302458160857
-0.020127164999436058
-0.021826699940153946
-0.021161569778318266
-0.015953082950663475
-0.012097337149911777
-0.009898103635178724
-0.004541846111369019
0.002738625535613226
0.007062676400054047
0.008562180075490339
0.008731848024590906
0.006373868410935959
0.005589702070795328
0.006544051552522908
0.006188720478144983
0.005400214715861872
0.004576451564212563
0.003410129021002842
0.0023174000940014297
0.0013178644085352323
-0.00061605440351813
-0.003476255015665435
-0.00675909446305521
-0.010695687093563893
-0.012676517953615615
-0.012423034833906593
-0.011346204642720462
-0.008710440740960838
-0.005896040338743002
-0.003008845150380769
0.0012889155329467747
0.006720914128890325
0.009489212904051171
0.009415976672835972
0.008129364060445348
0.004616611762494765
0.0014330945310382834
-0.0012868700293444844
-0.005696990861102322
-0.011271549618922558
-0.013237657333591831
-0.011402642750317889
-0.007675256904158888
-0.0007779814204090804
0.0059590934527416015
0.012394816267469331
0.021310232861697618
0.03203498870519405
0.036978430176833756
0.035751159876266946
0.031500853633639886
0.022167618355361813
0.01289318360609627
0.003897722135456611
-0.009201402382743248
-0.0253810190032563
-0.03489447961227311
-0.03737523248141331
-0.036786510150780126
-0.03054390197669181
-0.025500521380080726
-0.021983553314170682
-0.014331210848365639
-0.0039523508875704185
0.0031278218010488412
0.0070600200983413465
0.009787932513113676
0.009841286245396277
0.012246654858332031
0.01723548103372374
0.02108308404652931
0.02488158102349017
0.02529853313876128
0.02157879442343639
0.016045409618076545
0.007621512332116306
-0.002734064967603879
-0.0149193764420646
-0.030425304617569024
-0.04912752287708148
-0.05810795058112999
-0.056379856970970026
-0.05002969634169652
-0.03548890928516681
-0.020674642393896003
-0.006029845942902307
0.015544445123483592
0.0424678391167216
0.05801456447928945
0.06153421852816693
0.059956528425405234
0.04885562016050161
0.03985099734465278
0.03352995227768347
0.020266820161436057
0.0024641850177962586
-0.008758314803484473
-0.013561095259270661
-0.015643938520114635
-0.012246963497652792
-0.012393536411100785
-0.016484433686929117
-0.017704909397171276
-0.017988311526948464
-0.01835207900733769
-0.018108885500274542
-0.018105545087251824
-0.01841178208611243
-0.01666526174865918
-0.012868705173264335
-0.008196226370836175
-0.002110246811188008
0.0019248507621387793
0.0035293304633795724
0.004770006734459086
0.004695197606187778
0.005034164975768731
0.0059848889062016465
0.005873288819171979
0.005081651310237366
0.005331552935924345
0.006557362133564049
0.008192220873555919
0.010641242546578993
0.01250086172351748
0.01369550065783151
0.015251220811090748
0.016855136428542503
0.016825878246028696
0.015096506596548948
0.012226101961024154
0.007747620707552851
0.002870539992281053
-0.0023931428143509374
-0.009075245464407935
-0.016957072945809535
-0.021919173667572636
-0.023701913311028704
-0.02412401500771345
-0.022058068567246635
-0.02019801541599194
-0.01867678457518464
-0.015156658186057598
-0.010177249136423911
-0.0064625248346061
-0.0039504608113147596
-0.001679721963397278
-0.0003055184771105117
0.0024047427227473716
0.006579911748977984
0.010576005050673064
0.014893920695955517
0.017582904486936994
0.018272243751915548
0.018238074721332726
0.016875717851904812
0.014909366126871578
0.01240989697112479
0.008459304120157909
0.003179010876660178
-0.0005111870547828727
-0.0024959555754987595
-0.004117218211245886
-0.004622046686116809
-0.005977937202997654
-0.008329407358171096
-0.010065262216920333
-0.011619793381853705
-0.012085402720094859
-0.01117068893235559
-0.009595806248528044
-0.007033867937067683
-0.003604085930164832
0.0006789350660277943
0.006196951124106942
0.012962497225362773
0.016536080168228242
0.016574386075819934
0.015217602674846252
0.011244472971336862
0.00735885680350368
0.003727577419764271
-0.0020692193083639227
-0.009482576418245545
-0.013652672913719143
-0.014437856870921096
-0.013792309610384653
-0.010446813091454978
-0.007865477824745795
-0.006223084902451098
-0.0027013228017653806
0.001976103610587383
0.004695503841448401
0.0055067883326272455
0.00540321504932077
0.003608073312542366
0.002670319696434279
0.0026904769735133145
0.0017403839211354256
0.0003587571730792544
-0.0004944810524630586
-0.0009499558082242514
-0.0010940594743281671
-0.0007159191171480329
-0.000880774817646413
-0.0016082677003701154
-0.002196617238959318
-0.00287414057062744
-0.0035153937258895927
-0.0040415701909884295
-0.004676754208604841
-0.005374351191654488
-0.006023189016510945
-0.006644533423197952
-0.0072539582317872366
-0.007831841720827015
-0.007210353595275353
-0.005263446782228115
-0.0025207557826146627
0.001363846093662024
0.005711332966235674
0.010506330159962052
0.016410038914452574
0.023307044202867624
0.02601017471658065
0.02410459759486252
0.019973176661736057
0.012163058843672494
0.0038650933452866083
-0.004771019026223955
-0.016636095242352412
-0.03111335900612153
-0.037195003286801066
-0.03420087881573645
-0.026950745162997024
-0.012434142454869476
0.002183379801433131
0.01655943509119611
0.036925939147907115
0.06185593574313421
0.07459921613298948
0.07435158605002773
0.06812618794418832
0.051418219114232395
0.03562123169273495
0.021270588022833836
-0.0012607822278683
-0.02966712039339616
-0.049449813192014726
-0.06047947972997285
-0.0681555353863047
-0.06878362010193242
-0.07340173797908628
-0.08254888753763716
-0.08758772393503221
-0.09086541909111757
-0.0874565408479026
-0.0757927618718888
-0.05974035060053632
-0.03752802576036403
-0.009686672875594358
0.023726027972775777
0.06472794492629232
0.11342632402754027
0.14046781559931626
0.1434560355132072
0.1365055936050632
0.11146699850666388
0.08603299506133677
0.06122903743362437
0.021027899706301707
-0.03104317084038227
-0.06202691452458912
-0.07097152554499253
-0.07131837026945104
-0.05449361772527036
-0.04398551336363115
-0.04105148340973556
-0.02664708169873488
-0.005728772619526895
0.0057776156993571
0.00869458828479699
0.0072537687140046235
-0.0023391161975763164
-0.005867427657898456
-0.002806023007476668
-0.0033779503517955725
-0.004519399620003523
-0.004413432465212574
-0.003971452113216931
-0.001886743470141726
0.002106406824982554
0.004329038691412761
0.004878932994939108
0.005791750748091429
0.006312201575342243
0.006751631560813282
0.007287301133366129
0.007216634587008177
0.006621074677952666
0.005907229454197253
0.004974317272065425
0.0036596247581569654
0.0020068201527909525
0.0007126200482680553
-0.0001766714199433438
-0.0009785903496259516
-0.0015018106446394023
-0.0022597175810197623
-0.003283048727953779
-0.004149639283692078
-0.0049688902701173635
-0.005489960631682382
-0.00563232324558586
-0.005584424579012517
-0.005254346916505089
-0.0046740392722895326
-0.0038435658482703313
-0.0026546056791252187
-0.0011007867401718408
-0.00015055223967768577
0.00013045528046677163
0.00021734912311408054
-0.00014998791723419975
-0.0003669633811635864
-0.0003893375091206865
-0.0007418262145232924
-0.0012954427782320343
-0.000987149905650711
0.00022076647071003885
0.0019130991364615538
0.004372985417782039
0.006854057429627362
0.009326144440796097
0.012409666719009713
0.015954770108473484
0.017224263591970837
0.01602372336536911
0.013543132907010412
0.009018772844499482
0.00419557063510783
-0.0008573130650948223
-0.007695459112585351
-0.015984809339470517
-0.020703065614943904
-0.02157627622195783
-0.020776482163262548
-0.016945707359598088
-0.013430551259754703
-0.010398152862061824
-0.004989795377581171
0.0021164062373405794
0.006545126982763129
0.008254111542668115
0.008885387515026438
0.007324369492793211
0.0068867678720512795
0.0077372204314684724
0.0072778268707939225
0.0062146461897544
0.0052077949060358505
0.004006159191463438
0.002772217347408888
0.0015972718941798109
-0.0005825379541334391
-0.0037905819737049326
-0.007449623746841339
-0.011808039527511313
-0.013927491344922271
-0.01348621316564533
-0.01206409326000343
-0.008826767821362972
-0.005339137318268421
-0.0017151434497521744
0.0035662459548041554
0.010195666081348392
0.013997610330057048
0.01478761295545283
0.014356858598092753
0.011598066158530056
0.009341506795213705
0.007741349166858781
0.004429284268347299
-6.911611401347941e-06
