-0.005665666488328727
-0.03495036539123037
-0.043011127008428116
-0.027018046521455254
-0.005082860130853705
0.0310709971090107
0.044709957674317756
0.0318189484431823
0.01698958807579562
-0.009468491670779167
-0.024594408300597247
-0.024832455464577095
-0.029260480522312383
-0.03181408247139029
-0.02552754336772569
-0.011417408696893892
0.01216063743116811
0.04703056441629174
0.0552631195458
0.03440931493306215
0.00431782887552472
-0.04492920594611936
-0.061799368719875444
-0.04118526381219239
-0.016151777415910184
0.026821342779762943
0.046116968914799605
0.03611488920694268
0.027993949858573487
0.010696573899330923
-0.0009586740579269684
-0.003258521069349001
-0.012408965708899888
-0.02430886682279042
-0.026295631316665923
-0.019105650870420793
-0.005563066881351863
0.01736493067024483
0.026001287195116688
0.01881188917909299
0.009787129281354768
-0.0070153749273404835
-0.01517677344241285
-0.012539156610158137
-0.011874237026445762
-0.008929896082209341
-0.005310402870705559
-0.002241972047275431
0.004483287098589082
0.014344371033836293
0.016998220749869855
0.012207962380556792
0.0045756067508614575
-0.00848788074967327
-0.013333796839633968
-0.008752820707320294
-0.003474362329108108
0.0060053415848642915
0.009317992763613468
0.004999652720140159
0.0008915983314751513
-0.005783563852841373
-0.008066158716516126
-0.004689872621419883
-0.0012468993786726719
0.004235435714248489
0.0056150138965998546
0.001873022746476353
-0.0024191131941153922
-0.009005479916553035
-0.01112561271252198
-0.007841861244031577
-0.003851113198595289
0.0027156206195312607
0.008500673876096853
0.012948932326767722
0.01927643611141113
0.026640974806448198
0.025507723099417675
0.01529222801433031
-0.00016134472563044192
-0.023506147386427624
-0.034930083388779946
-0.032854735756048206
-0.02913474896803599
-0.018650203534377796
-0.009113212754913018
-0.0016529485025607222
0.011803181657294161
0.029512550969010565
0.03524069106324444
0.028537007266971188
0.0159250917882402
-0.006818312972369845
-0.017782077052021
-0.015308842225743413
-0.013623270048040996
-0.007287319545553452
-0.003419276432102224
-0.003567470336333198
0.00010783276867017025
0.005782320243491463
0.006386678684799909
0.0022824553796431855
-0.004494715980264828
-0.015597627628853337
-0.014247331639761442
0.0009287178467344228
0.020556971644082565
0.04908982131472511
0.0530294621167547
0.028898910744252795
-0.00362816139099433
-0.05370896283869384
-0.07259928388299625
-0.0551413133458251
-0.03244613164253058
0.008488616022446802
0.026222039397478834
0.015407514714628427
0.006834779523980923
-0.01041210560341822
-0.008680265550888572
0.017048756321813255
0.04472816317731009
0.08221184458775753
0.08520270258932323
0.04766203554314918
-0.0029087764399750907
-0.07919753176995178
-0.11004236538021742
-0.08791191937896552
-0.05780033634633595
-0.0006495308570458996
0.030109472180032824
0.027561385293166426
0.03349883015312263
0.034156258359421265
0.028096468152734977
0.018735146215766663
-0.004374998044760047
-0.041397931054579756
-0.053829092714712604
-0.04057446971561093
-0.020646658998157288
0.015423348641107566
0.036992998634360764
0.041021510440571146
0.05016225086623463
0.0568458314725269
0.04881444095389856
0.02670901946558499
-0.009758878588898571
-0.06404278870335374
-0.08290614788559154
-0.06289039637468426
-0.0327366207552641
0.021355873929627848
0.047506872202944646
0.040337710293453385
0.03644292782548271
0.022591843955871965
0.004605908273423267
-0.014435597181376705
-0.048205531885656586
-0.09532937287670157
-0.10029720663134949
-0.06030818846291093
-0.0010848913869918114
0.09196926426614857
0.1296324292937716
0.1039533781595022
0.07018850871092207
0.005114306854044233
-0.029081453153970427
-0.024096155142972295
-0.029202113620228964
-0.02834571701020445
-0.02837198041164174
-0.03428013112678689
-0.02993397887236411
-0.017706996433090292
-0.006762333534758028
0.004903198963912437
0.020197780896649673
0.0378816395012361
0.037631049798310626
0.017555553332309008
-0.013476388378856808
-0.0613927417739921
-0.07583408204149583
-0.05259502331787718
-0.021080435363822064
0.03194645342290473
0.06344492612797173
0.06847256422661882
0.07889571849915222
0.08370145364748778
0.06924069105498191
0.036546132924149974
-0.01700832215871851
-0.09544237479183992
-0.12737827542496583
-0.1084513093835446
-0.0767822942011352
-0.013952364176066885
0.021394620225334848
0.023226158577469166
0.035415868516937496
0.04342305235466484
0.0454119896961661
0.044940071518361754
0.03131963393931386
0.004295251938017664
-0.011922925341104236
-0.017825354289857938
-0.02585494817113734
-0.030787300667085526
-0.026780793405916548
-0.013770216509892371
0.009631930576129216
0.04548592919741381
0.05540691139728057
0.03701143231563148
0.010796634520551908
-0.033168257541025016
-0.05177051202245425
-0.040591684488399137
-0.028672709776474924
-0.004836374746207459
0.009950636461790906
0.011955354353753648
0.020469423238597895
0.029977586699181533
0.02821973474341127
0.016032514741368638
-0.005130788033256766
-0.0383389668999082
-0.04738169295924964
-0.029835542739442607
-0.005763743371805409
0.03417508354792486
0.045408460109167104
0.023155189876880162
-0.0034651055819234595
-0.04626534427442782
-0.06171787908153966
-0.04412466699039551
-0.024103907701757604
0.01011896166010802
0.0367963613941184
0.05207169903029135
0.07630032755388691
0.10381422648864709
0.09642502962579155
0.05250635807302885
-0.014417522570470385
-0.11486367438768137
-0.15324432698212262
-0.12199678935598167
-0.07619489668614819
0.009156860407684445
0.05258465354329958
0.044844730874173365
0.046197086212706
0.035849558473701484
0.029044586808546855
0.03198454547354756
0.02057251015543073
-0.0008117813528991154
-0.010260025233260507
-0.009498809188325161
-0.005998882371117273
0.00483795570329255
0.0007181238265348403
-0.020207311332973425
-0.04364725777427681
-0.07523230049680583
-0.07696231263443579
-0.04421022806377
0.0005040028936020689
0.06791031160075325
0.09881074206771907
0.08712229171881435
0.07045054015448086
0.0330715621983105
0.00614097594626846
-0.005824797314804653
-0.031172148581791546
-0.06221976590289156
-0.07137379316254648
-0.059163129005946544
-0.03286338332677419
0.014574820661941847
0.03631594693504354
0.029492785280579546
0.022913252492247658
0.005083202871253731
-0.002616122311590902
0.0034161008312616303
0.0035902661149409447
0.0034173952514286953
0.002820075981068902
-0.0004004009244281579
-0.002002100052274949
-0.0025706138961379263
-0.003045271536719541
-0.00276702145074278
-0.0017797522505520128
-2.742914918049291e-06
0.0021045921320622064
0.004558997886501486
0.007784227647122002
0.011708188457905992
0.00820078700595488
-0.003496203442872757
-0.019602336120430403
-0.042446647348322576
-0.0453682294533946
-0.025924734924514095
0.0011561661798516073
0.043129009999112684
0.05879140057613906
0.04401758453492821
0.024725375203210668
-0.010003785018477075
-0.025855169131150043
-0.018437661049536033
-0.013370698103316156
-0.001655823430108462
0.0028329053615297447
-0.0031907646818046575
-0.005759096204293385
-0.008789637465140334
-0.00780778273461298
-0.0008171902021169709
0.006971186936908544
0.017235529906058856
0.019669961835684327
0.012799738272043929
0.00299660851787154
-0.012740697585858841
-0.017418494059840483
-0.00927838143562768
0.0009339402537368644
0.017747944548745398
0.017849418892560236
-0.0015139074216705452
-0.025460857089235317
-0.06036616868393423
-0.06745673480456363
-0.04232623636442138
-0.008790303075132363
0.04380450280194467
0.07236081743314059
0.07203537176957983
0.0725979258799949
0.06274155107834857
0.045378465565450644
0.02249434987608267
-0.016888704174041886
-0.07247072685344104
-0.0976381095458593
-0.09041230802506936
-0.07340886235020513
-0.03472730403613891
-0.006688045666976427
0.007911383888600246
0.03494020644226464
0.06693959389220835
0.07844089335930547
0.06970228372630353
0.04723310830705404
0.004357571095755332
-0.017964791175791254
-0.017486099516521858
-0.020000059016145436
-0.015687908205806275
-0.020650875293673942
-0.038084124695646426
-0.05246863181692051
-0.068097829448528
-0.06613016149910377
-0.04286516256539363
-0.010422654741744301
0.03715234235540815
0.06776526080659945
0.0782766389002405
0.0894668465455973
0.09294814654894992
0.0699253275063805
0.019369338033307967
-0.05716712005631811
-0.16577344548454054
-0.17964631482175375
-0.08881809650959817
0.040526106603248686
0.24257670650549104
0.30009692758552425
0.19210419315587376
0.051687099407050414
-0.17883570185165878
-0.2805642546150603
-0.22746695095644237
-0.17285752594075157
-0.05887047762529234
0.013615006740713123
0.025374743920447532
0.0728731590328072
0.12941674863392116
0.14303334484518915
0.11934585857859702
0.062163458519012164
-0.040733173647924364
-0.08802720628026922
-0.07493100443806415
-0.06114639140121771
-0.022206882877936537
0.0037318777878257475
0.010156330316555088
0.035307991663871184
0.06982203906328649
0.0728299090014284
0.045219996996380324
-0.0004307928353187528
-0.07422525676486406
-0.09897268820121428
-0.06891804188220865
-0.02972711533288799
0.03838737259583843
0.06632352736338085
0.04569865206918353
0.02603511360992261
-0.010839739663508176
-0.028657681634518498
-0.020532953757935235
-0.018750052676139575
-0.013359061721098917
-0.007665903723791807
-0.005082753490183252
0.004033722234434401
0.018259657687555855
0.023269375815119807
0.019326500836417328
0.012219815035011154
-0.0013917032710952112
-0.00832002104912453
-0.0074759262156302055
-0.007970730407494393
-0.006572399952382364
-0.005838752860115615
-0.006697497985057985
-0.005343861328056854
-0.0024847111041800657
-0.0008861310303814669
-0.00021052825707226612
0.0003898878441430484
0.0003858682181741221
0.003547302820726434
0.01021391801753448
0.018202359633401916
0.028515645139593235
0.028924848677485272
0.018145965226260562
0.0027953248071687737
-0.02056530829783922
-0.03446371864168224
-0.03726403036616565
-0.040363828290062694
-0.03925637787470525
-0.030386160962696186
-0.013941319017983868
0.012260026421715173
0.04954062625181773
0.06394959725690595
0.05335060912385657
0.035391657939504446
0.001200489034643232
-0.016542585995864514
-0.014677726968928627
-0.016516730921162473
-0.013890557591442426
-0.014648014762113578
-0.02133701350369996
-0.02365775628584507
-0.0238308892174811
-0.019128499893373424
-0.007761993894959389
0.007431765208193091
0.027844540966918265
0.03768275439789839
0.03540038496929309
0.029902094249366806
0.016852909690453246
0.007116227278599877
0.0017665917076570728
-0.0082546868285687
-0.02041685335337016
-0.028440441634905566
-0.03272938998384215
-0.03440439109400074
-0.031931895171660944
-0.024322031234678087
-0.010931475733512656
0.009292733865797532
0.03717432450212735
0.04959338593678472
0.044965146940232126
0.03530310092872412
0.014487280659762684
0.0006323928306847604
-0.004587694271361427
-0.01522683755488656
-0.0269730380251784
-0.031258779344498826
-0.028611336720616293
-0.019779319907451867
-0.002536949007624985
0.007093508925654219
0.008497877810899933
0.011499050940410337
0.01236219632755405
0.011738304586129398
0.010293667426553047
0.004730179076568002
-0.004900677754303972
-0.009343014408185753
-0.008509991921049155
-0.007007686568028673
-0.0026598573050792846
0.0007616393295645887
0.0028206483155652404
0.00713087867679265
0.01285675475229055
0.013116288064564208
0.007718981984014287
-0.0006453105910349044
-0.013778820246698329
-0.01833673641105188
-0.013226955261225323
-0.00639958717998629
0.005613372481229248
0.01080820819221856
0.007745636227462473
0.005078072291929518
-0.0003350884030799238
-0.0031157359841629748
-0.00213865153902692
-0.002552421094524681
-0.0028798888874686478
