0.0052702913802077185
-0.009027706519134314
-0.019585598138842017
-0.02552631801871962
-0.03337014701491482
-0.040884646035917335
-0.03665192340324929
-0.020013613755956693
0.005487258556580769
0.043169591520340944
0.05817516655736496
0.047844484768752533
0.03187990463769517
0.001159351539243285
-0.01666258814443031
-0.0185331936249653
-0.025509382417064855
-0.03067350080952321
-0.026877344872457597
-0.015210770898529213
0.006486213790185613
0.04013932639189184
0.048407100803353455
0.029100477457873385
0.001968112081615103
-0.042600219482707764
-0.053665742846016856
-0.02602283139568163
0.007926382655069088
0.06167388826050289
0.07853507190847955
0.05151326077193958
0.01890904995589889
-0.0346184037846727
-0.06410902454944868
-0.0632539068768138
-0.06648804764631146
-0.06184150896650358
-0.04632046682850359
-0.02216682595008006
0.019211611552961222
0.07881171199467402
0.10122370479617697
0.08362173230153838
0.05382840786081538
-0.002413755834336952
-0.030991926447065055
-0.026786901006965506
-0.027968281971182802
-0.02100972891865672
-0.01968674260500727
-0.02818281414978828
-0.029039881742497175
-0.026092002388700148
-0.019788370411043785
-0.007653255506761217
0.007821362618357615
0.027488499661088066
0.036020629316186104
0.03174086632051056
0.0228986134181993
0.005122869876069523
-0.002828455778363231
0.0007212528269577299
0.0028658684375818923
0.008298117069031429
0.013238890964655916
0.01642953453128108
0.023488007190436106
0.033429657432153724
0.043208388429190135
0.053468343719458584
0.06506421552184741
0.07755091347605353
0.027199047966122717
-0.09253541841965729
-0.2521323720007427
-0.4701971164463918
-0.48718800213118124
-0.2790149238591058
0.014721219649830796
0.4653971755532507
0.6453855054628933
0.5132956216978947
0.33528177199015435
-0.0016336487430731322
-0.17806909856489367
-0.15277005548314115
-0.1741915916488154
-0.15991400527202915
-0.14320817177791761
-0.14834447024128505
-0.09297702016650071
0.011978965151368889
0.0650698385142476
0.07162848647382786
0.07365600375297582
0.049533411234335044
0.033566633571800536
0.028993323013983104
0.002023786488372851
-0.04033704572778862
-0.05562170767989159
-0.044800849334903504
-0.023876401103521468
0.01719529111367677
0.03922268569188483
0.03936300716853613
0.04495750468929986
0.046658679404834535
0.03915909595169614
0.024126154974590516
-0.0033093069627757763
-0.04461747757804241
-0.0650366993095417
-0.0631176457839849
-0.05715625312259615
-0.03851795010265982
-0.021365873688876543
-0.00730292445292741
0.01783740094807654
0.05102019131158448
0.06292711189130619
0.052712778973414975
0.03230989873230441
-0.005905729710135575
-0.026852661284525948
-0.027957198103877076
-0.03279168918665577
-0.03281671569395156
-0.020799253645506617
0.002376311578970099
0.040236680001222595
0.09506384622194206
0.1046654934272234
0.06489095868469665
0.007740711164359212
-0.0832132687535584
-0.12249558076690116
-0.10188482131309959
-0.07634518403239746
-0.023604993779793172
0.008085956931981348
0.011411304255191301
0.028135013717095054
0.045862221215627504
0.05346663683904046
0.05412188713794604
0.04339317561571647
0.01894033709723876
0.0006767810500303648
-0.011781466491005463
-0.03043970091018503
-0.051269886149583416
-0.05289593806917192
-0.03420823750877319
-0.002362803260211322
0.04872295188584627
0.06480511122246804
0.04181146236841521
0.011233303575375102
-0.040958826320710136
-0.057192880525259816
-0.030890945719001587
-0.0012972888442716263
0.046817377643373535
0.06365582197029052
0.04206343403146173
0.018398171997884027
-0.02095739466554253
-0.044252329630940744
-0.046107076866198075
-0.05311999692469572
-0.056673550391364805
-0.046906316259308724
-0.025108019291886597
0.011208039601966717
0.06472710551746093
0.08602406918242449
0.07218179159033157
0.049471330369950786
0.0051812056320901505
-0.019591381656835445
-0.020624983420759052
-0.02847791415501596
-0.03293524400179029
-0.03181642292885744
-0.0274557072111655
-0.012727494442902618
0.012852406331339944
0.02284612069439849
0.016701542137525453
0.007892085680377046
-0.009910070101430416
-0.014227832099479781
-0.0025994967930612323
0.00904305215441903
0.026482949227232655
0.029969031006003132
0.016407187408668804
-0.00015416438645437039
-0.025312499762336568
-0.0338251319280598
-0.022484659191274358
-0.008077183426324054
0.016327796309828207
0.026716033681340113
0.02000348693649602
0.013558708380409486
0.0009876918785188546
-0.00948619691134872
-0.01592912531968559
-0.027612457893443975
-0.04237311613803407
-0.04168972233836388
-0.024936012695801504
0.0007569383085249691
0.04031140644084776
0.05771740276998945
0.05010256467322141
0.03902589226739652
0.015185427384002016
-0.00038602247369580955
-0.0049084862170346
-0.016328043284990032
-0.02942963760340959
-0.03386639695185302
-0.030509205533997687
-0.020248526372008944
-0.0005280833055757889
0.010129270726162118
0.010984834251234811
0.013322965617026776
0.012801442448648176
0.011541616160741647
0.010419266974644298
0.004938455664195477
-0.00446830926134563
-0.008475919638771867
-0.00709973787032682
-0.0046728049070846305
0.0009878950093566792
0.002275726113048636
-0.0015643728777430446
-0.005099350002875561
-0.01023564280899116
-0.011456139944263314
-0.007789743793480727
-0.0033670405754723646
0.003401803702068329
0.009659302334855721
0.014903133363665489
0.021883036879025403
0.029866491664056256
0.02761700295790883
0.014309043291814177
-0.0053484027367534555
-0.03452963624387869
-0.04616354675212678
-0.037990068715299564
-0.025774526953428523
-0.002396877886490429
0.009529149047925014
0.007414762541416627
0.008156314842586006
0.005995546931465935
0.008981130139744786
0.019281721411613377
0.02845869309231458
0.038874968089799164
0.03657238626781846
0.019192602892028315
-0.004825824176953307
-0.039769198969644724
-0.055286737536158134
-0.048438490946482636
-0.03755332844692792
-0.014517747643958405
0.00040601683370179416
0.004749415780501132
0.015209505554640524
0.026781938484535674
0.031564296159810504
0.030462928388599257
0.023348820436513804
0.008276924412145831
-0.0014448743091005328
-0.005550627093865246
-0.012326834135319889
-0.01882823525704167
-0.02069092509879801
-0.01810002201957633
-0.010850967851318723
0.002332298927598322
0.008764953745321763
0.007918019991431758
0.007169418475779669
0.00347449587858098
0.0021238991728167915
0.003972647200535722
0.004013591338592728
0.003564201543070408
0.0027246806236218436
0.0008903860379726898
-0.0010266651727646185
-0.003188711094130471
-0.004643808417404655
-0.005158280042948826
-0.005346974502899885
-0.004880124057648931
-0.003510542383264727
-0.0011865694123761835
0.002309579322466354
0.007114347449765517
0.008111636630333081
0.004916173747800704
0.00011502604138646993
-0.00767524348050372
-0.010382893227071826
-0.007257547718103057
-0.0033580221943670975
0.003425321555016562
0.00760122589120064
0.008421992362767826
0.010289467985244586
0.011785757256908922
0.0105653437345526
0.006779487626301413
0.0003862041593670751
-0.009256252460536992
-0.014544176069759539
-0.015065743313210173
-0.015084246466161856
-0.012698526662898196
-0.008438630848963525
-0.0024527372730322274
0.007152859580774301
0.02042722122281062
0.023509151846357733
0.015524693408200093
0.0032467182207961804
-0.01701515108082415
-0.024272069493653264
-0.016607184780106723
-0.0072506350152405155
0.009251581013798861
0.016593315697240676
0.0125807565181686
0.009554377536950485
0.0032063695076188447
-0.0008091378611371162
-0.0010035494257512139
-0.00360841753273245
-0.007027015272073893
-0.007315517744053557
-0.004838257256511078
-0.00021485823103746125
0.007463730756083426
0.010536750435494678
0.008543419620055623
0.0059457561179836384
0.0008314131680081358
-0.003858809991863726
-0.007681436388186756
-0.013650963295998145
-0.021087129422463692
-0.020404488727955947
-0.011054297799786034
0.002918409504321918
0.024132504809701274
0.031076314756438954
0.02191889757707385
0.009235322726884326
-0.01264290643667867
-0.021881055679714653
-0.01601852975421424
-0.010300346492170815
0.0009766927288720943
0.007649491888570358
0.007758041471981688
0.010874374235694857
0.014275102121081807
0.012803531862633563
0.006972687553614828
-0.0029345367761746365
-0.018169370539337436
-0.02304205176373783
-0.01654820979351278
-0.007312253287259258
0.008698035834943664
0.014858084657418806
0.009381432105520298
0.0036125035692752524
-0.006781504437398917
-0.009553217952336152
-0.0028105324007145793
0.004041081519707566
0.014351596917748309
0.016379351540948175
0.00827294681010309
-0.0016271045849487187
-0.016660416584448043
-0.021383925256382386
-0.01385643204784962
-0.004278595627379834
0.01158853739775394
0.01684176883593652
0.009384451197618219
0.0008806942921362501
-0.0132150194607072
-0.016719580166780705
-0.0073816118250539225
0.003298245221276357
0.01975432519170727
0.023576851099705243
0.012274850454201926
-0.0016851889544397863
-0.023405053825699604
-0.029111772927296303
-0.0158828762276814
0.0006382316069414501
0.026947365601068467
0.03531299246131821
0.022328217573238322
0.006710651483758541
-0.019042554794320345
-0.029453510520133237
-0.021080881566724056
-0.012395974662530326
0.0034700525913305834
0.012136999994709657
0.011014970764986056
0.012706356720503333
0.01331017280866302
0.009019517644115937
0.000636483317967164
-0.01322178585515888
-0.03348834752689851
-0.036320925954548396
-0.020148874104225546
0.002775802445747145
0.03873822940704243
0.04928150387897353
0.030664491883989935
0.006601199630291446
-0.03310824626650661
-0.04690152202775186
-0.02983261058968999
-0.01032663691600301
0.022710257407219686
0.036180629289743964
0.02525248029429132
0.014977397763896417
-0.0036031759611085215
-0.012385056040729014
-0.0078035166567999945
-0.005920083698746366
-0.0016845214133227242
-0.0005383563549926746
-0.004506438770709513
-0.006876392379747396
-0.009407459207467156
-0.008789849093495169
-0.003894975551209306
0.0022884491487404203
0.010944712597603788
0.014107406960483392
0.010844853939176953
0.006022082549200997
-0.002573485073507189
-0.006477333292447059
-0.0047571742801425605
-0.0033830121917420956
-0.0001631232005146851
0.0014180322018679645
0.0006186992735878081
0.0009023933210175634
0.0013251798874594092
0.0016984829220722108
0.0024027457707659432
0.0027975740951382807
0.0029376694826262553
0.001154840318399359
-0.0028537056761145075
-0.008264708583859918
-0.015631925690078912
-0.01649445675987487
-0.010080045039422818
-0.0009156800881843909
0.01332291349484407
0.018988430462201854
0.014766381788926114
0.009194237589653957
-0.001323289452357151
-0.007548505960853396
-0.008244769530925409
-0.01087586130850515
-0.013076777075448133
-0.00921675922338592
0.0005941521677058441
0.015603711764845258
0.037361273996114774
0.04079460928015887
0.023990399915301094
0.0003077416367682986
-0.03693691513584386
-0.05047959815016526
-0.03663416126408538
-0.018919885116481214
0.012498560245055792
0.026279206696487017
0.018372259349663918
0.012027268787836002
-0.0010187608844372438
-0.007489926789712117
-0.004391697680515278
-0.004842663518035609
-0.005138342505105065
-0.005188943122783155
-0.006417539278798151
-0.005924798235176177
-0.004028299158088728
0.0007575816058729035
0.009153119552694686
0.020243003435257863
0.03474627431314024
0.03450378090601025
0.017832640054688972
-0.005953648138671111
-0.0419210764155473
-0.05363823312992818
-0.03770726489705269
-0.0159390263396338
0.02135391895941521
0.03588084787539019
0.023258725519392048
0.010002338102018211
-0.013962837395509976
-0.021430197891970655
-0.008103139833165789
0.004719303261406712
0.024469713594330002
0.029722264459404703
0.01672886101800679
0.0017905698955079053
-0.021225467390081014
-0.030542699793036143
-0.023013531585843815
-0.014220325417758336
0.0018595181857046451
