-0.012403870822035711
-0.024085348924564435
-0.023196198648758576
-0.00893217896262368
0.012260444490174218
0.044508396360275496
0.05247162528730833
0.03309343436380479
0.00684206183927822
-0.03565037632485158
-0.053433448661648945
-0.04202932806021654
-0.02895637611656687
-0.003427932352504547
0.01110796741332072
0.010870371289200792
0.01609029636263906
0.020607242490457214
0.019094573307713202
0.012996113188682401
-8.831117993278914e-05
-0.021361051765234475
-0.02881970672393438
-0.021492674770316335
-0.011101953064058461
0.007821577740966378
0.01749256194065409
0.015953459270454853
0.01628848018242448
0.013986552478168756
0.008621289114132322
0.0011591427558651217
-0.01187257164125791
-0.030607314597700636
-0.031438300256085856
-0.01294221285933323
0.0133879569802812
0.053802104815963266
0.0643858861395025
0.041022636626927705
0.010016048526776369
-0.04031508652071117
-0.06204111763836178
-0.04969574128815318
-0.03607568075634027
-0.008520923378110714
0.009104289787869304
0.012608247568502585
0.023995995437377023
0.03702469788651197
0.034716388297827035
0.017747781411629533
-0.010756997972095514
-0.05514391429990385
-0.06625982335906112
-0.04061578432171911
-0.005575962010189178
0.05163198226922547
0.07329456615847181
0.053234141841199324
0.029798258819648298
-0.012203920024629488
-0.03049968318442129
-0.018920329174022355
-0.01031411243397023
0.006624729601507524
0.008546183022197522
-0.009443062917344097
-0.026998328995180076
-0.050851433907436384
-0.05345005871159225
-0.030311200747448346
-4.5986400575413636e-05
0.04541196578179004
0.06587372014481983
0.05678450895123202
0.04435014157197227
0.01775888241897645
-0.0008628620464982543
-0.008256497572313497
-0.02426256140719532
-0.043350460183111394
-0.04643710147098074
-0.033824000760724185
-0.010301737512433885
0.029076330786651228
0.04240450774695536
0.026831855940678204
0.00685606418200853
-0.028164135769163934
-0.0377860981065957
-0.017169841315797553
0.0055559720771024695
0.04112060273920679
0.04938404635103251
0.024659810933523867
-0.00510269415521354
-0.0510449633582567
-0.0637179396652021
-0.03680130926887409
-0.003248897616434608
0.05052158545993741
0.06611932037803298
0.03631990962059347
0.0004552203754694872
-0.0573141577838348
-0.07161808519343275
-0.034052128241860886
0.010942826739345343
0.08120883949261752
0.10083513661827892
0.06009449738956178
0.010140997225175703
-0.06979786159953484
-0.09971891019150544
-0.0693212351273786
-0.034317437120927545
0.026937041655584033
0.054325669187473044
0.03883850807792256
0.027354557475685055
0.0036792886419280742
-0.011315199017589976
-0.011970644563957734
-0.021608381435703573
-0.0342872281976266
-0.03351785801353234
-0.020501392558279524
0.001611738785330046
0.03671465170511201
0.05083058162062538
0.041742933030261095
0.029104413688540335
0.0043143102066965115
-0.008319287040108495
-0.0057843326843460266
-0.00690337291222786
-0.005467462750551364
-0.009910158637960458
-0.02270397443037037
-0.034907894777626056
-0.049093749985108036
-0.046319176378776535
-0.02370488394236636
0.007756519359261702
0.05377519047527762
0.07178163449921496
0.057697233851032835
0.03692403997727456
-0.0019375444787012343
-0.021539827961857827
-0.017596484062985616
-0.01775662016503286
-0.01246112860103514
-0.01021577470684167
-0.014009108146782228
-0.012047871748467566
-0.006770786354261853
-0.001363187148769509
0.005629483347507248
0.014012933916555646
0.02359033009725835
0.022231807062418805
0.00858892397299655
-0.011648698969262213
-0.04207881833609723
-0.04850567913035482
-0.027926131066611393
0.00012160520191666476
0.04477369044134386
0.05927092300723612
0.038664036770123845
0.013042795541072644
-0.030025047076569604
-0.04590215137275879
-0.028864853342457027
-0.010651339860451347
0.02069532337463862
0.031601972361332796
0.016785560579612755
0.0021842040648219134
-0.021420500867722354
-0.029515208319284045
-0.017795554989942692
-0.005574791255892098
0.014071779163384389
0.022971837593915547
0.017980350179156213
0.013578887679946017
0.004681265976707902
-0.0007593078022740896
-0.000904198464239224
-0.003824136763479173
-0.007302438579652632
-0.008651826611792856
-0.008512610123494671
-0.006403080629949297
-0.0017824629859084225
0.0017283521187752586
0.004170861278938975
0.007802016270492768
0.011886158734079081
0.010179917188774706
0.0022565971096035614
-0.009479756869361276
-0.02681162682238205
-0.030523316820206016
-0.018998262494695616
-0.0029923831823609743
0.02262171084786054
0.032392986460334346
0.023680844802409833
0.01301898481372473
-0.006305922496077935
-0.016369516162309524
-0.01463552052048219
-0.015307984818344557
-0.013679241706982752
-0.0069390970810128206
0.004015733340503328
0.02171880052594047
0.04692493433297139
0.049970523250883456
0.028902760569218085
-0.0013647725747522837
-0.048703653991456305
-0.06561171276055994
-0.04759195876819497
-0.02409266343546237
0.01739325021928265
0.035218015672008135
0.024167653386320032
0.01467389054228666
-0.004221271778155663
-0.011735412093257992
-0.003675652228929054
0.0010490382324556677
0.008213960889300896
0.009270915113624073
0.0015183217498157416
-0.0063351141508996124
-0.017067910756633328
-0.0187188354450024
-0.009320812055781925
0.0030854694964848753
0.02202438726223471
0.025776689285701582
0.011950028779192528
-0.006047067924938864
-0.034134117595617824
-0.037422678333461426
-0.012043526222064924
0.020382915316608272
0.06936009374374869
0.08055102309172528
0.04789121170377964
0.0053005381378590025
-0.06200551189515125
-0.08917818457323745
-0.06873105248351967
-0.04420169264385533
0.0017235182912582652
0.025014506179236354
0.01913555589852414
0.019692453033082435
0.015058246213888075
0.013637112283532276
0.01935803426388866
0.018814423057295374
0.014691656507906813
0.009012686515239664
-6.5673040741039e-05
-0.01157539315245421
-0.025776621045732136
-0.028959033382483967
-0.01967280344197067
-0.004831267280091114
0.019517866010530623
0.02781653372546459
0.017814002054267107
0.005262571948171327
-0.016493264802586057
-0.02439585396471453
-0.01554899755160348
-0.006526989442527983
0.008782897590041005
0.014004325559147017
0.006418177261399572
-0.0011377530676749386
-0.01320908682048893
-0.013868797643138798
-0.0005910666536902464
0.015291513728624665
0.038315202469845835
0.042699357841729325
0.025312245744736547
0.0022565924862412816
-0.033625127090705365
-0.048346771080463764
-0.038115722123887814
-0.025302058419909124
-0.0008334429259338329
0.013179394511078595
0.013529203598080287
0.018462169408442718
0.02223726116799417
0.019345034949146928
0.01091891332411178
-0.005049051961255989
-0.02992989787948807
-0.03598332821018385
-0.02164750533308779
-0.0015215837425312899
0.03150710785532073
0.0408815933939071
0.022868944602383125
0.000907463733161694
-0.03465497725599169
-0.046281456953214645
-0.02920492411865233
-0.009381695644400745
0.023329258085717786
0.03809768179609908
0.030466361853531885
0.023654027118410494
0.009319862970608883
-0.0001066549920769053
-0.0017898961763534748
-0.008622011517210615
-0.017207039599596942
-0.02057131517501861
-0.019549044133288826
-0.01480808214982363
-0.004778978185374775
0.001355207615468962
0.0033184945999774713
0.006942799802812049
0.01016519470314439
0.011694076672146435
0.011844473633442494
0.009635304418383636
0.004687762151841082
0.001500504260923522
5.960524692885202e-05
-0.0022483856156184376
-0.004454909440368211
-0.006295649375525933
-0.00792532663900619
-0.008732729440527904
-0.008624430544236578
-0.0059837393249731075
-0.0004264911606390642
0.007455094392454817
0.018277321065226653
0.019091499043335142
0.008767713377224958
-0.0059504913184720044
-0.028620225846924283
-0.03433842721543738
-0.020729347964819365
-0.002752641393748903
0.026234385204713908
0.03695486537698577
0.02609341420636447
0.013251232988861057
-0.009358460354408031
-0.019306068125473235
-0.013373693241089394
-0.008790430737939784
0.00044416612234362353
0.004553809059882769
0.001265668826634242
0.00017282890426184713
-0.0015020793089816557
-0.0024520510246685443
-0.0015380110422025292
-0.0016152510529788698
-0.0020888549838925553
-0.0007379262872583482
0.0022562514705168363
0.006345873822557844
0.012022013014137696
0.01213194241868915
0.006057368761628729
-0.0024094107785980383
-0.015216116955137455
-0.018849797370320345
-0.011994202459295025
-0.002769064122996813
0.012444511408126099
0.017438046561785152
0.010388204203517994
0.0021028154006677876
-0.011729387665390391
-0.016206196818316535
-0.009302296297842724
-0.001721706442543742
0.010574155641044502
0.014016426300209725
0.006599946089865595
-0.0018530529747737118
-0.015098648228417727
-0.017415250875945473
-0.006661618080104203
0.0065358877714516575
0.026545528050839217
0.030647843392221073
0.016110950441289483
-0.002557472176660654
-0.03159942770603119
-0.040025825269871675
-0.02425977932890137
-0.004375952581674073
0.02801195922617564
0.03829841883608024
0.022233280539361765
0.0034026188358110077
-0.027519044786122104
-0.03668193064110658
-0.019494518612042797
0.00010677500566899905
0.03135069456163433
0.041000314943989404
0.024389377282453006
0.005072159358427156
-0.026094443020135236
-0.037315606621529634
-0.024135384672955583
-0.009403991732371482
0.015573289089758444
0.026270620216377733
0.018912513426579278
0.012499978150487947
0.0003502170805759666
-0.0077376262821289305
-0.009405747276292804
-0.01489129696987839
-0.021459709236277835
-0.01934674025446371
-0.008753200539318945
0.007878132824054383
0.033048251904941955
0.038509294677436634
0.022085053576079646
-0.0005503983830114045
-0.03683999863838229
-0.04773326563771245
-0.02915546591063782
-0.006050799767050027
0.031957622374901844
0.04522083205048952
0.028760701401427842
0.010199487879402672
-0.0211123317102688
-0.03351763643718229
-0.022306133800841493
-0.011468323785452646
0.007610247644441468
0.017430566931819453
0.014586232136533636
0.014589822636848231
0.012578960354900184
0.00806735215029099
0.0024300045809715564
-0.008108091986916822
-0.02351148290477928
-0.027309038097778668
-0.01878166727800468
-0.005860662469310363
0.015673378442722083
0.02191699504638878
0.010622716268853197
-0.0032054467541915866
-0.025821371322367902
-0.02742693367333077
-0.004412987309538848
0.023849131009508896
0.06550162652458151
0.07284548103064746
0.040342532178547226
-0.00247476260801251
-0.06874144290106181
-0.09167646757153053
-0.06386125958652158
-0.02837357498807322
0.03272717984294385
0.0568306301755851
0.035972111683972546
0.01520858393973236
-0.022116366083674968
-0.03480893692129361
-0.01584598090852625
0.001365665572080915
0.028191283328474565
0.03420986285632283
0.013716701402934867
-0.009489432128201927
-0.044229926690013924
-0.04948346952698864
-0.019640063977332808
0.01834468218662677
0.07600610587646746
0.08942920160420023
0.05130475187350703
0.0019222607080009275
-0.07615248178265518
-0.10166563561615845
-0.0652224601590117
-0.020387593189060638
0.05469246517828628
0.08322825258925777
0.055174153984984535
0.025572593997582476
-0.026192434817566872
-0.05064390009606345
-0.03945678617587617
-0.033410873943157574
-0.019014037721367887
-0.007953510164079521
-0.004802649546639969
0.00711410433302938
0.02424447330596305
0.031658708066059346
0.030265131777277677
0.024478548241185286
0.010916711529406393
0.00010293647242416671
-0.007527428038358709
-0.01995964212248191
-0.03496866285111375
-0.03513715969764907
-0.019625045026484506
0.004923851244771603
0.043296813670141515
0.052355993557607665
0.02856497988336409
-0.0032311978517494556
-0.05438224309249228
-0.06655988448743402
-0.033421211479437406
0.007658310521773039
0.07230186590422272
0.08991360570251904
0.05193656827249939
0.00511758425134801
-0.06971203182076635
-0.09455181573157571
-0.05957572618021427
-0.018131840938884355
0.050908491787076265
