step, usd->oil, oil->usd
Band: 0
Linear p-values:
1, 0.0003587349852455798, 0.00021771050597731782
2, 1.2548989189012802e-07, 0.03584145141134643
3, 0.005002448157777071, 0.6616713633159721
4, 0.003923159536776449, 0.7092136185324601
5, 0.03195278212583169, 0.9293661668030233
6, 0.0014086968758145891, 0.7325744425731944
Nonlinear p-values:
1, 0.49427, 0.03524
2, 0.48352, 0.04032
3, 0.4819, 0.04591
4, 0.49086, 0.05277
5, 0.52018, 0.05947
6, 0.54928, 0.06973
Band: 1
Linear p-values:
1, 0.24376127382942833, 0.19848025688492366
2, 0.35630761473831013, 0.7631629556006669
3, 0.775886613437691, 0.9888261288806394
4, 0.8291644644535565, 0.9914461667791895
5, 0.9491243748004252, 0.99967404543902
6, 0.9310401912372502, 0.9981924845083346
Nonlinear p-values:
1, 0.39366, 0.03007
2, 0.46977, 0.04033
3, 0.53816, 0.05561
4, 0.61599, 0.08055
5, 0.61893, 0.10949
6, 0.64167, 0.14233
Band: 2
Linear p-values:
1, 0.008405425808913892, 0.009293098464379496
2, 0.4991121220885494, 0.49539378535163114
3, 0.741952307797008, 0.7657782470722717
4, 0.8586804589008634, 0.8579489419392186
5, 0.7445820674065462, 0.756077487151887
6, 0.49210153707851134, 0.4143864457642395
Nonlinear p-values:
1, 0.38419, 0.17915
2, 0.49532, 0.31012
3, 0.51151, 0.4497
4, 0.55048, 0.50781
5, 0.42328, 0.42203
6, 0.37341, 0.35524
Band: 3
Linear p-values:
1, 0.07794444020958302, 0.04170531765439158
2, 0.6501673320854389, 0.34480000473967987
3, 0.8707155857778277, 0.4951701434707403
4, 0.5720460517909316, 0.12087681198066545
5, 0.7195409291239931, 0.22769146578564933
6, 0.6664281950405242, 0.2563177360226321
Nonlinear p-values:
1, 0.22267, 0.77449
2, 0.21073, 0.81016
3, 0.13232, 0.32972
4, 0.06811, 0.10633
5, 0.02557, 0.03927
6, 0.03455, 0.01717
Band: 4
Linear p-values:
1, 0.0404931192987569, 0.0012300678547279423
2, 0.03666135753553413, 0.0015712573562544168
3, 0.046225190196819234, 4.076306978882866e-05
4, 0.013424002543563214, 1.0842851903250112e-05
5, 0.0015647812053592722, 1.358519743105109e-07
6, 0.01739428252727351, 1.4134259272864899e-06
Nonlinear p-values:
1, 0.89166, 0.46597
2, 0.33751, 0.0275
3, 0.08049, 0.02082
4, 0.19199, 0.04915
5, 0.41575, 0.07162
6, 0.37322, 0.08316
Band: 5
Linear p-values:
1, 0.15938948356946087, 0.8114861690174457
2, 0.01133835652528237, 0.06233416472158017
3, 0.03098303899533333, 0.13259926007839565
4, 0.03070052927822379, 0.09832138319908813
5, 0.052767077634505624, 0.05611238082275333
6, 0.18649646203449072, 0.2039463440853483
Nonlinear p-values:
1, 0.31338, 0.13814
2, 0.25007, 0.26628
3, 0.07371, 0.05576
4, 0.20401, 0.12988
5, 0.05019, 0.02782
6, 0.16243, 0.05495
Band: 6
Linear p-values:
1, 0.05230492692050696, 0.8633302018421116
2, 0.040050247162113375, 0.2960251663850824
3, 0.09292652215875744, 0.47322311346067103
4, 0.3001626840339806, 0.8066989405406684
5, 0.1479327013408301, 0.47329236418430154
6, 0.4008768237966264, 0.8428755650729871
Nonlinear p-values:
1, 0.84594, 0.20851
2, 0.83361, 0.63321
3, 0.56473, 0.52247
4, 0.88742, 0.64708
5, 0.27385, 0.55552
6, 0.54826, 0.55557
