step, usd->oil, oil->usd
Band: 0
Linear p-values:
1, 0.0007076516455479778, 0.0002706322006779039
2, 0.545243357617396, 0.893091966636679
3, 0.8922648317637465, 0.9985258918565895
4, 0.945851355243692, 0.999623309788649
5, 0.9767373404840646, 0.9973496591285786
6, 0.9773572234318003, 0.9995893610843708
Nonlinear p-values:
1, 0.17623, 0.04158
2, 0.19214, 0.03587
3, 0.20548, 0.03764
4, 0.22742, 0.03386
5, 0.24554, 0.03605
6, 0.26158, 0.03413
Band: 1
Linear p-values:
1, 0.058525855403734915, 0.02077209022343542
2, 0.18062536456725378, 0.7920100500728567
3, 0.5927295002857476, 0.9852310906543997
4, 0.6757823413867787, 0.9916026344486089
5, 0.8546043525893438, 0.9978954390048355
6, 0.8543414502666593, 0.9946016384557863
Nonlinear p-values:
1, 0.53499, 0.06231
2, 0.60902, 0.08112
3, 0.66495, 0.11933
4, 0.73427, 0.17725
5, 0.70834, 0.25964
6, 0.49413, 0.41084
Band: 2
Linear p-values:
1, 0.9794304689033728, 0.9639073750252387
2, 0.866527255202625, 0.8515930973072947
3, 0.9821969831873933, 0.9868750100098321
4, 0.993015613995197, 0.996139722713089
5, 0.9987550872022295, 0.9996837021845942
6, 0.9938460435687912, 0.9989243098463697
Nonlinear p-values:
1, 0.36165, 0.50875
2, 0.51523, 0.72648
3, 0.57538, 0.8705
4, 0.59073, 0.93337
5, 0.36919, 0.8539
6, 0.34517, 0.7609
Band: 3
Linear p-values:
1, 0.022407520209462295, 0.013959313892203423
2, 0.33686116808157684, 0.48686377738717856
3, 0.5389589977098915, 0.651887133492582
4, 0.12553776983497697, 0.224248668841943
5, 0.22103784097523424, 0.3567782132927842
6, 0.21601877428902208, 0.42569636974934655
Nonlinear p-values:
1, 0.98186, 0.7495
2, 0.9919, 0.86311
3, 0.96783, 0.92546
4, 0.66654, 0.59878
5, 0.25807, 0.17423
6, 0.24441, 0.06386
Band: 4
Linear p-values:
1, 0.3326501990153503, 0.9045509538758629
2, 0.20324383688995445, 0.3157966795678897
3, 0.21374245609969422, 0.42665018139233046
4, 0.2966455952659243, 0.5763013456329602
5, 0.20110874368461285, 0.45123494641448936
6, 0.34423570091650774, 0.852496320948229
Nonlinear p-values:
1, 0.87921, 0.98598
2, 0.57418, 0.84268
3, 0.41025, 0.66608
4, 0.65666, 0.73797
5, 0.68449, 0.89063
6, 0.65546, 0.92391
Band: 5
Linear p-values:
1, 0.03540341650252881, 0.009244641007513757
2, 0.06134761000381134, 0.015051576998410943
3, 0.006668025359031448, 0.0005686568310237978
4, 0.01943466731187729, 0.0012618857288452716
5, 0.11195477535339836, 0.011443566084984275
6, 0.5534998558711999, 0.10822082088879742
Nonlinear p-values:
1, 0.78591, 0.90281
2, 0.55338, 0.85637
3, 0.4797, 0.58922
4, 0.67045, 0.74675
5, 0.2738, 0.44689
6, 0.55188, 0.6846
Band: 6
Linear p-values:
1, 0.8559316682265729, 0.8547265393426515
2, 0.9251431525266156, 0.7279105752208184
3, 0.9849991036986385, 0.7025438636903638
4, 0.9394378724601635, 0.35282777235767704
5, 0.8188699438477746, 0.26857405970357884
6, 0.8883470829048907, 0.3560729413440489
Nonlinear p-values:
1, 0.95635, 0.60449
2, 0.9837, 0.60898
3, 0.85165, 0.28065
4, 0.93916, 0.62453
5, 0.92541, 0.36986
6, 0.84765, 0.28447
