-0.004420611114508039
-0.004581709490081285
-0.0047473513528281195
-0.004917802544161638
-0.00509035083723477
-0.005265818090782503
-0.005405683028074725
-0.005505700140530468
-0.005584480235035211
-0.005630741114020314
-0.005665906684278723
-0.0056907769503253
-0.005684294765449096
-0.005650244422945826
-0.005617277156617035
-0.005584625700703002
-0.005540406059226571
-0.005491174892476421
-0.005413684497075602
-0.005305909878797369
-0.00518438063189924
-0.005043418403844163
-0.0049084041100339254
-0.004783258987103963
-0.004651588253330445
-0.0045208048977415155
-0.004379543842607783
-0.0042264409166739335
-0.004073690865331841
-0.003918921298098692
-0.0037368585083048804
-0.00352690872846167
-0.0032996373343489793
-0.0030485888352343913
-0.002791524344199929
-0.002529529021831028
-0.0022483135996672877
-0.0019517153856544141
-0.001669874963483189
-0.0014041217048864434
-0.0011429394440141073
-0.0008945390359341973
-0.000637995507908884
-0.00037266609813993987
-0.00011632418788855196
0.00013506405187261274
0.0003982009789071106
0.0006721463665086054
0.0009513173119765389
0.0012394774168450692
0.0015216747414440114
0.0017969061972989797
0.0020754918229709644
0.002353897367586609
0.0026577423466681194
0.0029904991736054132
0.0033374252346145355
0.003706013212521979
0.004083749676468168
0.0044696408816873945
0.004876657277919426
0.005302398868024762
0.005724636321249167
0.006143308294610341
0.0065677038717602935
0.006992393244881161
0.007433960684706424
0.007893621389624707
0.00835872586408384
0.008833071165296623
0.00923017759045452
0.009539813979724893
0.009805181298542904
0.010000787866127231
0.01017321041295942
0.010324361812687406
0.010407561711011185
0.010430999323805762
0.010461467590019867
0.01049749534848567
0.010511003726459387
0.010517391322020786
0.010463238244414102
0.010343877824900607
0.010197617881131804
0.010011451419043731
0.009839977125609576
0.009691936302038184
0.00953148616175733
0.009374652269298457
0.009197603145422542
0.008997365448682263
0.008799950400717056
0.008600386417232389
0.008343155151264494
0.008026872056186537
0.00767491463223332
0.0072730848466605585
0.0068601904478469
0.006438627572285116
0.005977093244158121
0.005483973596782328
0.005030222770696171
0.0046192494371727144
0.00422350360746444
0.0038623987028101395
0.0034872791236137527
0.0030966313319931845
0.0027320998691932235
0.002384341717207558
0.0020132807481436765
0.0016210847111098015
0.0012213970887581468
0.0008051779946560004
0.0004080478797514535
3.2447390443415923e-05
-0.0003462585958007096
-0.0007196297402700029
-0.001146928708431245
-0.0016362453730170768
-0.002153259892718336
-0.002715302470592785
-0.0032935541917259287
-0.0038856700078161604
-0.00452157184124168
-0.0051957088417902055
-0.00585627685744224
-0.0065030700485627846
-0.007157735927382686
-0.007807586706255738
-0.008491139335782105
-0.00921118991447929
-0.009938270633828569
-0.010681172469353567
-0.011314102691916274
-0.011820983014815198
-0.01226701720448513
-0.012614836712818293
-0.012929606140939277
-0.013214285868190189
-0.013401962918844313
-0.013504013299043225
-0.013621735953366772
-0.013753397178117813
-0.013855778353407823
-0.01395240363535647
-0.013963483707414775
-0.013882009589791843
-0.013765703749955172
-0.013595192619439322
-0.01344589862871926
-0.01333041806428012
-0.013198204493253651
-0.013071521737011139
-0.0129185028647005
-0.012734954812558723
-0.012556412978390623
-0.012376221592015449
-0.012115639877573175
-0.011772550089028642
-0.011380373017973934
-0.010918929403233999
-0.010442874764624868
-0.009955610962073798
-0.00941288141809308
-0.008826486423786863
-0.0083053008339303
-0.007854993490326064
-0.007432552031269165
-0.007067890102784999
-0.006687302749863945
-0.006288449823675934
-0.005934907059946249
-0.005612568177140945
-0.00525867892481075
-0.0048764749523208025
-0.004487693482888128
-0.004078151126231421
-0.0037031848669973216
-0.0033666526171791146
-0.003030175343311452
-0.002706885544342936
-0.002307515855168324
-0.0018197708599094944
-0.0012956795055366693
-0.0007091283108532502
-0.00010329244133308558
0.0005182366194865597
0.0012004045281638301
0.0019348696899660182
0.002642996483630271
0.0033243859713966793
0.004011921357495908
0.00468630031165498
0.005405802372456065
0.006174630713596427
0.006948080408265754
0.007739420343386683
0.008399853158437479
0.008909273692833277
0.009346867149168605
0.009668155219389707
0.009947888203378458
0.010189698068200723
0.010315295921206648
0.010337633852851597
0.01038018753472487
0.010441242109494424
0.010467538763950788
0.0104878772441696
0.010406001472298339
0.010213398592092903
0.00998009641436277
0.00968275014173669
0.009407067043354263
0.009167822484152755
0.0089065818165931
0.008648744358491658
0.00835903602288722
0.008032587055790746
0.007709399924769387
0.007382080446687913
0.006959204439905034
0.006438150432308987
0.005857926305437993
0.005195045945410904
0.004512580681590821
0.003814457941252626
0.003049407630757516
0.002231018378419956
0.0014933497654894077
0.000843738116367279
0.0002285521357625582
-0.0003152840236190334
-0.0008777417080495769
-0.0014617414736844553
-0.0019892910406310513
-0.0024775878680856544
-0.0030050294126532998
-0.003567732667885646
-0.004138257460557379
-0.004734364755591897
-0.005287340219636175
-0.0057923586004362745
-0.0062972087786770424
-0.006785584191808035
-0.0073660193719162015
-0.008053579839727916
-0.008784752681759178
-0.00959131216899813
-0.010421004669276285
-0.011269436242766977
-0.012191155165245186
-0.013176062336087178
-0.01412806547071716
-0.01504662530999117
-0.015971978811665035
-0.016880518998814303
-0.017843341685853418
-0.018865572167300178
-0.019892613543108544
-0.020940642389294134
-0.021834760751883515
-0.0225511006385789
-0.02318314532718583
-0.023678548557134343
-0.02412467766206591
-0.024525816832130183
-0.02479011375941894
-0.024932676538191596
-0.025099399658579245
-0.02528832777657961
-0.025436399171484936
-0.02557766033735325
-0.025598563237005795
-0.025489044434553302
-0.02533177475525568
-0.02509921330438989
-0.024891445082601753
-0.024725810218828373
-0.02453385512842191
-0.024345253952510196
-0.024118991552646452
-0.023849350621248436
-0.023582963462778793
-0.023311219850968328
-0.02292694270875327
-0.022427017788227508
-0.02185720191045889
-0.021189944259508375
-0.02049909153769429
-0.019789234062599748
-0.019000286480876337
-0.018148146173650338
-0.017391774581475356
-0.016739943709189214
-0.01612890157731689
-0.015602446454707054
-0.015054056488553718
-0.01448025289629171
-0.013973448434375355
-0.01351328148601679
-0.013006526413631758
-0.012457757973930736
-0.011899659835865778
-0.011311096935821933
-0.010773674918497157
-0.010293125453892864
-0.009812652766231838
-0.009351617124009736
-0.008781604259561848
-0.008084757171278883
-0.007336267021671165
-0.006498529050110354
-0.005633304144695014
-0.004745789610721792
-0.003771463938624448
-0.0027222586756702047
-0.0017119611988725438
-0.0007412143689823175
0.00023765038988322212
0.0011966800285797092
0.002220048112108437
0.003313828891891634
0.004413381843982232
0.005537862429014478
0.006528240806416364
0.007361205319434013
0.008124985980189682
0.008771604868973352
0.009377021496917047
0.009945388052523027
0.010394531158466988
0.010737478254842635
0.011112540136184146
0.011518505338508515
0.011894818817643187
0.012273984620469976
0.01254992941599554
0.0127132173739518
0.01284175797417318
0.012909905635976751
0.01300330141628062
0.013137571859041368
0.013252624190868936
0.01337404808731239
0.013468338717609309
0.013530490666857707
0.01359982273146603
0.013669298434512098
0.013644179787020245
0.013521510062275628
0.013342132515860541
0.01308164489627279
0.012804802776713834
0.012515684275480889
0.012161382602384042
0.011755834546706348
0.01145140177402304
0.011257050490223883
0.011110790292340337
0.011054768552017761
0.010988093740789543
0.010907428522850074
0.010900955400524593
0.01094946269258847
0.010962069346366864
0.01094306622065674
0.010924784700336572
0.010886602649552525
0.010907585555688043
0.01099338420823804
0.011088872401989278
0.011212846610539149
0.011244311265091362
0.011166316418029346
0.011050162215237875
0.010860417467847638
0.010655001901835973
0.010438906483928343
0.010151506426325785
0.009804038324135355
0.00950451878046934
0.00925368476392243
0.00900628117779534
0.008788911138414382
0.008521936422045446
0.008199661573593062
0.00788342462554973
0.007555157360955316
0.007286240608521332
0.007090674571172448
0.006922043228066434
0.006802761675305065
0.006706344792775978
0.0066304638847935965
0.006609153614064916
0.0066381848717735805
0.006643438935065173
0.006624322269268829
0.006614999711525138
0.006597647095123774
0.006626007813483511
0.006705012021867147
0.006793903886164294
0.006905567939791089
0.007013118003779784
0.0071099202986263715
0.007218430649621485
0.007330221791499362
0.007452307809326545
0.00758660331753704
0.007722134931575975
0.007860446559658549
0.008038343036524655
0.008257500734764228
0.008501294366709313
0.008779372198806508
0.009067859671536557
0.009365211871366883
0.009691567176320129
0.010041858730633197
0.010330612780329079
0.010551724080248175
0.010741905067065988
0.010877223995920594
0.011011926406237198
0.011147972448950856
0.01123673586858345
0.01128845721397103
0.011357396825935378
0.011441419378529006
0.011520378181491433
0.011606685526208993
0.011654274609453794
0.011659728730631378
0.011655503652348747
0.011630629819744857
0.011648848007942358
0.011719417165033177
0.011803956368891462
0.011921185391621979
0.012041281878990014
0.012161503702509707
0.012313474363629898
0.012491373909608106
0.012636770407659864
0.012749081760605178
0.012852911208015233
0.01293378757586668
0.013034377553482631
0.013157699723628112
0.01327065806052483
0.013382879914789972
0.01346463281431418
0.013509194774801841
0.01353735660182885
0.0135395204549895
0.013524857703585514
0.013494365909446434
0.013434478498518811
0.013346501212399714
0.013264037604137803
0.013187528514659444
0.013101037945814114
0.01301267078027694
0.012898540540822229
0.012756357517970792
0.012604371894641413
0.01243682333712871
0.012262423441944354
0.012083801744688254
0.011892453367879648
0.011691183280685807
0.011478706236356086
0.011254223047308142
0.01102082974523827
0.010778157420797626
0.01051193373007021
0.010221311601440948
0.009912826694969781
0.009582644900352806
0.009239592565064408
0.008884187304657305
0.008508691594058237
0.008114905710637948
0.007743347441537054
0.007397065713190825
0.007058185371619417
0.006738062995728002
0.0064113435681960994
0.006077016352538315
0.005757940399716142
0.005449296521224827
0.005124599296162597
0.004784744850457874
0.004439638566665113
0.0040831540312391435
0.0037374465058028824
0.0034041243825042302
0.0030674054936254322
0.002732520627798749
0.0023699114709327574
0.0019751622054674
0.0015661369445609727
0.0011340985319958695
0.0006926418413741801
0.00024299508657727505
-0.00022947454126503203
-0.0007221580752315784
-0.0012077657458793175
-0.0016860520469168165
-0.0021686226500934112
-0.0026487509059206354
-0.0031463911337944396
-0.0036630076615012377
-0.0041831880908860235
-0.004711473613457098
-0.005178189847567723
-0.00557449564968539
-0.0059362442034350945
-0.006242732361567228
-0.006530236986713848
-0.006800342988518989
-0.007015871868969488
-0.0071831325705039705
-0.007357903747010842
-0.007539160560090165
-0.007703101258355855
-0.007862640650001902
-0.00797369063497105
-0.00803234976277058
-0.0080704162137796
-0.008077154886298404
-0.008094963957118487
-0.008130832360164165
-0.008156439137362595
-0.008184264045043108
-0.008196209603399517
-0.008189901423497369
-0.008185356569622779
-0.008178774701665682
-0.00812609578102382
-0.008026127460422082
-0.00789749731692089
-0.007728898649351818
-0.007550917264509529
-0.007365427393377135
-0.007147634538617713
-0.006904121912122204
