-0.004583668070252025
-0.004938616063019852
-0.005234379133107969
-0.005462761324325538
-0.005706709774539152
-0.005940849532477924
-0.005963040328130362
-0.005760912578233305
-0.005410130468757013
-0.004853512257479135
-0.004225332940222723
-0.003527473625188446
-0.00264029094495098
-0.0015876080724457225
-0.00048238933197132907
0.0006836521519678049
0.0019526010736683357
0.0033007065939374453
0.004832130034079203
0.006556242849152882
0.008404737939487237
0.010404078437238866
0.01165203481045874
0.012052086893872624
0.012048270419516517
0.01137917151303289
0.01055003706525516
0.009583996566519162
0.007991156790046536
0.005864099454282311
0.00388035656776267
0.00202600348155639
2.5456501775921413e-05
-0.0019631262818605964
-0.0044817392462152585
-0.00757397454886462
-0.010847475768613985
-0.014431600863953013
-0.016834303592660957
-0.017867639418075003
-0.01832953681065875
-0.017782016985350597
-0.01699824795092856
-0.01602338062953594
-0.01407359041724959
-0.011290856738039359
-0.008904177676086875
-0.006903060978620422
-0.004773333383852035
-0.002807640582697861
-5.809832464430777e-05
0.003550784338845634
0.007316460208061329
0.011462313006121333
0.0144080838762179
0.01592476022283684
0.016921112696799336
0.016926709982180134
0.016695900605941182
0.0162826178181844
0.014882721377162865
0.012634332324201893
0.010951877425472155
0.009836450983493093
0.008681599721795871
0.007828957923675113
0.00621942016496152
0.003768613858189797
0.0012761336414513426
-0.0015054507081367088
-0.0035807223519528637
-0.004767745765003371
-0.005717385839715395
-0.006124806266211642
-0.006384747140236063
-0.00653833323735271
-0.006110893273294032
-0.005173818478136881
-0.0047592287546726324
-0.004882713202100811
-0.005084292960480348
-0.005618549339266458
-0.005748499110698519
-0.005415064343942519
-0.005191300765209851
-0.004907313213236298
-0.004589788209339376
-0.004302735285348513
-0.00390939620073425
-0.00343187763179608
-0.002984686693526415
-0.0025567694996048236
-0.0021125696467238796
-0.001675285980263305
-0.0009990118838076848
-6.11764680716588e-05
0.0010038910144110108
0.0022632043298147133
0.0035874069357367793
0.004964731412909167
0.006517401616943961
0.008218054557422751
0.009301450091076814
0.00970698616276426
0.00977610121358698
0.009293287929816015
0.008728908739347068
0.008101533989091634
0.0069822221163675915
0.005459546856291149
0.0040337661208988615
0.002687323861308879
0.0012306307345515363
-0.00022132623976885894
-0.002087317020813329
-0.00439889736136989
-0.006859131846243845
-0.009567727913457258
-0.011376294634276394
-0.012141584136903513
-0.012478242399218608
-0.012050029377934871
-0.011453031640203941
-0.010722799971179886
-0.009256892872627839
-0.007165451481780533
-0.005388954918501648
-0.003919533878441983
-0.0023652419745496915
-0.0009503397825714168
0.0010503080640281983
0.003693832854975396
0.006442117938733247
0.009465613215968345
0.011514406239341725
0.012408614491984469
0.012861908089552334
0.012502099216095982
0.011928822696897958
0.01118360673218941
0.00962842356703469
0.0073725030300968095
0.005526193753960555
0.0040888762444943735
0.002584288389040162
0.001279793298554209
-0.000659116613836564
-0.0032995846062653213
-0.006013713874019307
-0.008997145206645192
-0.011031895067830987
-0.011930990706206257
-0.01241116520918439
-0.01210662460275966
-0.011578193290258249
-0.010867585009669199
-0.009361307073002248
-0.007160619214543642
-0.005390391503696149
-0.004053849949345568
-0.0026623375422057667
-0.0014878448421407125
0.00030548016073729637
0.002785582714572068
0.005319683396240328
0.008103542385559322
0.009988138772252079
0.010792332490306571
0.011200223844332852
0.010865352237501517
0.010307523823661228
0.009566363859398503
0.008066102546463358
0.005900065423289562
0.004146508258531971
0.0028098279300472354
0.0014190150705581856
0.00023509326306849794
-0.0015398265738855229
-0.003971028757720464
-0.00645328509903811
-0.009173520993085651
-0.011002144727581598
-0.011762589548434444
-0.012123172684522145
-0.011743465337697026
-0.01113818623092142
-0.010345656601720677
-0.008798000201109364
-0.006587460578375136
-0.004767970651956448
-0.003342962632538408
-0.0018524266744035334
-0.000551090318465909
0.0013429317986006174
0.003893823967395516
0.00650965241630385
0.009373880380858318
0.011284042360244238
0.012057777622084022
0.012395178388127901
0.01193516449573159
0.01123756598681824
0.01034222316290298
0.008640007888521576
0.006231498348530568
0.0042180876931874976
0.002601335813411819
0.000903044507009352
-0.0006112915222102502
-0.0027637211291833795
-0.005621614067487554
-0.008564891592362203
-0.01178671673500733
-0.013784519952266538
-0.014342827710267736
-0.014309704031262138
-0.01323661073813291
-0.011849542812527654
-0.010195581707017258
-0.007502807440056607
-0.0039017969676132256
-0.0007205387133938876
0.00204434270215208
0.0049642569792131734
0.007721125289048715
0.011318593552577107
0.015839127912655158
0.020531827060643534
0.02563356009304121
0.028936192307031396
0.030140520214006664
0.030458674119822164
0.029235769113583873
0.027575280409255224
0.025543812436463375
0.02199321654071456
0.01712295860896844
0.012821040956074687
0.009076298229825122
0.005084936986615242
0.0012970582171310794
-0.00372987846496973
-0.010113815361662854
-0.01678227064620816
-0.024076386077015163
-0.02941930203144628
-0.03244468461281014
-0.034617370377553004
-0.035171481558798935
-0.03535449165141088
-0.03525237975157468
-0.03354608150872913
-0.030463839953265293
-0.02828850594748016
-0.027018878183916413
-0.025679043744417387
-0.024819241662208138
-0.022722731120558854
-0.01925259629802224
-0.01570134779707118
-0.011667299105208744
-0.008569652252876338
-0.006681948142591864
-0.005038758873283387
-0.004076663602968332
-0.003265006591174718
-0.0025397152250289535
-0.002562145093064778
-0.0032349365950217943
-0.0030249740030631155
-0.0019016426532192715
-0.0005514029256850039
0.0014074258161209704
0.0028969482447712136
0.003832594565932306
0.00506268323933979
0.006341253928250182
0.007978552492369591
0.010100496546343185
0.012384951094348676
0.014946356079398222
0.017803902920468094
0.020940193404483054
0.024455035375434503
0.0283594313883237
0.032100426607941046
0.03565459897104898
0.039303707018686775
0.042908666300165994
0.046823742549809484
0.05108409860844763
0.05540075758236185
0.05985708622709464
0.06208205598839504
0.06179965162240661
0.06017914254629778
0.056521665935041585
0.0521205899037893
0.04702601687701118
0.03994921631393153
0.031117058840404502
0.02235525006091429
0.013621616744897902
0.004149906590898899
-0.005639828334206514
-0.017213278204507354
-0.030698793292489656
-0.04504785475112381
-0.06061788811200762
-0.07187628240929039
-0.07816895706693396
-0.08236614627460946
-0.08285348541028208
-0.0825946340057153
-0.08174960925179768
-0.07737335931983633
-0.07001175206626449
-0.06407985727225993
-0.05952403145186744
-0.054519437892802086
-0.050112225328472086
-0.04285672845025737
-0.032480168983972435
-0.021519574504843476
-0.009161313159154355
0.00031308999964972965
0.006227286584594247
0.011204887361447717
0.013965652016334585
0.016421887494373576
0.01874569555647196
0.018825588387309543
0.01702034387307038
0.017415340730972863
0.02005086315677889
0.023162156653755487
0.027753962238231074
0.03085054280224829
0.03222506218279821
0.03417367945230999
0.036014192846834346
0.036994581533313343
0.037282535472078576
0.03673174546526083
0.035180290556236074
0.033584047524383646
0.03191569690307307
0.029554640892692764
0.026682319356415816
0.022950425723805436
0.018251108924083503
0.012861796082576432
0.0066600964160010495
-0.00035530413281745004
-0.00818142185475322
-0.016938386701754633
-0.026642861010900465
-0.03344683322631702
-0.03699731236549093
-0.039128171107819916
-0.03874734354335865
-0.038115179150649506
-0.037340093295537814
-0.03431200926562611
-0.029459891657762655
-0.025504666352421875
-0.02238366874934869
-0.019038211753891664
-0.016107176182583754
-0.011389438466132617
-0.004722714916352093
0.0022961256023397484
0.010183815560271748
0.016000530294897355
0.019297546233735433
0.021844208472380288
0.022765173250595655
0.023400418626584464
0.023864709668862758
0.022698297198309562
0.020152294799206487
0.01895276927341835
0.019119012959886255
0.019479655242675465
0.0207019830760666
0.020783794894664188
0.019571619073904856
0.01860122850808668
0.017411778979958027
0.01617151425512399
0.015059003431612964
0.013657131381944293
0.012050840780378706
0.010492087414451236
0.008946366272517934
0.007367562934583379
0.005805891719298466
0.003544383602667832
0.000523345593631102
-0.0028777809027415112
-0.0068529530516996595
-0.01100980509220153
-0.015314793633942647
-0.020130328769733707
-0.025373354080756635
-0.028891979122290176
-0.030517535157018574
-0.0312057384789753
-0.030350832527049117
-0.029280409951178824
-0.02804618355015793
-0.02543965571691364
-0.021710764959008505
-0.018262107824450275
-0.01504371451785322
-0.011524960911403018
-0.00802798540920058
-0.0033766545676491943
0.002517630235413167
0.0088216985997457
0.01581568571707343
0.02073166054095211
0.023214661239143734
0.024777392224225342
0.024608941873817257
0.024122154987913813
0.02340830960379136
0.021028547534905816
0.017246157439511828
0.014374429019225053
0.012401895135210233
0.010362543389299329
0.008811934311054734
0.005984013467326246
0.0017421313353048053
-0.0025926132174075548
-0.007432411482311956
-0.010936188550696606
-0.012784932750741258
-0.01414916927106571
-0.014469544995336881
-0.014510522863920185
-0.014345705992816473
-0.013084777136619144
-0.010866954445631913
-0.009531818635368538
-0.009101563330102442
-0.008763844606573565
-0.008970544005444602
-0.008394770179718875
-0.006930634354723256
-0.005603626893999663
-0.004107192351645237
-0.0029422418115142893
-0.00226851671151674
-0.0016265697254485615
-0.0011867369807999418
-0.0008933311827947365
-0.0007161336398629156
-0.0008407213664667043
-0.0012611634452937743
-0.00121271250021957
-0.0006639773320660668
1.3951322152501543e-05
0.001015744492228564
0.0018449443121238518
0.002458742620297042
0.0032649001592065167
0.004150555010068752
0.004895002530145387
0.005523660100888924
0.0060602586267713195
0.006454585861416309
0.006928687672657674
0.007484613179633246
0.007969410335834115
0.008428530616493367
0.00885566811503132
0.009233251429695494
0.009594956973055131
0.009934550039248887
0.010212217844450979
0.0104289524176664
0.010597698719525
0.01070889132441221
0.010588018326976555
0.010215341222509451
0.009663524107063481
0.008879357196658546
0.007964302971335286
0.006917949234387759
0.005638719630206084
0.004141960123059502
0.0025536558795875466
0.0008669920055781656
-0.0009737592199188866
-0.0029421462757541496
-0.005147494991865855
-0.0076019304957054825
-0.010233293095199644
-0.013070545508591963
-0.015079565970878414
-0.016150729159609117
-0.016792540947761378
-0.016705837322071166
-0.01647263179016764
-0.016119921610195008
-0.015085495274575499
-0.013476511189150036
-0.012071335957962611
-0.010854613165564127
-0.00951081739170968
-0.008222157254894167
-0.006366899245083483
-0.0038956814273339957
-0.0012596758757323634
0.0016889913540243866
0.003863013561519828
0.005110420701861663
0.006053896449759028
0.006372417722806943
0.0065946183473140196
0.006759640077736654
0.006313417033074114
0.005354881379657323
0.004845378443186212
0.004786539798325104
0.004771349453755616
0.005033277782817004
0.004853266098392745
0.004176267713025132
0.0035477190074453178
0.00280124201986448
0.002264826582002325
0.002027933506410194
0.0018138604917967208
0.0017295735782779922
0.0017094208661508061
0.001734086031303614
0.0019340780190421228
0.002298303205620101
0.002379213633096716
0.0021601653992679997
0.0018524091107053543
0.0013420436588261172
0.0009244188565535657
0.0006235138518259458
0.00019796871884533883
-0.0002857082814322063
