0.016921161386585323
0.017988277823412956
0.01879331270230554
0.019302101325716164
0.019854311300064445
0.020345675279509385
0.020319963747713842
0.019764534372911195
0.0188150564291012
0.017345408115024878
0.015692324769366925
0.013856041263596687
0.01155205668672678
0.00883995282092221
0.005914798421010969
0.0027507949742976486
-0.0007152022056724194
-0.004446902957137984
-0.008651207071857833
-0.013347627262347549
-0.01841176888032018
-0.023898371296520112
-0.027677307016868755
-0.02952651412183761
-0.03049020867588527
-0.029953739889503415
-0.029120656578490455
-0.028047219784246593
-0.02557521797534119
-0.021927127056706703
-0.018689923061180988
-0.015831278123045498
-0.012710987890762006
-0.009700471861037991
-0.0055296149324232085
-9.829992132323037e-05
0.005672277092236468
0.012083877148510943
0.016742580223465815
0.019320073856576397
0.02116869896261521
0.021582229422036896
0.02173898399281831
0.02172201234904969
0.020303894352888832
0.017703965159699263
0.01600831420208937
0.015215999796189704
0.014445239068831104
0.01420046040066692
0.012911391849429354
0.010456504109136028
0.00802088214731627
0.00523956911800963
0.0027553694074273615
0.0007534058931980391
-0.0013391906925015718
-0.0033121350303655546
-0.005271059852687057
-0.007259214477782618
-0.009033311629387098
-0.010612957605675133
-0.012923972130944698
-0.0160065234354598
-0.019424159411293867
-0.023415676961024826
-0.027382275598220995
-0.031277833814698945
-0.03560072022045336
-0.040218808182044485
-0.04287675867661183
-0.043404858269084225
-0.04276796699477576
-0.04032937472902587
-0.03750327941747517
-0.03433517334870959
-0.02954187673332158
-0.02338498247773665
-0.017292123823887652
-0.011201302849013937
-0.00457183293255317
0.002274478515614829
0.010559103629452084
0.020378874780171485
0.03088346796516597
0.04236869211198334
0.05052342682861116
0.05483836988808233
0.05756451508522273
0.057446411655946855
0.05678524077432586
0.05571034725107155
0.051935644570339626
0.04588786431586097
0.041005010603248945
0.0372485057661319
0.03320115205194474
0.02967987237097276
0.024008566406630696
0.01597806503922244
0.007564399677747972
-0.0018620275447478688
-0.008770273800903367
-0.012610854075008828
-0.015513610851178876
-0.01642208332773725
-0.016933809970005202
-0.017183339257821974
-0.015415825760310368
-0.011927266430939965
-0.010034012734144579
-0.00975978041422949
-0.009670736705884852
-0.010577454222746592
-0.010045469456181063
-0.007885059003880507
-0.005961377297190792
-0.0037120481725576356
-0.002435991157751004
-0.002461051955666915
-0.002765347370429335
-0.0037694580501017173
-0.005149685644353755
-0.0068407845181946295
-0.00939135857873265
-0.012749137855597007
-0.01525220456039068
-0.016850694992332906
-0.018326630406312775
-0.019263102852195485
-0.020783636420510655
-0.022983348110137514
-0.024962248585471518
-0.026978184192874687
-0.02788259903237356
-0.02745604530083868
-0.026420753199133937
-0.024415325246153897
-0.02189015084568417
-0.01887813334103753
-0.014817113609038443
-0.009777809586256335
-0.004946263957099704
-0.0003285861961709354
0.0046217337053503045
0.009621247151827024
0.015538952591594385
0.022455780936949676
0.029717980217698236
0.03753533633996569
0.04273445929125295
0.044928546624774295
0.04576336496561813
0.04430647645456973
0.04224188908035705
0.0396553722974076
0.03485550164987848
0.028146961946888024
0.02208893734314449
0.01664772287279898
0.010753081786935344
0.005008099196467565
-0.002587875388811143
-0.01219881638779107
-0.02235857854834296
-0.033543680903579405
-0.04130377343246326
-0.04504849341838078
-0.047226028732819496
-0.046524220611800206
-0.04518588557299618
-0.04335364899965581
-0.0387165886003924
-0.031687460323060156
-0.02605590763057159
-0.021805215476273725
-0.017336889828191815
-0.01355973622080288
-0.0075873014249795406
0.0008087225346367975
0.009470595272883775
0.019074953510357134
0.026009384196307873
0.029692712512925563
0.032324554973067604
0.032816851193109155
0.032769512491319666
0.03231743961396115
0.02967252501311875
0.025126755392371268
0.022128918551940702
0.020704753276391707
0.019349349368897414
0.01890411224528153
0.0168424993310197
0.012963033458533656
0.009199459185824854
0.0049653253277854355
0.0016570129680724237
-0.00038261610123713604
-0.002241013705860824
-0.0034695306438520613
-0.004436938766502167
-0.005214831466013958
-0.005207935455758821
-0.004478699865759036
-0.004795337281803078
-0.006211648245126868
-0.007902168460089207
-0.010311888489181307
-0.012245100854635753
-0.013603260147990749
-0.015346748514355576
-0.017203007961788325
-0.018171821663186483
-0.01825986721040146
-0.01774031932777293
-0.016351770740224147
-0.014890202441261179
-0.013365453744676715
-0.011147043790192107
-0.00838712324640996
-0.005421282884192707
-0.0021942963908657223
0.001363901524587343
0.005190809005344485
0.009673756563350967
0.014839176059820526
0.020454924904298746
0.026618045587704205
0.03074681570650237
0.03256688648601323
0.03336794636999445
0.03240595773952805
0.031120807929735213
0.029585798677740537
0.026409429161937698
0.021860278136434798
0.017880791694907396
0.014436816310234826
0.010744993884674607
0.007262881432074974
0.002448351665004591
-0.0038178564627764245
-0.010409639597491499
-0.017690986872248803
-0.023096761028374612
-0.02625987258004724
-0.02865844602366521
-0.02953188226683036
-0.030109500368327245
-0.030482117001895633
-0.02934689611076581
-0.02693165638364392
-0.02552179956468186
-0.025120923282677746
-0.024754620972147933
-0.024976720312216465
-0.02407903839319952
-0.02192823063294891
-0.019818007437518808
-0.01735141017338387
-0.015182974791361336
-0.013510731548255604
-0.011732884823480439
-0.010065925388478092
-0.008421810337607753
-0.006755113161825578
-0.005306325260425055
-0.004059534366937507
-0.0020361718876276092
0.0008081381519188721
0.004008876419051478
0.007818989181755687
0.011610314741213846
0.01533409333763594
0.01951539484280142
0.02401574448120388
0.027223280714685046
0.029038278277688376
0.030120853045487554
0.03002319860554424
0.029798263932639287
0.02947976241477609
0.028139030126547643
0.025974707123535768
0.023942593448397904
0.02199520393619726
0.019788186412368503
0.01753647824885555
0.014405435681853299
0.010332877277821171
0.005896754002335757
0.0008966641398265762
-0.002854101568130622
-0.005123803150874151
-0.006918934620527844
-0.007711090476438284
-0.008422694880355613
-0.009119225719305792
-0.008865096337396664
-0.007836000057703135
-0.007560505970733536
-0.008036515316687136
-0.008630763969417936
-0.009714077547263245
-0.010130304417971862
-0.00979405802779033
-0.009579213735060495
-0.009219507337613665
-0.008961456900271116
-0.008919977633257865
-0.008783007430307709
-0.008640923387480974
-0.00855009778469978
-0.00848555736045686
-0.008501654940679877
-0.008609725120005319
-0.00829861441947087
-0.007536283537193989
-0.006577534094729491
-0.005287342626288523
-0.003971429686159996
-0.0026543132447721506
-0.0010689415368078442
0.0007185745635897325
0.002055553394245245
0.0029109513163914124
0.003547370432524752
0.0037878635754406433
0.004074652478070461
0.004424630582640483
0.004460427730766008
0.004268843264867522
0.004216017346500043
0.004283977775933086
0.00435072639062997
0.004500236898206726
0.00441111451308095
0.004063094636110198
0.0036816521290264424
0.0031920737770593055
0.0028150799445123033
0.0025931449075278154
0.0023657908035669252
0.002199251101793836
0.002016375884806307
0.001803901125868047
0.0016588074293614116
0.0015649002710761892
0.0012825626020811398
0.000804509758535659
0.00023541288486959196
-0.00048612269410058296
-0.001196997738334188
-0.0018863898038755924
-0.002687195257370759
-0.0035639573465676214
-0.004157022711845624
-0.004445960430111174
-0.004575084096560177
-0.004444997236223852
-0.004295341581984134
-0.004133668842444854
-0.0037510886522304594
-0.003193110284167068
-0.002670335629226418
-0.0021721021424519122
-0.0016239434575664787
-0.0010733302855603297
-0.0003354190290390657
0.0006031382525320332
0.0016142699045358017
0.0027421145834386823
0.003540976059618935
0.003954811643351916
0.004226777223079797
0.004226845856570029
0.00418411630687284
0.004113695903553701
0.0037839223513013837
0.0032379014043930903
0.0028449383152776104
0.002603289977418967
0.002359786116695058
0.002203326479869944
0.0018519828499761926
0.0012843578863562012
0.0007117520352862457
6.865331133804766e-05
-0.00039219951924252433
-0.0006238200811074056
-0.0007933628029848157
-0.0008232960879869755
-0.0008115185664051188
-0.0007686530577661758
-0.0005752338244469945
-0.0002489397790073383
-5.318810569595735e-05
7.874022315399707e-06
5.2000065531132404e-05
1.4181521896710839e-05
8.195861916441413e-05
0.0002704254584842982
0.000433564722071674
0.0006146140852199952
0.0007189800233943283
0.0007212878506039486
0.0006973669623054846
0.0006159837530998789
0.0004981891883149827
0.0003484572807273126
0.00012724323840650762
-0.0001624986626622663
-0.00039508644940471484
-0.0005667943881562631
-0.0007377142990887557
-0.0008764873326475559
-0.001068013931609476
-0.0013198465582335086
-0.0015642900455254448
-0.0018210759007609963
-0.001954709808723296
-0.0019438416489274547
-0.0018662050079761656
-0.0016804940365944762
-0.0014490992637476528
-0.0011757250164412592
-0.0007910399722391765
-0.0003056356145406939
0.00015529537872860228
0.0005921194269461627
0.0010603181069717687
0.0015301779700860945
0.00209612301648969
0.0027665183894606104
0.0034712109572930163
0.004232892012778613
0.004581300092355065
0.004461662404431304
0.00411136451763207
0.0033926268943179506
0.0025602594319504442
0.0016260328667106689
0.0003368555825646345
-0.001261413980750831
-0.002801882940262693
-0.004291142217414902
-0.005881728307470316
-0.007487991710379136
-0.009400668991402973
-0.011643962946227432
-0.014006978707951642
-0.01655949237961444
-0.018198715125191483
-0.018792838531217774
-0.018911774552857794
-0.018232628187007084
-0.01734369130562143
-0.016275291281377516
-0.01443970188509229
-0.01194402546007403
-0.00966606218434509
-0.007593648812625667
-0.005361760548726666
-0.0031772440864367454
-0.0003524175527728256
0.0031685665863875846
0.0068819742406892315
0.010951348707984606
0.0141082054618475
0.01617640462097091
0.017875009946766326
0.018828991802520793
0.019659463060477434
0.020410228253179622
0.020431437321856698
0.01983830040020882
0.01974508436398997
0.020151769566655573
0.02058584635423289
0.02131678128102231
0.021507041797200095
0.02109145398499557
0.020702365678783863
0.02014496496415473
0.01937370822410107
0.01844732436916174
0.017241592746734282
0.015755475100413835
0.014154643962505797
0.012423388496951546
0.01047662265837504
0.008343090397344441
0.005806588922720687
0.0028366484143832176
-0.0004477875843486701
-0.004111227542423732
-0.008063290559329006
-0.01229947484835216
-0.016924566802580098
-0.02192437899760534
-0.02554911210616631
-0.027639775299269496
-0.029011922814291193
-0.029166939839250658
-0.029141957097104116
-0.028980992909493936
-0.02771559771103332
-0.02553941567052557
-0.02367547820968672
-0.02209026215627456
-0.020305154589833344
-0.018604027716867838
-0.01598610945415633
-0.012374384846059032
-0.00848680712778463
-0.004085458080657503
-0.0006400736932443838
0.0016357443083976557
0.003613801084061134
0.0048603460063117694
0.00606785061073223
0.007295130641057829
0.0078064779477445894
0.007734158286939648
0.008417491514993176
0.009865937515145782
0.011511992634924494
0.013684716951703816
0.01539823101970761
0.016579847383340247
0.017987630243941136
0.019396517717745233
0.020037263286882705
0.019911798908214397
0.019215921490460516
0.017744578930100206
0.016112897203836997
0.01432230016770826
0.011879340724419917
0.0088972949488017
0.005639248327889694
0.0020584231316691176
-0.0019080119115583297
-0.0062141348692426775
-0.011170226040176295
-0.016801822988975482
-0.022929105520410997
-0.029633123653000217
