-0.00885283442208925
0.13726830685730163
-0.1735554535831601
0.13782534851670714
-0.11884963067474964
0.05678649079373062
-0.0960988830981963
0.3356466687784964
-0.3234953150075424
-0.03210703327880009
0.025463622381000993
0.33458150824336896
-0.4663079388615543
0.45587451940230717
-0.31668148200337876
0.00812357137213951
0.08323247563671485
0.029897647399188442
-0.0882798247388427
0.0839410141388989
-0.07433123699881942
0.11133496964202225
-0.04472034396341179
-0.15382728350862113
0.18031270443485714
-0.07485297064925195
-0.025926249779007805
0.1574688557545881
-0.14964595043409165
0.03490132891784125
0.05343373255501173
-0.18012131055406305
0.15138933720167858
0.060089731087323295
-0.08877872993399626
-0.014754743842262143
0.11325130557131527
-0.2593437753143127
0.2048074588865873
-0.01981507080015281
-0.1404675214681051
0.3934186503031513
-0.31159075794515084
-0.1299360205895518
0.3052866764575155
-0.21699449251269587
0.1717199355314284
-0.2087419106932486
0.1473082368313673
0.027586407125886336
-0.07227697046818526
0.02944576084315157
0.03781491502320105
-0.1723146909346596
0.15985416900965535
0.009795024590385136
-0.08669743265332303
0.05943277115296434
-0.07867967280570448
0.14807147728626102
-0.1609075469332653
0.13789604601824698
-0.09096195460288446
0.008320109617967562
0.014245332384608853
0.008312791653228183
-0.02670831819361174
0.05659556697876166
-0.025051994797109806
-0.031747938527885156
0.092167819542972
-0.23327813629758565
0.18313060695351666
0.09213799294499359
-0.14310043787783852
0.008763341496763041
0.09272866357021779
-0.23451131740273
0.22187477346536882
0.0234945451635475
-0.015615755880106195
-0.27616916072319414
0.327180027265777
-0.16947613028143993
0.04020008003235046
0.06488015640368304
-0.10428962212282353
0.11237557245948628
-0.04720170051009746
-0.07634621816556321
0.14286406669794793
-0.2007007127311043
0.13829584607342568
0.028330545960759776
-0.10795313631649156
0.16553955817215926
-0.08683664286043433
-0.15674576999510453
0.2416779445198188
-0.1199702047089348
0.08882493381953435
-0.2749029382933338
0.1504386540266344
0.34233943163241687
-0.4290305482395852
0.1850311226384879
0.04523368315421476
-0.30984384766315615
0.36418231013207975
-0.23665875047168852
0.13303992859650013
-0.03788623933987535
0.0065533484287989534
-0.049806892057082365
0.08431439414524887
-0.025661598248057277
0.09603819068645339
-0.40655016062154964
0.35014194058789905
0.07818576292678628
-0.2332339158675014
0.21691214497213157
-0.09433065932674059
-0.24300107773746657
0.24467043280326295
0.14504276853919396
-0.2274725214609521
-0.014426154271712885
0.09000314374590924
-0.007664031626994645
0.00019280274573278862
-0.011146724557957446
0.08998361954629491
-0.2965157799032509
0.29446161728421744
-0.056858964820840824
-0.0271382891073877
-0.054521571944488124
0.035741964199057744
0.0658489825966537
-0.1438931418412825
0.20862888520551143
-0.21017571906682214
0.18078165459009085
-0.10909519252945207
-0.0012465234540597753
0.026775066626572804
-0.039662205313066475
-0.06930471628119535
0.33122196659337744
-0.38058313042627767
0.2491748382813456
-0.10948482111970509
0.008600023858913737
0.07560155539427676
-0.28687168713217187
0.17136073536800445
0.3565548756024885
-0.4416923317962239
0.10098611538686425
0.07659173062149002
-0.12049345832842175
0.1330824181423899
-0.07424292111633568
0.08245692844733488
-0.22116661400612886
0.17542605159468816
0.10121081969629188
-0.1786826896355261
0.0218527941996021
-0.023779094904962918
0.19331517279029065
-0.24335948224293286
0.17293997716366294
-0.11181969258911686
0.11501322514335471
-0.028701571287093663
-0.20196169497459812
0.21409065630507226
-0.0021809216386065866
-0.09788692803105581
0.06340499817944162
-0.07630298095525208
0.17905963518293297
-0.1371866641038471
-0.045664844037173545
0.13128134793286722
-0.17058300056620596
0.14226490863604668
0.0013210504572494161
0.030269938984696588
-0.20986922652148127
0.30546057687234945
-0.38413772591560563
0.2979347580883969
-0.046561063132922006
-0.06708070961991212
0.09833124367368093
-0.051798783393520245
-0.10267930790962129
0.10037989278826549
0.009826037810777198
-0.10488466315818225
0.2936506182366436
-0.24216238031651297
-0.1481326881221719
0.1743365624229472
0.2094033308462237
-0.3022232030236812
0.09766860166197669
-0.02989521989044824
0.09437745099444579
-0.1203672251427533
0.09424271047422572
-0.08710831318808271
0.11759875235142392
-0.06626692202751922
-0.02418450399659514
0.12192634195161828
-0.27827882716700425
0.24456504020762063
-0.04505348409919532
-0.09157231040668902
0.18974227601586904
-0.186755594621382
0.14651165695467216
-0.06564598167089118
-0.15617990313253077
0.08422235562401945
0.2689989345943418
-0.39021320656012703
0.4130376643402136
-0.22498307743988802
-0.2677449529375756
0.35981172550300755
-0.036489491693060275
-0.08579200569777208
-0.030827861463839222
0.04949184777698916
0.14291231374309005
-0.07953209195893877
-0.36970722866207606
0.37759488222638604
0.12379533805554964
-0.2281075338245301
-0.054116612311898155
0.166353472162382
-0.13098146190376136
0.06090871606873857
-0.0057363843181925805
-0.08536221214845066
0.28333707755407384
-0.2503317266545364
-0.023428882924826117
0.1448134413723122
-0.09349130436275284
0.07491987411594078
-0.17946188764661275
0.08502539767822703
0.2647569520996543
-0.3126786351155157
0.0753334898766431
0.08031477435540874
-0.1273592590644646
0.18437630805744915
-0.32170470034286397
0.2604193067556083
0.01957752116727969
-0.1223375913584785
0.06189091063062099
-0.029419155085460537
0.007094894716973407
-0.00649259309794402
0.05521223331829811
-0.03121215209099243
-0.07634604219660077
0.10472904670587431
-0.03962386063447483
-0.0030774405213242362
-0.046558380063260775
-0.04074252293011359
0.30328183667006314
-0.3175942644883719
0.15985936739428278
0.019388043586079696
-0.30316024872260555
0.31046292437151624
-0.018017410601448694
-0.09507361606396678
0.0069824125537001555
-0.014542687163332414
0.15494457761524175
-0.1723104204887435
0.028420493272022264
-0.02787633270472957
0.16662418947850088
-0.19579597535520796
0.17202783471302208
-0.0591062378682767
-0.15541284885070505
0.22568577979283333
-0.1855412820634807
0.10027155438239682
0.02739270049361131
-0.10119566489458534
0.15313129686073537
-0.15104515634202073
0.050518493204756404
-0.06133396063111492
0.22139831826609152
-0.21880792604285776
0.052061495499720785
0.027396139809443165
-0.013516670316542924
0.008222776865572764
-0.05975610592071111
0.01690852605990896
0.15518256046380455
-0.15413602569970097
0.006040642553878567
0.10264966358793855
-0.19881257365313557
0.19957205489874755
-0.12754150574356188
0.07005623311437795
0.016515162360142662
0.0014757978854821928
-0.14551617262908664
0.16797130877371888
-0.06616750593804607
0.011629218680054555
-0.011929641064419263
-0.025969384571726678
0.07009186987327119
-0.10933830646815353
0.2350831994106769
-0.16634243976373186
-0.18525759292639055
0.22169268296751804
0.1181764949258485
-0.18650075832399782
-0.08029995270919824
0.10723221009066936
0.16362072055838014
-0.1818263210948358
-0.08024351482890037
0.1640375642126172
-0.03479043059404972
0.026289487014095093
-0.1591732052844359
0.13708896414868843
-0.01010744177058203
-0.12852166512283408
0.35690615202170783
-0.38812376843871904
0.12498873588972671
-0.13811755236940784
0.4900559358193555
-0.4916349803177619
0.18376913932374395
0.03583757919294078
-0.1998280337811478
0.24131466774711305
-0.16425877853791396
0.09056093279826952
-0.08645199597622441
0.00486611249180946
0.2644825233215665
-0.21459945450596868
-0.1966215727644175
0.3058857764961126
-0.10719903175418108
-0.004803512095881247
-0.03532900004825055
-0.05869680306783763
0.364502330440806
-0.39598666460717447
0.09393795366366404
-0.0251508952088004
0.2397908399610937
-0.21795386360368535
-0.04488977586442611
0.1726612976760508
-0.15047697251434486
0.15488507361578774
-0.23295971857124306
0.17193186006274805
0.03194229065158737
-0.12552220500397443
0.10784179774001247
-0.07875052240840899
0.08867499801075274
-0.0018890262348697532
-0.2229235537741376
0.2809214925812502
-0.12033653784565816
0.08975064664808652
-0.2839409138520376
0.20827379401528864
0.19902552077590957
-0.2960752702632736
0.06714262624387954
0.004688595293340882
0.10664359020038591
-0.1191488604056178
0.007681727745746967
-0.02148566824052147
0.1487670331940659
-0.22836190190867478
0.28571026886800754
-0.29389284096472645
0.2060211298487017
-0.2120754718036298
0.3472443779728157
-0.29643613680181435
0.10192882604361571
0.07756052097575247
-0.2648298793539632
0.31423039062626734
-0.26805026649595254
0.17868205001939116
-0.023582814784347435
-0.01954300159704307
-0.04635699935187225
0.08303543069580403
-0.08305203155026236
0.10263171630711752
-0.13615509292207356
0.1453181913947291
-0.14600427462138899
0.09890256322600618
-0.010545062757377675
-0.06507909084249262
0.10519825492654272
-0.14389708889545544
0.23430207327008712
-0.1762204599838848
-0.038578420668196015
0.13057448667958457
-0.1007319451147941
0.07299017458722404
-0.0833924004197765
0.018210266853256895
0.13173266721366303
-0.17351036835430766
0.13273352499371782
-0.06159955655204791
-0.04479764251964123
0.10318874147485842
-0.12097824696576426
0.1354880280796812
-0.12012109300302086
0.1359612273930659
-0.2174359499024606
0.17520028021551673
-0.023085944637003794
-0.06383045160311523
0.1534143912879482
-0.14051137955611237
-0.08349053839807141
0.035235166866178946
0.3926458723109821
-0.4289172538620546
0.006466865416047962
0.07791082665092738
0.20492718057950632
-0.2698120595016701
0.08476697787984477
-0.02542103912910939
0.13873805037517126
-0.07588940375536574
-0.15219772344870636
0.26993650908906114
-0.29319351885129974
0.23820781742756464
-0.18826786337982482
0.03712379496308228
0.2908546198096046
-0.3015305856802337
0.02452102179347962
0.1472120370313885
-0.22926441139362355
0.2169966010350012
-0.1808195083786468
0.04536290751361913
0.252964255528547
-0.3121019373777115
0.0980405744569152
-0.04707946698251674
0.20025745805095285
-0.19530748188438524
0.018683918161117995
0.01595175493434603
0.047860358503055214
-0.1256550457051212
0.27642073831181724
-0.26440050090647504
0.03951411806733288
0.007026990998686233
0.1680538495841798
-0.1572982343056316
-0.053256595363600646
0.1386973757501754
-0.05629097485941857
0.04218792248151999
-0.215580461357956
0.1101588300499631
0.3634256283609812
-0.42831414108236554
0.08326987262662613
0.06376226043493216
-0.02700813082700606
0.0036185172171800187
-0.0012632714024378828
-0.021008216023703275
0.04026625140857232
-0.05017991203916348
0.11531245142572948
-0.02545975665960662
-0.22130970176124243
0.30728159120912013
-0.2735902409738266
0.15320689630248902
0.012175567509729923
-0.1630906139890932
0.35894324734672417
-0.3504316165787601
0.14919343426640663
-0.04337517793674907
-0.02059446418884032
0.005453790134184909
0.13382260181301797
-0.10089371818994232
-0.101909271771326
0.21325858398911393
-0.21500845069948213
0.2238924121825401
-0.2865533197533013
0.19178158719676647
0.005406909830329695
-0.15437362031174562
0.36998743873146317
-0.2812145123145632
-0.13067537867510565
0.2748523019688547
-0.197500494848945
0.08739615715624409
0.05092464840162626
-0.1252789102101739
0.17290311533163513
