0.08691592518190469
0.08145497483455277
0.07815258862072377
0.0776365334810896
0.07015106681231806
0.058080901271489495
0.046695100691881763
0.03518619254741967
0.02255788601931533
0.009836013177262137
-0.008695323110264885
-0.03335624072767236
-0.06059629794118436
-0.09179008282073793
-0.10755475825084701
-0.10569718354014712
-0.09640547283034323
-0.07409926524923331
-0.04919179550719312
-0.022331529533720227
0.016690452750156924
0.06588846225658315
0.09358681357747105
0.09822875356717437
0.09366776848913828
0.07145812121014165
0.05280386996567406
0.038888251361645684
0.011825317648417922
-0.023986893584592724
-0.04624433439956777
-0.05510966056607651
-0.058283575899480466
-0.050187646343828385
-0.04850138322137702
-0.054032342667587864
-0.053268502163504795
-0.04998628194860479
-0.04552775199652615
-0.038428714617291755
-0.03062130539253174
-0.02201980398616627
-0.008306995704523226
0.010535320211148136
0.03258932988148139
0.0588839486820519
0.07409211258222237
0.0766854473875752
0.07473508644555245
0.06394460142806233
0.0527583812884571
0.04179077259249061
0.023043946868504632
-0.0017819390096574681
-0.01783931799924608
-0.024847266335572913
-0.0288152619398368
-0.02595520355355071
-0.02703681867373493
-0.032682323203485596
-0.03433022398747945
-0.03430333523490687
-0.032380319773011625
-0.02748828001358184
-0.021293212111765224
-0.013399403143130215
-0.0017213785334203083
0.01376286007168459
0.03249629941686904
0.05503782114433072
0.06551961701754357
0.06247177715264009
0.05387404552329993
0.03528050342112335
0.015813222877832985
-0.003951920780312652
-0.03250185229165747
-0.06802532651844398
-0.08604307281416267
-0.08535848088783846
-0.076432104393769
-0.05270268106060129
-0.03063492525633274
-0.011063074210838764
0.019944161291625503
0.059024546399728726
0.0785412668833127
0.07760466260964805
0.06709890940217231
0.039723632778113256
0.015208923055205093
-0.005563367111963146
-0.03877662359948201
-0.08039055904075644
-0.099044566030738
-0.09370902619836324
-0.07654285067856184
-0.03922046138882876
-0.004226134328068544
0.027508067557476416
0.07446889097575911
0.13209846226122118
0.15912799932542446
0.1538571494617231
0.1327998145716072
0.08489075552368315
0.039005983007676756
-0.0036353019117891425
-0.06714482684126473
-0.1457115796362171
-0.18524977001919285
-0.1835909885006666
-0.1625471805454342
-0.10767566136181785
-0.05685062108353544
-0.011757006059199075
0.05911703128878298
0.14808580921965178
0.19493559811693306
0.19785409631540002
0.1803320398549544
0.12649607965102272
0.07974987833326962
0.04201926105330221
-0.02212100894539287
-0.10376417155691549
-0.15095280293975344
-0.16311556058033486
-0.15899641130801104
-0.12520284187617367
-0.101376111929315
-0.08919417726970544
-0.057384278487906656
-0.014197107117462748
0.012879387125653332
0.02501237305320458
0.029720057136631305
0.02034560010252047
0.021192902853977506
0.03313130395686045
0.0384850824745864
0.04244741372513349
0.04649973910471635
0.04883417305741428
0.05235995655632811
0.05700022502070728
0.05726783312483286
0.053287706578765144
0.047607549233284654
0.039016877342035405
0.030958970322722608
0.02381884860339539
0.014988047343307432
0.005328631423247159
-0.006525829169388687
-0.020938896627479497
-0.036583315859901336
-0.05387377229947147
-0.0645317209152733
-0.06758566389659332
-0.06725939009612283
-0.06112857771857872
-0.05378525586666895
-0.04546049648728188
-0.031655411811338505
-0.013216338864668447
-0.0008706020531323755
0.005047293178511554
0.009174849294195953
0.008748160093771017
0.011311958581178373
0.017353012502642103
0.020782278516543306
0.023241556035454497
0.02575382937522289
0.02767374927213155
0.029631091133739743
0.03168532559782585
0.031701402697066
0.029640590779817816
0.026536451165021492
0.0218766313777066
0.017113095095885062
0.012391459219444727
0.006586798311769347
5.042164598946416e-05
-0.007871526075290392
-0.01735509193313268
-0.02782485398127972
-0.03948938873408854
-0.04463552132820852
-0.04243483812761509
-0.03668240034628655
-0.025140600652313414
-0.012185664916556966
0.0019808356026352284
0.021577499157046112
0.04579795805187829
0.05897231868095531
0.06020279526871324
0.05644878427369018
0.04347840239598681
0.0315798407290347
0.021310946473153833
0.003847427707964167
-0.018707261570157358
-0.03341819344636107
-0.04020591785219851
-0.04385272298611356
-0.04107749210312247
-0.04175657093190967
-0.046374120410681244
-0.04722959491704069
-0.04642820738210034
-0.04294494700268987
-0.03573543562874752
-0.026688294120459456
-0.015211360870101418
0.00013937831235893853
0.01936812593129452
0.042405080626802434
0.0696780799199709
0.0829861122975923
0.08068032804770908
0.07174668580430375
0.051079741851159176
0.02927419557718803
0.006955602037082958
-0.02569538317228157
-0.06659324838544693
-0.08843700338214061
-0.08995494298798748
-0.08279158675446312
-0.05965993771494526
-0.03905641504960036
-0.02193939877120461
0.007247260503649404
0.04470078679211045
0.06685060341761026
0.07342478424165304
0.07310959865817435
0.059852024535317544
0.05147190619467333
0.04877726360350373
0.03770655571126853
0.021997469885946624
0.011610699431999879
0.005792835739824299
0.002326429187837339
0.0035217942269243608
-0.00012849753425561955
-0.008942584876790685
-0.01629472290138036
-0.0242471562919861
-0.031436306704274074
-0.03705253813950827
-0.04321361009358678
-0.04938780327725762
-0.054667734066033646
-0.05921403388207845
-0.06299063057280803
-0.06580623069406229
-0.06369934590905695
-0.056150375707239256
-0.04481777595847981
-0.028454978991759926
-0.009322274667116253
0.012616955005278001
0.03970467398212048
0.07162562730356892
0.09110024050321767
0.09682925772260996
0.09686540339585825
0.08643105723621881
0.07630715626690739
0.06707948320770606
0.049149707129929616
0.02467076888420998
0.007734987833018606
-0.0016468450947038941
-0.008845019556523922
-0.010350904044092168
-0.016999884405932194
-0.02941330900871159
-0.039278363786973344
-0.04897425333540268
-0.055258916322009494
-0.056850461956174894
-0.05692582318728479
-0.054280183979181496
-0.04869227395544321
-0.04028508168378649
-0.027994885853923342
-0.01166480039534127
-0.00018181291797081693
0.005921769823549634
0.01110497794122779
0.013035518322726224
0.01726142245024993
0.02425089539860358
0.02927823411363457
0.03357429110741406
0.03632864782750866
0.036854747612274565
0.03635871251427583
0.03440223068978201
0.030283142062619693
0.02398620808784326
0.015380934940993683
0.0042279160481047675
-0.0025694602880963206
-0.004474494732065388
-0.005007966872722585
-0.0022991654210687317
-0.0004818675985790832
0.00012163971089607685
0.003182321497671227
0.007819779934616987
0.006758706166007907
-0.0002361333237917628
-0.01031283412008009
-0.02539494232080594
-0.04035081085815702
-0.05495948356619432
-0.07345614955166932
-0.09479857263895204
-0.10205194447662344
-0.09405752209567325
-0.07809570953165328
-0.04945287640688311
-0.01902008390788707
0.012779408547669449
0.05560462591596091
0.10736770777377076
0.13610928712070225
0.1400411238331465
0.13299768382751073
0.10631490815266172
0.08121318228761062
0.05873691918457997
0.020697696283965436
-0.028622217902898584
-0.05696503380517953
-0.06362618200015063
-0.061159161621644795
-0.041201394263084175
-0.027405642865268535
-0.02092886908568666
-0.0028121283841292177
0.021980708768568655
0.03284551724589254
0.03009965212438197
0.0201597043391493
-0.002145505483712921
-0.01989924849920266
-0.03249359194341686
-0.052771091324495076
-0.07719567528064414
-0.08619935331994191
-0.07932862052143105
-0.06338750172735454
-0.03316160844633321
-0.0033483422234877715
0.02562413962431741
0.0656999874231685
0.11397821894864754
0.13601212038384802
0.12993496549949432
0.11013666062284286
0.06722986580797712
0.02445756385475481
-0.017187832899169208
-0.07760143289533815
-0.15217175324646579
-0.18988232292514604
-0.18839147098640163
-0.16889452205436267
-0.11770335007214751
-0.0698225946336646
-0.02689110734817559
0.040520377126672336
0.12530897787742004
0.17229764860551525
0.17994237719376957
0.16976043357568496
0.12726913565171424
0.09239346062335814
0.0669526300901344
0.018505955740016546
-0.044706017307795415
-0.08178410743614276
-0.0928422130602372
-0.09181612154227341
-0.06834430853908316
-0.054829037372597464
-0.05261351088531649
-0.03671719778245319
-0.013954720293498313
0.001906692179763433
0.012514487491511283
0.019790212816444046
0.020692827195693916
0.029838995878618255
0.047614057151746096
0.0642965883385669
0.08306924787602321
0.09084167324793235
0.08537020676457378
0.07510906700285738
0.056120301178066725
0.03344150520216972
0.007615452285338737
-0.027434507213344773
-0.07079120491048914
-0.0971501032436454
-0.10506444048617262
-0.10606764924337866
-0.09337567660160953
-0.08332880931076982
-0.07691110038621793
-0.06009929728834866
-0.036286434196294
-0.019512941452974816
-0.009267623244371059
-0.0010714722373912672
0.0017303679714700073
0.011018128964523092
0.027387746084017926
0.042196842620713465
0.05807705259855204
0.06697859701118823
0.0671749994562146
0.06432711154115951
0.055894143869575565
0.044368296469984185
0.030066782806820867
0.009400079828715595
-0.01723759779107135
-0.0344252741288171
-0.04134392607867719
-0.045196584146846415
-0.041910202690150195
-0.04148244893040665
-0.044603876169900816
-0.04281600507891998
-0.03826137615381323
-0.030574704063595616
-0.0185975215378655
-0.0038848024490420628
0.01406810098531205
0.037263509702592006
0.06581209617467962
0.09935149148282925
0.138492852914506
0.1549157826583309
0.1459571443890905
0.12552054072859498
0.08559578961211153
0.04259717169978918
-0.0025735082023898895
-0.06526655974044357
-0.14230808290800903
-0.1853276436143895
-0.19180411421184626
-0.1827139310044573
-0.14505305265850504
-0.11108390540093091
-0.0824835320858688
-0.031820066856090796
0.03431460086706291
0.07347982374486942
0.0851715038012926
0.08524892382195896
0.06283917824766391
0.04993135534228896
0.04804603709687089
0.0319673493676393
0.008447338904887212
-0.003731376810835881
-0.005793602766466755
-0.002076328032180977
0.011859029198016019
0.01850691563744257
0.01732304055909026
0.020712328304883103
0.02493095519055469
0.025640274892948955
0.023715942475690942
0.018557346160836954
0.009211851002043981
0.0014114867427573803
-0.00492539219712548
-0.013484781300568193
-0.023127288128115774
-0.029557597995188516
-0.03272229997048124
-0.03386274491466073
-0.03181798567565784
-0.030154577765102438
-0.02892353987016244
-0.025298527035296618
-0.019965571867212917
-0.015150641252415265
-0.010683015955153518
-0.005917155451512403
-0.0013457118485366694
0.005174075798004831
0.013770868518629034
0.023003981604261006
0.03337738975954296
0.03878474209411413
0.03848640339368592
0.0357328580620766
0.028745758710784285
0.020717200144162496
0.011840002145808005
-0.0010872198919698547
-0.017469687772412184
-0.0267420632853056
-0.02836749124230422
-0.027019548637085295
-0.019879682739629558
-0.013979384981769939
-0.009722246965275091
-0.0011640642428713667
0.01023249223304983
0.016362127068462323
0.017206524292320714
0.01564562906577769
0.009622705538154391
0.005402523562906845
0.003264561069315917
-0.0016633784935050073
-0.008059269197781343
-0.011250789066965229
-0.011357956311552718
-0.009689173563483948
-0.005075067301128174
-0.001495547117563445
0.0009338254207487351
0.005200383368613399
0.010482198404614344
0.012662190884416148
0.011681145276664945
0.008924113719535989
0.0033062701650387475
-0.001985327873160373
-0.006855234595514173
-0.0138465371447641
-0.02232174547908512
