0.0025485982710216374
-0.0192522369920649
-0.030359662976004422
-0.029000748940368543
-0.027075133827093575
-0.019787799094168126
-0.011304179801441015
-0.002577368573762756
0.01246710227379852
0.0329620926425181
0.03825944545374834
0.027400732637817973
0.009723047547880611
-0.020195710069792507
-0.03147795726843364
-0.02146065589439367
-0.009626119145066704
0.011958142738351335
0.02002024619649568
0.011342066393979014
0.0036073045989751316
-0.009367579451908943
-0.014214471051772074
-0.008267639592341426
-0.0029439602107636867
0.005570225367980508
0.009128363868841525
0.005984475922455374
0.003189534887087916
-0.0016380792582698124
-0.0037551569216293583
-0.002132646031582426
-0.0010391878781961107
0.0008947745628768744
0.0017870832092249053
0.001074085866462338
0.000789952681386485
0.00035720565294427014
0.0010127632825590227
0.003099724280106226
0.005561823987732511
0.008806702839931886
0.0072873807498139015
0.0003846412467286618
-0.008928272759884092
-0.022236962933619705
-0.023322448914822932
-0.010613397230338988
0.006803354737304386
0.033368973384669105
0.03747990349019778
0.01593737199764511
-0.012405722230797014
-0.056101131987446456
-0.0678523271585684
-0.04252281923976275
-0.009919989681256255
0.04270198301220411
0.0663259535308515
0.05504416717485122
0.04307408907042798
0.01739384554492369
-0.0004627306679136768
-0.006371636261260653
-0.021544266516624215
-0.040365584211767086
-0.044886737891338936
-0.03582287057315966
-0.017368898271053788
0.014932691417867714
0.02691326596897477
0.01638750533666065
0.003685448954457207
-0.019733962214609952
-0.022172834037421287
0.00036713485998565156
0.025778350297800904
0.06257144062456634
0.06754031118954341
0.03506912351668544
-0.007301069903639406
-0.0716763177945023
-0.09223177082491947
-0.061623037842920496
-0.021601870633884104
0.04564539810826521
0.07072505721008478
0.04527067701699274
0.01753735677726317
-0.03094142885296357
-0.048334027680580004
-0.026675339095930704
-0.0060341723801378665
0.027709409705530354
0.03942852828723423
0.022678247913221206
0.005838213865645687
-0.02105801536409998
-0.030743175757546114
-0.018424092982965958
-0.005428384843500536
0.01597880076493894
0.024395462509659648
0.016263170108137926
0.008305260112641313
-0.005438896065531632
-0.013047478948937352
-0.012161755863085235
-0.013466878767974
-0.013644735450366027
-0.011084179566565055
-0.006618143531988423
0.00172396145670547
0.014274861573089045
0.019002542225008905
0.015373194126529256
0.009510984830586279
-0.00162067252247608
-0.00847536140235017
-0.010107604991951274
-0.013681440979873557
-0.016854703638670077
-0.012691333053994905
-0.001109283178004668
0.016490738455391202
0.04206628619511382
0.04539282547941886
0.024086303733781317
-0.005675736249408791
-0.05198287010315449
-0.06433972774697441
-0.03773055449591332
-0.0031543151253563564
0.05286258988230038
0.07068808568408565
0.0433968094789756
0.010807565930417954
-0.043051848954089714
-0.0636615206591997
-0.043659125686327765
-0.022441296725973964
0.01470673746519285
0.03042196582638368
0.01852951393138566
0.009114130672502116
-0.008061491036101402
-0.012274046915586593
0.0009326801431888896
0.013270769282753158
0.030746194048310523
0.03365274847093936
0.018458367148560466
-0.0005135741800913449
-0.029059157597729358
-0.040855682225578026
-0.03264080624115954
-0.021975102836483268
-0.001682392080258684
0.009568664911503252
0.009169479949308914
0.012171707352809097
0.013726022561941689
0.013263955129643417
0.012066799343642305
0.006497203820477342
-0.0034711242403154263
-0.007396528561668081
-0.005181423382728231
-0.0020074999560484347
0.004577672424656586
0.00524716243064529
-0.0010105581593411793
-0.007749245338482571
-0.017387873663248093
-0.018421776564304028
-0.009283223817605187
0.0026085740679215284
0.020502569553890872
0.02536636548946343
0.015083194091658907
0.0015043534472998564
-0.020551163470936593
-0.028258175228043855
-0.01899244326972867
-0.008061145633240601
0.010626327436929156
0.020143017330994124
0.01804373048753322
0.017525492361979447
0.014080289321821579
0.009576199964779087
0.005226833185741
-0.003584729622770511
-0.016324486776105537
-0.02124162864673227
-0.018062374724401375
-0.012091684883938034
-0.00039602762177759265
0.006907710780105491
0.00897457761740403
0.013184181005665775
0.017108984784479267
0.014685950446635867
0.005939346139626236
-0.008186455499455517
-0.029394184555525334
-0.03383865728192385
-0.019770341396504725
-0.00013873130586523197
0.03133694066932922
0.03885130929588814
0.018746100683533787
-0.006573482676631107
-0.046650593313510694
-0.06003495367648221
-0.04178114624327315
-0.019681448880965804
0.01742154865391671
0.041848187516578955
0.04953801058592233
0.0631715237865569
0.0755100334202418
0.0658597065519622
0.03414247090227508
-0.015796800278752403
-0.0897493485987866
-0.11565775479183972
-0.0883321768336541
-0.047529932719772267
0.025579309483248276
0.0594205377993495
0.04644343418432051
0.0369591999396935
0.01261280095324054
-0.0022090404254972284
-0.001687821938183536
-0.012496255135189312
-0.028059434236179254
-0.029845572763322257
-0.019417604590093326
-0.0005986730681287668
0.030831282803729827
0.04098487059629446
0.027635663660834878
0.010605300438434336
-0.018655021754036813
-0.029975586396666948
-0.01966442324916008
-0.009202744738032174
0.009380471318021295
0.01601868448339616
0.007331846083481413
-0.000538974897827153
-0.013126828751478956
-0.017964754134052956
-0.012549301677078064
-0.007381344375991657
0.0011314440782201817
0.009509425928949922
0.01661045074897294
0.027150104422175463
0.04015075287677849
0.03853722801684656
0.021265673522079725
-0.0043489337462804725
-0.042987574141060254
-0.05869821530501198
-0.04844442282120892
-0.03353520940535659
-0.00455448061152868
0.011062823425605679
0.010020573917700198
0.013453105213374138
0.014387096048624884
0.01690542583119101
0.023232770765479117
0.025861630349130697
0.026113488096767678
0.02096364085054337
0.008849150902802399
-0.007947922105700793
-0.03087243030453168
-0.0410595183354594
-0.03682268568810193
-0.028598370609494776
-0.011269374189394102
-0.0006016578507190011
0.001848172948365625
0.008133305508642424
0.014415936398059059
0.019105573167840794
0.023161831064638698
0.024353909989387718
0.022376443663131167
0.015902120523472653
0.004038035705362546
-0.013077477481027703
-0.03632610354687359
-0.04102285524683337
-0.02513196256488469
-0.0013438942716496316
0.0370855608061042
0.04994372496336781
0.03346887483542535
0.01274444134585403
-0.022772025013720984
-0.03959661732365421
-0.033426725493341906
-0.029113771338439936
-0.0178466625385747
-0.008479041176195324
-0.003675723662267397
0.008062149076811506
0.02431811900430869
0.031378098575901715
0.029557846139946865
0.023628766759289342
0.010300887925671841
0.0016097936293172485
-0.0017280279791881544
-0.008360129313012476
-0.015540503046995004
-0.018537008664083882
-0.0176911372957512
-0.013164124261150961
-0.0037125332458635093
0.0027789120682730263
0.006146824997387919
0.011407776521339336
0.016828621742223698
0.01500563488132476
0.005589083219196423
-0.009262737192446335
-0.03168534689218132
-0.038036163926351584
-0.02650975753485353
-0.010353815146671755
0.016636832305348872
0.030100610466836597
0.027432913450497542
0.02557248427941259
0.018223641373174337
0.007939696368542777
-0.003971676016539262
-0.023990303256415824
-0.05161015050305431
-0.049994382688244424
-0.016821685344045635
0.03060187047577382
0.10218355014362666
0.11743186619759441
0.06896050358191953
0.003690902442004992
-0.09990098078059413
-0.1380667918839917
-0.09957069045364114
-0.05223752489896754
0.031495294537560045
0.06756361585366553
0.04451045584158602
0.025629452711558517
-0.011430685622387542
-0.022644910957793044
0.0010124064940502109
0.020226047122264012
0.0474280809712608
0.05140534338445831
0.02541344078318141
-0.0056176808385300855
-0.05115926027541981
-0.06721965330916799
-0.047984017820929356
-0.022572675477681086
0.02124770769110115
0.039918317865829944
0.028025032345357383
0.01687300049501098
-0.005069113117209835
-0.015055748444843135
-0.00878295730733452
-0.006645734321022773
-0.0024336407294547053
0.0004389209682778268
-0.0003650965059474022
0.0017716966442262593
0.005524680048094409
0.006899262527637243
0.006479031640658195
0.0051132085054437365
0.002039687960338138
0.0018078773059250063
0.004716651639911477
0.007998988936343272
0.012782656784193333
0.009678175537453948
-0.0024007777149921807
-0.018112383868465004
-0.04011044961512978
-0.04056824024006344
-0.016685395078970745
0.016053135337065552
0.06534047535046643
0.07211023758771522
0.03045191598088759
-0.0249063940554734
-0.10998917841815987
-0.1313026622144077
-0.07888516168035957
-0.010934468345692307
0.09775039760304272
0.1402088996291357
0.10392443634618156
0.061313459962315985
-0.016177092894922626
-0.052711524396885104
-0.037014607326101366
-0.02925791748329109
-0.00922804628855031
-0.0017065092294606212
-0.014089363367936638
-0.018088945060191493
-0.021039009213749363
-0.017446880044711965
-0.003328740149780934
0.012976250733345096
0.034086468258523385
0.03830480887258785
0.022733461748301313
7.25787067007074e-05
-0.03599401222871828
-0.04781545016734941
-0.03168651407228468
-0.011164936845780647
0.023717045315425657
0.03892277539152147
0.030190704088645295
0.02217904200528471
0.005898615488414841
-0.004460726089660053
-0.005838820664982551
-0.012451170429167475
-0.020445596046926452
-0.020701382729534843
-0.013932724372518579
-0.0014347048477909615
0.01898975111975644
0.02483286144019375
0.014634502209970849
0.0011045247678266082
-0.021499250270075983
-0.0275695143781209
-0.014244483618920768
0.0014717240879567038
0.02638575761272857
0.03292425555537459
0.017489090960203995
-0.0011240491852562776
-0.03046034061112771
-0.03807948185431923
-0.019834505726814923
0.002476009748270845
0.03773352020582748
0.04788153416821986
0.028139354924179082
0.00413506344979921
-0.03449525088109518
-0.04811996556795515
-0.031595820709149805
-0.012558067275716253
0.019731388140812035
0.032099518591240946
0.019734459978440772
0.007465263749247717
-0.013715634721094591
-0.021003926705909143
-0.010440593471394578
-0.0003673627329981784
0.015573411979637635
0.020037704333933856
0.009899185588015166
-0.0013223610095449614
-0.018595002982873254
-0.02274438095258234
-0.010978631466914416
0.003389858692006168
0.025737508212058384
0.03118362080638578
0.01662470552383346
-0.0015275036016311903
-0.030091323094471847
-0.03922765899730582
-0.025289245281276268
-0.0082724162245775
0.01990797984267532
0.028675832868838784
0.01404922189793312
-0.002588345398288986
-0.029518733610287583
-0.032411381549534705
-0.00663607431619452
0.024576792807832263
0.07073368362374986
0.07991200196139424
0.04588052271041071
0.0013502301366493138
-0.06800497338495869
-0.09345873912593083
-0.06721111215525408
-0.03429029258744665
0.02375239148258172
0.049917516338283285
0.036577719622965243
0.02654409121842223
0.0047199862879676755
-0.008124283614467195
-0.006793183047558051
-0.013621524750421495
-0.022808563547942633
-0.023094447962035462
-0.016043006860633608
-0.0024684774733986143
0.020081300591539227
0.02893301916774487
0.02285090736338985
0.014821763832319921
-0.0007748633857508212
-0.009774756789541374
-0.010336492452577879
-0.013896077500274736
-0.016862555838873288
-0.013129059683001924
-0.0031447462064951286
0.013068659260654156
0.037132349900355466
0.041580907274667345
0.024485134643264433
0.00044381266511572923
-0.03777661030785178
-0.05068549851888059
-0.03433390330250367
-0.013737841806264407
0.02153364276716329
0.03576899678584827
0.024400265021651112
0.013237407864833246
-0.007213846344996059
-0.017174400206959692
-0.01298761381955899
-0.011952840644585353
-0.008649270306929724
