-0.01582642988237531
0.11783742686024982
0.1622251615676343
0.0994928837034351
0.02823129575660297
-0.08969289802253486
-0.13238043661089846
-0.08217564035363639
-0.02902358710749884
0.060354466438377684
0.0892401822656587
0.0422195547244831
-0.006888101431881871
-0.08489701002256292
-0.11552945526240677
-0.08621244247381547
-0.05568607851943488
-0.0026453751226371463
0.048534854956107355
0.09158454256072561
0.15628929332056588
0.23627611439719576
0.22394221019893573
0.11265058846680269
-0.05156079935086944
-0.2982395706195001
-0.36962741372266067
-0.24342568089177322
-0.06857570803254391
0.22331210601367826
0.3274894182815028
0.21080550212365218
0.076928801675956
-0.1544914722459425
-0.25048078632699045
-0.17723341657165975
-0.11285204536794406
0.005319536981372273
0.056913764661535464
0.01683125931928508
-0.005920333430551966
-0.04534494775415754
-0.020966624042247174
0.08555231845693248
0.20844294818470502
0.37242242506996237
0.3783626397142595
0.20224391641628686
-0.04048750814839347
-0.40641312028695004
-0.5428351702718829
-0.41441529939532656
-0.2387950816241708
0.07818994819854108
0.2213173755020478
0.15237185311571486
0.10209526351828269
-0.011719790199442554
-0.03763518479262573
0.05607075590483174
0.13014359199895212
0.22707407513155198
0.22424964955660015
0.09564904315294791
-0.0665972318453807
-0.3003139457035829
-0.3634301479832633
-0.227934510932942
-0.04202384024396007
0.26124148252321416
0.36280605040125996
0.22769131628000655
0.06577170041766656
-0.20779046157933598
-0.3106409798801381
-0.204792264440473
-0.09601299421563857
0.09154661742122579
0.1615777441449717
0.08111453331351472
0.006599243436988226
-0.11628855159917442
-0.1385036118789394
-0.033282765671777854
0.08358206123388427
0.25477968953479657
0.2836715525107013
0.1430884036137868
-0.03764591270271465
-0.31395514306941147
-0.3791197842296652
-0.19812273381047235
0.03556463300013764
0.4055569655876257
0.5232669714769452
0.3436814933727887
0.12313854520872998
-0.24289305126552235
-0.4202549134571025
-0.3642766447357448
-0.32274508479487
-0.20668664440366669
-0.09663957786842309
-0.017656940575976464
0.142904442405346
0.3638333682054772
0.40994256604220003
0.2753969006398072
0.05707347357241292
-0.30538510079823805
-0.4376979019982036
-0.3088350270950881
-0.15004026265748252
0.13487897533572382
0.2783511707775572
0.24420564480718157
0.24050964756508988
0.19735857996724582
0.13030962401372506
0.05784320202059945
-0.08455878845095709
-0.29184546328676664
-0.3523982685080434
-0.258816722877211
-0.10985816390276379
0.148174076657653
0.2521231104861806
0.17814252681880377
0.09797095177496888
-0.055722110250394134
-0.12165711105834037
-0.07451792732061205
-0.046796373151580854
0.004488267876629652
0.03160604715133767
0.01812676631919106
0.021491860595503717
0.026820807287328944
0.023922095374300702
0.018629900620439725
0.003736645505693767
-0.02171775763715596
-0.024979468372371076
-0.004979704695849056
0.021955928987646225
0.06390757529490314
0.0642211322095016
0.0171394689412597
-0.04373716568213539
-0.13376685663203244
-0.14634324763530046
-0.070084458251794
0.03131297641566579
0.18700584815538368
0.21782091971320802
0.10458639612122683
-0.04252543227036245
-0.2720677373253288
-0.33527296424261865
-0.20417921189485166
-0.03853213427323242
0.22877742397674272
0.3354881957582286
0.24931978700731686
0.15216352677302394
-0.026207818219021708
-0.11475373518239076
-0.0863432357327093
-0.08148362626826548
-0.05437716101886751
-0.03973617853685896
-0.05321105929430138
-0.041019282366695206
-0.014189143953744912
-0.00043576861504315487
0.005477024416109183
0.008556287421230217
0.004015849878444483
0.013368047584232058
0.03774398820255252
0.06331332197692821
0.09511668922610186
0.089778132888064
0.04187710637113651
-0.024295831798930915
-0.12127723330236037
-0.14995928715676504
-0.10072081295836903
-0.031780785431132795
0.08360189873627692
0.12851593342835818
0.09027724291778534
0.04764263580679201
-0.03010653296780046
-0.06615608700160977
-0.04859292656139443
-0.039656125002789346
-0.018806207964508503
-0.00010803624437187185
0.009780302713300937
0.0343381643879003
0.06918129981470515
0.06282228173231923
0.013746165537948819
-0.05692797989883535
-0.16254638178148384
-0.18437021855191968
-0.11193013684680433
-0.013259294886461371
0.14333083841823652
0.20817801527128146
0.1653325649703672
0.11328044097346128
0.01250450401247941
-0.042996000519173384
-0.039168707091401085
-0.054156707377595675
-0.06341773109032277
-0.06508082622364654
-0.06624727198121359
-0.048155611609337935
-0.011270604836708472
0.01063204338514577
0.01875102806444953
0.02965047101568141
0.03621558078185494
0.04120056378367441
0.045536390524417325
0.042373529343799336
0.03198383320474495
0.023251667613131567
0.015366478662608821
0.00369792281272018
-0.01018623216746699
-0.033688707195027985
-0.06801451277003444
-0.10871770707782252
-0.15803400859797118
-0.1512721334615695
-0.0818557128376471
0.017828474314246213
0.16625582156173432
0.22793896235615352
0.190679503874371
0.13555062768173845
0.026753935432891417
-0.033337801853917354
-0.03240522168688452
-0.05000916167607113
-0.06021986315730278
-0.0704681671210252
-0.08849919960863188
-0.0901447902508982
-0.0782279031527917
-0.05227211311807088
-0.007409825095253024
0.05486371320201636
0.13717463649130934
0.15591019058720862
0.10376590251471313
0.02351628293293445
-0.10795406700015255
-0.15196806437073423
-0.09576263054916359
-0.02586966345879546
0.09395144613411989
0.1297770665064997
0.06478598610470547
-0.006870755283348738
-0.12102578115711482
-0.15599544404792334
-0.09403343580697346
-0.022793212591349966
0.0913368381356337
0.13949072991574335
0.105841436240092
0.07060430159529547
0.003992932164903995
-0.030336682451113293
-0.021029253936592555
-0.023493319029134273
-0.02045555005767224
-0.01810952902553204
-0.02227401778675375
-0.016017775724871817
-0.0018608600761940998
0.011892505356478044
0.02743581842633661
0.047067156779898436
0.06982687631312891
0.05247503012565786
-0.009240397486102177
-0.09547058187636705
-0.21878064808774617
-0.2370634942628485
-0.13748145501467282
0.0012107083005287525
0.21754489792636333
0.29599838239661963
0.2148443824021221
0.11009173366341286
-0.07538386879997716
-0.161045193393746
-0.12370608296392215
-0.09784342634951929
-0.03601982375952841
0.008113108132007139
0.01940217888613951
0.06246113565967798
0.1224186179815754
0.12344172828898523
0.066685567058587
-0.023120482412605965
-0.16474526203322504
-0.201539803600286
-0.12108893646492082
-0.014321780825774597
0.15959652371830604
0.21387252238462226
0.12761282718170325
0.024235600469814704
-0.14603286643864005
-0.19911244960706448
-0.11075634140633145
-0.010328722478728581
0.1520717331476223
0.20564537188905996
0.12607014857218526
0.03644022340977996
-0.11009985343251687
-0.17200993022775987
-0.1280062000860594
-0.08492855444289266
-0.004055343469535493
0.03807192891365958
0.02664427890652888
0.03056188811864208
0.028763989606921853
0.032417874665157526
0.04932286746885515
0.05715370159279611
0.06022687308207174
0.047777348550420935
0.015250183305364704
-0.02907875643441456
-0.08977902578269996
-0.10906461942912955
-0.08147990489950128
-0.038933262073597645
0.034414838909236876
0.05874241214099588
0.026160214740193203
-0.011424155380743567
-0.07484750791972114
-0.07989932854411444
-0.015586227123195495
0.06078859501199696
0.17227910772615926
0.18429405680790176
0.08054686123939256
-0.055760886650716476
-0.26207794781859284
-0.2969684794654808
-0.13433094343608082
0.07892880417559452
0.40863304442670034
0.49615034233916483
0.3020658418795476
0.053302325586973155
-0.3469150222481693
-0.5015121800699043
-0.3629194172732549
-0.20257097544008792
0.08574570130422263
0.22410220591809527
0.17045447830111313
0.1465825653746755
0.07819693693471542
0.022904664105842215
0.004593047899940752
-0.06508182028476117
-0.1688345738347816
-0.18700234784726533
-0.12111209923365727
-0.015326805389143345
0.1593256346206427
0.22156564197180173
0.15678923171068815
0.07627302178598044
-0.06641713743291741
-0.13081666293582428
-0.0983827475454659
-0.07481550003154237
-0.02312180397317624
0.016476135185894324
0.032115784535738545
0.07339870632060479
0.1290747577076147
0.12758234991843828
0.0685184536355083
-0.022748125675326056
-0.1644433819329679
-0.20585211091144098
-0.13475247465236476
-0.038882599691067075
0.12116971729712692
0.1745953161932227
0.10222163965198533
0.0187856383238865
-0.1209766043868159
-0.1597591965954467
-0.07585712443608363
0.018124226249284944
0.1650524953115719
0.20090286726470483
0.10262696283849665
-0.015988987824328907
-0.20045371304862258
-0.25007003106529174
-0.13925141139652544
-0.0020212374138024415
0.21666751288444938
0.2780353422381096
0.15245132333613523
0.0002464786273622217
-0.24347727559227195
-0.3098439157404758
-0.1645435756596965
0.009731905381706462
0.2862435439006147
0.36488033781263585
0.2068247724423604
0.01663766058728783
-0.2876459386683149
-0.38311669709871343
-0.22764252589092035
-0.044135733261076296
0.2553700027244034
0.3556155311232578
0.21367954830571156
0.053783832794222754
-0.20992952685245014
-0.3035265981760979
-0.18680593689124292
-0.06223359549836606
0.14523199482506952
0.22272093489833034
0.13613076478217428
0.0496003137984792
-0.09573332750971432
-0.14822735404689896
-0.0813335347271299
-0.016368729619299686
0.0891848784726106
0.1280975349455731
0.08074451404144785
0.03364900293479778
-0.04362303513472382
-0.08582626432091246
-0.08021503419992267
-0.08350315413622499
-0.07734228656995155
-0.059406324889650204
-0.0343264526468775
0.012148656699343686
0.0803416425425056
0.11022575089203455
0.09959416820416056
0.07800687199169178
0.03041110031364793
-0.0024002823896033714
-0.016616472798716055
-0.0447284177608173
-0.07714745763442975
-0.07745064573038979
-0.04536624820794974
0.009164276063382073
0.09593890799790908
0.12543537200269034
0.09124869879284321
0.04504775414727369
-0.03618344144859055
-0.08426848171719316
-0.0911059873418942
-0.10874551257093686
-0.11984331539317847
-0.09720016624788247
-0.04236419035804308
0.04593186400247274
0.175369091594216
0.20751108965856
0.13277372376212548
0.024508521331961373
-0.1537111573176922
-0.21233691595608886
-0.1324820680536124
-0.035765384217321276
0.1276037585738166
0.19046359314863484
0.1307312348550985
0.0697601475767896
-0.03719103259631251
-0.07727340268187581
-0.03133632928704697
0.009774992644727101
0.07725454941644372
0.07166065167111588
-0.024073957259617664
-0.1370810037320489
-0.29607594747724963
-0.314647298745824
-0.17031320805445715
0.024099399612124584
0.32081061919701803
0.4211689146866029
0.29357613260513044
0.1255203761531983
-0.1631613357775703
-0.28022862095141665
-0.19013929697726475
-0.10046450669802207
0.06605575007257722
0.13973065538781224
0.09051997457005337
0.06332248467671382
0.011835636578095084
-0.012427594998918077
0.008723594699967887
0.013151443829723587
0.017166431971326737
0.002275406246343469
-0.040730249879527294
-0.08993574216232691
-0.15277872572658466
-0.15017327281054654
-0.07249222917104456
0.036175726191246066
0.19864325351987808
0.2390683844619792
0.1404278516380682
0.006528819286171911
-0.20996830563509297
-0.28299316455681034
-0.18791605247111226
-0.072982474585332
0.12188390787645513
0.21668176901933237
0.18666202353811004
0.16824119033204185
0.11357637071451658
