-0.009483925163770503
-0.010662931171178478
-0.01188708434157375
-0.013154615732977073
-0.01449636935791232
-0.015905354635258787
-0.0166393901252008
-0.01662667266640379
-0.01621012876825918
-0.015175426453977925
-0.01395612168904072
-0.012567569111444188
-0.010597486473781996
-0.008124049441563795
-0.005669629062770426
-0.003217544001774266
-0.0005577520856994042
0.0021906363994479696
0.0054589096941800655
0.009283262039115808
0.013358914038601694
0.017790735875246322
0.021039150022122956
0.022921598960706648
0.024241221549176635
0.024549177553263996
0.024667434244262102
0.024641681426112734
0.02365464027468895
0.021858354118193306
0.02048443666636227
0.01951903767645231
0.018453639222740178
0.017580751175237677
0.01594161426820893
0.013460973893900557
0.010846471939405805
0.007872324628321362
0.005566140888418268
0.004100120538346678
0.0028218254051833136
0.0020404104633188966
0.0013189101925463868
0.0006134270493751354
0.0004212522969625188
0.0006600860981126791
0.00031139314020019393
-0.0006390162501310421
-0.0017472922113587759
-0.0032655662170798594
-0.004461847497429305
-0.00528063838826609
-0.006291871033299778
-0.00732865956761786
-0.00851911143227971
-0.009938679658326422
-0.011406863184044139
-0.012976403651672515
-0.014706196207905635
-0.01658518111706946
-0.018634719929070287
-0.020869663763665034
-0.02297921103819138
-0.02494532876249469
-0.026931150955515758
-0.028856614568842538
-0.03090904592099106
-0.033107032173045996
-0.03529126854437434
-0.03750486465674537
-0.038540296551802466
-0.03825399134658166
-0.03724060490857589
-0.03514244997595417
-0.032613657601446834
-0.0296778942363721
-0.02567826812959447
-0.020727846315549338
-0.015760557847099826
-0.010753695151154557
-0.005311843612479712
0.0003512601814215658
0.006987079563236298
0.014663114193271605
0.022844200132810615
0.03171487993095783
0.03851723686821391
0.04292551068665109
0.04637663452268203
0.048066966230316845
0.049473756330169295
0.050679129850761576
0.05021723166433331
0.048361766696147175
0.047322784210131225
0.04707613107887275
0.0467104248408057
0.04675110982790639
0.045478578239800845
0.04275853811664624
0.03986134213468159
0.03638257408535424
0.033017912391219574
0.029958767941822485
0.026572155893212143
0.02307878852107229
0.019352586883884776
0.015337556618081873
0.011291164375637635
0.007182734108441434
0.0020089611099421943
-0.004281217557927965
-0.011228144970795308
-0.019096705126365045
-0.0272511871574772
-0.035650535389455076
-0.044838891071937975
-0.054682566186092185
-0.0614396681350173
-0.06479966283693227
-0.06642782068206268
-0.06526181106864763
-0.06358885063452831
-0.061491699632534605
-0.0568658873510173
-0.05013523385473385
-0.04379340693564942
-0.037751809549896376
-0.03104810304189691
-0.024252259339753623
-0.015276585308820683
-0.003957027339286156
0.008232447113132915
0.021793556260505203
0.031455612800202946
0.03655599507607986
0.03995396490535923
0.0401093257361953
0.039743186812953184
0.03902942653691547
0.03521778671847988
0.028817410394684388
0.02420322930244965
0.02135184620695053
0.018445253228261373
0.016534594919257198
0.012273443385610693
0.005405392713977044
-0.0015666066725351267
-0.009422267274810901
-0.014883224309039074
-0.017365854374019395
-0.018987942044326182
-0.018750128028933374
-0.01797857014320008
-0.016807494676343675
-0.013665931401641795
-0.008795060573180767
-0.0055247359210917266
-0.003900404692387347
-0.0024451808538451746
-0.0019788686658980498
-0.00011277143227093021
0.0033439452176749545
0.006538976979450279
0.010023383298233213
0.012304630052126763
0.013032146793394084
0.013307421634429665
0.012650232059536314
0.011495844536326412
0.009908275428887591
0.007225704117384152
0.003516623506899011
0.0005832289295210458
-0.0015327649536939366
-0.0036765745425837533
-0.00540231718859181
-0.007956215952878284
-0.01144760816920548
-0.014896515158264376
-0.01859377328102516
-0.020712400091008994
-0.02096012991894188
-0.020405330248302635
-0.01849176076061856
-0.016048221027033228
-0.01312926279012176
-0.008808701402312089
-0.0032294022638264083
0.001893644510424239
0.00655993506089978
0.011528016943926531
0.016387650890288336
0.022420644505712718
0.029737891173487224
0.03737895050937993
0.04564918688818446
0.050957919674847946
0.05284518560066455
0.053223305235557135
0.05103279983649395
0.04812817413399753
0.04461175719446011
0.03859134388005757
0.03040241742376798
0.023020234708079734
0.01641587859841762
0.009334658057561451
0.002481625791742461
-0.006444118558224682
-0.017630861709541566
-0.029380867216689296
-0.04224028245268856
-0.05139538074771758
-0.05619421033737211
-0.0593062148693212
-0.05930807370710163
-0.05859880297366118
-0.05733298786387706
-0.05301951451772771
-0.046098149880278064
-0.04071139324221422
-0.036844218786950864
-0.03274093891348819
-0.02939544405721595
-0.023661400599575194
-0.015288225314157987
-0.006630380886398635
0.00305026851789484
0.010229066446109636
0.014314743711938208
0.017512558842616995
0.018756740396696756
0.01955528460214394
0.020047462938592813
0.018512447477196055
0.015226864356152192
0.013658116391712063
0.013844186630422738
0.014264213964543086
0.01576946457254712
0.015847510572091134
0.014300036811173271
0.013065481682577621
0.011564096636712515
0.01047472444108239
0.0100716555156051
0.009611708324667146
0.009338729694194655
0.009301833490401456
0.00944912895222755
0.009982589040489974
0.010918413100524993
0.011007110827280306
0.01018362333614407
0.009069094835438501
0.007340324353774223
0.005775166697680298
0.004440739924539465
0.0026800329987491283
0.0006672025757148471
-0.0008450666584490211
-0.001861331312748048
-0.002614538851033043
-0.0029119491958811286
-0.0033434704516266604
-0.003925502927452507
-0.004196130273510835
-0.004273902440283042
-0.004435799002640599
-0.004649020951458844
-0.004857481353637609
-0.005119912033674328
-0.005144126726631005
-0.004916292614866896
-0.004625936760998645
-0.004205352784815702
-0.003996672463529253
-0.004049067400551179
-0.004149455311994004
-0.004396881523982887
-0.004636561409519397
-0.00485149372216363
-0.005206221371715764
-0.005669087196981935
-0.005934167993589136
-0.005997330475968266
-0.00598539541039662
-0.00582171957953256
-0.0057269536043519625
-0.0057155101790970185
-0.0056139066263575284
-0.005470925005133282
-0.005257550580130725
-0.004950579087802818
-0.004597526132158991
-0.004184146923177203
-0.0036842191409063975
-0.0030991913251765483
-0.002427414124230932
-0.0016615271215941112
-0.0008840657849689451
-9.893132592656093e-05
0.0007408062415843025
0.0016149204500991606
0.0025740270516581712
0.0036247956336620314
0.004726367451823689
0.005891619956519911
0.006837633199237867
0.007531466547974046
0.008115548901701677
0.008506920257381258
0.008860144913488627
0.009182287144994404
0.009320359551134144
0.00930221940870458
0.009351921979717785
0.009465793500689821
0.0095507115957776
0.009659177462243856
0.009614179495344785
0.00940112904694602
0.00914885912046208
0.008815031930499732
0.00845517273962453
0.00808634712127313
0.007649693974344494
0.007162528064365256
0.006619387185053221
0.0060138449060103604
0.0053631201504358034
0.004664583128510802
0.003825432095699085
0.0028391533202701416
0.0017473408782252735
0.0005243874043386094
-0.0007744974892690672
-0.0021468584210294238
-0.0036430736303771265
-0.005252606885753111
-0.006622619033441706
-0.007724812664265885
-0.008718706974659537
-0.009505043443835352
-0.010301011641427231
-0.011115837813380502
-0.011751948014762453
-0.012250674606189416
-0.01285000758065093
-0.013542975209618134
-0.014239449389842
-0.014994890413304313
-0.015612775311726215
-0.01607888366435646
-0.016534346031110113
-0.016932959031973286
-0.016833230920462596
-0.01620233319314934
-0.015211099342154883
-0.013732322594467408
-0.012048618324155035
-0.010162975235573265
-0.007816116274130551
-0.00505654685177354
-0.002146371684587946
0.0009324169411856703
0.004282868935156495
0.007850048433889532
0.011871810097725154
0.016371063044183915
0.021191832590942192
0.026395377035288107
0.029792503350378412
0.031150078472589108
0.031543559005681975
0.0303389136395812
0.028765028484043862
0.0268779802886877
0.023487935844405422
0.018820232652746717
0.014517507447032663
0.010545907859994272
0.00623800206615099
0.001977295089376095
-0.003550742771129036
-0.010451621429111588
-0.017773713859688206
-0.025830637269294257
-0.03136792779364844
-0.03396716290005444
-0.03539315575725796
-0.03468970411232802
-0.03352339959489079
-0.031996631407175714
-0.02840982668027458
-0.023070327731594138
-0.01869735686462411
-0.015273674704247519
-0.011659233891121012
-0.008504375321583412
-0.003725324109245389
0.002842339643389161
0.009646464900213763
0.017176134255648928
0.022507790148718593
0.025191265912951333
0.026963456370566265
0.026948149417339494
0.026483435090158512
0.025674212551218285
0.02305579930132181
0.018872604300667464
0.01583839660738067
0.01396554007672436
0.012078231674712564
0.010835589751663275
0.008230648325125932
0.004103223490044084
-1.991528549262619e-05
-0.00460608048698134
-0.008019185674769242
-0.009936099936483166
-0.011469903337826657
-0.012113063620431202
-0.012464824446161489
-0.012595021441955578
-0.011740808861096864
-0.010008377818883751
-0.00917783039472449
-0.009282014043879351
-0.009515923172287477
-0.010320053888915994
-0.010438781470564493
-0.009769609441239162
-0.009294758185856086
-0.008724636491220222
-0.007968996332515596
-0.0071244141530968025
-0.006021651521759474
-0.004659712162694085
-0.0033126545985889657
-0.001965051171591849
-0.00048195556891435703
0.0010824292244920768
0.0030550529708237685
0.005477249231573497
0.00815623193967215
0.011185024275037182
0.014419073389204807
0.017844333896023863
0.021615085288890563
0.025702895206055107
0.028259958773682523
0.0291225284095852
0.029140890714402876
0.02778912409786497
0.026168987170276877
0.024325108335833887
0.02123168501989045
0.017093693134992483
0.013175272018789047
0.00943751970654483
0.005387590630905214
0.0013168860183741336
-0.0038180665170583694
-0.010098626121641944
-0.016781300640309582
-0.02411549832061244
-0.029212204732343258
-0.03171131300626337
-0.03315832741458513
-0.03270737224939404
-0.031860136491244896
-0.030706073280827972
-0.027728578422357767
-0.023205230622021688
-0.01950566433956301
-0.016610452165771724
-0.013532281979023023
-0.010836457206118472
-0.0066964529237092995
-0.000968606226690304
0.004991089772869933
0.011611762648755491
0.016462732869966808
0.019164485770293536
0.021178849610042006
0.021777204834985905
0.022058858613639057
0.02211433779734666
0.02073342534391365
0.018118280176071335
0.01655096213010292
0.016046078344617253
0.01561447836655713
0.015812632807580555
0.014962088968383806
0.012930437099864764
0.011000492147018693
0.008783175055314013
0.006645866611572456
0.004758518008987236
0.002661179120341073
0.0004886744983450339
-0.0016830657347754142
-0.003890637620754093
-0.006048633194870626
-0.008141614998939306
-0.010939282058642693
-0.014489762525697817
-0.018410544010442283
-0.02290507468711644
-0.027511586212708262
-0.03219341040348702
-0.03735362508487831
-0.042892530478350614
-0.04612750180698395
-0.046837021936241854
-0.04621102339570957
-0.043487955132760485
-0.040306696237195856
-0.03672546771436701
-0.031235658205075782
-0.024140249481516066
-0.017209282320771464
-0.010376907642462812
-0.0029603134330293763
0.004637488695474022
0.01390415390997786
0.02495767655099774
0.03675140865957942
0.049644012225638995
0.05845290454457991
0.0625607880130425
0.06467403037568716
0.06328070075158912
0.0611389619930269
0.05840178945435527
0.05232083542663148
0.04340522038311055
0.03579637712195337
0.02944643594420083
0.022642863259349166
0.01636815032681194
0.007396821019244567
-0.004525751433351426
-0.017021187980650016
-0.030850211346428746
