0.14169594909396663
-0.0860302979765179
0.03137227393131921
-0.1126378081485396
-0.028781540637733773
0.5034012620405344
-0.4549240661712438
0.003661402462000918
0.341630711480777
-0.8589514715598974
0.7820932951331612
0.1366589843192081
-0.1436927786303056
-0.8880569838996345
1.1742303617801542
-0.7201873185364615
0.6513565870761159
-0.7878949841996465
1.0700069383880073
-1.6906299963484095
1.6746213913264218
-0.8052457832963424
0.5144701122598929
-1.126595468260152
0.7149287907895313
0.8987557301604716
-1.4960546253903535
1.0447494884395727
-1.075467113501524
1.4848035186271837
-1.813681604921996
2.020488763349869
-1.9257660435142454
1.920013418581037
-1.1374951014284593
-0.482939353860685
1.034558431398899
-0.9695253756435585
0.34446138830393347
1.1964161049073359
-1.3637052431521017
0.015375166319931688
0.49166688548722814
0.07674379144109802
0.10690617430176609
-1.154244902312046
1.2742460082904679
-0.8335611926327411
0.2290013824089533
1.0727218524889752
-0.8378960381410302
-0.9960239762517777
1.5179239463696583
-1.1272292311563987
0.3556904997452844
1.1205230184346433
-1.4565866394460059
0.4030407089491272
-0.27085865850437774
1.2170888072776407
-1.154629275748468
0.27961112812244227
0.43200934147543346
-1.2838992634763884
1.3487598290185034
-0.44093554098100507
0.37197421081776316
-1.0643793289900185
1.2978663100232857
-1.3910245072399094
0.9038154348493257
0.38242174235041065
-0.7402846334444272
0.09043468148324704
-0.01561085278929445
0.45893073448312915
-0.6323410205211466
0.784192878146851
-0.5347705261920699
-0.350927673954047
0.3821871657886874
0.5055278328748022
-0.8084456211452118
0.4594364293982292
-0.3347809676612379
0.6867506034777764
-0.48019882496373967
-0.5153741505746277
0.5685042280983634
0.41208724226515225
-0.814721854716833
0.4584014991536066
-0.6081197901624712
1.3784798198305428
-1.4206983256246584
0.7800699742338739
-0.24034667450884764
-0.03378980111640882
0.4643105727667315
-1.2868516358537898
1.2866760379521538
-0.4314544721454444
0.05256447961018764
-0.2661858900462098
0.2825673409516379
0.20089849413274966
0.11134413796310028
-1.3573086894598307
1.7079072128449901
-1.1373872315271303
0.8198507494486148
-1.0022458343820302
0.7352026932130249
0.4361781315874482
-0.43901690087020856
-1.2088911243262188
1.192418807779867
0.7625122763792438
-1.1712346767902098
0.0015308242738574784
0.4165745640636232
-0.14798026831731118
0.07173920529377961
0.06746868045442732
0.11201435084789754
-0.8903866296284346
0.6339334148424698
0.5653753357816937
-1.2621735422469091
1.6708078708025007
-1.546544817331044
0.9602563322786055
-0.6796795879081431
0.34798502010595983
-0.5934575144540905
1.828649577582823
-1.7617977524699229
0.10131711231958118
0.28927061131021686
0.8260251115983256
-0.918857918769073
-0.2526895823256241
0.480772365191944
0.5474371050032738
-0.6056989879348269
-0.7974117029930715
0.841397518192299
1.13547903849795
-1.0749894404948668
-1.454715839615981
1.6907458746382285
0.12000266967612327
-1.118182022223555
1.7697172933040213
-1.3209835250990285
-0.37460529963244493
1.097675298504839
-0.7603401190354802
0.8635423989280578
-1.4895897944149115
1.588446156769551
-1.2787847669827344
1.043605642676859
-0.6027121734485146
0.7179724459828036
-1.712850231426358
1.6969506926482054
-0.40075154015033987
0.21452872035382026
-1.1540908524810658
1.2793282712416145
-1.02685791291281
0.3906820513676209
1.3210733444207612
-1.2161615979295655
-1.1375189872882965
1.3311585137309387
0.5985025381643194
-1.587319336505856
1.5322770631149853
-1.550617758032057
2.1588579588681
-1.5803163750482911
-0.4855109194955071
0.9065609548634498
0.13236670214681695
-0.7281564481712073
1.2455349884738296
-1.00162519245241
-0.11698367568534673
0.2867553723628593
0.22637357354264018
-0.8376152392914213
1.8672523517090236
-1.973077442441534
0.9027859511658208
-0.7916649189828073
1.702431548007362
-1.7949826504823327
1.2588757236499193
-0.5941267323776787
-0.12016311286332498
0.4914765781812217
-0.8941045364990761
0.4494118577894691
0.9622802291388871
-1.4100149843622694
1.0916430746601107
-0.7963575177870886
0.1771983509595169
-0.29339284745016037
1.5175039007671947
-1.5043437657594843
0.0344479548800285
0.2504357640078718
0.5951745131057697
-0.8787969673471455
0.923248032476519
-0.5595009040037051
-0.5813451720017123
0.5592730828003329
0.7557020927392585
-1.0739027843822186
0.39683676504605025
0.010021224393647873
0.060747800007767805
0.24976950521972527
-1.0702661848323343
1.0504406090600793
-0.4044537552362262
-0.32441685757952854
1.28788229252233
-1.6215029267399717
1.279896281041267
-1.2253332062695146
1.380177141192991
-1.3427088809832206
1.387385705187394
-0.8524399289090754
-0.4151150977481056
0.9090038599629088
-0.4778696991276276
0.4878572220022741
-1.1743640091654286
1.0515858573380552
0.07858675512406399
-0.45816979798987445
-0.08226215124721564
-0.2016873258221646
1.0051588190487943
-1.5985896394655732
2.627777123125222
-2.012538220998027
-0.5537101036652341
1.4089383244094804
-0.4073508865426788
0.28828288357199355
-1.0005332076089346
1.03161470908444
-0.9478531742580271
0.018825240256052582
2.0480142242375963
-2.306000679348673
1.1654742480932265
0.0306947936344366
-1.612333837340611
1.9763835118432216
-0.9012714924542232
0.5239351426914999
-1.3071696726285023
0.7712750603364497
1.2867515878669609
-1.861026729066795
1.1699059860908148
-0.6359983308787226
0.009103936016129383
-0.04494788100908416
0.7970684500335398
-0.9857002785148143
0.6272153397610001
-0.31097850142103267
0.264670855872532
0.06140468249108694
-1.0982648006224334
1.026039244941897
0.5722967931205152
-0.7021977998306065
-0.973435096796029
1.2233899002100745
0.17843520914695193
-0.40302282962713454
-0.6461529117669542
0.9360141473322453
-0.4319596299295636
0.30278627930712243
-0.49208361124449207
0.520941155181239
-0.6439812167645071
0.3815226156869805
0.6505970444792429
-0.6454955537820313
-0.7412005129120948
0.8304201844324435
0.6918536329360678
-1.0583655230924751
-0.21700989528349074
0.08602298790925625
1.8938565148173903
-2.0099909106575216
0.04484004381849105
0.6604098009639778
0.12812140220138735
0.06834336447696032
-1.2272466794819703
1.6075876688261233
-1.4833149315030745
0.829268124359786
0.1922081918009942
-0.8573777938838789
1.5842935772258082
-1.1926529893654105
-0.2072379055047477
0.8141340573685579
-1.2593671461545404
0.6285080613251819
1.6927430108870087
-1.9225989275272064
-0.24609154285457946
0.6003958899691664
0.7732467886052217
-1.3635928438398977
1.464109627181023
-1.1055467414807278
0.2018246133054627
0.00599162721744154
0.2861267331649293
-0.6724044875113787
1.4106697344458
-1.4417026972928084
0.6809040453913784
-0.6387982201933085
1.1207596941293356
-1.644882983461309
2.3461558261992015
-2.439226097629758
1.8907446648510438
-1.508297173930487
1.4685657911426258
-1.0139655595155268
0.0453262084444111
0.3307884936814715
-0.10198901730527445
0.04771357926766207
-0.1966740571451407
0.1322426763356917
-0.027649247908437244
-0.15857901783801362
0.764697892051081
-0.5006944360432521
-0.8130991508592939
1.1258226851096809
-0.4861705637068393
0.192798290428546
-0.21125464768364252
0.33351242467131276
-0.4089443880804431
0.6808951034666408
-1.2483549405898409
1.2512542645175317
-0.8921905840705613
0.4859763325670507
0.324092785823134
-0.25959454294702666
-0.9998006428715502
1.1049100952501618
0.19404575006868957
-0.39745084104849643
-0.5568936586250853
0.7054528359584147
-0.23716181058605101
-0.26752986626213426
0.9477585840515335
-1.0618155630270254
0.6027722404997291
-0.32410280381493917
0.3976820142496754
-0.22226496681013447
-0.5004057710468567
0.36824772408941103
0.8416429801534483
-1.1495053044220251
0.2528136698516369
-0.2319538986966042
1.4170535554616206
-1.2985632645405167
-0.13277713371633432
0.7280822453135195
-0.6949104122287056
0.46271574034558915
0.15311504500306128
-0.1975094298608057
-0.3408875118063101
0.3947051233362371
-0.1868206662672967
-0.27006504423240485
1.1815786860955697
-1.3603471848823518
0.6866334189921728
-0.5789292425274413
0.991883563596627
-1.0080358679347476
1.011826855228531
-0.47875690206957394
-1.0896314877044067
1.1509876335029705
0.49005833245672736
-0.6662790788937552
-0.24011632406684488
1.0456797388319954
-2.377474804941728
2.083571284779349
0.1383558855995839
-0.6456093268917903
-0.5260874372421246
0.9984156234391455
-1.005708617140007
0.8909871708569203
-0.20064839765404363
0.5122200805104178
-2.148798847501679
2.2350570952489157
-0.9221583267874067
0.18342442619199464
0.44063384140254896
-0.284527729228373
-1.157875073261606
1.0329603689403848
0.9971469367281665
-1.4438452353164428
0.020477372711273534
0.25531078706743826
0.905435077868317
-0.7809444311814309
-0.5846665822778341
1.2158649799394647
-1.3442330560684002
1.0878378998239095
-0.31632684994276067
0.06412464796834422
-0.4045834989400114
0.3295543512263072
0.06617059654923324
-0.3161154915606846
0.5919524964785947
-0.3807158880237688
-0.33237219106034527
0.7452617975384501
-0.6897589057056988
0.7734776427225841
-1.4895002043882486
1.0762992124310322
0.8451358669479715
-1.1076952328357765
-0.3199485513102883
0.8400515893264836
-0.5918713449369627
0.368541230998949
-0.09687212832611683
0.13383963548299158
-0.46086833813529154
0.7352835871983789
-0.8888668772587751
1.1135096138199159
-1.4468887023790276
1.4996477175592409
-1.2684734762472283
0.9953183189471958
-0.9349417392331096
0.5593080530425638
0.6810838951869265
-0.6764140602283333
-1.2300196411828832
1.0186580547404736
1.5881984343066127
-2.171574124894216
0.9866981565011099
-0.1863764505960121
-0.6072850860543512
0.5509699551354144
0.625196513070299
-0.7209512048796157
-0.28380369314052195
0.5337386047960363
-0.31240292819776394
-0.14458175150951746
1.2023289739701817
-1.2395383928257915
-0.012840339999569517
0.14133231207518993
1.025730267296049
-1.3366453477281068
0.5452898681857473
-0.5324715481387914
1.417937810103834
-1.339616793320512
0.6178614527150785
0.26315975075206266
-1.460356370912072
1.6407688136739274
-1.113125359149111
0.3412412434994425
0.9395401105499976
-1.298791883465891
0.5113415504729906
-0.44490997992989484
1.4468966484655374
-1.3604689064652982
-0.032934113729087056
0.2585465528194009
0.6684892535029863
-1.1014758693184086
0.9888983958121091
-0.9588097212412553
1.1724838329241627
-0.8895682610323397
0.10358450198797231
0.33702526121139886
-0.3673333205956888
0.41996957486467795
-0.6989724109822139
0.38645554463007065
0.43538771904540874
-0.8369117949687337
1.2450153081827307
-0.8827393073468648
-0.5076972545774316
0.5613609407668763
0.5037609843981794
-1.3258826092879517
2.022823992457787
-2.023339147084082
1.661247201038119
-0.9333133743889495
-0.44004179762330475
0.6993110388216847
0.14788448386965256
-0.45857486123311836
0.3392451259563901
-0.15973984085205123
-0.14664161504147855
