0.14018947678498636
1.1690908881260316
-1.5257751820064556
0.6934808720751158
-0.7684763749653267
1.7589708090644196
-1.9588848810431392
1.8490966260096087
-1.2029490144184773
-0.5624163911490083
0.48152839822127064
1.5351498493609699
-2.0706684494248044
1.5618595812425289
-0.7789738016646856
-0.8025060430629776
0.9035052665724891
0.8429652924930562
-1.0029171235551784
-0.5186373795642294
0.9510087040898597
-0.36379403189933635
-0.025344804838804035
0.2458774142660687
-0.4886619716086155
0.43522994131383375
-0.6505106308893421
1.848887791796636
-1.3199246052844162
-1.439388385697807
1.8485993055817567
-0.030300424145056293
-0.7219934651604177
0.8439894370878487
-0.2543569519159281
-1.2480263085065297
1.6762267314009451
-1.0088844872426452
0.7339138782621537
-0.8537558656979438
0.6966157127073062
-0.5383922193895643
0.11658135985102647
0.8312121508208208
-0.6483059719935633
-0.3931692908935371
1.250030700395438
-2.251482350669007
2.130255862498119
-0.9571545842769403
0.27294348537519736
0.21113565550140034
-0.30891220638367894
-0.5151292676668764
0.1626985494365009
1.8940015782574744
-1.9386867075064513
-0.22914230534651336
0.9642915875358222
-0.2377164862406705
0.18730182372015686
-0.641079483889792
0.9988169870324544
-1.640628818283905
1.4575276435960542
-0.10940391305168423
0.04341415788473908
-1.2864349065415883
1.6292618863047452
-1.3517718460735313
0.8455152053769541
0.22150324992895376
-0.3730528618807887
-0.7058969246341059
0.6757314803416881
0.6114923270246249
-0.8716262440087947
0.1267127289019739
0.29421077141061475
-0.44822128376137627
0.6676889565405383
-0.7112306052653197
1.1397402240660681
-2.019992471336037
2.085172181042312
-1.736132593854736
0.900816402160116
0.6647097043760601
-0.9897791359365865
0.20140329755895248
0.3545459324752553
-0.7540635554493624
0.846678333962535
-0.8589406827640237
0.751285215897251
0.054950689872177966
0.37220840011809064
-2.4301385825070394
2.5225992661132537
-0.767672186287265
-0.334432837622873
0.8206924610107904
-1.0649126499173986
1.3548968748560193
-1.1855217482398885
0.03858138658178051
-0.08866656591248696
1.8762495036422924
-1.6805642612333371
-0.6231281292776535
1.4652130309427762
-1.0091337657406807
0.7097647600364303
-0.36086245849423393
0.39338176592919194
-1.0319770126628587
0.9462435310401672
-0.022302959609456108
-0.22941711912357732
-0.2457112403154281
0.3841323121512738
-0.143949451299952
0.19672354245589024
-0.5308331694369177
0.7921949606990527
-0.8723400925517253
1.0742499107851764
-1.433373398106511
1.3380088077151708
-1.045840205788331
0.41746895381104415
0.751870378655613
-1.0979214030160251
0.49412061329034834
-0.41560487938214913
0.9330372878764365
-0.8760866717641618
0.45889197131637344
0.047844713766440235
-0.796278712606889
0.7820034141571751
-0.19889145942833447
-0.406679389743837
1.2177341443351208
-1.3879881139297858
0.8210010769123919
-0.6803382674048356
0.9330299948757509
-0.8058949142344634
0.7262231582517242
-0.03987879820245391
-1.545387559222299
1.6113157179564337
-0.5403083616072106
-0.42776521544189094
1.8365474598896196
-1.6977924930232897
-0.13343907029513846
0.6600896670632964
-0.10870265971212897
-0.312229765453984
0.9296800437435024
-0.737942564528344
-0.39988281896080524
0.6698698188536827
-0.08644275625348266
-0.25641863876662085
0.17904677186545143
-0.3303561756689435
1.112034790244645
-0.8982262686621854
-0.7267578822071025
0.9734899600019203
0.6586678643400575
-0.7528858028119388
-1.3237364749642038
1.3207631650534852
1.1977429633166472
-1.5236266685620672
-0.2841413721259475
1.0329352795303381
-0.9262657272292663
0.47714294954216796
0.10656293241479622
-0.656706540397316
1.5005433532580843
-1.2683161970396892
0.119418771255062
0.5480665165212472
-1.063533411992693
0.6819822059393559
0.470572005235251
-1.1523604088763173
1.6764564204221386
-1.4001497864487173
0.4033852565670783
0.03718917177686379
-0.45998385714816037
0.052806833129901365
1.7843316463428347
-1.650634725713939
-0.6599888299304605
1.321432802258894
-0.4759614531628922
0.01234902748891762
0.3186612873018262
-0.2347924207177754
-0.4979578350911305
0.4020959304062584
0.4568648627797569
-0.7831801449261122
0.9038696739190611
-0.4056009376515302
-0.7684399080626089
1.1378914755743434
-0.9988925028835072
0.528286824317278
0.47728117865313674
-0.6165769738938448
-0.12214202509966593
0.495453143285816
-0.39007092059433424
0.5189109391486643
-0.9732706840729614
0.8692317440855208
-0.4113662616117384
-0.10422588663411193
1.0584014559324215
-1.1269746571776311
-0.11534551034908169
-4.877071882021522e-05
1.7023277915734716
-2.026919168546997
1.008222675394642
-0.46440302326372546
0.48840640963624693
-0.41833346790131454
-0.17925602311340058
-0.07332843723446258
1.6438072470045137
-1.542207216171902
-0.2882731838728437
0.9072665675619729
-0.6970931888835683
0.2345223650041444
0.9263476667397939
-0.7612931281447081
-0.9251998157670799
1.4241826106408195
-0.6211284539428747
0.38984484252318236
-1.026508820921187
0.8884446782216404
0.35397379011435803
-0.412164631558133
-0.9480178909546766
1.3017765922816469
-0.25763679389750904
0.2451363914426984
-1.8066055440385187
1.6095415649645426
0.678832803374901
-1.2748758981101853
-0.10274092518994138
0.3703419958839922
0.8413560247452683
-0.6549866018004168
-0.963616832308237
1.5226168203190489
-1.339530429398926
0.8404152653439287
0.19309395453629175
-0.34408107570933
-0.39668572473417785
0.718769592674816
-0.5876116308923369
0.5639633344274445
-0.7870482316130193
0.6732607985805505
-0.05210363648036828
-0.06705769429506706
-0.6020917491952663
0.5484877254137427
0.5208792111310018
-0.4363956421058893
-0.7992558230563146
1.3503648427751842
-1.2288434493977407
1.0232575876673147
-1.0432726614414358
0.5566500104548417
0.8652395252377676
-1.0600213836727796
-0.460172649246537
0.4319964191105045
1.4340276173777093
-1.5802003760260401
0.2218333616433143
0.6886654351229122
-1.4824382164781074
1.4587196581970712
-0.47666430318567576
0.2353704633894145
-0.8784185530524017
1.0557848472489075
-0.36257215609071675
0.5586807893946165
-2.0658531570471625
1.9395515357674384
-0.1809965518167017
-0.5996189320188532
0.5901587600077169
-0.35865067706831477
-0.07664582200170675
0.24074431047854744
-0.4458965531818083
0.22310393732518813
0.7709237263478901
-0.536325203374965
-0.8156884044388103
1.5136564331067097
-1.809758173102865
1.4345864319861246
-0.4519227747937783
-0.2743936434153528
0.7221285845770187
-1.0048073364185315
1.251669412145852
-1.075140553165863
0.5008013493908936
-0.06911563426913159
-0.15869278890798166
0.4146257723495447
-0.695139130887517
0.6575180485799055
-0.5871850102366363
0.031026186846514328
1.0946274734603971
-1.4138454549017248
1.0677378146953354
-0.5690944033674868
-0.06344089373792028
0.569861511483916
-0.8479599343883801
1.1316710988016825
-1.4370268335041165
1.2140396270003861
-0.8751155632227443
-0.14148053186482507
1.9415518442757929
-2.603721353880987
2.3199290714108667
-1.7536225122379425
1.0754628197710523
-0.44144527529423533
-0.5283577908299675
0.5641246425511803
0.6560055781964456
-0.6598620280294246
-0.5563421699602533
0.8472120440683288
-0.7302149057431011
0.04431174527407464
1.760577695242894
-1.6813723709682598
-0.38412152359002016
1.1229264021024674
-0.8088215707956533
0.5426451838407284
0.15356131993599553
0.1816953895600899
-2.043434993122022
2.2550249697222293
-0.40505407618282013
0.21144931333981812
-1.954268970967594
2.2840431878798575
-0.9069775242243081
0.6042409582406344
-1.6282711499330371
1.3551452824170325
-0.058565216969957035
-0.87339484063572
1.9464052831137275
-1.6989794102951592
-0.06311513892952658
0.6248520016416093
0.11542920411033913
-0.2884390154915252
-0.25579018871617104
0.1609578702847771
0.5476963232189304
-0.8505816020708082
0.9880588170999236
-0.82471760247739
-0.060373397599571055
-0.007926505644958587
1.553496940862729
-1.460062774563238
-0.648310625711902
1.0130116987992546
0.4501963741640174
-0.8410022233366713
0.23251549494924728
0.16989635066149789
-0.30788626617718956
0.45186775929980827
-0.7827797356168616
0.6131015628894512
-0.021852029704722692
-0.1960985955653135
0.3996376075283982
0.10170473593229631
-1.4828746316706936
1.8545577779177636
-1.2311351783183242
0.8786879130713542
-0.9228751539097976
0.7232976167471964
-0.10988181172067378
0.13946318059134408
-0.6356024730278038
0.8799347434908616
-1.382121750184506
0.7945184507079903
1.205527976310635
-1.6711384025230176
0.49137834740334563
-0.09372780122155644
0.6470863070817477
-0.5542491804235362
-0.3746879666554098
0.6086360328718563
0.10849042100584505
-0.054932756837648304
-0.9909816897909336
1.0389338957929781
-0.06755965049378332
-0.3217299472384145
0.3647817584995405
-0.32248809236492726
-0.2736962602121011
-0.2336318754373923
2.082032875189545
-2.501037119892082
1.5588252001514613
-0.9683208754957394
0.7939780098226203
-0.5492301967835986
0.053709851642502096
-0.07568506577704726
0.6526854769161801
-0.7504044894583289
0.575701827564149
-0.28334328306514633
-0.5056880070972957
0.3865068792389519
0.9168471863460287
-0.9813658489302999
-0.2100997618458254
0.7328788962181203
-0.6995442970204808
0.6889171973945586
-0.45227005212266974
0.6703165168323294
-1.4245974201427742
1.3610415961659832
-0.8021685654592772
-0.0912677615215816
1.4965594516005072
-1.9754695164386444
1.455730748244827
-1.2033643304205768
1.4603543918127007
-1.0168771820246207
-0.14775798386852923
0.6638861214809323
-0.6662860435211216
0.44991150313136913
-0.05823118090751368
-0.21951913067168155
0.41750403522262336
-0.39482915395404194
0.2900079942687398
0.0009553511606058621
-0.502765452312959
0.5864483131909413
-0.5404272505123813
0.1814276156755385
1.0035895373369386
-0.9768320424623806
-0.8662769772711999
0.7973992081129644
1.6383633060244878
-2.03872876055469
0.144848562083083
0.2999042227338936
0.8080302547063318
-0.9580315905694008
0.18481676609008466
0.3055337598546369
-0.4349338833782267
0.6986353597424407
-0.9863565198510539
0.9503541150653705
-1.2744967862340668
0.42581164631214374
2.3383292466174805
-2.591316166288544
-0.1559539479417038
0.6866826070377877
1.2747130381964054
-1.5128714470867008
0.031086401548511666
0.6701796662416956
-0.46855093248378765
0.4166183756225409
-1.1312917088808987
0.6283582565456014
1.6470875329075292
-1.6166162160411306
-0.5604012012704722
1.6862791616397448
-2.0630572730692758
1.667782839761357
-0.5863688636551002
-0.26796345901438384
0.9163099591637165
-1.3515638650697288
1.531327165081288
-1.5900694506098154
1.7073108992371906
-1.3208683628237525
0.41333514766719587
0.1458642288535192
-0.2863851234060907
0.48394543901951786
-1.0313020698430218
0.9764833417406242
0.09415589019935688
0.022195381183443108
-1.504951993629137
1.6420240916446036
-0.8392757847375304
0.005139336071231307
1.4676131291269663
-1.2792845653103184
-0.8543297214526135
1.3498569291783862
-0.20619546034464248
