-0.09190470399504674
-0.06556464788748102
-0.0394023342833509
-0.014225157089936748
0.024010585195723497
0.07209064197921537
0.09766138019751763
0.09946482375716968
0.09077931800050679
0.06302349020756529
0.03876500801524075
0.019102390256655444
-0.014667228361546308
-0.05790163988947039
-0.08097942683097509
-0.08340403355896617
-0.0761484530758656
-0.05152962608571432
-0.03170619851217032
-0.017634757053724026
0.00835358188764456
0.041664634052870304
0.05952377188486876
0.061882833097374156
0.056450712702980556
0.03738845214584826
0.022599516886038833
0.01275853118615189
-0.0060864814864840695
-0.03022931373202817
-0.043089378979954
-0.04473202202598907
-0.04051427536533614
-0.026199570420504692
-0.015135944775730301
-0.0077879917546120605
0.006149102928041236
0.02391867157285778
0.03340014663681153
0.03464527684573611
0.031536257859725754
0.020972723994598787
0.012753734994991252
0.007211932209924484
-0.0032128843792083367
-0.01650085482646021
-0.023642085350863304
-0.02466429601635186
-0.022475117795420937
-0.01476733687299948
-0.008803912017874343
-0.004834100435196464
0.002753939289774511
0.012462844854931317
0.017759076197315343
0.01868010815145693
0.01731386677657471
0.01199356347579857
0.008021522923110367
0.005580775463787847
0.0005927902774929469
-0.005845975613096549
-0.010111303920956664
-0.012341371610930879
-0.01351846553633635
-0.012754617173364647
-0.013255024866657616
-0.015125285600189066
-0.016018613735384612
-0.016612642714202635
-0.016294394919737467
-0.014733283922986038
-0.012678649704868724
-0.009878165263641603
-0.00605438711915891
-0.0012300064741223818
0.004709551490266195
0.011852633873521323
0.017201296268052484
0.0205284644804973
0.023347956520048053
0.024848518752906126
0.026824174492667302
0.029411437456833965
0.031016949728227026
0.032020891063959896
0.03095922062483439
0.027457039170925464
0.02243389686615706
0.01537710713105412
0.006700371003674948
-0.0036052257967145573
-0.016258528303768685
-0.03124605550221565
-0.04047737794612337
-0.04331426237938922
-0.04362541061315645
-0.03917313799411416
-0.03490011424232594
-0.03109559326570033
-0.023322008639006384
-0.012572214951099983
-0.004552800466118575
0.0008150659540812488
0.0056356553897786935
0.008522810606878812
0.014012736635562188
0.02237615032882343
0.03022258752101028
0.03856717159868027
0.04148975110439699
0.03802054394309561
0.03165857573180937
0.020595607111894444
0.0074049095231223695
-0.0077422544873443095
-0.027800221333603443
-0.05233617926777157
-0.06464868423354685
-0.06359329380882363
-0.05686561614489735
-0.03989646172528846
-0.023212841282423638
-0.007400141703135548
0.016804853920857125
0.04727663498502307
0.06379575035974022
0.06564231853933045
0.061034757139052265
0.04463433770927506
0.030648693769717267
0.019769471738399387
0.00028848343876801104
-0.02486193933966112
-0.039060687224053196
-0.04217960678326873
-0.04015878186462824
-0.02873552197949591
-0.020666242498515435
-0.01649452424571849
-0.006207999876467311
0.00752880266906132
0.015532331854744447
0.01812346451746205
0.017860862734155172
0.01249018310076009
0.00999635649283834
0.010648624819299932
0.008563759021226091
0.00542770020468809
0.003268231633848373
0.001616378110903205
0.00067084775013576
0.000831445936327626
-0.0006400021010213706
-0.0037631070591110432
-0.006861943031911722
-0.010525500718348818
-0.012316960947274778
-0.011851829414493037
-0.01070897016786844
-0.008174600373627884
-0.005209822298306422
-0.0019320260578753628
0.0027719907132324195
0.00871287874534029
0.012005772166945752
0.012449919229474768
0.01177958829155237
0.008959465211392844
0.0065314526093514435
0.004644354495955286
0.0011356635936047989
-0.0034663647486257356
-0.006209587601559394
-0.00708910249713744
-0.007158276880807268
-0.0056696684451009475
-0.004904989282225777
-0.004968300472795814
-0.004087918332561986
-0.0027470053250504152
-0.0015776471758632326
-0.0004278813129932826
0.0006761618033800645
0.0016187874069153
0.0032340656142419216
0.005541518508160045
0.008044119662148673
0.010930674566762838
0.0117157896579579
0.010112686765285742
0.007432171074684534
0.0029565536767387573
-0.002004924430914244
-0.007372025130363606
-0.014444501526195025
-0.02297584010274537
-0.0267892774646717
-0.025469631190875353
-0.021790365273322045
-0.014054788214210655
-0.0061936577711213595
0.0015965952255966643
0.012775855653717668
0.02656276858548263
0.03373422810429509
0.033857530202697744
0.03080178659509993
0.02209327022510552
0.014015075125140273
0.006869373742778234
-0.004638574492596454
-0.019231330694325015
-0.027074688229243977
-0.027900353441997643
-0.02553532234664728
-0.017400923961123946
-0.010622580071553894
-0.0055250517137623795
0.0036749486569802045
0.015505742180545049
0.021473728906288424
0.021473937727454477
0.018549674961021625
0.010502172265783684
0.003794197988762271
-0.0013135203531728196
-0.00994091692317259
-0.020753108086444826
-0.02631428034322286
-0.026523079689759876
-0.02400319592088594
-0.01681798263586438
-0.010642676077280871
-0.005688803856429187
0.002554858623169167
0.012927863213097197
0.01932902104249799
0.021725216165550974
0.02223894264992028
0.01930358417175149
0.01768129748029827
0.017563101466677725
0.015228813531969958
0.011669295798560351
0.008650891209954253
0.00588493319784048
0.003188921552070839
0.0009208900109713107
-0.002951054729827326
-0.008496372986853528
-0.014436711106393978
-0.021234056632685683
-0.024672972164982748
-0.024227359203736937
-0.022227744551216
-0.01745179026509349
-0.012022211078425661
-0.006090422423908826
0.002500465511236164
0.013346413793158525
0.019196767332533556
0.01967331898842765
0.01797891434297636
0.012173421362159332
0.007054486967022268
0.0028911735086156226
-0.004391949502828107
-0.013803293789314186
-0.01828015272118942
-0.01766175679913723
-0.01464060091377967
-0.007373770200194988
-0.0010282754850724934
0.004166626921374113
0.012379191502274093
0.022541921650754557
0.027280763173487363
0.02638749614716126
0.02263406474157826
0.014067771296538951
0.006062855353481979
-0.0011725876618925767
-0.01202655054348634
-0.025413097000103715
-0.032143689862450565
-0.031875486752776655
-0.02824230602869079
-0.01879314648989956
-0.010041189716762362
-0.002263331174578211
0.009933046426755021
0.025229355972437764
0.0332553727177967
0.03369280188306324
0.030590725908292666
0.021212444103711453
0.013029033683766938
0.0063707524317793505
-0.0048655845279644
-0.01914832251935769
-0.02712056883925568
-0.028643839856943017
-0.027140452713336143
-0.020186422151990308
-0.014845638470596532
-0.011417115119507715
-0.004290126131180351
0.00507073082290984
0.010565473277869865
0.012292287607616513
0.012164356463797594
0.008654752603594714
0.006801285739307154
0.0067932629095868394
0.004822059456686113
0.001947668962287339
0.00039125876555084804
-7.450156584979875e-05
0.00022138419586804128
0.001787717361826717
0.0023264216273425147
0.001788318508745829
0.0017389637108478784
0.0016897075423614775
0.0016076008400021256
0.001647803820986315
0.0014792070995362418
0.0011244941519078415
0.001017307501175239
0.001129402996693062
0.0012664626939745299
0.0015151588548510345
0.0010168601441999767
-0.00032323275557135566
-0.002037536391703152
-0.0043690501956652064
-0.0068873973407218335
-0.00955996262054187
-0.012817022165884732
-0.01657461937970094
-0.017920049433931776
-0.016624913533660992
-0.014009209413288266
-0.009256981550378069
-0.004160980243102394
0.0011995666186686512
0.00845024307704672
0.017247432122278406
0.022285633563410713
0.02327548283328934
0.022518439035341346
0.0185811122681235
0.014991627207513009
0.0119284197785082
0.0063772364185803385
-0.0009458830157841578
-0.005403277308850282
-0.006947203691964482
-0.0073187932548104675
-0.005335140162476156
-0.004504325119067928
-0.004999390911038216
-0.00406751733651884
-0.002454473329628482
-0.0018285763783595847
-0.002022031287756137
-0.002751175976946791
-0.004393774842729508
-0.005266165218300699
-0.005323144101753555
-0.00571118012935189
-0.006067213676314406
-0.005705769890244529
-0.0046690019855557974
-0.0030158841009528398
-0.0005673900373852946
0.001989034104902601
0.004666237839480884
0.007973492114541281
0.011785790185194234
0.013292970710004418
0.012278045620953294
0.009985867506972765
0.005626153238136061
0.0009767584058960194
-0.0038905514331580657
-0.010573546777170305
-0.018733004281239894
-0.022664554808626426
-0.022032818491408555
-0.019328185091814356
-0.012998693038002912
-0.006795435169293428
-0.0009030953449075565
0.007914055869713338
0.018902071298401203
0.025030324559724502
0.02604503035156713
0.02479250391000419
0.019412550923588973
0.014856719374244617
0.011361136709828877
0.004842770822782807
-0.003679473690864582
-0.008485405337840276
-0.009540511351874862
-0.008885870229239699
-0.005059159251565407
-0.0024704803765810343
-0.0013111765647977423
0.0018671667169033869
0.006139565769044542
0.007206798357364043
0.005058080823306353
0.001096677986732946
-0.005788613685523741
-0.012203818823350683
-0.018039896398335392
-0.025955114084424944
-0.035259207926865356
-0.03897282049459318
-0.03672512991144454
-0.031344153629209726
-0.02091838654649944
-0.010196960407438881
0.0006446171100703544
0.015677708501426413
0.03397596716699635
0.044526844399388754
0.04680337855986841
0.0454355217151882
0.03746507335948506
0.030409208473200337
0.024630073096954495
0.013792959547039468
-0.0005733692987663661
-0.009681109809926768
-0.013515534622164095
-0.015262812499596663
-0.012705129857005445
-0.01266311631490001
-0.015467730225076262
-0.015846979621135744
-0.015259739822707678
-0.014444548209826016
-0.012844657361604164
-0.011099836088317985
-0.009232847354224912
-0.005439376155580711
0.00029932051902834076
0.007128159809153929
0.015475304592702601
0.019911883345158955
0.019884099778906962
0.018301027929646448
0.013641873717683418
0.008859777799101255
0.004182557815478038
-0.003199045747264385
-0.012685167662335791
-0.017941424580995007
-0.018751865168332667
-0.01774511687357385
-0.013262704296515377
-0.009718730358140592
-0.0073496771239215915
-0.0025302082955349185
0.0038150587578719437
0.007367241683769061
0.008161333915253578
0.007626612578005359
0.004675157368318923
0.002760817739016301
0.002021485167164283
-0.00019034100782178506
-0.0031489543964320138
-0.004766875684040405
-0.005152247482532103
-0.0047993041148244354
-0.0032011831613759623
-0.0022676761937461217
-0.0020500042051111427
-0.0011672341069634727
-1.9267884733144253e-05
0.0008765012945989197
0.0016240607830971864
0.0021936125454711398
0.00247775071256332
0.003148556907727282
0.004210370445769064
0.005241849395238807
0.0063858357099434325
0.007992051628929174
0.01005987605445924
0.012530361262507275
0.015501835614494908
0.018662410110236286
0.022019484172667518
0.025822550607365408
0.030018475032571816
0.032393632746795874
0.03276024962734514
0.03212880867858074
0.029872339549769342
0.027345309144907907
0.02460459365291741
0.020409067071770346
0.015014822990696624
0.004516035873617805
-0.011689079831736613
-0.03164658248348447
-0.056583291434629195
-0.0846463099720649
-0.11582375374194134
-0.15221852505736141
-0.1935765607725173
-0.20792683934096629
-0.19242344794824598
-0.16201305435961127
-0.10762393760805856
-0.04833612473893048
0.014995203230009446
0.1000643354763814
0.203265693779136
0.26208121648428084
0.2729475221234926
0.26329930892410075
0.21621126462149362
0.17288521996219713
0.135447053102479
0.06852781605942776
-0.019512363001664448
-0.07350360235688458
-0.09283065393981298
-0.0983169426433535
-0.07588225048643853
-0.06712008519969359
-0.07409888761064432
-0.06413309298995055
-0.046067107949822356
-0.03687016969529669
-0.034252355819082106
-0.03616344416928421
-0.0462570939258223
-0.04617063303239099
-0.03541686001076503
-0.026028435913043917
-0.013979049189748214
