0.030323784417663497
-0.005846712352431846
-0.013301473398501728
-0.003200805987503649
-0.0043326088412890965
-0.007247171233971286
-0.0038109573515244205
0.003607552711334061
0.009661770600169694
0.0151686011053986
0.006464918013117074
-0.018999663972749565
-0.01598676317711776
0.014907359342682454
0.018056176027482402
-2.3402539679844437e-05
-0.012741737213059757
-0.029288873734016986
-0.014611954461393429
0.03742010977893121
0.032272343951017496
-0.02687127860097954
-0.028977545992185376
0.012940993034431076
0.01657724181100844
-0.002644856276980597
-0.0064209593496787065
-0.005716658639072823
0.006053572908215015
0.034776444300005656
0.02757388366233345
-0.016295170663041234
-0.04485496102943707
-0.06775215701824
-0.03135345265549693
0.07891724249896716
0.08146541514741473
-0.01947448067415125
-0.04248733176508727
-0.016794276402286232
0.00032975333927986886
0.0374480219541015
0.029254421177709374
-0.03210581061747594
-0.03543052588041596
0.009226821924040304
0.01896448689737736
0.010372517260564864
-0.007806764858061121
-0.048947565710327864
-0.03623285922958322
0.03383391784823506
0.05866453884420494
0.05064369739462777
0.01480152748579211
-0.06992012134953525
-0.06844679057086961
0.023096610904504405
0.03897568379965228
0.001292743096698219
-0.006174266386192671
-0.008545542336404567
-0.007809968559176714
0.006037005997266136
0.012617221561189855
0.01382516753864267
0.005300148779448875
-0.017586859117318943
-0.021950204405841556
-0.008182058331624114
-0.0009501660926667106
0.006001948826490496
0.020732954227165253
0.04069746538779885
0.02182316618589588
-0.03932793701780753
-0.050854378740791496
-0.017747154782916427
0.004391407305166973
0.032633398247136805
0.030341536277619992
-0.012357662381349393
-0.022372129026901902
-0.007309627435105375
0.008458325488263684
0.03814952767105746
0.0253268760027545
-0.03547214478658518
-0.04278503519643745
-0.004519437031366138
0.010588616838018709
0.019186878846566457
0.015330839182797018
-0.011757009983680077
-0.016097135241958153
-6.599370235148172e-06
0.0072605653780285755
0.013784018870001273
0.006313711126187473
-0.02022533748709147
-0.010882680925100982
0.033755290146733806
0.027665771583564407
-0.023147041444861766
-0.04108722090942598
-0.038919936031420466
-0.016517329146212234
0.04091348401214801
0.06473513581847071
0.05576824490107988
0.022360242490085804
-0.05275009960901138
-0.08867913581811748
-0.0845648716401668
-0.027992783978280183
0.10471948410259303
0.11850829908229721
0.010327148888606164
-0.032358268439633686
-0.04566124082342603
-0.04674668450754404
-0.0054898832342166375
0.01620210192686002
0.022658189188085542
0.021613609314727784
0.00033971969106046253
-0.008421929358408234
-0.006190081955724101
-0.011411617900416315
-0.01824529702033054
-0.009947268879848745
0.013288832502776106
0.028142782259059668
0.037073048979217024
0.01745352927534788
-0.03819829038222905
-0.05018325498136383
-0.020804195606216526
0.003388454008332533
0.038319989129173865
0.038218148359042296
-0.0057200411318554245
-0.015568266748832441
-0.00044341390447584245
-0.008529047038788276
-0.028512692292845136
-0.01482998989309244
0.029714732467411895
0.033714034661343074
0.0015303477503592472
-0.009056293127232235
-0.009786063356168242
-0.01080155487998377
-0.003420993024284055
0.003657042536849095
0.011101262229954318
0.005541455210755773
-0.016059843704112335
-0.013739068296521079
0.011162192832397767
0.013788060027532065
-0.00016423557789447936
-0.006036117875586327
-0.010694472564487578
-0.00038919605726749567
0.029563228306175558
0.020780408026312897
-0.02653161532238961
-0.03127883547285569
-0.0011711780490943186
0.007708714271171035
0.007966386468191013
0.0069448222639395835
-0.0035098388871299267
-0.00890653549196264
-0.009762804543981077
0.007210392168147848
0.046778822841362616
0.031412755432347415
-0.04044308856419426
-0.052106310386929484
-0.01399976169758621
0.008311634553638933
0.03482002913624964
0.026430020542058036
-0.028366205898677947
-0.02971988403091431
0.016027457908213066
0.024432150838003118
0.010687226569112866
0.00252545098453258
-0.012531555665802758
-0.019185136237857992
-0.014492957479662292
-0.0025764154949920043
0.021539246551686243
0.019088805045560833
-0.012102308545063993
-0.015406178859997666
0.003111828575537524
0.009507135033553455
0.012623929048430368
0.008003369360474143
-0.009577820501748534
-0.016648971680295926
-0.014618141406798428
-0.003732034411612243
0.021529671497564025
0.017701783014592798
-0.016675244535531743
-0.018437158993933705
0.006136918652144077
0.015258936008225874
0.01871170198205856
0.009236778388836657
-0.020353725574153308
-0.02580132367850197
-0.00823760601417715
0.0018369663960035453
0.012731834612343984
0.016865532432683576
0.00958222289432511
-0.0005895389546264659
-0.017173424784083867
-0.014954084525067527
0.008834367831026337
0.011196395821780317
-0.003799365823059988
-0.0037662273430632597
0.00500675804776343
0.005470850185384943
0.0015635917032185403
-0.004141712093514942
-0.014209959305398197
-0.006502776518663635
0.02069927131240299
0.013176291293391075
-0.02757495974395238
-0.02378409106769574
0.018265217606984192
0.02458052622517953
0.005863649140039031
-0.0038662749478903984
-0.016065358085155756
-0.007708738512380158
0.027082430931131177
0.02458748001438481
-0.012462641676905886
-0.031104243445393344
-0.041946366227457135
-0.020453773931863182
0.04484270486988786
0.052905626972589985
0.00627619830745155
-0.01662375929369874
-0.03411004582566229
-0.02152556028884241
0.03535426509724661
0.029154778271513117
-0.03698391962314523
-0.025852686478324307
0.048972983000379416
0.03996276268682773
-0.03714750140843404
-0.04598034973175039
-0.005565041096663422
0.009217400165468573
0.01881618184754918
0.019451054902479982
0.0004986650733577846
-0.007105444381197631
-0.006356465616413224
-0.007444268842713861
-0.0049299413443213485
-7.06403758503917e-05
0.007107787436565076
0.008174347809068906
0.002143746706598224
0.0005372741683501033
0.0016108201715741442
-0.0027447262889194863
-0.011169660698400589
-0.002461426935248718
0.023981125843139574
0.00688948905140772
-0.05368508430121383
-0.0386055042553407
0.04724782937570023
0.05549600804124481
0.0015310784043597132
-0.015067770470330106
-0.017151830110532285
-0.017910922218084303
-0.0030720966412542336
0.008692483739137502
0.018847187548870898
0.013458588785224124
-0.01265770386481928
-0.006324425577704689
0.03113096380590376
-0.00022266775123360154
-0.0967382138829295
-0.0645881179790098
0.09014336967861428
0.10304120717598421
-0.001999255362021221
-0.03506589232779125
-0.03749300981506391
-0.027405547126189936
0.024170803764447364
0.024435417555371132
-0.026628503600127286
-0.01634736864618633
0.042147298703906225
0.02770454264215664
-0.048004528147135336
-0.033460431013189226
0.05897395929930222
0.05011602940615355
-0.04245494754960225
-0.05492942083392871
-0.011291794260109332
0.0051442458994588386
0.018919796463157612
0.02318916810271693
0.006751931263600313
-0.010186971662134224
-0.03272872502937865
-0.0030416208559580493
0.08707469340057382
0.06335374432264196
-0.07146428858901945
-0.09489755029051299
-0.031028396400146322
0.0067577714569769624
0.05563965408991986
0.05529213459614321
-0.012228993291105411
-0.03257560569900672
-0.01943702734887016
0.005919841628701586
0.06477463005126649
0.04825766271349008
-0.04930078663711074
-0.07544286910679637
-0.04729421492036224
-0.007163514940420099
0.0733665362555042
0.0753573026384228
-0.009891749590499014
-0.0297846896823022
-0.005659884719458384
-0.02149568392962654
-0.05566721746009677
-0.030936190210255347
0.04842376081175691
0.078567991436108
0.06904849498209138
0.02209565618318484
-0.08596259106592571
-0.11512232335242992
-0.06340814806584003
-0.015017305791194278
0.06072543378670834
0.130008571459357
0.18330065355414063
0.08320690445014682
-0.19793204916018783
-0.26744340971417807
-0.13969386613045298
-0.019411016941856186
0.17310326264229195
0.265795804554696
0.22827622751020887
0.08735454820961865
-0.21617757563123485
-0.3333604743954761
-0.25591511948325385
-0.033474533052932166
0.42881604445394855
0.34724223809744065
-0.3183189521376478
-0.32578629541393345
0.21415293233824462
0.22600677515144857
-0.1172047952572962
-0.1318387854921807
0.044131854894849505
0.06205859892521646
0.0072457655125526205
-0.008106926166677995
-0.0280234932969441
-0.02270283520052336
0.021236615557506694
0.024606845556721033
-0.0067700198290807645
-0.012071819983308163
-0.0033328179211201776
0.005380811029820174
0.023100431920848232
-0.0021358326163397226
-0.0750280617200279
-0.049503869245675944
0.07261948553869907
0.08635206081346304
0.010348986049644309
-0.014216543155427499
-0.01980526033571566
-0.04379212881468169
-0.06804717876603757
-0.029291934077668724
0.07734139875714184
0.08615993316357487
0.0014834085638744526
-0.025725903629166026
-0.023757489287916485
-0.021463530555707207
0.004630916198510193
0.017156957322828598
0.016255542357004934
-0.011892264469919757
-0.07803940173225246
-0.05577795289609405
0.05789769991429832
0.09814763205058752
0.08471137411120219
0.03118505409563231
-0.09591190333880395
-0.11800877778059495
-0.031095160511642402
0.020827401087373455
0.07381490235401206
0.053255203117917635
-0.06820957066704503
-0.07661139231441311
0.015182994570649736
0.07242938979012924
0.1327299879130271
0.07064070438950693
-0.14372417918179778
-0.16805465396460567
-0.017647948649873676
0.03811914266463363
0.057518557699721515
0.07385983711381502
0.047478701979681535
0.003406146248280068
-0.06637151554250653
-0.073382685949959
-0.007888794630520963
0.020354883272813765
0.0300737846351105
0.024016802610893177
-0.017217601393402872
-0.0257490519834961
-0.004022774860119328
0.021948949520959667
0.06625800009555845
0.044901521817417626
-0.05014501039162392
-0.08481020822980437
-0.07280490652030508
-0.019931216768367153
0.10266336123037532
0.10733547903955787
-0.01103329775980819
-0.037880294076307976
-0.005390387261519742
-0.030935507519985167
-0.0849531201661222
-0.04636658171587007
0.07971622695620048
0.10355954268543627
0.03807077292677742
-0.009754399449345601
-0.07504174588794003
-0.06828397889022177
0.030329856090178794
0.04421034233815877
-0.01000821159284389
-0.012665531150976734
0.009378686270560838
0.0036485124190763565
-0.01621838936171007
-0.006162213784693223
0.030162787944777655
0.01963688029200547
-0.03435391702316873
-0.02500133314634427
0.039924327530770194
0.03541440404182149
-0.025689467396915164
-0.038135441645983044
-0.019217577623681953
-0.004067055392455379
0.023975288071574168
0.030710122746288232
0.011460435085308597
-0.005921666322448305
-0.030071418490903657
-0.01863275435692825
0.035433069482253055
0.02988152787824854
-0.030303505162180024
-0.03179463170174148
0.011535694428928085
0.017261139873687017
0.0010297975192642087
-0.00023991151670904685
0.0023985768207958826
0.004467363726202836
0.010285516431125937
-0.0075382474320640535
-0.05112561081135652
-0.030331414173070163
0.05542202572041757
0.05744408160347789
-0.014031378420789609
-0.024622319650001622
0.0036239575312341215
-0.004203361144683936
-0.03019270083197588
-0.015948158582576658
0.03271230600763086
0.03292027514076745
-0.009954461015589692
-0.017574113901955072
-0.0023444186624195186
0.0004170264603386583
0.0022387332481961244
0.00203741660944416
-0.004208903706308041
-1.8995369214051534e-05
0.014235907530581815
0.009921254489072124
-0.011680223821960507
-0.01801052757553488
-0.01304263984086386
-0.004011627705706092
0.015271059542791496
0.023205260985962105
0.018883277154884404
0.007109039739210348
-0.01791992314183637
-0.030975587442012727
-0.03146365659992612
-0.011408564559213526
0.03716505865799155
0.043750832878297494
0.007906409878158877
