0.000944509244956049
0.014993979203843403
0.02171558974572288
0.020121019521283305
0.017353419922386294
0.010295558455552257
0.004364706159977278
0.0003004831861594435
-0.007164989595713709
-0.016774686073158945
-0.020609847864021848
-0.018583319730451454
-0.013564574195561476
-0.0035183633734766732
0.0018150975184206134
0.0017924491543201038
0.002900150971525007
0.0027981328244015592
0.005429159806273073
0.011655831875567683
0.01775778733592843
0.024843283474923324
0.023253848877501374
0.011622640707337697
-0.004633551894843149
-0.028397221606456993
-0.036943962732240015
-0.02812088927129892
-0.015330741475273333
0.007521729679321979
0.018267411323668496
0.014437134015443099
0.01186271321532033
0.00482221882430848
0.0006503478769204494
0.0011696358765184353
-0.0018105229331810066
-0.006297847608420525
-0.007092591526460543
-0.004738830030862281
-0.0002048762180145992
0.007650694174698819
0.009021760753813795
0.0032530895508017265
-0.004008163324307828
-0.015254849148153856
-0.018643663414324226
-0.012822096445323583
-0.0054974844182629976
0.006518389884835785
0.013808566521369492
0.015120582382285688
0.017661549403893455
0.018961969213017384
0.014811659950548315
0.00533450330896276
-0.009539365565463077
-0.03104202857759364
-0.0360273772397536
-0.02282956012426732
-0.0036585064257306267
0.027620344791410796
0.038367709383986336
0.025371589203804768
0.009478859842751292
-0.01787740071238917
-0.027042189998078937
-0.014144368089073822
-0.00048544742168450585
0.02188094538345729
0.03122959222579393
0.02405434622849359
0.017302151951713515
0.0049842076589437226
-0.010329164593517716
-0.02719268399625957
-0.05191155511515299
-0.08386439568481673
-0.08317172956485815
-0.04707791955232028
0.005870571003423458
0.08656052380649125
0.11706475255836014
0.09049129680650425
0.05358682627271445
-0.014143797184346297
-0.0476090559505777
-0.03899162044251658
-0.03680714449546338
-0.024260218039134807
-0.01281380790756641
-0.007329303656150759
0.011349230585721867
0.03997546243158932
0.047400628936018506
0.03372117694937245
0.011575950333249936
-0.026573002423271257
-0.04425676602865142
-0.038468075193658954
-0.033054313276848823
-0.01886361380176373
-0.006477594705746739
0.0016777024090096479
0.018196243978824175
0.040441045722806754
0.04398111083464177
0.02822173599255289
0.0028903687297595795
-0.038330857437327275
-0.05122124690217447
-0.032128902492540974
-0.007671252308913117
0.03361842361956082
0.04705564453444451
0.027276351171762185
0.00518502687259783
-0.031113631038094492
-0.04351383287664753
-0.026448339954206226
-0.00795341342569456
0.0224107730950362
0.03492468909156367
0.02486875776195995
0.015140718185667623
-0.0024573540937792406
-0.010649361534311522
-0.006121490511329069
-0.003962389066030247
0.000637730567625251
0.0007699543155198628
-0.005617164556593237
-0.011309825981665127
-0.018453836856699487
-0.017697694258169833
-0.007371855934658577
0.006335754290843885
0.026266990197740613
0.03140751400642025
0.019554721211145692
0.003214023565895552
-0.023352340133957327
-0.0317101830216399
-0.018795774155347295
-0.003096926027998901
0.022949276554205332
0.03110721813528231
0.0177346925199793
0.0026285949648591233
-0.02182946410946659
-0.02962216274094885
-0.017026369841943625
-0.0027896918632331295
0.020235114335656362
0.02649778089389932
0.012352836054366498
-0.0040451430418672624
-0.029750703389030353
-0.037815896687397384
-0.024561430194649774
-0.008758223754997676
0.017000760244866804
0.031207977968589894
0.030773689140602457
0.032247632209946676
0.02987391022399664
0.022401410187143884
0.01092254511074122
-0.008794159932091277
-0.037177221356407865
-0.04823736554989295
-0.0406815488814366
-0.02753574339406072
-0.0021268679294560162
0.011530652990632845
0.011173485331425058
0.01404698199314251
0.014200641059879655
0.014372220254689018
0.01618702174799132
0.013579379337023361
0.00734677036658497
0.0027773469879223208
-0.0007578292322408813
-0.005369141826068425
-0.010111264272882824
-0.012984692337048511
-0.013865853869457647
-0.01302534472256293
-0.009815723642780117
-0.006332907140196101
-0.002493655433528652
0.0034049367825932497
0.01102701078838796
0.01438958418223899
0.013167163302626064
0.010027923988580727
0.00336578103811703
-0.0017231383111955944
-0.004896206682950403
-0.010052724060462622
-0.01604185604115396
-0.014721532161713872
-0.005676229009803344
0.00811710037641659
0.028927726738520225
0.033480385240616715
0.019856936118747066
0.0011832282913375855
-0.02871345853390447
-0.03854206481385236
-0.025005604861477272
-0.0082828447015923
0.019930128623591982
0.031122191870404697
0.021581415033015774
0.011884478162799299
-0.005589768531640233
-0.015515461515559971
-0.015055825716640405
-0.01786795609976357
-0.019787751944448147
-0.016050654908548827
-0.007494856615482978
0.007012925694596021
0.02864042360197328
0.03513014962486183
0.025136699072615093
0.010397119510907379
-0.014842555774499893
-0.023683855034387243
-0.013406639086869235
-0.0017471039621921654
0.018307193705913574
0.021972281416690803
0.005842483602016272
-0.012484896604790003
-0.03977607810231168
-0.04478920637918341
-0.023383983442202716
0.003956992541212501
0.04594621486245367
0.05789917728844123
0.03462572230638142
0.004842754928390106
-0.043597718151424984
-0.06010750744048652
-0.038584791359906515
-0.013462871019580606
0.028837141611635524
0.04686860334292005
0.03472387364202924
0.023562657915583086
0.0022120372459249926
-0.00972937037533769
-0.0081406525739452
-0.011649914457533059
-0.01483621103453189
-0.014821759778520011
-0.013258609501699898
-0.007156605663129097
0.003907074414140555
0.008796480575242991
0.007369970588273918
0.005425700738949521
0.0003728946394029604
6.675484708571766e-05
0.005459456230807351
0.010713230535763426
0.017856302117061993
0.019228944187171186
0.01360442461010822
0.006233654805897903
-0.00509958516147865
-0.015718844296763245
-0.02498906472633944
-0.037114811398674445
-0.050955772783861555
-0.04788419092138851
-0.02648348340951533
0.005368157289429284
0.052949667064118126
0.07057559370227103
0.05440769203514337
0.03097671275343274
-0.0117582663556851
-0.033341550832744385
-0.02920474859108826
-0.02897746257399387
-0.022300543547525715
-0.010076492374872816
0.005402026430778627
0.03306129151718982
0.07273567372659144
0.07926972168444088
0.0503215138996023
0.007632795319873278
-0.06057855351013559
-0.09065019248729675
-0.07675304386569096
-0.059461242932888694
-0.02229633397548217
0.0020365316872039177
0.008446711301108977
0.026400877904872517
0.047605233988633255
0.051598656911662585
0.039582996092453374
0.014851683623810948
-0.027696506059229877
-0.045911385505408464
-0.03738390214916872
-0.026944231575033124
-0.00417582393811098
0.012557458379866321
0.02044640396982494
0.03691455601538481
0.057476935101395496
0.055665907872085335
0.030961371924735814
-0.007457783158130192
-0.06658010439641517
-0.08580286568150358
-0.060321022335593846
-0.025236734916112096
0.03526921366589047
0.060066791506189376
0.04225262674954392
0.024404526826400076
-0.009465812840129952
-0.026351204830539616
-0.020337283860460794
-0.020392479149724082
-0.01759457285208905
-0.012206314947198933
-0.007026518999274412
0.005278114138517389
0.024202815829948397
0.030395837360769198
0.023507359558311968
0.01251353482585528
-0.0073171626587351605
-0.015200298409518625
-0.009191212518265593
-0.0032042669960747356
0.00805469260828661
0.010716063635871355
0.002554858129684085
-0.005500412369724877
-0.01724400133515035
-0.01830221055995719
-0.0063938509608015845
0.00855544183744801
0.03068571524790657
0.031480808917715375
0.007685174878350417
-0.02361978270371102
-0.07034765014903392
-0.0806029247324904
-0.04891170447861676
-0.006762670799602953
0.059929827449702266
0.08940404341129131
0.07474807120936798
0.05749080324932505
0.021274012360973867
-0.000945215385174157
-0.0037635109525151187
-0.0166965136193682
-0.03120085039412411
-0.03949751143574855
-0.04395075486895036
-0.04159026243493791
-0.030881869488541856
-0.018075387922288817
-0.002214017969605178
0.02134782181284283
0.05195003050857961
0.05744848518899064
0.03550625843764963
0.0012259945892729438
-0.054224954736025364
-0.07407420201130646
-0.0533832830411293
-0.027074367578773448
0.019606241103515804
0.047728269101854987
0.05212236434698404
0.06382549637529883
0.07283365849560665
0.061811542075662015
0.031744569765957145
-0.017278945005777632
-0.09001471376783879
-0.11553923014854708
-0.08919444911913434
-0.0493557527124795
0.022375439311483867
0.05489563772223246
0.04082031247267936
0.029842672704191858
0.003751140341151932
-0.006125736472337269
0.006661028636092044
0.012301875883831767
0.019363832000527464
0.019213305804355957
0.007775740864384343
-0.00412618346627887
-0.019731997582940267
-0.027219618618970275
-0.024368913360819523
-0.01964089992834578
-0.009470409370765931
-0.0021362585522470725
0.00126955371422482
0.007908253155856469
0.01573399325870516
0.019357369524744372
0.01901700662183143
0.015700773653214616
0.008039342983522905
0.0024367193011375675
-0.0009405897552693479
-0.006463758820384774
-0.012752912720761896
-0.016467827615699798
-0.017697185259374304
-0.01701157266659676
-0.013519105730344474
-0.009471181883494467
-0.004755133258527775
0.002601534477337936
0.012275091001044437
0.01953034311959559
0.024254188082646275
0.028588761135514104
0.03134582103796489
0.026718190788502415
0.014026606412433706
-0.005089781399379165
-0.032534598684103716
-0.04552171841014017
-0.0423625098855244
-0.03577442643845549
-0.01979410622908728
-0.007496188527228753
-0.0003179261673715274
0.013180820717034223
0.029961690636237246
0.03663349884142461
0.033230531979552884
0.023885354185801098
0.0051437461523627746
-0.006010063579382346
-0.008636183903514958
-0.01402472599588606
-0.018192566416978456
-0.018174092769529804
-0.014518642775989396
-0.0054805670692338465
0.009822287785038459
0.01609731001993853
0.012738325633950415
0.008041343811918974
-0.0017380348817576951
-0.006211978758021193
-0.004145707605776131
-0.0036121322289587917
-0.0019939836861874757
-0.00023240518847291033
0.000858892614213316
0.0038011259738346456
0.008245903779744315
0.006849949836979592
-0.0006709251355287034
-0.011079743261543934
-0.026282944023191614
-0.02909013013740585
-0.017923512096135005
-0.0025901356628276096
0.02153866811752324
0.032605325783179075
0.028319280514262104
0.023092010978741667
0.011177255696957768
0.0028951353238579284
-2.8920214787445738e-05
-0.007374692028597911
-0.016531862896375604
-0.019614540819272153
-0.016988430446410588
-0.010413975916381095
0.0020529684328882726
0.009085765231426571
0.010116315735539698
0.012339794501783359
0.013082448442750786
0.007772802749934524
-0.003590812921628099
-0.0210160678292881
-0.04591107193210219
-0.04998741136349306
-0.03113863906429085
-0.004193630082573961
0.038399420807792815
0.0583307096441138
0.05189790092438438
0.043928757636685696
0.024459738352772133
0.009569285538752952
0.0020295661324739468
-0.01424026576420408
-0.03525891252982157
-0.04440499764299705
-0.042083936217879
-0.033265133722079405
-0.01384197050722171
-0.0005314202320671265
0.00587421740136536
0.01709712045651151
0.02938785342155588
0.03288258052234678
0.027681960737980786
0.01561926335028344
-0.0060010040584666914
-0.01582074557232374
-0.012659574873447144
-0.00929732599102372
-0.0005042514253508895
0.0015831835770788222
-0.004835002386081006
-0.009697324452288821
-0.01616129481559613
-0.016398623024746876
-0.00866254876760266
0.000864283212122369
0.014594151816583798
0.02124880443370067
0.019387819614973476
0.01649134412621202
0.009452560579490375
0.0037058260294501807
7.226929015388683e-05
-0.006749265266740156
-0.01545341390357432
-0.018352493586149182
-0.015361157949948516
-0.009175204278646116
0.002194812799702179
