-0.008103921097341054
-0.057834516536717215
-0.03614936951317014
0.05725734004194929
0.0660868523180958
0.002713195237884025
-0.016736450356282743
-0.017116158538956712
-0.023457264675945853
-0.019341157527018992
-0.0032591939725822167
0.026137515481640224
0.025155812911920733
-0.00875359988478912
-0.017699408632284662
-0.009380892078220135
0.003106854715539461
0.030159657275807366
0.020059088304723187
-0.03061964951088459
-0.027295598352306962
0.023772338943201403
0.029214329004953098
0.002244703367509355
-0.022758083719485657
-0.06121896933749654
-0.03265059357203803
0.07269348790219818
0.07157543973526614
-0.027420856249018112
-0.03799512042866959
0.0129314655205573
0.0046280963869974635
-0.03799031609800032
-0.023873010633680143
0.03543000586373109
0.03890055226523333
-0.0037394087375167426
-0.014180621068307498
-0.007708525800970997
-0.004216457797646062
0.0079615360976317
0.010808853528199535
0.002836600715685594
-0.011293464431821203
-0.03647192929617519
-0.022071834619505307
0.035568895885540665
0.04293725754023357
0.006484234936546326
-0.009589405868153043
-0.021080134136857488
-0.020788003542712326
0.0013390160531833745
0.008793927638924063
0.00484665702041056
0.010306594101029602
0.019394213274906733
0.012411110970578683
-0.0099742026422298
-0.03055222350599497
-0.0529661771563711
-0.027470290823724618
0.05384005937897869
0.0666972061611546
0.016616174283057488
-0.011287868754991517
-0.03963121672685619
-0.0353010237477024
0.01636078223551334
0.024942216794781848
-0.0022473804238966693
-0.007109990365933937
-0.004204315757708908
-0.003114752413273992
0.0035152586480219697
0.005285683146261296
0.0019613369519944483
-0.002830747977443112
-0.011432624900727176
-0.0029155903347839085
0.024546245984729924
0.015088398772565868
-0.03023028689337007
-0.022553533865514376
0.03226951096790101
0.02770777894529315
-0.025546279340318744
-0.027515015718158977
0.008014566986900482
0.012693292186154495
0.00018181814414018187
5.0473391769319774e-05
0.00331185996143817
0.0015795697633671434
-0.002205601249280878
-0.004604972723634969
-0.006355146426843255
-0.003167808847769214
0.006078970561840059
0.009054498257812247
0.006299429452797824
0.00037381287450757823
-0.011560542137397222
-0.01166996641147091
0.0010060389929725906
0.0017773169645318029
-0.006473736900368726
0.006754358098342946
0.03935787084660764
0.024030952386987603
-0.038658678432158984
-0.044638883649722655
-0.001865483717801949
0.011995741685868939
0.013655924376977747
0.01442822046049548
0.002838514021045558
-0.005445408475870476
-0.011410187612066058
-0.006377305589284121
0.01385450916186449
0.012429766978994542
-0.009658016773597948
-0.010668847953820816
0.004106884383930189
0.00710587986607367
0.004237321164207987
-0.005434840819379589
-0.026618106966942192
-0.018546917747310075
0.02029898428541758
0.03193565264849662
0.02248955836554849
0.00435573073386507
-0.033904079810781286
-0.03280816411331457
0.01100394989316476
0.017859678759682696
-0.0023527436114076494
-0.001716339665720306
0.00812830635123873
0.004280931816399735
-0.008347776837189952
-0.006659833660949454
0.007558614433327276
0.0081461390180179
-0.0018984777652807491
-0.008202134302385046
-0.015001684623802334
-0.00870686456853408
0.013837757668437535
0.019459049296450648
0.01016247038577814
-0.0003441333643878228
-0.018673736913275125
-0.017922128892171717
0.0048489129271777325
0.007172081688449638
-0.006399312420872843
0.002814384590831464
0.02960451031863904
0.018115555927969807
-0.029304238594938577
-0.03149526037869731
0.0053154289358221885
0.014443685399163667
0.008366511376169684
0.0022866370027153794
-0.014122100230342317
-0.010625067666205414
0.01484236783320594
0.014479531662872759
-0.007443313820982272
-0.007900306847174738
0.0066483697618138745
0.0017614780190202902
-0.01751520840724193
-0.011609737320790625
0.01646281705476131
0.018633867419983133
-0.000422598061673398
-0.00446009859718231
-0.0007152502453499688
-0.003943290654584145
-0.009399603452481428
-0.001435941348368944
0.019789200987648144
0.008879352870230482
-0.0343173361982589
-0.02499407841979234
0.032740120546817936
0.03212179403356981
-0.016380595805062587
-0.021410012873436083
0.0022462639098847405
0.008599312888753236
0.010610461327333481
0.004078612884000378
-0.017627321647743433
-0.012991963720236626
0.017892823102397072
0.014290396430423359
-0.018753542043085027
-0.013980812486363238
0.021354145727032342
0.0170835156677383
-0.019038768769969745
-0.01729007971209226
0.013896262771039338
0.014249725161993595
-0.0073129342415679845
-0.010001755740828108
-0.0018406552307632885
0.0005907034845878527
0.002870806216670848
0.0029832335032240766
-0.001121573432989812
-0.0036815711594476355
-0.0055820644591479535
0.0038825719252044534
0.026832695297957787
0.01791990891454437
-0.023349531068261042
-0.03129262352647126
-0.012063483474136322
0.001274360911611752
0.020224570841697244
0.02198929601842595
0.001217643117565256
-0.007288264527891316
-0.008868978592174162
-0.0073001139188539205
0.003507854946298641
0.005876506158119138
0.00015361586995085692
-0.0018022884896840906
-0.003255083655370998
-0.002225130939861474
0.002974946941306134
0.0038990215019505787
0.0010457031889863967
-0.0010337417569365002
-0.0038799788457760847
-0.002347689955204292
0.0045146856731001226
0.0030511113337891734
-0.006227740253388639
-0.0030942085354703458
0.01103506153529963
0.0075951180545369285
-0.011460119050557665
-0.011774399807495431
0.003218640431783407
0.004513810482204687
-0.003097855056112508
0.0024136068245804044
0.017747525272147076
0.011499266195139572
-0.015041198047755385
-0.02085151592372546
-0.009941707044610263
-0.00011937830591286747
0.016071227239674645
0.016895860218588153
-0.0008140415693093493
-0.006436622083374983
-0.004385672231443934
-0.004750195416593336
-0.002635112161968754
9.208883297442893e-06
0.0027384629918805275
0.004840052833199913
0.00566486459625706
0.0016694421353650303
-0.008101648153614836
-0.008127225639730633
0.001620779548193081
0.0032948071273917767
-0.000612814176208822
0.0024488117454592546
0.010183873046364663
0.007067754762804904
-0.006168763275313592
-0.012001096295075571
-0.01267254210851355
-0.003787827920069845
0.01877941949065876
0.014986217186323349
-0.015804994915411066
-0.01661564537649715
0.007003862376433142
0.01274615491416663
0.009057469879624823
0.0019953286266614564
-0.015132089555173854
-0.012174815733346304
0.012243053851889216
0.012276243140181086
-0.007853106542964656
-0.009975164153312057
-0.0005601279274312422
0.00280588078011705
0.0055323722156833096
0.005716133732191468
0.0010118096200338886
0.001675401675877553
0.00713948045645
-0.005966891312394652
-0.03760160605544766
-0.022455375018734087
0.03963104707403091
0.040215089048380254
-0.013438012307541776
-0.022014365164681474
-0.0015841867011286196
0.0035796700338543734
0.007969890525886677
0.006306872222695375
-0.006855356244490224
-0.00939497909036121
-0.002956488616171834
0.001679629920165275
0.008425679463813026
0.005696638644593104
-0.008570751707586316
-0.006080321332601969
0.011831392106683597
0.007325951226651777
-0.016404854341772614
-0.010369256852230715
0.02161185075298031
0.014336235495814293
-0.02718609842853038
-0.021020593963614727
0.025643426114355952
0.021011902719477716
-0.025231576204839335
-0.02450727296185828
0.011724770787388997
0.02366386753067674
0.023931521696893956
0.009506150074193347
-0.030040138615883026
-0.033536788244255884
-0.0009024679121678394
0.010182730956619023
0.010521155583817774
0.01480783836715083
0.01452719098961624
0.005861086465161824
-0.011817876095113726
-0.02576420800332078
-0.03648742604020078
-0.01829629605049777
0.03471227453438629
0.04967616716061792
0.029651306186835383
0.0034260112370160514
-0.04447703489634379
-0.045755847976675035
0.006015246758083065
0.019836782806492054
0.008469653654893836
0.006583195613610706
-0.0002272603577506588
-0.005286053770731803
-0.0058015929760572545
-0.0021976458916635995
0.008285783510821118
0.0065576544600337286
-0.007763538674346306
-0.004540093492320585
0.01387995158686944
0.013191713071609167
-0.003031853527848197
-0.01744321306996004
-0.03595759022943957
-0.019204883352097513
0.03852810715915957
0.04347423265117429
2.0809261539086195e-05
-0.014010612820652186
-0.014168468829968743
-0.012504025690847952
0.002923560628247009
0.007948399679354975
0.0027948702993359437
0.0019078607069208265
0.0006672334312552154
-0.00012775243272741333
0.0010356688007184312
-0.0038593237018613932
-0.014763279482731479
-0.010075280222780944
0.0102752735587431
0.017949596429476952
0.01613741836696491
0.004446472835733618
-0.023296862394284346
-0.02087099714189396
0.012997309978240175
0.016086042065495947
-0.004591182700208925
-0.008411905227475577
-0.004604053843467746
-0.0019438592745926462
0.005129127271094918
0.007122573813224718
0.0033424432218887934
-0.0008326496515826303
-0.007653961071065668
-0.0053292851422231296
0.007549243761111754
0.006885023941982572
-0.005792359307658586
-0.005022801831191203
0.005986707504151245
0.0062325085710286466
-0.0010584734391083442
-0.006638967297177279
-0.01376070937619385
-0.007653707578057658
0.014092238485684958
0.01719793303157038
0.003506464321588336
-0.0032444951116141164
-0.00907293304493977
-0.00940030267546484
-0.0004387960498813679
0.0024705070808072765
0.000917370700039297
0.004566906471454008
0.011188108267137098
0.005160727150301858
-0.01360899999253454
-0.013872171919848797
0.0030464470353950917
0.004539827272238985
-0.004735517039893492
-2.0264475034114673e-05
0.014674974169938801
0.007059829738066197
-0.02131175791341315
-0.011181670349977062
0.035186342237355096
0.02905306389303196
-0.023299320718616283
-0.035667307560930714
-0.020611280460360294
-0.0013171448669180897
0.037154298261743726
0.03198951023140346
-0.021843566244605463
-0.023333990348177628
0.018098714055326596
0.011114045681937391
-0.030936198165650953
-0.02247196942863112
0.026854768763953745
0.02905494823827744
-0.0057935728780645025
-0.01316929796735655
-0.005828839797433719
-0.0007719634858171232
0.011553056222511833
0.008794537214799796
-0.011259790452504982
-0.01299388700404727
0.0001609999066744013
0.002281556129154321
-0.0013605772637559255
0.005004964874935714
0.01857260964732773
0.009579499050380812
-0.02196821643704461
-0.020720047889841595
0.01054027488593027
0.012886900409130563
-0.005794022829691265
-0.00526100610325554
0.006455170608319908
0.004414937215635111
-0.006869016250623936
-0.003799412454050609
0.011255549491184619
0.00903132999039945
-0.008002799307914405
-0.012220736663104107
-0.007695110146196003
-0.0023028599318446583
0.008691687327616441
0.012679107875026276
0.008663728100821886
0.0009520031540487094
-0.01390273333670613
-0.013086598954353806
0.004946099129664548
0.006126084889132605
-0.005925764933458852
-0.0020764010753029096
0.013244638708901874
0.006157471529089388
-0.021006280635397306
-0.010838171842844212
0.034185692417223856
0.025923878856895725
-0.02988450560057018
-0.031328142061823785
0.010497729641236658
0.017275031772055652
0.00348850559972966
-0.0051079947401834885
-0.02009950338416104
-0.013391943963639182
0.019195440652510123
0.025365506892712674
0.009473745945343616
0.0005325408000750063
-0.010477087033927229
-0.019519375045126016
-0.022977579893677984
-0.00872600742921069
0.02726431373855447
0.028483089315638668
-0.005018031371062299
-0.014762374147369636
-0.010380500055761079
9.543891458164912e-05
0.02676490567294121
0.019079297511653465
-0.02510228808957532
-0.02964747513117586
-0.0016670803373135517
0.006211855134381973
0.005791392907234707
0.01178341713816762
0.017331974982524756
0.00577330957066223
-0.023844937072988074
-0.022300175397213323
0.00993750608783177
0.012504351938954434
-0.007306359034121172
-0.0024157570576790197
0.019213783670355374
0.012215427786684675
-0.019069506250115567
-0.019492808188667537
0.0059956577493830605
