0.0022810218309436917
0.0023632581919558037
0.004862319081463273
0.010648344969408318
0.016528287397262427
0.02347016982835978
0.02234438008440164
0.011906914000424953
-0.002757069724439623
-0.024352121275161096
-0.03417695953049116
-0.03047876803580804
-0.024600601543037563
-0.011584625674468661
-0.0022943213731446287
0.0018759658102370752
0.010391399800208229
0.02060929948482231
0.025941787649164216
0.026796623057766332
0.02430835041741419
0.016855294167045065
0.011276662637447251
0.0076887945065092726
0.0012815871369031492
-0.006528307764717257
-0.017145678674543422
-0.03125217406864875
-0.04722962597215563
-0.06562944835138214
-0.0609599813462167
-0.030488898895424825
0.013340092057075616
0.07793552519763174
0.09969692968628155
0.07293544333255732
0.03458821098271799
-0.03230143082692348
-0.06108466636301904
-0.04446430089460831
-0.02880199053361204
0.0032226978711553727
0.018596149571991894
0.011118950026476577
0.010823671852813826
0.008794531739204393
0.006209388979326685
0.006250550998675124
0.0012604749491112546
-0.007813526617821573
-0.010528698577151725
-0.007273226258988411
-0.002328488523172881
0.006618658983190107
0.012081624763649282
0.013389273989137512
0.01600450153802122
0.01811149427201367
0.009551520532881516
-0.010253935198531915
-0.03798534981785493
-0.07656642995047606
-0.07885582131977847
-0.04076338457406782
0.012701479229300594
0.0943970147233443
0.11938993448149353
0.07943853153226556
0.026153832532642047
-0.06310458352468311
-0.09470959441961091
-0.057826675030325986
-0.01632422984720655
0.05464594819803477
0.07548436827553155
0.03473775291456127
-0.009001315609499462
-0.0774373757949702
-0.09653496914563164
-0.05513016739936031
-0.006487059174566975
0.07006492638960246
0.09797740466196338
0.06672066924484722
0.030248553302594967
-0.03242982998977778
-0.05889669025797804
-0.040036680917302406
-0.023348825326762985
0.008033817285197004
0.022531307566906265
0.013597495522293505
0.010257861362087813
0.0036768283945357774
-0.0010335329056503067
-0.0005388928259421159
-0.0044503933706078495
-0.010826943505262795
-0.011445321926903531
-0.006896840720871552
0.00046169629178602134
0.012448295045812581
0.01585332901922758
0.009665141688594536
0.0016893152736794168
-0.011472473003494734
-0.015251916681053466
-0.00794288660370105
0.0006776952382393028
0.014510054217864906
0.01931004188965098
0.013169667633927228
0.006139569054224002
-0.005653343305716413
-0.013106498583159015
-0.014758103843908629
-0.018223966791980618
-0.021077033361139114
-0.017998609617121752
-0.009127790039648467
0.0050205115014070045
0.025918754597845674
0.0330729946674203
0.02506259887290508
0.013046987753872636
-0.008321059992892468
-0.01756921941605798
-0.01246951324519358
-0.007853360017945626
0.001805379141652916
0.005890940664007196
0.0024011498093410113
0.0009323472971314566
-0.0013956256842873158
-0.0015775305840807232
0.0016552494322283826
0.0045875028854742775
0.008271540937500294
0.006625780141451113
-0.0013602332019423558
-0.011928747025197922
-0.02692817498552757
-0.028995384129548538
-0.016388919430110845
0.0010070009936151054
0.027957608692146033
0.03755544812687377
0.0270539203784458
0.013400274285968992
-0.010562235865893596
-0.021132769215025902
-0.015322141518555956
-0.010501637446816878
-0.00043002378236047526
0.004615925538478266
0.0023987555222209065
0.002957305795008164
0.003450837341170936
0.0025111886868555678
0.00109270072462983
-0.002412597261518197
-0.00814068969050899
-0.008257087355832898
-0.00244044563545894
0.005444909222510704
0.017377653296373474
0.01963522175336914
0.010863563372478933
-0.0007499247350125597
-0.01889615268052436
-0.024951347464177473
-0.01686737815619351
-0.006660660375156052
0.01065862587657976
0.016903999296627437
0.009770137715038181
0.0021420957978037294
-0.010844707531874387
-0.014184746027318534
-0.0055966631183398344
0.0037379591096722807
0.0179581285075456
0.020937799978148833
0.010343584650096542
-0.0027117633904249526
-0.02275195809217811
-0.0275758777928838
-0.01446594348712386
0.0021675865076374637
0.028415918213533134
0.03603466537151348
0.02167014566987586
0.003953218276785751
-0.024760134569182173
-0.035511506464764815
-0.02460372825702945
-0.012298093502525734
0.009206515667692957
0.018601559338155133
0.012624959562742543
0.007976834326840385
-0.0011075292060641903
-0.0048063457863667496
-0.0008581912073052113
0.001308829519033256
0.004506178196503586
0.005867233915335762
0.004157623018069257
0.0030215072408665104
0.0014545469948932211
-0.0018324917141066808
-0.006578855599331372
-0.013046048290945472
-0.02152040394066681
-0.02083236705013288
-0.010056963145149695
0.005270689516106667
0.028230915121814998
0.03540845044642994
0.024638583166711376
0.009773334727212759
-0.015427891581171546
-0.024213946850141138
-0.013601337295938416
-0.0016683749989166758
0.01864862493792534
0.022373081371102367
0.006024788210482167
-0.01264932651749241
-0.04049430277013301
-0.04580345756814874
-0.024395025083366304
0.0029483489368205174
0.04505879196289369
0.05815936589425261
0.03713923540660949
0.010393127621456786
-0.03395458323245585
-0.05015284801941658
-0.03252919694187214
-0.01297592025393645
0.020757118820869815
0.034325185536625925
0.022487420271692152
0.011845660899447634
-0.006929237721416926
-0.016030963156583332
-0.011720405686322516
-0.010201127578293553
-0.006438726606476036
-0.002272722343860681
0.0006019115415917416
0.0072085588801085575
0.016812749309597842
0.017545252780705182
0.009097732063066525
-0.003430944832024921
-0.023057697974867078
-0.026940836103640085
-0.01303262958267384
0.005209253114833936
0.03384117556830922
0.04213634355350304
0.02670229761836449
0.007299029762872496
-0.024321872986843813
-0.038550601902876035
-0.031652440692058775
-0.0247309562171532
-0.009895243199438318
0.00018861210429671417
0.0029645922688806667
0.011084448561435457
0.02119982661111382
0.023442092799225763
0.018319995013115587
0.007927276284276764
-0.010154895446981076
-0.017544088294442355
-0.01311652059243399
-0.007832938461162094
0.0028687155702781806
0.0076585214051861274
0.004946789517581218
0.003901592686123733
0.0015891068773603188
0.0001295561215428518
0.0005685987185618628
-0.00043955769976998814
-0.0021826612653489696
-0.002561488084257806
-0.0018449233071120852
-0.00047644589611365776
0.001967032332838336
0.002778671582602316
0.0017842849490341064
0.0006189224738054606
-0.0013889060149966817
-0.003316017932401894
-0.004999357831324632
-0.007438997921369769
-0.010416599765594411
-0.010700836524024728
-0.00810783245971697
-0.004008922345348555
0.0024768022444539317
0.009932201880415558
0.01833729544885765
0.029200633689574658
0.042308778694076725
0.04048553841181768
0.02226379572065936
-0.004363549912833732
-0.04424230675991941
-0.061583469937267
-0.053290545621724535
-0.0407681829783628
-0.014629227393241703
0.0008276890056601286
0.0025886711303722706
0.010286938103220865
0.01783476540220218
0.02505085877626522
0.03381762825724506
0.0394723352807401
0.04227770611310287
0.0342799536711675
0.013587819362857299
-0.01608445028202091
-0.057654013981533726
-0.06969732229607145
-0.04865861698794757
-0.017057204019760745
0.03631180600013251
0.057304686592660185
0.04058045938896829
0.021723771549438095
-0.013333369340758178
-0.030842128393621895
-0.025607941779083324
-0.025446370326852978
-0.021430514964811367
-0.015594920075900374
-0.010627562718224999
0.0016656951327066604
0.020434715833416058
0.02883138575248965
0.026813379734597315
0.021934454006535285
0.010179019463580673
0.000901169353440307
-0.005107828367426031
-0.01574575965287866
-0.02893296113295853
-0.027245604547769937
-0.00988491878679529
0.016415265566952237
0.056404541658762214
0.06695558580659729
0.04448440674759241
0.013767784412511115
-0.03657692531754734
-0.06207745671222783
-0.05785725438213178
-0.05487149627636717
-0.04156384610897509
-0.02549769734891414
-0.009326495170017933
0.020225778397943674
0.06142057631809966
0.07360043589410814
0.05519386339931013
0.024590191608316866
-0.02870797688051522
-0.05164948951876439
-0.03967047566761704
-0.02724734884370952
-0.0009154341850136383
0.014562847917687709
0.014849200165119559
0.02288144186880451
0.03221401018454933
0.029839107681362047
0.016981602126721475
-0.005217609443111663
-0.0398907565873118
-0.05013138993956002
-0.033550453367052736
-0.010580184424322313
0.028255719288114024
0.04267462885522369
0.028308684771958827
0.012368026885822267
-0.015710549752951945
-0.02779519189753451
-0.019576861560391005
-0.013243755335383911
-0.0012104510319310218
0.004684469126331056
0.001517861702913229
0.0011614425639033985
0.00019544052299069268
0.0014531394113464278
0.006474111572921873
0.011155659424592564
0.016591648464173776
0.014310685345194599
0.002983712390130926
-0.012470912779943846
-0.034632844155889374
-0.03774927104909132
-0.01932105961515124
0.006115926357118321
0.04560188958532977
0.05425200967071686
0.027495713394273383
-0.0072348436547588916
-0.06199968740955597
-0.07574630783488073
-0.04157777835486498
0.0012172504162297482
0.0691131249202996
0.09073878154762238
0.0574312963446265
0.017105186998326926
-0.049526950675284634
-0.06804844070195301
-0.028746898769930154
0.016713455317288666
0.08855821558377491
0.1175875825408237
0.09415683432930479
0.06823111733013022
0.02095625843998217
-0.04165409302903541
-0.11615077061148074
-0.22162792149929128
-0.3572628105604791
-0.3515768401981326
-0.19165197243778068
0.041264125547603066
0.39435405931711043
0.5198207701110807
0.386559917074414
0.20193355596681722
-0.12592261623580292
-0.27317074119326623
-0.20208787283710838
-0.14547235689638682
-0.01908483577807942
0.04597094172590744
0.02062526839327484
0.036564239343250565
0.057832637269967714
0.05668186336006551
0.0453810116532673
0.00896294461422276
-0.05655941715891887
-0.08114313760477142
-0.06348998254311107
-0.04069274524636773
0.0036511122302485327
0.02490809465511211
0.01748537554682158
0.01598054567770047
0.0089893274704914
0.008331348795309992
0.01817448528334358
0.023804276336409993
0.028876808141225015
0.025089288050479563
0.009733135894221763
-0.010429598074887825
-0.03841038640217741
-0.04844519341074
-0.03782587851730396
-0.02158480550894293
0.007369613841409166
0.020013490284821554
0.013308375847028483
0.00730093536149008
-0.005500145851694562
-0.005998709383480303
0.008986337320318808
0.024235120194713324
0.04501168422159396
0.04691412161409466
0.026306538695502132
-0.0009463222126121585
-0.0418934834360044
-0.058719903376219094
-0.047266969525734046
-0.03169830679832896
-0.0018375524928073911
0.014918659553657372
0.014961979020204642
0.020084543976860086
0.02324839798712747
0.019017950829203305
0.008771571512431672
-0.010588971560788519
-0.04044616417080053
-0.048641181173620165
-0.03345872244970804
-0.011683529993217494
0.024899537464624383
0.044730285214408645
0.044612373515745346
0.04662738388474601
0.04274306047533652
0.0325110668671469
0.017356245332390142
-0.009166696490061861
-0.04740389605773087
-0.06421609920567652
-0.05813352598031135
-0.04567884353888821
-0.018427049810108526
0.0002250629033335237
0.008103396279700432
0.023704133285817847
0.0415103956583858
0.045055436502130584
0.0345903768426041
0.013712449413272938
-0.021941431061683375
-0.03623470244974487
-0.02691476381836928
-0.015294431817581208
0.007661377622331992
0.017250409972895633
0.010203388738170886
0.005795980318518604
-0.0023715020712655674
-0.0066597994309386885
-0.004671568219133667
-0.0051784873624153354
-0.005865930198474882
-0.003109016252811225
0.002433233604206135
0.010921945001752144
0.02312194697590739
0.024688636648107807
0.014596628601248208
0.0003220989177144134
-0.021942085812053442
-0.030958432894642153
-0.024660609618503953
-0.01645764078501983
-0.000764251184661915
