0.007082779446190046
0.007842024741010334
0.008585401215788777
0.009306967948049994
0.010072679687764069
0.01086352545096904
0.011262704333230239
0.011234714359908372
0.010960843824928441
0.01032161976206149
0.009571251802976764
0.008717027705256909
0.007522733215717547
0.006034080783785751
0.004525447237886216
0.0029851674349814015
0.0013053124977720919
-0.0004527497921421951
-0.002522390859968997
-0.004923467962424027
-0.00749426845188566
-0.010292164959640575
-0.012256917046860508
-0.013267629057671464
-0.01386627738063759
-0.013744689750936977
-0.013479487521776608
-0.013100853149437009
-0.012041418127326219
-0.010407698517950262
-0.009028676469676042
-0.007892537917682886
-0.006659238436935298
-0.0055246632170125745
-0.0038375981738996727
-0.0015467266877079045
0.0008701873246181747
0.0035670426091073204
0.005596022271517948
0.006815574946028639
0.007786687366769402
0.008227364883530775
0.008578998685909627
0.008877168458447235
0.008646367903429705
0.00796888708746395
0.007715280313226899
0.007890232965919
0.00812055496172365
0.008618686317656997
0.008741480713071854
0.008439347534117278
0.008203583980026017
0.007885695134560528
0.007232231597805854
0.006268057261791832
0.00500204278699799
0.0033712989315938615
0.0016313759250575447
-0.0002236558260099555
-0.0023790517165522855
-0.004788413107133516
-0.007461716799191796
-0.010425807562484122
-0.013650239683537508
-0.017147856297085116
-0.020975196787948926
-0.02513809337348711
-0.0296255040063682
-0.03445608181271487
-0.03740846862404771
-0.03826182362499501
-0.0380752195545897
-0.0362089596245095
-0.033941956364918924
-0.03132817052327301
-0.027147923655365273
-0.021636057999187514
-0.016396287849455748
-0.011387699407541526
-0.0059673042233530545
-0.0005066062573805578
0.0062964374257766425
0.01454635876550322
0.02330893753760128
0.03289607145782574
0.03978573578959957
0.04353582859880553
0.04603652215791753
0.046255819553106925
0.04601953983930035
0.045437337028188404
0.04266197470250765
0.038030953531333275
0.03444948830755419
0.03189556423236937
0.02915721066299548
0.026928243714384303
0.022973242118202283
0.01711656105570418
0.011019808508334164
0.0041581938553110626
-0.001013218899794207
-0.004082639197062983
-0.006595428836616809
-0.007810713412877094
-0.008775324770458816
-0.009589365182701858
-0.009058869617344527
-0.007377835612021159
-0.006966819675251395
-0.00785503289236694
-0.008983357252606553
-0.010947896115204062
-0.012000249137316735
-0.012004440027633657
-0.012314069462773249
-0.012527496679783059
-0.012782855673447467
-0.013239044569783445
-0.013538213487556655
-0.013754456841730071
-0.014117419299040635
-0.014599845199439774
-0.015158325096673168
-0.015840723737309416
-0.016020041022065265
-0.015645597409415006
-0.01505383826765595
-0.014076670838299794
-0.013059691043134937
-0.012034723615708945
-0.010686355265214964
-0.009089559468280923
-0.007694822915039543
-0.0065041909674348
-0.005354247623576153
-0.004359255135782137
-0.003180528508555367
-0.0018025913459799182
-0.0004914584422506738
0.0008241404104310397
0.002340315442298299
0.0040439324555986604
0.005890129938551443
0.007925132891455001
0.00996508741761952
0.012004234413603116
0.014172457398424747
0.016430352918807716
0.01790399301532499
0.01851714788350726
0.01865052718206699
0.018052686436807477
0.017257493918682445
0.016279866522317492
0.014622800192395485
0.012381954434208569
0.010148770649403034
0.007899844076510424
0.005400806006658445
0.002784622922415235
-0.0004483422877714036
-0.004340555068602968
-0.008544163538107373
-0.01318173160243337
-0.016435961104532118
-0.018093996145332185
-0.019104080270775876
-0.01893787681158226
-0.01857007644158128
-0.01805609187316152
-0.01643133568542393
-0.013877451837175332
-0.011845150820663142
-0.0103191090771041
-0.008703285682396932
-0.007343211217312714
-0.0051110059534641705
-0.0019196083421208511
0.0013964053965394483
0.005101526537023183
0.0078644030213948
0.009468554616344974
0.010736905753484814
0.011269104368737778
0.011646846952907476
0.011922740347415228
0.011443530937627419
0.010316868361855433
0.009826304240928847
0.00998438106711378
0.010232012182593377
0.010884093688082588
0.011006716288945449
0.010526968460522803
0.010164232379546442
0.009703275089006416
0.009167009738308035
0.008633642494490312
0.007934447072023228
0.007093191575808806
0.006259526553046495
0.005418641534015785
0.004518612695725941
0.0035887540901561117
0.0023309894348299987
0.0007160979252137197
-0.0010932348126432851
-0.0031792610213230914
-0.005389370984059902
-0.007710440061120329
-0.010290195950761628
-0.01309729972463062
-0.014978702697603569
-0.015838714896832588
-0.016198831123384667
-0.015733011240104528
-0.01514183720726916
-0.014453469850194097
-0.013024063760508303
-0.010985088328614485
-0.009106723435576726
-0.00736377134562178
-0.005461006833334147
-0.003575935221281079
-0.0010684029840832537
0.0021102839750572933
0.005504695213171218
0.00926727296740915
0.011923091962587224
0.013281663250346177
0.014151329810037269
0.014099602016869935
0.013876815752105559
0.013531709120751294
0.012298374457146193
0.010316524005532858
0.008824044547150639
0.007815260638987034
0.0067724454175042284
0.005993017063356175
0.004533054931316489
0.0023194219126670772
5.865504978203761e-05
-0.0024695439680848105
-0.004481448079975762
-0.005827044812113929
-0.0070382868467956045
-0.007874485584975957
-0.008629512534050482
-0.009338781062437006
-0.009637172877973684
-0.009578731672449098
-0.010003433087395744
-0.010927687336840514
-0.011975859744164073
-0.013356941907423996
-0.014479697149925244
-0.015297764306976595
-0.01627609395159916
-0.017279735380704497
-0.01772145281556921
-0.017592229854941657
-0.017069296011034008
-0.015994685789137965
-0.01481208435552672
-0.01352640780283946
-0.011773373214073513
-0.00963557993979813
-0.00735275458257664
-0.004894640706607669
-0.002193136840629391
0.000704923712412807
0.004052650745414026
0.007869896943943508
0.012000177360701495
0.0165076099616482
0.01995548196842214
0.022189461345148043
0.023935911950821013
0.024781192084582092
0.02552289834747762
0.026204031830148928
0.026053330638497737
0.025220818654944657
0.024802851883381122
0.024783300949981605
0.024720523602956578
0.024874548934784236
0.024381439824108446
0.023175846520436638
0.021893021956290684
0.02033050613693491
0.018853789255168302
0.017560354065573817
0.016125517261260887
0.0146647492076067
0.013105978995944564
0.011420978922512726
0.009747716636149024
0.008069372951343304
0.005875504332697416
0.0031414114641835507
0.00010059653620238902
-0.0033810658334556968
-0.0069775191625003185
-0.010667281931674393
-0.014727505939885532
-0.01908910138503991
-0.022653029534748258
-0.02534357868738501
-0.027630567980637594
-0.02920745845546251
-0.030776756432009424
-0.03236435479003056
-0.0333442204868147
-0.03384980017399004
-0.03457186347718307
-0.03548306277893041
-0.03632962078175254
-0.037269880637727376
-0.037716432521369296
-0.03762661951311844
-0.037414789713105724
-0.03694164098299945
-0.03591931069797413
-0.03435308010140617
-0.032268877487348954
-0.0295851626080595
-0.026552429909895033
-0.023157479995024294
-0.01919489152301032
-0.014702563927771814
-0.009726032180455167
-0.004233322336048393
0.0017849462338147078
0.008333448228516215
0.015518163198320077
0.023356770190430358
0.03181235576457316
0.040921170561507986
0.04761081232909765
0.0515761594012417
0.05429270869255696
0.0548774496766545
0.05510110009256091
0.05504250117754669
0.05301741090064394
0.049353918140027014
0.046293710589283055
0.04378544867498286
0.040933691643114126
0.03826140309825318
0.03395972847481868
0.027886999493322556
0.021349612685439195
0.013917486088183531
0.008110131525322431
0.004301831218418903
0.0009815576694888683
-0.0011052234827133378
-0.0031295538206650288
-0.0051937887106521105
-0.006042860910381521
-0.0059004225077933965
-0.007096326007324433
-0.00965030925093747
-0.012571301811337327
-0.016432908667152746
-0.01952783375336057
-0.021730167732913707
-0.024356431683426487
-0.027017414199580835
-0.028852526808690056
-0.029915010045086197
-0.030324664640596653
-0.02986468524807813
-0.029332420234327097
-0.02872237199364165
-0.027441439648053557
-0.025639309855506585
-0.023432554891629712
-0.02075178762411092
-0.017628885379414917
-0.01406716713846165
-0.009809897891406617
-0.004838301726966348
0.0007323290592190733
0.006972757723985692
0.011651285298703719
0.014547055371749803
0.016771168415617786
0.017688768080820934
0.0185728785975654
0.01949422059499856
0.019248688496441655
0.01808085579765404
0.01764385745894229
0.0179125594934399
0.018237287374538683
0.019012178373094792
0.01892929969098972
0.017895270514010204
0.016874878985999948
0.015565121288264162
0.01400955175921875
0.012306395140504009
0.010207837197048576
0.007742679891964053
0.005100092449399973
0.0022509211570872524
-0.0008768530374304413
-0.004252839087040709
-0.008273937072066667
-0.01298522686520717
-0.018182106142453053
-0.023979251348519633
-0.03018502785921838
-0.03678974875079613
-0.043993428324849884
-0.0517626060754336
-0.05655824686951034
-0.058052694436232385
-0.05788822184418068
-0.05505192574897034
-0.051633509480925724
-0.047716349163864774
-0.04133821762978369
-0.032884752207415484
-0.02483197388189225
-0.017107653457912902
-0.008734253250502179
-0.00028280535920359234
0.01028028073327682
0.02311639910682414
0.03677473666810694
0.05174264083436745
0.062269492127815726
0.06764145053373809
0.07092846816001798
0.07044742857179344
0.06919540333483953
0.0673499563222009
0.06188890645919155
0.05336640737784428
0.04649303531767737
0.04122944359881471
0.035614571948090736
0.030772041627736734
0.023068693111555093
0.012219049077910549
0.0009196469519046698
-0.01168304174786331
-0.020882849388828454
-0.02593827694416454
-0.029696878814567347
-0.030746931005949846
-0.03120152378706607
-0.031238308345377074
-0.028521308997535737
-0.023439680513733897
-0.020439675155175415
-0.01955328087988478
-0.01885122254746713
-0.01941928253513047
-0.01799537033942829
-0.014322827174215243
-0.010899403105180607
-0.006969975967133511
-0.004115786066018939
-0.002758322381422383
-0.0016002978248299536
-0.0011577442744902984
-0.001085049085140639
-0.001296141901590532
-0.0024375279255969295
-0.004453375934470987
-0.00522636730678107
-0.004684258581699607
-0.003827719956509313
-0.0021215744547823973
-0.0009776221008638356
-0.0005135528742292614
0.0004136892397423554
0.001482914109192544
0.0022226004222841
0.0027165110499128963
0.002957330759225367
0.0028449317891837815
0.0029166999566636867
0.0031726424733988404
0.003262049937352532
0.0032950847793386845
0.0031544080463293345
0.0027923149056436145
0.0023400110402658934
0.0017559202866890792
0.0010075050233211654
0.00010234350570317445
-0.0009822512969882788
-0.002255339436615648
-0.0029652506587650148
-0.00304580212674974
-0.0028604245732904298
-0.0021981764923787073
-0.0014985930170480523
-0.0007855927248446493
0.00034810663738479375
0.0018170959239381017
0.003105687402272081
0.004225327221674658
0.005372384318925578
0.00642489870482156
0.007799085046517789
0.009523881378579827
0.011295406653421228
0.013210122295470786
0.01437883399830362
0.014681051774520405
0.014605107478380485
0.013887355299244546
0.012969274259354359
0.011877490057984098
0.01015111019417982
0.0078696909074363
0.005784550562851559
0.0038902329481405075
0.0018665407516196266
-0.00010801498223175692
-0.002609067760527487
-0.005684199380002677
-0.008906806699001946
-0.012413505491139116
-0.014952625978770622
-0.01635567455880695
-0.01731243948360672
-0.017452720496608294
-0.01740328583714586
-0.017203409564449785
-0.016203422896274543
-0.014517780560985391
-0.01321825668157104
-0.012299869425267888
-0.011308287928974333
-0.010500055848105032
-0.009058742874442725
-0.006918851989743788
-0.004689759027482895
-0.0021794329487106567
