-0.012894450090673464
0.039334835124453314
0.0337451582723615
-0.0221603347116037
-0.04328249650943662
-0.04454111934271712
-0.01883499911360838
0.05029304426241741
0.05997225926372594
0.01030732685548494
-0.016346657455125934
-0.039575492230546884
-0.025882074306465927
0.04013588552739739
0.03189550405075251
-0.04634527414995909
-0.037603370189351615
0.04188036895235762
0.027635442536985858
-0.062263453294028985
-0.02525177415905335
0.12290956561386952
0.08349380864837837
-0.12553791874199668
-0.1198780500958914
0.06568639447333824
0.07803208503262844
-0.030313704442601713
-0.03420340124416011
0.018761365237819228
0.022823730818678997
0.005572368201601192
0.00100694814755552
-0.003517542390019469
0.0071506743431316655
0.03817331961089257
-0.024123244740004393
-0.184823746152515
-0.12939463839663323
0.13996471678905975
0.21411978350863123
0.13777018341455408
0.02124190041196339
-0.2135751150333241
-0.19610344476501865
0.10028085915957244
0.13933150763951985
-0.018522466112945505
-0.05631648266291449
-0.056278870821969314
-0.03273506560547575
0.057705799584098806
0.07406780649927039
0.018783168059799876
-0.014187857005415873
-0.05136758092959238
-0.03604998371555141
0.04896507696717292
0.05042013688875556
-0.02295065350073119
-0.03511722992884522
-0.009330035336811168
0.006744309201668705
0.033529145093661776
-0.00012600650587452685
-0.10434789753947517
-0.08405955661777459
0.05600797283299426
0.1250946607379286
0.15516621171176248
0.06345686251513907
-0.1940922240247094
-0.19395192491980895
0.060579176497943976
0.10542651647906785
0.007813844133517612
-0.013895967590953514
-0.029320495319144248
-0.03053430981179635
0.007967661906488625
0.03816636975861783
0.06868805933313454
0.02604837087740807
-0.10470413099204387
-0.08706124203843617
0.07456102596428345
0.06485319620047089
-0.08545013386883536
-0.03967847951803443
0.16562942491363536
0.11947008318558355
-0.14537181886957043
-0.1567496605094837
0.035569465798982146
0.07773476265260466
0.03899641629311095
-0.0021683716436641364
-0.09981391213300324
-0.07488282693896046
0.08544341698750639
0.10148232915613364
-0.00046214414386925825
-0.040621417786248046
-0.0634167697800926
-0.024910429932642333
0.10576265915216568
0.0728557253552931
-0.12206076034331273
-0.09548920164136518
0.12256268302423885
0.10752085378572898
-0.09369750883714205
-0.09862768804026632
0.038283054654273625
0.05523583547051436
0.003759833421611838
-0.01264795057598847
-0.029946430834869104
-0.016400272717216297
0.042174157745937926
0.02754798332009849
-0.057103756208906335
-0.04937570121301907
0.0367210157186008
0.05408302431030497
0.02531673754066829
0.0018294440963488165
-0.040135887614873696
-0.03434427628347057
0.0279442696549428
0.03574916715280658
0.0001334062270667426
-0.03491465891673817
-0.08931179606740487
-0.05555081305733964
0.07893296432794078
0.11873308265979181
0.08016701913780824
0.024664667946512325
-0.08642404594748282
-0.12435906274621861
-0.07993623515437807
-0.005724222182024566
0.1324794249697978
0.11281431967206294
-0.08238366690880874
-0.09655044331073812
0.03623046950716893
0.05703184067028434
0.01905057546979587
0.0017491818317729494
-0.030611092552463977
-0.03645510266923057
-0.007131441015150474
0.009799764627280874
0.024404893221621673
0.019877933969796098
-0.012723640781390468
-0.012447614468389654
0.01762470827127518
0.0065312826945640055
-0.03808939928740595
-0.027537197466699068
0.03161110796601324
0.025045295783356254
-0.03749906519989164
-0.04328622825588655
-0.007553082429892401
0.05189105909132759
0.15661971365331268
0.09685213880822874
-0.14240122437924135
-0.18087835677550557
-0.04588786886031299
0.03317557229030094
0.12318853614705749
0.08700801335157698
-0.11699582869272328
-0.11641118329481961
0.06792740930665907
0.10135113950091806
0.040163640567925665
0.0010006431932563934
-0.06693233157125107
-0.06681513254331423
0.017682071844480205
0.04280203790638291
0.02790535726483484
-0.004032723547493522
-0.07921192379894983
-0.044577838437465975
0.1080216410632678
0.0902977311451038
-0.08101153844238534
-0.06444780773649299
0.10412410891144284
0.04358609758292904
-0.2091163674978058
-0.14965279495858508
0.18631637755478522
0.198656043958035
-0.05146197912513364
-0.10849009344632532
-0.06076938090443859
0.006452196824554078
0.16471837364465802
0.10472321530734792
-0.19256266936625446
-0.16312969536383415
0.15668127346336375
0.1495953140215874
-0.1111888659711451
-0.12089356952687456
0.039223727497728324
0.05129963649024303
-0.018651674412102727
-0.006727606713205996
0.04861926418632129
0.03312204301196362
-0.037861776892851744
-0.03613150251109102
0.026420049414496608
0.04798776696996261
0.04800675743393897
-0.03492860959165825
-0.22518179802546817
-0.13070549296180226
0.25861431144617103
0.2435505818000376
-0.13315995417924853
-0.15481576916429102
0.08089589070852393
0.06518152108249217
-0.10687459425126138
-0.07493329634382993
0.10499537074015601
0.09193647428091534
-0.07561755830100945
-0.07396811871693397
0.05385685684830704
0.054442072641321684
-0.03019280820138288
-0.034433516775005134
0.009610125162502493
0.00548249687981293
-0.026631308778299206
-0.030225224247966143
-0.016526338107535957
0.04053081285733502
0.15401777869247485
0.0882967311076886
-0.16663069349567503
-0.16835830174248823
0.05739843964911116
0.0914476078740865
-0.0002860510795913637
-0.021839287305088842
-0.03430719903804117
-0.031904165629416295
0.009167160358442028
0.049406037325181104
0.09713285554469621
0.048238027467385654
-0.1132437863166635
-0.10951572154916056
0.05006619401279217
0.07159018839461449
-0.003279546910440494
-0.029901234556053168
-0.052566048272355316
-0.03689262522936222
0.037919872417660254
0.0662571847354872
0.05672635154051805
0.011123978547086787
-0.09414895359607277
-0.07343701325683881
0.07981058562216217
0.07428996588405212
-0.06521258177129009
-0.06590298320644147
0.03295631426317265
0.03280366802318556
-0.03146869876141015
-0.007877297902011192
0.08157257564045867
0.05766774573758412
-0.06631661423381978
-0.08401707807039337
-0.017944818296155608
0.01993574688695207
0.06380527626531436
0.04087639477767702
-0.06931654983792988
-0.05637381968865459
0.07082742428875492
0.05714813716123713
-0.07061121845748954
-0.06313871055651894
0.048477973495038566
0.048233338102930186
-0.03261319752767695
-0.043370111404410085
-0.012768658390255498
0.0336610785966077
0.1206472553016919
0.07545822505098033
-0.11407109414094362
-0.13731316016845796
-0.016587163437787326
0.04172083273412684
0.09028239898386689
0.05865262504318821
-0.0893457221710018
-0.06840063020794214
0.1128689357025506
0.06195325582655099
-0.1880319211702955
-0.13508161738790694
0.1807754264186458
0.17695923263874627
-0.08687181575648814
-0.10232845436020813
0.05155154938811338
0.04335188823647783
-0.06065128010446828
-0.030881098223059275
0.09741655103544515
0.050582685786653106
-0.1521536388354575
-0.09942086607491624
0.18364396487025228
0.1292617134800511
-0.21897533936168426
-0.18249995475685643
0.17284388305443285
0.18494416578565276
-0.0594011526149426
-0.0957745281535254
-0.01577617391755387
0.023571146211479915
0.08823340204765863
0.06966239601636925
-0.053987804829447684
-0.09897336674462585
-0.08627960496257535
-0.011120683367254467
0.16560588513904653
0.10754461831991717
-0.1972463882678215
-0.15885124296546474
0.18401192512622908
0.17236635362146588
-0.11863867130660091
-0.12300499184487967
0.0736073696835741
0.06755908787322602
-0.06919915132159896
-0.06699847537767958
0.025698148904480664
0.0551156694712848
0.056801112049038906
0.018563648472295014
-0.08597730858050646
-0.062240682937751715
0.0929690949228757
0.09277213907705241
-0.03712569005665431
-0.08331533424585576
-0.08955973695149416
-0.02833278568039154
0.1393333315992992
0.11034284323399578
-0.1185632650146923
-0.11779030474384646
0.07172461834837056
0.0821707825984744
-0.027206358061369548
-0.05011896901207231
-0.03668451686855481
0.028839363416878348
0.18012701584825888
0.11260843516417136
-0.18374660152156047
-0.2172033722157866
-0.026822029874505483
0.03006296907642473
0.03197933763934106
0.11224256652795596
0.2272487444949167
0.1033902891941373
-0.2713257173224481
-0.2727216726218092
0.07779286530174573
0.1352315157382812
-0.00432860563748063
-0.00048009991599951875
0.05455624177929675
0.020818227820891502
-0.06871323847552674
-0.05171659087909801
0.0637917544035527
0.05620276279717429
-0.054779598173275275
-0.0634174987717842
0.00012151796492522612
0.00010733482284681862
-0.03597221064786014
0.02967457024784408
0.18741603673090887
0.10390068421926868
-0.22072964161463884
-0.1967329956039286
0.14264789812135423
0.15399747150691112
-0.0823034276746375
-0.09461587745106126
0.029291743517921368
0.037044673664242286
-0.011288309239641393
-0.003262692520391019
0.03206691544357206
0.018316291173012415
-0.0346173787451579
-0.030324634796380666
0.023982510342751038
0.02580287947186637
-0.01200655085048796
-0.0199887024868094
-0.012768963950235595
-0.006819996492378636
0.007911788665931998
0.0209067689419033
0.03151880804762034
0.012425266378646386
-0.04204549361334997
-0.034996710171486464
0.03261046683075821
0.032983101982164836
-0.020639437637631097
-0.03322394104666415
-0.02335787007838056
-0.012257687653503322
0.014579924319794598
0.048012876411936196
0.08856064221943008
0.05060946137100884
-0.07625609924082218
-0.11300102440909916
-0.07114815990365642
-0.00761038695170207
0.11496467111789296
0.10490661978748979
-0.05271768212756973
-0.07597094508353175
0.003559732407598018
0.014704921873214833
0.00029359919072773576
-0.011473074952387868
-0.04277187050367337
0.013507322998573388
0.16562856750144883
0.11144002820042659
-0.14639649463525498
-0.1759601094123015
-0.015719025477530072
0.05461818713342263
0.10569896644910698
0.057964808586791504
-0.13677444802267835
-0.11140216704177154
0.1252999714529045
0.12118942280057272
-0.07443609996200162
-0.08362538333792831
0.033304369218355966
0.041590586111156756
-0.008960082928242276
-0.01296597289262896
0.00014561105366956816
0.010986858210496062
0.03265426881110556
0.030868823200025403
0.0027749924220961918
-0.05166842096746548
-0.14311515522836604
-0.08263451611177552
0.143001315020722
0.16154891997480342
-0.005213539425515361
-0.06503618608850308
-0.07930994132003011
-0.029142513932980188
0.13544413652001544
0.09970374101297258
-0.13777712968361083
-0.13516994939448432
0.06613578533047094
0.06843578747978814
-0.06884012260108195
-0.02946340886312686
0.13945697880036598
0.07838865906997754
-0.1850330228174891
-0.12517774980878846
0.2247192384171411
0.17701263074615026
-0.2091987921343895
-0.1973303828266624
0.1275663603963468
0.13223791733272566
-0.08750114639313214
-0.0735369317541419
0.09424202845959342
0.07489906357408097
-0.07920572234639447
-0.08022744617509041
0.031937000702517475
0.04709313607446033
0.0040676468589164955
0.00036537768434263427
0.007322485439916986
0.020055131142677173
0.0508717759716027
-0.019183524954315207
-0.19802476875302305
-0.11519160489002576
0.23010542818846183
0.20145492397244993
-0.1625623279977634
-0.17448507990493545
0.0798250508825902
0.10843577627484498
0.0065115198309441975
-0.029050581854612612
-0.06576067564547833
-0.023494625778710556
0.12714517832203331
0.09987117409130858
-0.09863000465392456
-0.12564519882765138
-0.021103598183010268
0.03208051080551361
0.08882587089586327
0.05254015255613807
-0.1085843357051453
-0.08745988469848576
0.10479090168354958
0.09197266833269621
-0.08623327281835556
