-0.07484631894143647
-0.06719495583257047
-0.061318889116743
-0.05778364782019285
-0.04749271826175413
-0.032663667875220015
-0.02137605829214706
-0.013198583240227307
-0.005711679866806121
-0.0007905383977846583
0.008721801060832247
0.023191629377747245
0.03755610436815838
0.05342596128445347
0.06276620186480693
0.06426395741150619
0.062868869011483
0.056160023461990595
0.04754130754266678
0.03731150933157985
0.021569089113946508
0.0009270937175217547
-0.012384640460020977
-0.017839193556994926
-0.020945804762674543
-0.01850947975136188
-0.018743547245677002
-0.02219360708119612
-0.022053052460006793
-0.020091245220866
-0.020047954422391767
-0.021431487337733226
-0.02365747474865634
-0.027516614619480337
-0.029105575945546462
-0.028286873126599082
-0.02761250831768907
-0.026207319153002468
-0.024099817640384394
-0.021503917706099506
-0.017741103403177395
-0.01283128302049659
-0.007358858296854793
-0.0012146935129576384
0.005906956341056281
0.013934827689813368
0.02244410384810493
0.03144126755016297
0.04110694901633258
0.05134089886982153
0.06255546979452559
0.07478693785044888
0.08775484295291974
0.10156215689347173
0.10457605967546493
0.09558082967728314
0.08009846767762303
0.054742987151179895
0.0261205454782674
-0.005525717506800043
-0.04659589044624331
-0.09591124651149054
-0.12670838020917113
-0.13734577491750308
-0.1398419291233224
-0.12693005568007795
-0.11599155533782955
-0.10796954171129904
-0.08783547269796807
-0.05912562921476593
-0.03773565473063874
-0.023142907988225225
-0.010015778308669308
-0.00213253528448287
0.013845045610289878
0.03865582952741383
0.06260399457693655
0.08868364614290206
0.10446904950419614
0.1077008693920081
0.10637735483920296
0.09668258911648586
0.0834204041880651
0.06705038479910508
0.041677332125311065
0.008129634272845961
-0.014799761297231233
-0.026337861824697807
-0.035065863342259404
-0.03611222551936938
-0.04210948566872771
-0.05395301764191347
-0.061244504885034565
-0.0667466040639655
-0.06707863486944597
-0.06059026435255226
-0.05071879976315177
-0.03605481463886142
-0.015906989168965796
0.00971061911980489
0.041907604267800984
0.08104907269330476
0.10042737610067676
0.09781254452260307
0.08625720695925239
0.05835207600732011
0.030032782674196266
0.002275600926000632
-0.03939949122361567
-0.0917932742572405
-0.11737215690247577
-0.11446827711393588
-0.09882794116330706
-0.0604365293198525
-0.02491497764804347
0.006467356289802967
0.0552046234682413
0.11605326100217203
0.14699307668980358
0.14668407226987812
0.131568798870057
0.09053770592079177
0.05366110866098218
0.02225241307116122
-0.028351530803613474
-0.09200949608652702
-0.12779094521673748
-0.1348436964232102
-0.12851423787428948
-0.09812302948748525
-0.07403716705591758
-0.05756058967198536
-0.024318967193109227
0.019419046786013503
0.04550190018740214
0.05423944906431409
0.054821198737208574
0.04017826270542789
0.033183905832769256
0.03475496141982234
0.027489054916303372
0.016214000951370884
0.008825881143703442
0.00404762391828789
0.0014209497284080835
0.0026091210448085855
-0.0015735590350753415
-0.011311375234087494
-0.02071754966372092
-0.031793491619475915
-0.037622181819941466
-0.03698896084110948
-0.03461665455158216
-0.028448842674575172
-0.020963058071034057
-0.012511462734755546
-2.7574443545848966e-05
0.016002459028093902
0.026687348572885655
0.03167930523818358
0.03494459110298261
0.03417464109420536
0.035334730694909305
0.038819695793846226
0.039701159581875624
0.03926549486480405
0.03691412179104828
0.03195368092988076
0.025512415658717855
0.017202142692558216
0.00609067101203437
-0.007854501616737914
-0.02461140427120829
-0.044475868073203854
-0.05556277444546843
-0.056812819806972205
-0.05412140317149151
-0.0441682252100801
-0.03390911256917474
-0.0237726819976483
-0.007351955843775943
0.013968078386139591
0.02747993302920318
0.03286465273750383
0.035302122225912044
0.031512452258586406
0.03061806392466167
0.033126817835208495
0.031703022579458534
0.028291365878948926
0.022870421347752364
0.01451107614579067
0.004505508359149882
-0.007459739214816528
-0.023306386086896835
-0.04309099177691928
-0.0662649166405051
-0.09335785997929333
-0.10461475401564145
-0.0981528644004975
-0.08374320794338068
-0.05579616299244428
-0.02566935346867955
0.005999644323391451
0.049872276421759336
0.10375094609534748
0.13219765607988695
0.13327507596190363
0.12241916881119409
0.09006406636734442
0.059667706750171294
0.0324332247845138
-0.011704829683924441
-0.06798019205347244
-0.09919086737339701
-0.10436697983244103
-0.09805501534463584
-0.07053594606678744
-0.0487741447316656
-0.03404111197218123
-0.004513757109548088
0.03420624541871026
0.05689016774802878
0.06381438561468625
0.06321058162705165
0.04874340569132927
0.040843914658247056
0.040325486851517274
0.03162283523661202
0.01904199320776303
0.010558228951646372
0.005116009274756342
0.001863739827539028
0.002548777736725031
-0.0015773062849601
-0.010706053017169507
-0.01907300995220225
-0.028569691008066642
-0.03556202914966959
-0.039145281996976956
-0.042401053420282206
-0.04419733148265286
-0.04513786451801145
-0.04546267068679778
-0.04386251046331625
-0.04045693304538405
-0.03673449411828452
-0.032560086703251265
-0.027235290071184304
-0.021034548384931184
-0.012745777625642541
-0.0021984543549074106
0.009851293566017128
0.023750542396455868
0.035813147952200995
0.04565321117740124
0.05531505825017718
0.06377015797298659
0.07307598417525654
0.08341387385364644
0.09286441191283745
0.10186374586204619
0.10110126467602372
0.08933685631103071
0.07118397703287731
0.043816464292677826
0.012050530567151142
-0.023991822529650413
-0.06936790365237896
-0.12330660976951464
-0.15277667628881164
-0.1553525142696225
-0.14628108279845922
-0.1164398632220324
-0.08648558678822482
-0.057510392781012026
-0.011145825674312505
0.04849648409043813
0.08369168549926723
0.093318143108557
0.0926955784632165
0.07198132949710719
0.05808766363286477
0.0524202992401231
0.03311974575281736
0.005840164721728176
-0.01136033401998315
-0.019470318154867217
-0.023290100712056977
-0.01854795438392876
-0.021476374571990694
-0.03270298140321455
-0.040629024929783424
-0.04877911792514127
-0.051647598318741696
-0.04745065343044149
-0.0412689686173481
-0.03122463723810748
-0.01751707298482186
-0.00044004260957343207
0.021860718148780517
0.049438927996861844
0.0645709224966652
0.06597006047905243
0.06218710518065988
0.048395195792446576
0.03538371751811548
0.02385163658740457
0.004212815402788481
-0.021313891184469427
-0.03666294878566168
-0.04157423803654198
-0.04224231959568345
-0.034544221724019185
-0.030333693407689804
-0.030206459102909186
-0.02474242749773865
-0.016449846247840946
-0.009206718118534645
-0.002225597940447784
0.0046576354544398645
0.010704908796345135
0.020649323856846195
0.03463941549214378
0.049791605769654176
0.06718859602603224
0.07435500855326199
0.06982154455821832
0.060276537254132255
0.042117960866805124
0.02184589298334673
-0.00011489354454254932
-0.030244848016788253
-0.06730964213132618
-0.08685149814058893
-0.08744871470683617
-0.07995608575572366
-0.057757123955156135
-0.03680516383285369
-0.017950631865103494
0.012548414220799789
0.05144711935340445
0.07412692689097344
0.08002189489368822
0.07870968031508481
0.06379278526069612
0.05323867058113176
0.04791080406971591
0.03335611134127472
0.013329197652397035
-0.004031458843273425
-0.01976454791654938
-0.035261135518976125
-0.0487993337038145
-0.06897161469400354
-0.09611866628908712
-0.12465056459940284
-0.15651924040616932
-0.1671334259061219
-0.15352153778066735
-0.12868186436121873
-0.08544369541470269
-0.036602651645321276
0.017101500117113394
0.08855533398654938
0.17540103991167244
0.22258052109418544
0.22666551772136528
0.21237310904828127
0.16472699256834322
0.11924047362479301
0.07780877018611577
0.009587588166121363
-0.07823608408252912
-0.12900825491670911
-0.14137037463536278
-0.13758491390262895
-0.10293317071608803
-0.07859875311128381
-0.06661356104090864
-0.033818808739264
0.011155090690392316
0.038120287894447706
0.048262672246073834
0.05012811640667783
0.03640081251963444
0.03334161512615789
0.0419348268933164
0.042986513736674246
0.04211822048091466
0.04014925353114148
0.03502695817076284
0.03026678021057344
0.02554847299079853
0.015382476844157802
-8.641607919338608e-05
-0.018547487903745545
-0.04123615859902162
-0.05479091965195184
-0.05788569103137661
-0.057822724477453374
-0.0509031248944524
-0.044270865156395264
-0.038540684210518844
-0.02693368841285164
-0.010938138903448047
0.00013966105080071012
0.006367793067472872
0.01123611585007402
0.012461605622925934
0.01721332868305095
0.025909982715360817
0.033100479905322555
0.04037012045473843
0.04255816865931404
0.03852651789949979
0.031807657421142776
0.020740214404900603
0.006934872963637277
-0.009450770586725351
-0.030780444805938532
-0.056831816607138146
-0.07023583489703841
-0.06973420648189622
-0.0634941856852215
-0.046752458465302606
-0.03027115750436479
-0.014676326172302476
0.00958153158905942
0.04032610726321194
0.05800114709880785
0.06200456025863247
0.06021946542689547
0.04752364753888304
0.03781967390193598
0.031802562827632386
0.018128503410214818
-0.0003064268257692433
-0.012176091989173077
-0.017815586418344444
-0.020679660830029527
-0.018002165598006527
-0.01936617634607054
-0.025165752276748773
-0.028315629117504515
-0.03087432085717707
-0.029634986100568243
-0.02347062027874198
-0.015305942287485113
-0.003993647728589764
0.010473370786667985
0.027980960434741114
0.04963384061733843
0.07553538803397233
0.08771105191407588
0.08467452702786774
0.07507878328278356
0.05392545674363309
0.03195906671502044
0.009795655893314223
-0.022348439574556817
-0.06234247514230131
-0.0863574581232756
-0.09344368417895153
-0.0935680521843279
-0.08042716492082214
-0.07049941562319169
-0.06464028975596152
-0.04918293318154329
-0.027544619975833993
-0.01239615979190064
-0.003193344078300634
0.0038490200743478377
0.005716588003608849
0.013420787079339101
0.02746353116673036
0.03989443594934532
0.053134052356822226
0.06067371180510644
0.06101512082052729
0.0589377382480219
0.05236312634455069
0.0430410042471158
0.03123891340420559
0.014160401013677949
-0.007934188420343725
-0.02104105165479115
-0.02434302983685822
-0.024431328164284647
-0.017574996789107202
-0.012711049544780468
-0.010444298325364386
-0.003116497775446114
0.007378370046117575
0.011584841812799326
0.009571571692494193
0.00456087628442047
-0.005818017865881962
-0.014117863109109332
-0.020016456889144753
-0.029232412667067272
-0.040188942536476674
-0.04298366931084839
-0.0372886285770843
-0.02667715012769451
-0.008477512564333805
0.010119739068355381
0.028910168180854005
0.0538603568076683
0.08357211578388206
0.09528005856154254
0.0875091036261981
0.07010521896169199
0.03678520938195889
0.002370630936913911
-0.0325001667249815
-0.08081174816428328
-0.1396646535636808
-0.16699015970438535
-0.1604202761646476
-0.13801598331872064
-0.08834222468819405
-0.03932381289060933
0.0077252699107880265
0.07680134496016303
0.1623115110227552
0.2053113553933472
0.20322000060532744
0.1803350817225959
0.12088057120132503
0.06550559356121886
0.016099121529278684
-0.061395973123400706
-0.15872194667119435
-0.20942135744372384
-0.21141812865561976
-0.19078832584750682
-0.12999512592845164
-0.07671770921049295
-0.03308691208882703
0.03990377819595116
0.13247553354907105
0.1820282721910895
0.18739377844330382
0.17176064644029929
0.11882555209729476
0.07532819190978035
0.043237351107354445
-0.014843771619869446
-0.08927008663891185
