-0.5091535734849962
-0.1539054742212388
0.27004444019987955
0.17014107693410602
-0.2696505466398875
0.10811797516353136
0.12388793899981324
-0.36513446880107836
0.49662323937198655
-0.6990412114515662
0.4291225552493482
0.3027372563837502
-0.6889334285899654
0.6435106956167349
-0.5406221479224936
0.7436926336487915
-0.07484501902945749
-1.4891536438764772
2.1444297150378895
-2.0756622372665405
1.6107299263405632
-1.0003413396066112
0.3439272398458604
0.7926657442810653
-0.7194572867759218
-0.8602609724682699
1.2191666742923868
-0.10351961460784048
0.054840381742980324
-1.2613286950321039
1.532422522670363
-0.7004960786798096
0.55468696733013
-1.247292759594416
1.2245448380259891
-0.43325229833919177
0.06270356264290115
-0.30181998107841157
0.19906688642225612
0.5982658475694557
-0.3639403832417336
-0.9761801351173297
1.3385892588200652
-0.9893093921814833
0.42754333439548814
0.4177956628214282
-0.5921417753383199
0.3737253387759696
0.18544837055866895
-1.17107553330611
1.4017711895629097
-1.0928373791935582
0.5502601913211402
0.25633211250230536
-0.5897142712685225
0.5767733593040683
-0.32809770502114805
-0.09454142882274384
0.3917113015879846
-0.6457490710842709
0.5561330213126057
-0.2632388204937199
-0.08722716787941259
0.6625582487149866
-0.6772395068061783
0.12542512763230085
0.07940906080425947
-0.04516405628181061
-0.07616374881980575
0.3789009523523841
-0.3554920364542712
-0.07155262634085659
0.247132297781658
-0.022226931151537246
0.2176221229137597
-0.8221778997011474
0.958176695746307
-1.044208809453618
0.5934554974970978
0.8911208038666634
-0.7286104216668613
-1.0712003281945988
1.7161166814165199
-1.5640054368876775
0.8885443007171636
0.3823497931914827
-0.9083252916623362
0.8084273530133905
-0.6136966466232475
0.1734840786521041
0.008253294980717828
0.2603513566636825
0.18460144148337715
-1.0214230347886315
1.6828832276328203
-2.8438182826671015
2.235028338905004
0.385646049982839
-1.2878977873386341
0.48715106362289695
-0.14908442831386545
0.4768681314684387
-0.4029084685831274
-0.5870461779805548
0.41293822129827173
1.4123623496379685
-1.3194204491002712
-0.7812074635516302
1.67709759591773
-1.2876271062069007
1.2461651412611234
-1.7166320551228105
1.4515424579949383
-0.6242921303662365
-0.02414501123121819
0.8108355147694315
-0.7561026341860205
-0.20374390547163967
0.4016132844027046
-0.13708490043296132
-0.2971536684964696
1.286783689593511
-1.1072233681974344
-0.3560519399642715
0.8640634260032997
-0.41786518330998274
0.2296278872278445
-0.3881688817963724
0.2852782361578238
0.1578658892696153
-0.25512466921857807
-0.07507790989618188
0.15198197496224455
0.1300469410399271
-0.041530677158773774
-0.5719670825343135
0.8074717085275268
-0.3322908417679935
0.6880061014504991
-1.969175194652452
2.154273362243776
-1.726226121034672
0.8649428800923594
0.9360761678983862
-0.9957732101141362
-0.6991727901606223
1.2758675823917407
-1.092152505627308
0.5874121291961318
0.6385097921052512
-0.7301318603329141
-0.7459742727460343
0.8872632389752769
0.8170210167727172
-0.7545131470280801
-1.278562453667635
1.661379501965542
-0.7785486713230101
-0.004058007021045709
1.2588785059577294
-0.9849372255126732
-1.0080898011147896
1.554450639081105
-0.6930444825330416
0.18530080061436502
-0.020314077295971185
-0.3614912928852314
0.5056571062786508
-1.0204787536721698
2.8131280695622474
-2.3087831366093203
-1.1638971632872517
1.7385591268266267
0.8267130336981298
-1.49495480970467
0.28591138591908005
0.07508791463017674
0.0645700162069416
-0.4063962748960006
1.410076890254096
-1.0157186872463173
-0.7886797739577073
1.5539346323229397
-1.4760020070535296
1.0800581995243932
-0.4727059520311867
-0.02920475772366394
0.5963504240923211
-0.6251950267625298
0.07449114347756475
0.1625022385314782
0.03496816999256379
0.0017258298492396004
-0.5846237438562816
0.463080056246965
0.7203410604965571
-0.678018058859547
-0.6424685633003688
0.9986396789662567
-0.5370750577476447
-0.04597521731972827
0.6596448103178281
-1.2332728944516576
1.6961498821626229
-1.8258122370999887
2.0393959583991603
-1.3385904037203216
-0.39521988424778765
1.0443610506715777
-0.7601849487361438
0.4567814217076702
0.0038404227614554087
-0.16851932044777584
-0.15286511780962567
-0.09104189750551045
0.8549107107481257
-1.091459280925515
1.2686058219968595
-0.7264195381303915
-0.9510679005961429
0.9887434435176148
0.4832571119227966
-1.156357978917692
1.4806655707552248
-0.9582715980463972
-0.616055865993703
1.037807393529441
-0.31734247507846036
-0.028575887030886295
-0.009353771693727465
-0.11472529596857783
0.35356919456717806
-0.5640040322249136
0.7819303122139182
-0.8125182900159726
0.6930196120464346
-0.5404666126623059
0.39515598933747476
-0.28523012110879126
0.08725961127225432
-0.17673455289500797
0.6054469857229328
-0.6809831833481886
0.4634998621470673
-0.2690525535308517
0.09820354621647262
-0.05842257399711023
0.08739229044489409
-0.27399326739508806
0.6201815974429722
-0.9028997264444717
0.9055955241309495
-1.0771081267198597
1.904773595240211
-1.513038872375915
-0.40595236489659525
0.7944434878703817
0.2942934671920385
-0.7013241286516855
0.728309508066094
-0.3991495983317117
-0.49934017438275147
0.456879429380688
0.4569214034463736
-1.0695340636669575
1.3859886388068317
-1.5863742747286058
1.6196783738365617
-1.4991294261369508
1.4828509037728
-0.8666678235199107
-0.3908040599056498
1.0013842239930906
-1.1265914122061664
1.1045755360516465
-0.6511730715216097
0.7384902754372493
-1.7116485981356435
1.4983314594375345
-0.11407577902830168
-0.42683540989692725
0.4703530785821304
-0.0058021770115392595
-1.0214727514131128
1.1647161923011595
-1.0311870412193893
0.2299873697510329
1.9568969469147193
-1.7727499983293287
-0.833698430055378
1.7302156808833589
-1.4847263840417844
0.723830699332553
1.056991063918034
-1.0465653847448355
-0.7980624907981926
1.5423964762813758
-1.3047098491724407
1.075895865915416
-0.8423195684315431
0.6761729424585212
-0.6598205868737589
0.5812870294942926
-0.2550942800957143
0.4171640825499081
-1.1407234130050687
1.3453576626959438
-1.0380103751257357
0.8766740696258737
-0.7690381846425232
0.6601206592381577
-0.708585641901335
0.24963441016896115
0.5104293362680815
-1.1353726317612645
1.9085641876914434
-1.6447123052268138
0.5554964281992266
0.28742777144299747
-1.2363845014976185
1.2684703960356953
-0.05435528906653386
-0.17864930215180863
-1.0076240381494668
0.763164813881258
1.0944836017695927
-1.6042926181155477
0.6723799457531847
-0.14735304702781218
0.5034333886774784
0.1905406507913013
-2.205890958070746
2.535052427837559
-1.5386220236864923
0.6312527859468542
0.6633271680724148
-0.6234460482840104
-0.8222850202415669
1.1425238336079708
-0.6945722972755031
-0.05111835321988903
1.1795415264923146
-1.339401239474761
1.0090545107666131
-0.06729795226608812
-1.805702183883531
2.1814670548399056
-1.2451197979488775
0.7166957336638664
-0.19063005155579638
0.4947919114563012
-1.780748770286183
1.9522859592872661
-1.254168562208382
0.5343765185072161
0.4314739053365344
-0.6498856468643559
-0.021420453309686505
0.18316221095633273
0.4899696353149873
-0.37389836359106743
-0.8772026459286357
0.8103609879811635
0.5978564775717972
-1.1685247816078614
0.9021233892739706
-0.6150032279748103
0.7041424226881637
-0.11274726184092668
-1.447855895428186
1.5266395786789375
-0.5082705684989123
-0.37132421918911795
1.6642109529232854
-1.327897816009007
-0.6139779950988655
1.4352201004418992
-1.4949175163993038
0.9774125854257156
0.10810968100658869
-0.47513678395833375
0.6952715065773319
-0.16272349961484006
-1.8333636485845815
1.655475129307772
1.092110235495904
-1.7442070765882123
0.27296369850921176
0.10607543009338953
0.36976596554642727
-0.8688606607723213
1.6083455190747014
-1.6076253240847085
0.860709167427832
-0.5261901597739258
0.5221043614900196
-0.5382577468366135
0.7612276503802072
-0.6916219982739721
-0.023805421416039668
-0.13139375657794733
1.455646411893216
-1.5197039062006712
0.37654443415185895
0.05705665436967865
-0.21259699595524395
-0.21297138450280018
1.5827495501652964
-1.5083813933443424
0.005451235971654589
0.7722864510210082
-0.9245131517622671
1.0239395296198917
-0.8199793248316989
0.8602316448029154
-1.7951006589438532
1.3104889666515687
1.2077160649405254
-1.3627826033540853
-0.9437215058281848
1.6760957575092092
-1.0549980424556689
0.48050436057178064
0.15752899161979755
-0.3645466529322368
0.12912785223258733
-0.05871247084919489
0.08879545010225323
-0.011664288521920696
0.2872345830191826
0.05112531179588245
-1.7438958349751432
1.3639313430614897
1.5151063342606366
-2.1319547693042677
0.4922391180412877
0.10382129938863902
0.055192564397116076
-0.2894213428503673
1.063571237934575
-0.7215541414437813
-1.1435130783010021
1.4970569487841359
-0.006113893421870464
-0.14083540185824678
-1.3609228552688917
1.5551760205326304
-0.33250487531114686
0.13709640028748737
-0.6480084653573881
1.1564964257027752
-2.11931158754985
1.721566373104944
0.01471878494172929
-0.7960450301656796
0.902085916459912
-0.522283136513507
-0.3137380483618303
0.7036688583073807
-0.8656018267916539
0.5819279897714212
0.14831119624711725
-0.4299610590496849
0.4861429810771526
-0.21684855883374618
-0.5100835558099462
0.5703158490188223
-0.11276141525475178
-0.2530042297289241
0.7045550715895569
-0.5493049567265329
-0.06082037744155852
0.5189700623770326
-1.0023153905819373
0.7656437004117006
-0.2154606306960527
-0.4687614944723337
1.9033403695492315
-1.4746841479472352
-0.9435271425122516
1.919851776775073
-1.5835128254582937
1.4244155041430167
-1.1719949765913573
1.2231206596302093
-1.9856536602022568
1.522941283997402
0.17251179377890064
-0.8641787471583154
0.9084472510303931
-0.4642367543662954
-0.6895307705275742
0.9151872075195939
-0.0743313594335932
-0.22644605628723566
-0.3944509644010222
0.15046339875399367
1.3900668919284165
-1.323721945339124
-0.2752750803659274
0.875403346241496
-0.9659720437226769
0.2597516564323164
1.5059446346683307
-1.9598699754565565
1.0368054553548798
-0.6543713968876353
0.9346390510599248
-0.710069247697004
-0.11616510555316534
0.49951129027632224
-0.3480454088489333
0.6134696519449274
-1.0695921397283323
1.3971066127961167
-2.2212563893936657
1.650801822613558
0.7269540031331164
-1.1277192788439847
-0.2941857833142812
0.9324819285698569
-1.1669328679835074
0.6498319098976049
0.7281727163674965
-1.2546430536544988
0.9909143390355225
-0.8342203726473049
0.7573594536923807
-0.7045963382613005
0.6790291531913648
-0.5709719554902004
0.5447934927657521
-0.36927099707275135
-0.2695998106423675
0.10412083182141722
1.1128391692143915
-1.327947654413528
0.3456788323900466
-0.15951854668637994
0.9946072730348959
-1.0004519692132456
-0.0321710201797743
0.23252342755444394
0.6115484628897235
-0.6683244630013361
-0.2480865594100466
0.3394096124344705
0.43513165458894476
-0.6609220378237223
0.4007065497862943
