0.010185671547401782
0.011117438997094093
0.012064882085314834
0.01302556645390475
0.014031557876726197
0.015074185092106566
0.015830352782461653
0.016270748778667413
0.016540549102217344
0.016546876054705572
0.01648280678853365
0.0163546514995338
0.015981178004590646
0.015397261934969469
0.01482349980828476
0.014251900647199908
0.013594854047868464
0.012902318166449172
0.011989838959431941
0.010841960150833899
0.00958806110686874
0.008183159106837907
0.006859902730347055
0.0056521940956429755
0.0044152833931044395
0.003216850297826164
0.0019484837214846353
0.0005985477992808111
-0.0007191100228103721
-0.00202672913848196
-0.003545552815043793
-0.005279612048275259
-0.0071370432263282825
-0.009173823541452917
-0.011231889394418573
-0.013301292757357298
-0.015507589876329116
-0.017816231655996072
-0.019610806737484235
-0.020842952973242145
-0.021777160708510625
-0.022238434023544702
-0.022611099601823288
-0.022906937966454582
-0.02277489283523584
-0.022285392575915438
-0.021836464356497973
-0.021411233290359363
-0.020856871136171577
-0.020263002795975895
-0.019290204829209682
-0.017910975363763605
-0.016361535452608284
-0.014559349020060387
-0.012971360917150477
-0.011663611958219433
-0.010351775872759423
-0.009171543090661375
-0.007901111316199966
-0.006518256259140557
-0.005253774837623382
-0.004062722083409181
-0.0025125298183694064
-0.0005968101148056216
0.0015052459109240277
0.0039023417879450227
0.006282219536480227
0.008624723734195362
0.01117577603372197
0.013866532705389704
0.015987117034877388
0.017493308280224613
0.01866917423970114
0.01931627951577472
0.019901779931534035
0.020438300019344015
0.020512867388509427
0.020212193512829577
0.019958102815011335
0.019728113466032288
0.019368303883842045
0.01897241836440605
0.01816881443767583
0.016928458445776562
0.01550612611198919
0.013811462061548643
0.012419612138217611
0.011408433332430173
0.010436429877377897
0.00967016298152693
0.008829239060474555
0.007887503600093545
0.007132517371983017
0.006507908066937827
0.005497453115218665
0.004095391363675621
0.0025142207425944848
0.0006250131015723072
-0.0011953751280962335
-0.002922294843134778
-0.0048501264892928855
-0.00689524663781879
-0.00854260672200215
-0.009773007991733675
-0.010768568417157757
-0.011388644918882609
-0.012000025751833418
-0.012610495414345271
-0.012910246323199707
-0.01296833014683641
-0.013048896583584772
-0.013131901517107518
-0.013130566318338048
-0.013101859479037435
-0.012797774087184334
-0.012199989564273376
-0.011473447247041206
-0.010557672188620821
-0.009914351330362354
-0.009601978069227487
-0.009355544207461668
-0.00930796280434747
-0.00922593293807684
-0.009089538807444602
-0.009133087201710879
-0.00930995520512192
-0.009223288546768502
-0.008870509931623843
-0.008413128812800609
-0.007752743964521074
-0.007183383280290694
-0.006724412895848919
-0.00614840748679619
-0.005521020556822662
-0.004981138747115061
-0.004517546719537781
-0.004111870429985041
-0.0037978326036321778
-0.003440976909927268
-0.003041022589177482
-0.0026945878110573576
-0.002375262092195191
-0.002065123588097885
-0.001774376036604857
-0.0014947974971187858
-0.0012251150195284489
-0.0010047901976628648
-0.0008353200493946683
-0.0006975611336542371
-0.000601416498385316
-0.00036459699717442394
3.1318007267938124e-05
0.0004922435059847072
0.0010697205688409194
0.0016620308196611021
0.00226253416123374
0.0029677701869660024
0.0037577037352679557
0.0044959014979430644
0.005183690118742252
0.005874309489958459
0.006534773017163294
0.007271338067571717
0.008091135877686638
0.008914615236533568
0.00976596782140506
0.01043644876374708
0.01089636414865982
0.011261026861893024
0.011467881548026714
0.011617945779551775
0.011716946554144408
0.011656987934870173
0.01145571198859413
0.011291825621937443
0.011163758483834196
0.01099401840136004
0.010824714266052743
0.010518667496971107
0.010063947152739186
0.009561507125188202
0.008978360262783038
0.008423340753383128
0.007916629912232914
0.0073816933087523335
0.006851199411421547
0.006283266521695775
0.005671658014303794
0.005066221509419047
0.0044582760192104975
0.0037271799106628413
0.0028692714158776644
0.0019368744288696883
0.0008990185904772167
-0.00016170660551801278
-0.001239942787132914
-0.0024029407299202455
-0.0036328054414591898
-0.004605634752865398
-0.00529651601885117
-0.0058448797312144135
-0.006159115184897719
-0.006441773838237376
-0.006699453104250429
-0.006747952457554712
-0.006624723858239401
-0.006538294403098232
-0.0064800800498047715
-0.006370685937247253
-0.006257307812283412
-0.005962543545021912
-0.005472366343274725
-0.004910752631461781
-0.0042348314887884686
-0.0036871972822816986
-0.003302529253135351
-0.0029333451884697758
-0.0026503760099142975
-0.002339108759288901
-0.0019882883890777726
-0.001717854788257139
-0.0015048402065105386
-0.0011247771868998346
-0.0005746153395208664
5.217860644570695e-05
0.0008117962089064707
0.0015417717094376368
0.0022313310593706105
0.0030079241681320863
0.0038354997698050535
0.004442073826189729
0.004814373489578699
0.005054302104181639
0.00508676486924622
0.0050986008958604934
0.005094210098137899
0.0049124724617326376
0.00458831107240672
0.004270960380129415
0.0039506693941987695
0.003575703389461018
0.0031786777867058814
0.0026235700842070606
0.0019000086163572527
0.0010996708169685706
0.00018939185312023094
-0.0005988852453274447
-0.0012349412283538664
-0.0018540654317928693
-0.0023893593099553806
-0.0029562832093721846
-0.0035651576113372202
-0.004099090744653618
-0.004581273348147143
-0.005215086772969673
-0.006002350887078668
-0.006859962204641497
-0.007838567820642284
-0.00878860840071444
-0.009700328909118016
-0.01069005040822639
-0.011724525544852888
-0.012490995896467842
-0.012970513424201009
-0.013285864225285549
-0.013349548408591082
-0.013368886726817096
-0.013348913737302397
-0.013106664276661038
-0.012680354122294233
-0.01225266554803571
-0.011813064814113322
-0.011294989235438696
-0.010738622994966127
-0.009981259097090378
-0.00900989717584572
-0.007935088323271626
-0.006716968046270105
-0.005613642977371401
-0.004659381972260824
-0.0037011869554210972
-0.0028134801748196134
-0.001869126197138256
-0.0008561086339728054
9.637536656554693e-05
0.0010141486839251592
0.0021280667429716417
0.003440902011962957
0.004858299781099664
0.006438126364455012
0.008012094905529461
0.009569525277995622
0.011242321026586394
0.01299338572210331
0.014361105630930066
0.015313347561676393
0.016040099281839706
0.016411292121506615
0.016723753212828086
0.016985711131724913
0.01693080250166014
0.016613649897115113
0.016318773227979824
0.016032212482095808
0.01564739945659535
0.01522779053884993
0.014525974276130438
0.01352211587690715
0.01238663383630461
0.011059218984241451
0.009905473460956384
0.008975563038563922
0.008050064764695736
0.00723486755334385
0.006353147100446941
0.005387802388187112
0.004520775864449935
0.0037162719126886384
0.0026417814311910153
0.001292954388420116
-0.00019325627844513283
-0.0019002284576764086
-0.003586570549783644
-0.005236741476571652
-0.007040214653543585
-0.00894369748531937
-0.010443375411505635
-0.01150947253805264
-0.012340410120236013
-0.01279573971104353
-0.013210587963277365
-0.01359368176507964
-0.01365054668012788
-0.013443470535710185
-0.013266568096828867
-0.013103369862107746
-0.012847708680601758
-0.01256469719435388
-0.011993195523627037
-0.011112897558897963
-0.010102114222991055
-0.008897302048806038
-0.007913230373903901
-0.007205475200327111
-0.006528965254253789
-0.0060036892592228615
-0.005426263508632909
-0.004777943250507374
-0.00426657044172129
-0.0038512702918988757
-0.0031620652580841937
-0.0021950471042332742
-0.001102219815600566
0.00020874566067212726
0.0014672219147098
0.002655518041997464
0.00398478212358537
0.005394930679098232
0.006516866264041078
0.007336792506193164
0.007985062589440177
0.008360842854860715
0.008726971531226285
0.009088954311286252
0.009224699832522255
0.009183637627101237
0.00915499324218333
0.009124339582475568
0.0090294354803606
0.008911042192497392
0.008591365458785605
0.008057215191252364
0.007426731468593004
0.006656513754259563
0.006077921973165456
0.005732870099323793
0.005431119842129796
0.00526802265896901
0.005076004419005709
0.0048407199648875295
0.004730329699201385
0.0047113032845338
0.004498779494419437
0.004090862388590671
0.003603396879418936
0.0029657126977848027
0.0023887881687981475
0.0018864685791657597
0.0012954791189454637
0.0006628883468269986
0.00015806345435135876
-0.0002199177318949428
-0.0005168900608309805
-0.0006883847959826454
-0.0008708526085892928
-0.0010658864687628834
-0.0011656162812474218
-0.0011961083134186938
-0.0012202682930010896
-0.0012292279698774588
-0.0012084567019342762
-0.0011702598911537507
-0.0010451869054378695
-0.0008286200579779119
-0.0005633532617553182
-0.00023222653461234523
-1.3874047111364231e-05
7.130266985173134e-05
0.00012121674026494098
8.495125982165667e-05
5.733731075824487e-05
4.564561935143717e-05
-4.2565317943721044e-05
-0.00018838364433235066
-0.0002472262130134871
-0.00021904196244489362
-0.00016146753229080428
-3.894686469738526e-05
3.925122351102309e-05
6.598002433585774e-05
0.00012476797348583542
0.00019109672634849437
0.00020062249103773886
0.00015585928797564485
6.931935306943018e-05
-7.546701092452573e-05
-0.00022170900284404043
-0.00036932599933803885
-0.0005614133090244129
-0.000787175230957866
-0.001030469627513174
-0.0012955724920207022
-0.001583755713252836
-0.001892560675195085
-0.002244761522278485
-0.0026418539616032883
-0.003071367757383557
-0.003539152793708371
-0.003967370057899956
-0.004347911812058564
-0.004722358440368231
-0.005068782688952196
-0.005430083006317823
-0.005809469288311327
-0.006166213605072275
-0.0065089889387693715
-0.006898571232509573
-0.007334876614320108
-0.007794268222096025
-0.008291726162762646
-0.00878095310797284
-0.009259087690867399
-0.009761514394649505
-0.01027793525035572
-0.01063884375752887
-0.01083072114427718
-0.01092548728272214
-0.010874774601021481
-0.010784172955725245
-0.010656533838663402
-0.010394930278451921
-0.010018429639675365
-0.009636166694374901
-0.009243169926423224
-0.008797093065215504
-0.008322257025593695
-0.0077249384729335775
-0.006997244555708116
-0.006203836394610477
-0.005321675404132673
-0.004481837855473288
-0.0037024655552459667
-0.002903629799649802
-0.002123188256630947
-0.0012981089358024562
-0.00042189104211799326
0.00044067339330054175
0.001302576705423198
0.0022852574566132686
0.0033907350733723496
0.004569179838573165
0.005851304207952918
0.007149797998130164
0.008459294494684303
0.009849000183099164
0.011299879488656473
0.012452608548110712
0.013278526850183926
0.01393259364578283
0.014312662504649342
0.014641842437966986
0.014927025077541563
0.014963869031273978
0.014793207521876328
0.014648698845270862
0.014520633475365025
0.014318952450038938
0.014096322700562615
0.013653986479051345
0.012975793661252266
0.01220023264923853
0.01127897165152059
0.010483562577018001
0.009852527148067957
0.009220262955176443
0.008665705482629519
0.008060089756606863
0.007390462854201489
0.006790954303236376
0.00623546492446286
0.005471905575518585
0.004496502200282186
0.0034137366753290163
0.0021602400854586956
0.0009178697747345106
-0.00030163863345230213
-0.0016415705537020276
-0.0030618425281866263
-0.004205612066780948
-0.005052973378221268
-0.005742939179802601
-0.0061764431510986035
-0.006593215374085376
-0.006999540961112861
-0.007186218545276691
-0.007198042995805551
-0.007240113640265129
-0.007300648526039723
-0.007306658331378735
-0.0073035497393590795
-0.007108325244160884
-0.0067070129089013076
-0.006224466452462745
-0.005616283423625904
-0.005178633376203156
-0.004951085453660053
-0.004759503589812718
-0.004689634061223909
-0.004595982378296915
-0.004465410525236162
-0.004446630249347958
-0.004510554505440268
-0.004394513688143763
-0.004096025831610495
-0.003723124348532674
-0.0032104350572182525
-0.002750673996373901
-0.0023566072996949
-0.0018783279881721539
-0.001358781864155448
