0.0038397162494950695
0.003952978017678383
0.004069559741811236
0.004189676515356689
0.004311106803581421
0.004434519520502507
0.004525843670838254
0.004581340010929735
0.00461742431291109
0.004624119496858157
0.004620410792451227
0.004606998603363328
0.004565240051516709
0.004498486541263802
0.004432006372148458
0.004365110366243139
0.004287322520417921
0.004204419335348774
0.004095869998611195
0.003959883084388112
0.0038110410956829553
0.003644325314890846
0.0034822512003924158
0.003328285381275881
0.0031678947381869353
0.0030076505140825627
0.002837447551174458
0.0026560730107120737
0.0024743494762574808
0.002290164612369034
0.002081123863523649
0.001846699882357061
0.0015962444471846464
0.0013240352737950722
0.0010458099967340245
0.0007625260243045962
0.0004615178408328387
0.0001461826936438731
-0.00015689217266764402
-0.0004465441495878472
-0.0007329261900218937
-0.0010088000229803603
-0.001292644229573817
-0.0015850294265843206
-0.0018702743230307288
-0.0021519448933492763
-0.002444762277949805
-0.002747899492788406
-0.0030564464936316377
-0.003373723007075917
-0.003686551443528605
-0.003994052298882939
-0.004305325830821586
-0.004617260423514491
-0.004952488056868313
-0.005314077924665189
-0.005689017486976191
-0.006083928270385832
-0.006487758299543437
-0.006899634555243814
-0.007331018722815051
-0.007779794568608298
-0.008226340892006861
-0.008670608638159837
-0.009120802101200797
-0.009572132070354025
-0.01003924644988437
-0.010523222505111568
-0.011012896159149592
-0.011511624558615556
-0.011954550360997625
-0.012333827797346219
-0.012682232732849805
-0.012980610809673873
-0.013263514870534355
-0.013532417569799098
-0.013752465986676794
-0.013929731666811187
-0.014114953977904774
-0.014307101693315878
-0.014484763306741718
-0.014659670387923807
-0.0147914481276738
-0.014876573182785364
-0.014944093483345413
-0.014984194510625182
-0.015037218701038907
-0.015109713727168064
-0.015175053590601478
-0.015245106074214636
-0.015302439435689041
-0.015344854319981359
-0.015391514412194562
-0.01543879010550021
-0.015445365432312003
-0.015410196349276992
-0.015350735400695887
-0.01525641773188411
-0.01515608173658139
-0.01505152183011642
-0.014919468800764342
-0.014766160903066409
-0.014645646809835048
-0.014560597764411203
-0.014489932061809763
-0.014448463567290746
-0.01439928822589152
-0.014341260779968364
-0.01430605931904117
-0.014286612500827196
-0.014252221894227776
-0.014204535124898053
-0.014154072053727564
-0.01409391178084663
-0.01405129347768727
-0.014028102783944812
-0.014005502181491028
-0.013989956777833833
-0.013936592294141672
-0.01383927539887371
-0.013724059032074975
-0.013577826415458566
-0.013422379542742297
-0.0132595134441044
-0.013066594711205713
-0.012847834637846707
-0.01264256859989541
-0.012450975857452256
-0.012256630091116208
-0.012069179307387223
-0.011859422719433138
-0.011625254019098306
-0.011389048957684427
-0.011144155520987008
-0.010909721381805097
-0.010690108351522546
-0.010471530586441478
-0.010260126211122555
-0.01005012810575269
-0.009840773895805278
-0.009640636939040105
-0.009448828215979038
-0.00924319950304647
-0.00902333578962606
-0.008799636844698533
-0.008566677751401672
-0.008339959305106129
-0.008120883509934949
-0.00789740272066769
-0.007673178540387113
-0.007443218331410047
-0.007205778818436296
-0.006965938762824682
-0.006721993505393578
-0.00647421807642897
-0.006223014159339505
-0.005966696977265295
-0.005705321003175468
-0.005447557034091069
-0.00519387413666442
-0.004940120186678041
-0.004688572029784281
-0.004433816254965144
-0.004175450140626166
-0.003918104523438586
-0.00366061137568766
-0.0033773949463821507
-0.003066438035491438
-0.002738938001726972
-0.00238766318103916
-0.0020284428312704267
-0.0016618325290099264
-0.0012733837605741738
-0.0008660373590641394
-0.00045641376350942655
-4.387034120492451e-05
0.0003779331599723125
0.0008052146413277608
0.0012520142027309723
0.0017194294515614434
0.0021975961800140054
0.0026898926289276913
0.0031779297817837965
0.0036590228092580456
0.004144438567824057
0.004628798475804895
0.005120663474518489
0.005620886675391639
0.006120414559420072
0.0066209577363766405
0.007139688316952874
0.00767684706873764
0.008225246330923941
0.008789183092884786
0.009356254088116906
0.009925626588912915
0.010507032886301958
0.011097715432825108
0.011613504056950429
0.012046856171069615
0.01243517988636775
0.012754267491196382
0.013054649784463543
0.013337876342982778
0.013556571636867017
0.0137198152362188
0.013884425863437393
0.01404820162268716
0.01418857524096423
0.01431833671172014
0.014389670239229624
0.014398511906859333
0.014378213296526946
0.014317054302886082
0.014276094893185218
0.014264111728515225
0.014243126004805524
0.014230836697413096
0.014198563076992606
0.014143189033697927
0.014094606960361184
0.014046878962572937
0.013942046502500485
0.013779005757467804
0.013581691297442232
0.013335393037402167
0.013081449767662777
0.012822395410870909
0.012525290838649705
0.012199119355408688
0.011901417302697613
0.011634099836335808
0.011376365351432008
0.01114373070750039
0.010894881234167148
0.010628662477319924
0.010379513608125508
0.010139436363229556
0.009878532790559714
0.009598778967048775
0.009309649734581898
0.009004486038898401
0.008710818657741105
0.008430434320381213
0.008144572403306119
0.00785974342617394
0.0075246138792553745
0.007132428509977441
0.00671230340228214
0.006249271123690623
0.005768821287274012
0.005272904330861834
0.004735367106071885
0.004161097363913474
0.0035938230657309445
0.0030335804458212806
0.002462196198217223
0.001890321208681857
0.001285131126024705
0.0006442216180964635
-7.4664908660566226e-06
-0.0006774622916048334
-0.001263522712480531
-0.001752526637163787
-0.0021977943576715667
-0.002568973890657829
-0.0029188696758946143
-0.003249971538905643
-0.003508027625892557
-0.003702301626041646
-0.00391556645739668
-0.004146509560934317
-0.004359852799401248
-0.004574879768272973
-0.004726609092064894
-0.004809386010380208
-0.004870370471493302
-0.004893836094785273
-0.00494055600101194
-0.005020795733680913
-0.005093784314847954
-0.00517751765897601
-0.005246541352739488
-0.005297525356529863
-0.005359078816712648
-0.0054259291416932625
-0.005434485849418547
-0.005383074763407522
-0.005298801223618022
-0.00516540574316135
-0.0050270752174442655
-0.004886616965005818
-0.004708332723674238
-0.004501806014213386
-0.004355273971237913
-0.004273392141587943
-0.004221357351627711
-0.004223454604654473
-0.004220066422170366
-0.0042093504980425375
-0.0042428438756666395
-0.004309180984946254
-0.004357567423267359
-0.0043906762162255475
-0.004426182092193913
-0.00445264624552074
-0.004514952482506423
-0.004616281714055457
-0.004725594426062669
-0.004853584142590271
-0.004928086308651175
-0.0049392042193078505
-0.0049290961553945835
-0.0048766898691923345
-0.004816960414006643
-0.004752869700462741
-0.004648114879383978
-0.004509497931439539
-0.004400709989455712
-0.004322131022048733
-0.004247203356354415
-0.004191603330311186
-0.0041082280306116775
-0.003993731615460956
-0.0038843454842377835
-0.00376938840073226
-0.003666873899432081
-0.003582581807807985
-0.0035003762560752516
-0.0034264584810300013
-0.003359008117745916
-0.003297110525297955
-0.003247501322326928
-0.003210126382731171
-0.0031585555271423224
-0.0030918862413249317
-0.0030231851046988133
-0.0029458599682012252
-0.002877367268689512
-0.0028193708393469807
-0.0027578614904588935
-0.0026969435752465156
-0.002637438270530193
-0.0025779146096825477
-0.0025210122849989767
-0.0024666062105579783
-0.002411171452705859
-0.0023549490747352196
-0.0022995472472039785
-0.0022442736600738144
-0.0021945611226997707
-0.0021510365543821984
-0.002110642159414075
-0.002074914082891518
-0.0020412647426343977
-0.0020094743158908038
-0.001982191484872644
-0.0019589077470102572
-0.0019078120559405496
-0.0018260735047126407
-0.0017283116655602885
-0.0016054629138917025
-0.0014764962902751744
-0.001342169032318137
-0.001184804836115637
-0.0010079244853793297
-0.0008333429766747103
-0.0006603862470948689
-0.00048053181759900393
-0.00029880421552722726
-9.719136813221696e-05
0.0001257186492371086
0.0003571008457262347
0.0006012658915998582
0.0008366486464061415
0.00105995241480434
0.0012846347092844886
0.0015043447095732664
0.0017288225608165578
0.0019590751007979115
0.0021845824019922893
0.002407278131012053
0.0026477918507972547
0.0029064428248895295
0.003174504528037725
0.0034571412108595663
0.0037395373976250343
0.004020678293066627
0.004312211063424595
0.0046108341245376305
0.004873981828360831
0.005098612918845593
0.005302304045633843
0.005473028311607543
0.005637969407777003
0.005797860546237958
0.005928183218706789
0.006033910060781253
0.006141309821615595
0.006249072954241626
0.006347285449372527
0.006441783276081705
0.006509704559726889
0.0065491810861347385
0.0065759156846417356
0.006584309483337615
0.006607502182365068
0.006650034081706512
0.006691887767378664
0.006742638239702244
0.006786259245508234
0.006821151373871349
0.006863760054326101
0.0069108071562698865
0.006931968273650427
0.006926795686168808
0.006907735654210828
0.00686715001036749
0.006826956427101224
0.006788528135476061
0.006734576041783171
0.006669905463880406
0.006619448673089875
0.00658372212379352
0.006554380334589434
0.0065380792609151216
0.006516219191033374
0.006488362624401831
0.0064697165806121915
0.006456681396118732
0.006437415190055963
0.006412895077492987
0.006386605207718268
0.006355971469820166
0.006332385629885433
0.006316575230561924
0.0063009526700712444
0.006288231549976515
0.0062549333925212836
0.0061980925378611555
0.006130847373852754
0.006046392425802467
0.005956633798172378
0.005862467607818386
0.0057518602378439625
0.005627113548165596
0.005507856005301359
0.0053940837818069
0.0052777248425135825
0.00516356242991443
0.005036799739882962
0.004896375473895151
0.004753525187995705
0.0046048661234037325
0.004475898384907625
0.004370422836245604
0.004274043061813585
0.004194448151021677
0.0041196308529262175
0.00404887384061031
0.003995244886850775
0.003956662799691116
0.003910620275429757
0.0038572492212983252
0.0038063974439552202
0.003752739490952834
0.0037133955262773806
0.0036898611687933335
0.0036694699821552593
0.0036563324574652883
0.0036372529145208337
0.003609730331994657
0.00358311999299939
0.003553443023678065
0.003525676612603856
0.0035005750985303884
0.0034721218308598487
0.0034413419757181123
0.0034230452276548893
0.003417686269179213
0.00341880806269305
0.0034302100600231327
0.0034417715926099894
0.003452826073810579
0.003471614197261765
0.003495937558261433
0.003501788223899817
0.003487723990986726
0.0034634921721121386
0.0034224325321429326
0.0033803841165557396
0.0033378487847230453
0.003280928810769381
0.003212620118024584
0.0031472144268985223
0.0030840129806536704
0.003017894078383362
0.0029520820169900773
0.002874102692085211
0.0027830410625770095
0.0026875540167628454
0.002584657137682472
0.002493300396898945
0.002416120435110044
0.002341901822227478
0.0022761765456581202
0.002209844326790611
0.002142096252283138
0.0020824110476509593
0.0020290027234700736
0.0019648921510133674
0.0018899368387651264
0.0018112162631845788
0.0017245290588139503
0.001642345903716247
0.001565535151371349
0.0014844452015950296
0.0014018855495509662
0.0013258228910899314
0.001256009995900911
0.0011907335846943646
0.0011320420744118963
0.0010730849433404181
0.0010138329859964747
0.0009595368777672658
0.0009088914647655677
0.0008597454820115908
0.0008126058315193138
0.0007677217121410139
0.000724743903690583
0.0006865452548423416
0.0006533155768824384
0.0006234436454529081
0.0005976623167494064
0.0005670303976882337
0.000530601933592128
0.0004932008572228158
0.00045230779567324674
0.0004128134943570787
0.0003750952184030808
0.00033449512285448594
0.0002920060497250331
0.0002546775727513471
0.00022251129764741949
0.0001927607438672079
0.00016716886389999737
0.0001403912803045718
0.0001121009910859942
8.63978599883165e-05
6.209721188327372e-05
