0.00038494646231374967
0.00039374035001517294
0.0004028940746876365
0.00041243899112500373
0.00042204245357834044
0.00043180326742606266
0.00044252175211526446
0.0004542446945538241
0.00046666983074854533
0.00048002195542384997
0.0004937660675577648
0.0005078926025312219
0.0005228742216754721
0.0005386142685372787
0.0005546644424398398
0.0005710557255796456
0.0005879520281781979
0.0006052575918320168
0.0006233824547279436
0.0006423616491229299
0.0006619231475371328
0.0006821696371845907
0.0007024334219199013
0.0007226295844238142
0.0007431556373277088
0.0007638213436999322
0.0007849623930707828
0.0008066125297459638
0.0008284378995550498
0.0008505088729135296
0.0008734224992061581
0.0008971881957252787
0.0009215665642749035
0.0009467091842036727
0.0009721844220278189
0.0009979675254107696
0.0010244012094923847
0.001051392431225776
0.0010785125229652002
0.0011057593694711724
0.0011332707414931863
0.0011609349913985858
0.0011890859827247628
0.001217732984045984
0.001246611601441002
0.0012757884981496714
0.0013054562795250769
0.0013355989925775988
0.0013661672289741855
0.0013972039421899071
0.0014285217385622325
0.001460111222657068
0.0014920990373881306
0.00152444222759434
0.0015575678467887792
0.0015915304744425775
0.0016260975556209225
0.0016613941946857916
0.0016972044576962072
0.0017335146936426483
0.0017705460141227282
0.0018082585273634843
0.0018463048314778664
0.001884687862193976
0.0019235530072893468
0.001962817543039081
0.0020027487567871156
0.0020433679312943176
0.0020844767809704247
0.0021261382659763595
0.0021625400883969123
0.002193065201243968
0.002220478201651286
0.002243082909619395
0.002264162263331459
0.0022838345292798138
0.002298904231976635
0.002309953520316582
0.0023212279147163104
0.0023326047886617807
0.0023423369567912578
0.0023513932877269926
0.0023563062923717053
0.0023567754969605836
0.002355258031731364
0.002350906563623525
0.002347626229012515
0.0023460117091203257
0.0023435605008016325
0.0023414115167800804
0.002337798430338837
0.0023325138043973795
0.0023274415058216614
0.002322213655205871
0.0023129802705412045
0.0022996545797723403
0.002283842374320446
0.0022645617028323067
0.0022445266891689694
0.002223903473934433
0.002200513154262035
0.002174942988808872
0.0021516283164717638
0.002130756553477812
0.002110649293837358
0.0020925128371591805
0.0020732498186920934
0.0020527668476448733
0.002033686353423724
0.0020154109525757254
0.001995509967804518
0.001974124411292325
0.0019520600298349121
0.0019287703270850778
0.0019064419942475016
0.0018852211140649871
0.0018636020211382877
0.0018421017937308374
0.0018169180293694967
0.0017875382740832639
0.001756145215220491
0.0017216275671497628
0.0016858484901297155
0.0016489551439356578
0.0016090203624701048
0.0015664016456057503
0.0015243876514753783
0.0014829865260529542
0.001440825664621456
0.0013987081167756324
0.0013541780233794205
0.0013070556407932315
0.0012592132336896207
0.0012100884969899956
0.0011639869092802528
0.0011215482815632328
0.0010803484046323748
0.001041685490686851
0.001003525344975787
0.0009657478679655974
0.0009305631774539086
0.0008976189147517956
0.0008631178084448804
0.000827082971769126
0.0007911753812952974
0.0007544969488512816
0.0007199384283740543
0.0006877525183628081
0.000655801655812843
0.0006247801654133747
0.0005924233939032505
0.0005583057678863969
0.0005240245162611481
0.0004888974962008097
0.00045378677064641785
0.0004188208468105938
0.0003829637897941914
0.0003463928941635052
0.00031163501318839346
0.0002787664442714999
0.0002466868380331974
0.00021604398163601278
0.00018510800542754114
0.00015376490835396277
0.00012342156611100974
9.370193449672516e-05
6.0466214143111074e-05
2.3463534750724078e-05
-1.5623671266993094e-05
-5.7944794717541496e-05
-0.00010077272087167539
-0.0001440215008906977
-0.00019008691669264422
-0.00023845382454562442
-0.0002866531357748438
-0.00033480552719510417
-0.00038379803252991797
-0.00043307392408560395
-0.00048478766005431045
-0.0005390980548053159
-0.000594510456531048
-0.0006515408188147929
-0.0007069236415378848
-0.0007602047710058081
-0.0008133185886994141
-0.0008653121768494723
-0.0009177540029994813
-0.0009707841897410233
-0.0010227699033229247
-0.0010740194803933647
-0.0011274615709964523
-0.0011831215313404403
-0.0012397789821430177
-0.0012981591288106001
-0.0013561124073656304
-0.0014134897312236873
-0.0014719560378774817
-0.0015310275735494414
-0.0016114792513769725
-0.0017156341122696126
-0.0018334362874766843
-0.0019709856200029177
-0.00211679303776286
-0.002270438716468951
-0.0024432695462885193
-0.002633269243502404
-0.0028249345584509776
-0.003018685927774917
-0.0032209854330134346
-0.0034282929538239923
-0.003653191005500469
-0.003896789153104251
-0.004150155939956449
-0.004416374371594736
-0.004681826885672662
-0.004944413809658752
-0.005212968401170947
-0.005483521254240114
-0.005762175219077877
-0.006049677811337598
-0.0063394987421972705
-0.006632922865438369
-0.006943567254610914
-0.007271767432089192
-0.007611846481838802
-0.007967293328478928
-0.008328567431629587
-0.008695098340590256
-0.009074588816873546
-0.009464988493381343
-0.009849895940221703
-0.010228589739239832
-0.010607373132621284
-0.01098178469414677
-0.011363210503818227
-0.011752014407444743
-0.012138538078359446
-0.012524986134062551
-0.012920500014687367
-0.013324583330655494
-0.013734188864156062
-0.014151387592033191
-0.014568032680851125
-0.014983588415321455
-0.015403703243944683
-0.015826461194081255
-0.016265790822561813
-0.01672359415078451
-0.017191869428533114
-0.017674699913910345
-0.018165307869299843
-0.018663165587136897
-0.019175328418941748
-0.019700506692613938
-0.020226625808019535
-0.020753663778720198
-0.02128668586649851
-0.021822751813449375
-0.02237088892931338
-0.02293177046957602
-0.023498531823220634
-0.024073249419072438
-0.024544103104827027
-0.024898871152109803
-0.02519134787981015
-0.025388803598539234
-0.02555365485730198
-0.025688199234220246
-0.02573121586421939
-0.025693730545783264
-0.025658527138699275
-0.025623333907380443
-0.025553862258769263
-0.025469034722505564
-0.02530155003417334
-0.025045542393919647
-0.02474880410599299
-0.024394885632247572
-0.024057850781429916
-0.023749088503623565
-0.023420840583420977
-0.023094722346205056
-0.022737462471291898
-0.022345080694206206
-0.021953195319517574
-0.021554856384335536
-0.021076485137771085
-0.020516360444540638
-0.019905206342127793
-0.019224227819104076
-0.018525156359002076
-0.0178111434993064
-0.01704057307756634
-0.01622461719459247
-0.01545035459697299
-0.01472158208629315
-0.014005082555614036
-0.013324562367960709
-0.012619474081826895
-0.011887955413745554
-0.011181380564685017
-0.010488068118119385
-0.00975985954188841
-0.008999472403415885
-0.00822296271640599
-0.0074194759154623474
-0.0066321488236336
-0.005863863362077909
-0.005084843725497632
-0.004305279424663202
-0.003450992588856688
-0.0025119328384523307
-0.0015307463944749023
-0.00048573519413189795
0.0005868597277986448
0.0016841731612568013
0.0028437734003795086
0.00405871725183592
0.00526470648270169
0.006461577799892282
0.007676207374886474
0.008892898300172373
0.010159648313460456
0.011479983011589506
0.012817314507011738
0.014182640125030324
0.015379726272732382
0.016384537133148067
0.017296852819579548
0.018058651582102864
0.01877382915322691
0.019446894121960497
0.019972650672733367
0.020369340449088332
0.020791542011463535
0.02123624537346576
0.021638071016906523
0.02203280743405076
0.022297772245858907
0.022422256122533096
0.022494662916179332
0.022485189265046945
0.02251486661974465
0.022603480551511606
0.022670891787302035
0.022752742696525143
0.02279702173307416
0.022797115493882247
0.022810416884209313
0.022826099667336505
0.022719691724209474
0.02248801440024907
0.022183725055387862
0.02177498915521901
0.02134859957738196
0.020909970325727546
0.020389037772608316
0.019804579394764148
0.01932149390131544
0.018948043676890194
0.01861973830191824
0.018381808669688665
0.018121906162691655
0.017836538564889183
0.017622276553424777
0.017457608952417027
0.017248580509625924
0.01700020190773978
0.016744768454467478
0.016461096026032424
0.016232457416504233
0.01606463894329067
0.015900036598089032
0.015758424395180045
0.015503315712506335
0.01511603423616326
0.014675912620097946
0.01414305794910523
0.013583733188794658
0.01300341901496086
0.012333309206015395
0.011586214530372957
0.01088193471454547
0.010221043092715827
0.009553514708616921
0.00890874873621077
0.008197867974852653
0.007414474075870413
0.006626710997935298
0.005814345095460922
0.005109953218628535
0.004534477883941403
0.004011255296122778
0.0035806268154219313
0.003182564773285385
0.002813339554061164
0.0025401524610769556
0.002352797314023768
0.0021306237921361864
0.0018740864822874978
0.0016366793703381356
0.0013898276313245132
0.001224595857100963
0.001149098865205729
0.0010957893170599276
0.0010865932264090975
0.0010554675177373261
0.0009895297583335837
0.0009366797995257797
0.0008769687348254516
0.0008345558333263882
0.0008134049180187962
0.0007837974297026632
0.000750799803313402
0.0007905832153856471
0.0009057169166309148
0.0010629429502621993
0.001281920359113238
0.0015110857857021103
0.0017471254360500342
0.002032364716963411
0.0023556989354473314
0.002583623850879074
0.0027077941077046207
0.002783272272232748
0.0027729761959317373
0.002764252947325747
0.0027600182445020843
0.0026833386666893413
0.0025507739081223964
0.002443236220650641
0.002357034747779121
0.0022629745195481363
0.0021794221214024986
0.0020363727653303354
0.0018287299812979724
0.0016053658291250417
0.001349596137300418
0.0011655841319683311
0.001068021636725041
0.0009951097674913833
0.0009773415405019941
0.0009650790578103436
0.0009539308778597718
0.0009959326955545284
0.0010814036028916707
0.0011166260002809891
0.0011008383118962426
0.0010732920560370804
0.0010108379236345023
0.0009823188602107204
0.000992602417841797
0.0009884865947729607
0.0009855331395834423
0.0009760504686020475
0.0009534104745145835
0.0009323906253398559
0.0009092883014596842
0.0008759548204615494
0.0008332833657126185
0.0007816974004479989
0.0007192919794827326
0.0006713567688166572
0.0006395683859504762
0.0006101608600720354
0.000589685547474965
0.000563501278472974
0.0005300499989286719
0.0005020249829537908
0.00047603522625641414
0.00043831857351020237
0.0003890162453138559
0.00033218550648215323
0.00026430500880345785
0.00019614444688377506
0.00012794953457405744
5.126771655064557e-05
-3.176944994788699e-05
-0.00011692209135070741
-0.0002048997227735714
-0.0002963946424828251
-0.0003905944350183838
-0.0004924253056197853
-0.0006021579590080717
-0.000716793395234798
-0.0008375229038188928
-0.0009304615507033625
-0.0009919714678453912
-0.0010388782758010808
-0.0010613811621139303
-0.0010783100704802463
-0.001090569674171086
-0.0010798671320657273
-0.0010496708940698747
-0.0010253171068373272
-0.0010062979951839664
-0.0009823266082999336
-0.0009593267974590679
-0.0009170711904908881
-0.0008539450522697969
-0.0007846174979093949
-0.0007042714620212485
-0.0006334505867452419
-0.0005755659909807892
-0.0005172812737423438
-0.00046471491601509415
-0.0004091403921069438
-0.00034956195061957814
-0.00029579923872000537
-0.0002461267031037734
-0.00017988260902592596
-9.666699179504323e-05
-5.362442283924739e-06
9.922471111921985e-05
0.00020245827846527675
0.00030331859751126867
0.0004133957479970677
0.0005294311792078105
0.0006247547574950521
0.0006979696690334257
0.0007592631158790707
0.0008012498875087222
0.0008420126852825914
0.0008819964145136208
0.0009054983324215765
0.0009158926112717003
0.0009280495219321846
0.0009410362344557222
0.0009496278174076165
0.0009570842614542079
0.0009499583192987051
0.0009272153922762602
0.0008979496798845438
0.0008588820368415495
0.0008320503527969768
0.0008203582882572247
0.0008108501435397358
0.0008098843982328939
0.0008065643383182554
0.0007998912440189809
0.0008009313701927435
0.0008074875769349267
0.0008000661307349058
0.0007784681600287616
0.0007506671284159992
0.000711796682817881
0.0006761379624091444
0.0006446147901394564
0.0006060861587156453
0.0005637175635859605
