-0.004001231025684255
-0.0005747267252828414
0.002769072630734648
0.005951543651795022
0.010454368519594961
0.015924182212619254
0.01904308302879297
0.019680362708875826
0.019177268586622945
0.016649602589557323
0.014420935892549024
0.01259667288013436
0.009246555216002364
0.004843649719212121
7.572239882144144e-05
-0.005253671674594508
-0.011177950751491156
-0.017597752229772202
-0.025452559316400256
-0.034800822818332064
-0.04513153980363259
-0.05668462394703517
-0.05977821426424021
-0.05341180520796534
-0.042323423873708486
-0.023723135662946482
-0.003081318741158977
0.01934603566761506
0.04881842614225597
0.08432382868517008
0.1012144440476573
0.09784079900419741
0.08526007580260687
0.05670359367256129
0.02791609035141984
-0.0003139397527360749
-0.04181860793260331
-0.09346322367358258
-0.11990747765607404
-0.11957281500673021
-0.10719809128300763
-0.0733346234971734
-0.04221723068855697
-0.01501664873943896
0.02859291466193537
0.08366698196282764
0.113195394794009
0.1162009602707401
0.10697991904161422
0.07582896949240647
0.04965033032120336
0.029647484439696805
-0.0059921801696433755
-0.0517214286667652
-0.07705200382679303
-0.0817501460020128
-0.07657915696098674
-0.053699290832113666
-0.03661650306609049
-0.026289918291464882
-0.00426193943536721
0.02458195529121849
0.040005056284898255
0.042275601458974674
0.03769440691771494
0.021157115884457386
0.009316414060200342
0.002756405493988442
-0.011191297353301823
-0.02905733847642185
-0.038872549908666745
-0.0409558357916087
-0.03861558377305693
-0.028854452296412026
-0.021994233995314978
-0.018331334878706376
-0.010148047553662382
0.000421157943275418
0.010215998501084473
0.019846822118790207
0.029385357119070733
0.03820169889354271
0.05024838402189099
0.06562121034667713
0.0818786996503171
0.09990482504761278
0.1060600367983612
0.0987635520449312
0.08507347950586736
0.06102630604447538
0.03385049346559129
0.003938300939223661
-0.035912228827302654
-0.08437172223567635
-0.11484015742745658
-0.1258251697259579
-0.12918185336381
-0.11775060583528352
-0.10900082884004439
-0.10390681263508525
-0.08752601700478993
-0.06345099172454502
-0.04370461760602282
-0.027423294069003193
-0.011167600298148684
0.0023685219048435423
0.02422233383874991
0.05499876639356884
0.08711179867570445
0.1231002311517682
0.140729027544048
0.13705562611513797
0.12441524154453201
0.09627393816672625
0.06366251827312519
0.027317453567720643
-0.024184614639372454
-0.08880330006156803
-0.12371968102222294
-0.12653570657833912
-0.11640493100676003
-0.08181652374862132
-0.05079826854649761
-0.024936871507221983
0.019750727600523446
0.07748929707870193
0.10664199893199978
0.10628919283489376
0.09237822233767103
0.05407147270673202
0.021845509137584568
-0.0029090383147481764
-0.04472613674414588
-0.09728066101813768
-0.12329686903274616
-0.1221540707818832
-0.10724826047184119
-0.06884872944256798
-0.03503519770449742
-0.00688038707198465
0.03806970821202541
0.09407914466042326
0.12388155500567076
0.126623948875476
0.1161370602889436
0.08263217470346068
0.05376579381207819
0.030645355304961274
-0.009033837892955017
-0.059622154778522514
-0.0869660747283785
-0.09053873098397792
-0.08278686618434719
-0.05484316530707346
-0.03253777329474067
-0.01694210904143923
0.012477735955506176
0.050380742101663316
0.06904390841371531
0.06828281609477965
0.05764854054069533
0.029990491684299927
0.006858462148498721
-0.010934771125099057
-0.04030773872369945
-0.07681747394823382
-0.09442901193872343
-0.0926408079863939
-0.08077957365712284
-0.052005959502212866
-0.025926649313873465
-0.0032543490413315564
0.03175716254966925
0.07513250741928158
0.09888510936183048
0.10225471713668435
0.09586744830279319
0.0723437769866774
0.05218686881061066
0.03624651429163031
0.007875697061622116
-0.028737915117659146
-0.04935745866408892
-0.05373414921568497
-0.050600301447114415
-0.03371607584646169
-0.02164176116987361
-0.015169035384253344
0.0003119357748722325
0.020929946579138194
0.02999823315762054
0.027656406829713303
0.019193498626557694
0.0003708994560008479
-0.015270613591097394
-0.02726344615384573
-0.046000495734716054
-0.06867843463371509
-0.0788050509866208
-0.075980091969592
-0.06608767379422145
-0.04474627818312799
-0.02426980678616696
-0.005060291728810777
0.022881985670414474
0.057101620790529196
0.07721223950448106
0.0825038257252153
0.08103436098396574
0.06739219312206063
0.05615954915097926
0.04798045587284039
0.030867814347203083
0.007799895798404954
-0.007677814229935068
-0.015808030705957935
-0.021088967018011613
-0.0201823606802848
-0.024215393255549063
-0.033703453728382196
-0.04031651537306585
-0.04646133331997511
-0.04730047658725824
-0.04139384724916275
-0.03267325139719175
-0.019474732988171702
-0.0024274700139704356
0.018315231629249383
0.04466165381484951
0.0766206930019845
0.09278776616234845
0.09149341197249537
0.08299158787657987
0.06137698428653961
0.03963701735631516
0.0185423622183463
-0.013582463740636626
-0.054125310664728754
-0.0779461175797216
-0.08420965608422616
-0.08318347286115049
-0.06827019819448486
-0.05719167601373318
-0.050853388200831864
-0.0347357235472095
-0.012532253097682019
0.002614738334131079
0.011280447680668292
0.017265806106092726
0.017430693130939732
0.023262297900238274
0.03524561480399363
0.045072486223439
0.055244764707956355
0.05750830078022692
0.05013028707617347
0.03874532405968503
0.020742965514149503
-0.0012562734177163776
-0.026969360038902455
-0.06013007918176087
-0.10034574129162321
-0.12014673865138026
-0.11751680612122546
-0.10531890326274043
-0.07599733492317515
-0.04652883572985966
-0.017869924333290616
0.02509965648730957
0.07897231477323527
0.11082649645206293
0.11953086711287521
0.11853206869604216
0.09916995015161378
0.0846179873100079
0.07604519821181488
0.05442303743701731
0.024566846238525963
0.0044865038618704415
-0.006506070302409068
-0.01379177582231017
-0.01303939418910632
-0.019776982355745758
-0.03467489054274028
-0.04642116248028016
-0.0583938039830671
-0.06481621334865544
-0.06387555363306588
-0.06066024675353741
-0.053193822618182285
-0.041912028027363865
-0.027077578672743446
-0.0066090346500450176
0.019526602566463633
0.03493977003090439
0.03853453482670202
0.038252173536473595
0.029685433629957597
0.022969825521973856
0.018813995670618415
0.008365902445798046
-0.00623878056476584
-0.013934291958720195
-0.014816055405086523
-0.012731690679189717
-0.004926869666523897
-0.00010783724063469252
0.001315591295575882
0.005994995532301588
0.012063849125040637
0.014442564215379136
0.01339223233879525
0.010016281802381526
0.0030653185029601193
-0.0028189034949920367
-0.007549390537437038
-0.014516474970728444
-0.022773880766782068
-0.025809794026572505
-0.023362036376727777
-0.017855109074030723
-0.007517414927287338
0.0029599173130469784
0.013435839893887703
0.027831443665865093
0.04523441569569954
0.053457187807442186
0.051819254308695946
0.04550111417190021
0.031184440206431397
0.017021873315672117
0.003383071855013022
-0.016725677006676147
-0.041677326306109
-0.05549170736161596
-0.057542377866079644
-0.054356293419478466
-0.04168695853348498
-0.030705532478081117
-0.02194349421778149
-0.006137179202748897
0.014423014224252562
0.026584257239825715
0.030262610796128332
0.030195684133594365
0.023025429456979784
0.018870728103205205
0.018184079785685668
0.013056753534916341
0.005619025519503653
0.0002675393782069365
-0.00352963112549118
-0.006424524920037132
-0.007455345813055567
-0.011267191696029496
-0.017997164406707115
-0.024568502364119227
-0.032002504513258784
-0.03474584599180282
-0.03195194596556983
-0.026974492824124646
-0.01816381847607111
-0.007937756698091037
0.0034931250101926017
0.018827102300717137
0.037618932367584464
0.04842753066385808
0.05056912818279526
0.04922316397941125
0.04130039027045328
0.03417474103569925
0.02826592504085725
0.017204621713362737
0.002502620082241961
-0.005722254810758889
-0.007335124440667826
-0.0061572675657929725
0.0004048861015294915
0.004783377704910758
0.0066118607030103815
0.011873324965642517
0.0189693792345163
0.01860778331340119
0.010583243192290143
-0.0018118508175843434
-0.021037881335966097
-0.04017654913371722
-0.059004133631792736
-0.08313553563342636
-0.11119207605163614
-0.12129943467743161
-0.11198575956846157
-0.09264979685604871
-0.05721521144295189
-0.019836835634310396
0.01892303112039577
0.07156366421365444
0.1353566836296989
0.1680362828060648
0.16717901813987443
0.15107911671802368
0.10824644512305574
0.06663875678924673
0.027604942099520843
-0.032907125754655445
-0.10928366626919354
-0.15095072562200657
-0.1561911627988215
-0.145367754896356
-0.10514099499279261
-0.07136295041714423
-0.045753531603561284
0.0011153330020753447
0.061840469574055944
0.09703815028715707
0.10661466195803423
0.104347764263474
0.08020521984443968
0.06487666791611518
0.059662917476998596
0.04069837077149374
0.014422586136994696
-0.0022505908958463275
-0.010547582375607722
-0.0141396755697126
-0.009059694274941098
-0.011447112837403944
-0.02178765590514671
-0.02875920988887201
-0.03582182955602682
-0.03950261390337372
-0.038261300232381404
-0.036167178926244624
-0.031944841942195726
-0.024628939469798716
-0.014464241150716083
-0.00073133421684404
0.016833908157397753
0.027900348052341328
0.031745931563526605
0.033555858144437116
0.030563870226401495
0.02896748645365244
0.029249393422758698
0.025952036988412336
0.020401570089608367
0.013898594159400713
0.005823405548539582
-0.0035959595160457722
-0.014263338272336884
-0.028353238388446538
-0.04599912895266802
-0.06615878491939015
-0.0894070882112653
-0.09824897268289824
-0.0909250693822494
-0.07614665229427042
-0.04892191917750588
-0.019170945138711606
0.012567538978523916
0.05572720838735081
0.10841653605676131
0.13606108630356065
0.13664684615064393
0.12540119885010828
0.09294958369350813
0.06193160381208366
0.03351318744735866
-0.011814121698163593
-0.0694688824268801
-0.10067586011082165
-0.10425399751367573
-0.0956245885063283
-0.06460504455767273
-0.0389302931989038
-0.019922640698061093
0.01504632172192751
0.060233837878369986
0.08276750171991104
0.08228019452560839
0.07051898777115048
0.038991028312465946
0.012751354824774167
-0.007183902747496853
-0.04062781366572903
-0.0823970689095837
-0.1026111261391119
-0.10075361333566639
-0.08747297959009738
-0.05494382164874581
-0.02574734286659663
-0.000710418419297055
0.03824490062385852
0.08652843545418334
0.11119743151118686
0.11128019640769372
0.09932446143454818
0.06660824760520373
0.03711698845006879
0.011823002982101464
-0.028848635033236956
-0.08002590686200084
-0.10692486635164428
-0.10863712607834472
-0.09843265793277577
-0.06717007673706153
-0.04031227270972242
-0.0189501110623906
0.01754684722549095
0.06395213638366361
0.08933026399910109
0.09325768358731475
0.08692752030981926
0.06232522960463932
0.042924397101398545
0.029693058544440033
0.004014336342820111
-0.029254732082402552
-0.04764970217870124
-0.05127003428568347
-0.04751091577229814
-0.030660279831977534
-0.018723298114440793
-0.01237615600193706
0.0022524468977932325
0.021412719147091763
0.03054780505942938
0.02988377717983399
0.023770462534534426
0.008525415838437734
-0.0037188246584540985
-0.012582108778060768
-0.027280727884917047
-0.04530987572495729
-0.05350109604031815
-0.051640219132774695
-0.044249330175013805
-0.027859672365414263
-0.01257069453869078
0.0012967406719230422
0.0218231001360434
0.04698140970125013
0.06044132703631571
0.061619609258341666
0.05691261238660114
0.04196833333657014
0.028469851223919967
0.016906486468997714
-0.0023552549515098607
-0.02694822551602874
