0.032622662261444085
-0.02964350782833581
0.029633826650396506
-0.02105180287867473
0.017303591089601035
-0.0546344335673569
0.01907135691115676
0.12411024393433132
-0.13650342303570184
-0.0004126068753368961
0.04142958746415781
0.034942727348291604
-0.032350360748414825
-0.06863084973970429
0.08076889741006478
0.0006499703067389152
-0.028243184451792646
0.0018122855317029398
0.008088801326394522
0.002676003940711123
0.0001073368605386555
-0.02110250057684319
0.024699980894681853
-0.003926312399971324
0.0009586207467014458
-0.025918613965422364
0.01746737086052003
0.02151586237036635
-0.03476192678346292
0.04408516494392452
-0.018166973141882828
-0.05900511376539066
0.0649949141311282
-0.004187757277662019
-0.029636713975179394
0.04111683919644962
-0.03820963956792884
0.029357114501282727
-0.012669301607501352
-0.021959422719115253
0.02411725252337869
0.011581145529789026
-0.020655656450208806
-0.0026364329584039285
0.005128684424100929
0.02126415866070621
-0.021569924687957952
-0.012773657533111923
0.016303814839225335
0.016397898406098
-0.019029983598734142
-0.003572558011561534
0.015758954309929962
-0.028899583115759044
0.015824751408188422
0.02396162612420947
-0.036999022004645075
0.03542515528484277
-0.017399252891801217
-0.025924630642833606
0.032568498614346145
-0.003121334016307084
-0.008458945101911117
0.007789361361858422
-0.001956868415147874
-0.013998232039881065
0.013182551153821664
0.008019209210902854
-0.015803388587447873
0.0036501530990961538
-0.008974714719167309
0.03850443662787986
-0.0422358774184407
0.016470433486419883
-0.010479704843845949
0.027555922414961888
-0.030678511874332792
0.014306545715826303
-0.014213034945065853
0.03518569334264841
-0.03439323711526254
0.013369828568298209
-0.0025662302894348434
-0.0029564637409858876
-0.0006098454117613662
0.016473253196114618
-0.02020043549987189
0.0052422342951035025
-0.0029222066789553014
0.027688625962475913
-0.017040729745929392
-0.039184197919627434
0.04486417943258688
-0.006676246181136568
-0.015155856149156644
0.03494464220235158
-0.023136967033204878
-0.027754015595180204
0.04118303695681735
-0.014204684024801136
0.0067939028727004615
-0.023484112644569982
0.023984730714861218
0.00025394852419777757
-0.002507212012660129
-0.026778937348570238
0.020727631393781698
0.021387264594614194
-0.03879665093115259
0.03602592935447885
-0.02909457377437228
0.015893208782668013
-0.010676888431107052
0.01513345600233302
-0.013577536457822184
0.0030556293883462677
-0.0003721706703710922
0.011380195822678447
-0.008377406377594761
-0.013948537557925465
0.01388325169756523
0.009085671834867335
-0.019828549467941988
0.017559310110304836
-0.017619626486055976
0.02587316903250764
-0.023069896421596004
0.0025731263837648847
-0.006715139631672945
0.029975361900963268
-0.04246339553201859
0.056045578453991655
-0.03731215545326427
-0.010092809041563256
0.037366659978717146
-0.054807447902743126
0.046303136263810954
-0.012487794171874192
-0.004286840425856028
0.010428970239336333
-0.006779933930685902
-0.0102634065123925
0.00992490033104983
0.0020701306613598765
-0.011947479229102212
0.02756093386998639
-0.016410090489379418
-0.014174229138073303
0.03702277681343283
-0.06538067443520013
0.05630286881161657
-0.0090897520466075
-0.010826737163902405
0.010066903996256083
-0.002458859192284053
-0.016849659923972693
0.019976287743146363
-0.003947239289180284
0.0021748324088946714
-0.015490844598468546
0.019529655470099595
-0.01326819226213875
0.010088262414008469
-0.01360967405487714
0.008557062939948824
0.008909604331138988
-0.013282494756840981
-0.0002485771041195826
-0.00044931382742226787
0.019466355349287562
-0.019881191312706704
-0.0001607600465773672
0.00986922019751911
-0.0026275822561272317
0.00863182988373924
-0.0348484089717097
0.03204252283237578
-0.0029105613397266816
-0.014672189994405832
0.02367351565630573
-0.021632602408814493
0.012905564340984868
-0.0004158438267898707
-0.017664158479087554
0.023243418264032884
-0.015914364511694687
0.00816791529434556
-0.009037598385359398
-0.004526453244379811
0.04066517818869307
-0.04205765170811662
0.009636143922501745
0.008857693305943463
-0.01110672435574515
0.01458211291481257
-0.027949341862737342
0.019496277159660184
0.014145751537277592
-0.023357586081666912
0.009855146949803396
-0.00031790061248109116
-0.005090540262621511
0.010553261622352691
-0.014966132541951775
0.018150047753070813
-0.021970645777917113
0.019451515746229858
-0.006436041618401308
-0.0020415242762244143
-0.009969623447000754
-0.007581260375201909
0.07100645126488149
-0.07360445567884644
0.005567886769228765
0.019262493573077598
0.019321063826800905
-0.007249897724823007
-0.07780671476571906
0.07720979183541363
0.012287813615356542
-0.04499206520615247
0.029378064487356616
-0.014275189033916103
-0.006797330017323963
0.00899651857489102
0.011393138758700863
-0.015413705510646917
-0.0017196033430448305
0.003838713875464781
0.015594929260301114
-0.013426818866932175
-0.012990272782172137
0.019216584029373183
-0.004936940051808177
-0.005087171978328843
0.001077381468069372
-0.010408309121141464
0.04951062619877617
-0.04161600825707817
-0.022306942918907877
0.03802854094290491
-0.0007121393555859709
-0.010708174177369165
-0.011567969932419462
0.005815757759901283
0.029745557529576194
-0.04002709459523217
0.03146332591447834
-0.01826882995828657
-0.004104221704484306
0.008543823479792755
0.003946123946915878
-0.009132121478260419
0.007823999394129786
-0.00290551035619736
-0.000861510153335653
0.010290667187786805
-0.031686513712005336
0.03327356797455546
-0.01204399837238036
0.008396463010238922
-0.02123055038799794
0.026278401563364383
-0.029503559192821563
0.025537084716145294
-0.003586861402557007
0.006654968166707542
-0.047764593674370255
0.04822294567677253
0.004015229065957526
-0.010235258816906082
-0.03565529829011001
0.04174612362507446
-0.010682043336792105
-0.00692259672432071
0.014649631327356721
-0.013512376342195407
0.008677592877835608
-0.0033451496411685527
-0.010475330659481773
-0.0013606224771771217
0.0347009861663581
-0.055651603646285554
0.07243872367843891
-0.06661186808526841
0.034361375829425236
-0.018520564203892895
0.02503135524634183
-0.012044564115386697
-0.017372049260539896
0.030306990579653616
-0.04283732814423705
0.025200939293323732
0.03334412065571027
-0.0427275620121436
0.003360458067436874
0.014051211951259537
-0.011053303163032154
0.008562414242753532
-0.00903757267565967
0.006270699006319936
0.005537281500174813
-0.005291032651098721
-0.01751440967655623
0.01503683263006238
0.02426225594727919
-0.023306005243506706
-0.025992807717975824
0.040005373407190466
-0.005536803246146282
0.005867908033324085
-0.05927833444257086
0.05207997425242473
0.02173390467799145
-0.04186531035288342
0.016234657467370295
0.004736606043517854
-0.027204508668122625
0.028674285912175714
-0.010746617904419418
0.0012896556391878906
0.005458551770273849
-0.004243930521545092
-0.016746446846650748
0.013925257389258055
0.030176076239411775
-0.02378612449942482
-0.04393961872270327
0.05492919815864077
-0.01020991696331301
-0.009333577439662776
0.01012005689621185
-0.00620162020586042
-0.009106188474305861
0.004585301494362919
0.020214628929040867
-0.02846850550355747
0.02416509821750614
-0.01440211878878207
-0.0014007907756231437
0.01044256820876553
-0.012821530359777511
0.015228518473741987
-0.01687137647113162
0.016443530939664237
-0.01890611957442126
0.013049697560774943
0.008523122294541541
-0.009983298080530502
-0.01465686355095621
0.013517430914216587
0.012005233234546164
-0.02364346248539203
0.025999641289169886
-0.018764340174655194
0.0020367155633821323
0.008558732312615076
-0.008862635155547176
0.011163388726570396
-0.0248421318914371
0.010763365344164728
0.026461666787920758
-0.045697679853012776
0.06365470176468258
-0.046722754205663276
-0.015356750334539945
0.03064871877954989
0.005432160158923992
-0.014416170384190389
-0.010382046124680293
0.011960501586281988
0.019957254379672933
-0.02204039579808098
-0.01950340660953119
0.018838635339660695
0.03630283019477967
-0.0423321168029193
-0.012562758319844256
0.02509630724618319
0.01933021139707475
-0.012001891200439322
-0.05250142939846458
0.07049589811719933
-0.04692730672409813
0.030163351166183183
-0.01353491385399739
0.009295368336792103
-0.02463805623651568
0.016892019597382284
0.015110679753923443
-0.027189451416212183
0.022635965630698404
-0.015228402922116717
0.0043176411224599975
0.002259465942795868
-0.0035552069985076516
0.006479465677890046
-0.012259259809018219
0.012592176244671427
-0.006869890671764287
0.0039778079773356775
-0.002483255218672554
-0.001804948353740523
-0.001347987803161277
-0.009767916762733093
0.051321021250585526
-0.04771783693702748
-0.011237443183136799
0.01868437213890345
0.02026400773611798
-0.03847320870718796
0.04829222828184741
-0.03216606964884003
-0.01680787192428581
0.03605916809904618
-0.014131197026810023
0.019367207726916476
-0.0667843200148743
0.060306358148040716
0.0018941758227065293
-0.026049974443766107
0.020316253765273472
-0.01049410900658184
-0.012446098547159336
0.012096867978970745
0.020856908811647933
-0.023759672126561857
-0.014262338120256539
0.017200173366884168
0.028589533446802245
-0.03067494656627039
-0.022462258841036118
0.024406185834336777
0.021627519615055504
-0.0397784116816384
0.04436892602742561
-0.02324474942851347
-0.027151250573883515
0.04198639182725397
-0.034273353257419883
0.015721522286732816
0.024067843847254737
-0.019613635115384432
-0.015068784244500592
0.04246033947255916
-0.09272504697348563
0.07114069357561927
0.03892575258669534
-0.06101577694864775
-0.001873283396028786
0.0301593982814339
-0.034369180378168426
0.028388718994766762
0.0006204976394805165
0.004780156179332661
-0.05099209243034634
0.057928843739414676
-0.027360374527553105
0.008583651284743697
0.0028370480091309803
-0.012399234052016695
0.0033868759563974457
-0.01961273580286878
0.08507162453813363
-0.07721975273660353
-0.014994829177540733
0.03907222434909176
0.007152579256651297
-0.027251068190146496
0.0013783483873547131
-0.004338890919751932
0.08849070511937833
-0.0588936192551957
-0.14270253966845553
0.14528384272558445
0.08351325938889054
-0.13768004713563398
-0.002699750767707461
0.03733427617960386
0.06010183069309998
-0.05847480027018677
-0.06292268199594873
0.08435696575114403
-0.0006249486651973245
-0.020690499477038434
-0.004016648205295416
0.020713750110198884
-0.07431907730107401
0.041381136774451655
0.1170885742803981
-0.118708328501959
-0.04928677621302495
0.12290426704768234
-0.07556431097263133
0.0992823680844691
-0.2199681658162556
0.21815638391715428
-0.10450464937015208
0.03338336971639607
0.015120926535521195
-0.021482412350600034
-0.02829386883892088
0.02912951356039232
0.027798224072349463
-0.0353731921160226
-0.0014358270275311915
0.01817212105995244
-0.03833071530526602
0.026208695597153577
0.055391068094364775
-0.038155697756435854
-0.10255256237737878
0.12101702980395747
-0.026103599132386298
-0.015806287139498002
0.04462429923190432
-0.016818995240862833
-0.11722101208951842
0.10261080548671067
0.0852627520581864
-0.12551538377831684
0.022469575560402927
0.025961635698075972
-0.028131005013209143
0.023024942468396186
-0.018040789210521022
0.01845239584819413
0.0052984027925542625
0.02759365821923108
-0.1394674554099918
0.14975392708048985
-0.06010450638033374
0.013617173364189187
-0.006174045823292453
-0.0006310892638229744
0.005652699335569965
-0.01243902594561621
0.017118152809476678
-0.02013926959482726
0.033924518363699495
-0.02117860131949568
-0.029681009696698915
0.04040896861732684
0.008574215764444473
-0.014851349354926395
-0.06616728295836964
0.045057586283755696
0.129797140609655
-0.12966665924528362
-0.07240325607965745
