0.0008537873721241302
0.005441163117602713
0.010314917785167936
0.015422218393587601
0.021899040308182245
0.02950383426244716
0.033019946938501576
0.03208913517016256
0.029023892183811996
0.022382317692505947
0.015494208628261313
0.008512662240359447
-0.0015049008976022239
-0.013905583991340505
-0.02324502913796367
-0.029409515762104776
-0.0345838895825393
-0.03736972388830704
-0.0417524724054296
-0.047952927408739604
-0.05279939020243723
-0.05714584858730361
-0.056242028116029
-0.04920578161947626
-0.03882700189279834
-0.023595452256243623
-0.005399846703239679
0.015684101479816144
0.042034189736502046
0.0733912285847479
0.09055660006387813
0.0920703867881157
0.08693024007449077
0.06982800729301795
0.052613360751053766
0.03593739360829049
0.009200014999517232
-0.02523607083376303
-0.04522707069500573
-0.05009203374243292
-0.04885380675786198
-0.03572752387324283
-0.026448925637379744
-0.021840124504908687
-0.009090253036639132
0.008498976873703733
0.01692455134116075
0.016420691437838815
0.011413074732688195
-0.0015921945516629676
-0.011118437797096387
-0.016723808661470305
-0.027090904087517142
-0.039800246251839755
-0.045197121808071304
-0.04332503648607935
-0.03707457238476296
-0.023946357742744267
-0.011797863050825246
-0.0008258853947805657
0.015077822806895373
0.03433885358613819
0.046228028402803586
0.05044878907974407
0.05104176602859773
0.04516924684483568
0.04074742586377737
0.03809339422537894
0.03078362642482053
0.02042960823293714
0.01324499412401367
0.00899972321872175
0.005784214149205926
0.005089221093166934
0.0015394125660117492
-0.005114946012376529
-0.010972850708757885
-0.01721566847639555
-0.022058934328237842
-0.02490908091728435
-0.027446046665109174
-0.02905759952750008
-0.02979522760491423
-0.029759368618311504
-0.028352880504713938
-0.025557873289727615
-0.021013848728825994
-0.01451047816423578
-0.006130789778465444
0.004338655157851731
0.01689732701576594
0.03165326861075119
0.04887772200672457
0.06866989644949452
0.07485311451543157
0.06589998630637825
0.049542899211959084
0.021169835493099864
-0.009727389364362182
-0.04270165939149566
-0.08664756398088233
-0.1397730957106857
-0.16509153404723384
-0.1602501990619308
-0.14165887598901045
-0.09919892164287612
-0.0567615984262744
-0.015533658384962349
0.04532401052012933
0.12103789971037357
0.16425322959278413
0.17316889958848206
0.16718024838487724
0.13374269316600748
0.10597504626826279
0.08549379516263049
0.04490319934777768
-0.008974116981719703
-0.042666760846175975
-0.05645490118341396
-0.061748751875974305
-0.0501721251310691
-0.04849283838257522
-0.057905065964633
-0.05800185533503389
-0.05449313512994332
-0.050010628841951385
-0.042407761585810944
-0.0343225287525197
-0.02580367601184407
-0.009971748655835382
0.013211728401056165
0.040506442308851504
0.07352987090730939
0.08973838040316076
0.08682612122472788
0.07672641103889119
0.053098069077903244
0.028236177920652944
0.0030337400804839793
-0.03424121283070295
-0.08112699047065819
-0.10524105864711943
-0.10509875293897916
-0.09450937984644356
-0.06484343571532875
-0.03798593721772405
-0.01507631817942464
0.022291901629757856
0.06961653008278491
0.09416358370021949
0.09511089356944377
0.08499664941596896
0.0552458251313961
0.02971019687382726
0.00943633761542526
-0.0248940601888833
-0.06837097669531411
-0.089821342846203
-0.08861131322589032
-0.0762298988309037
-0.04452093101187028
-0.016702623407497442
0.006290655074449778
0.043115645441403005
0.08901682147036172
0.11212698825523894
0.11164840200610807
0.09949873431843088
0.06728470356301215
0.03847974728755584
0.0140220725057218
-0.02510513662557031
-0.0741204847462521
-0.10136253369580318
-0.10614087372445112
-0.10029734918691166
-0.07554866281387701
-0.0553931477917001
-0.04081795136880689
-0.01292942903457986
0.023438385033577213
0.04485583528071019
0.05141297010443145
0.05101763231708119
0.037735244772702216
0.03024340742697795
0.02930410232449311
0.0205482619245219
0.007901913378109826
-5.0127192287251513e-05
-0.004183924423720018
-0.005910887736330754
-0.0032852843800003297
-0.005099484173853482
-0.011585314961825445
-0.016776674415275583
-0.02257050774444001
-0.024992538501027044
-0.02305134664712341
-0.019972958855393356
-0.014495534716280914
-0.007357714773638601
0.0012240861972255134
0.012766098298828738
0.027151643068168613
0.034547403837683066
0.03429038156294458
0.03101609624379506
0.022057630911247038
0.013508458555828733
0.005745615445692149
-0.006592700698709646
-0.022255376548039045
-0.030581391191927352
-0.031247742941828905
-0.028493323260565976
-0.01951975128867019
-0.011919548076415914
-0.006053363168302483
0.004283305144421146
0.017520641159197586
0.024490122380300555
0.025077935112407152
0.02258338922473972
0.014635034999614221
0.008195113740209025
0.0035487410837626394
-0.00482006094164249
-0.015470988329094784
-0.021026389249412525
-0.02144083332887035
-0.019241680034757864
-0.012525741327821888
-0.007041132668908343
-0.0030014947978362185
0.0041033886292944095
0.01308976162889253
0.01807047883337301
0.01902078262939011
0.017936012265863246
0.013300247651757547
0.009739965798728264
0.007425821234228417
0.0027425579786318757
-0.003355534140322502
-0.006659228798351983
-0.007198081475283383
-0.006327170540816918
-0.002977256256449615
-0.0005628860318012702
0.0007925202982805794
0.0037082289640368083
0.007474055187483786
0.00829738583789747
0.006112443348519802
0.0022268809161952122
-0.004359607376633699
-0.010757156510364001
-0.016874737013111162
-0.025032256402244685
-0.0346513157344747
-0.03851663969428509
-0.036202762177599886
-0.030731369644755667
-0.020118641518097204
-0.009166850508629174
0.0019324136131223248
0.017340820433967664
0.03612055461578422
0.04677697983200571
0.048751584072513704
0.04689624613668926
0.03812174790633141
0.030244659888829812
0.023644073065500218
0.01172122719085372
-0.0039346058089891715
-0.013266968525929814
-0.016169388315212425
-0.0163859231930737
-0.011344919085237751
-0.008667936867306422
-0.008718968029472798
-0.005509422531994212
-0.0006518281704682251
0.001124860473269308
7.867312313245827e-05
-0.0026457776611071566
-0.008185273932952498
-0.012235160406731173
-0.01466749410544148
-0.018581443422536193
-0.023066863051522613
-0.02417693812861301
-0.0218504922706953
-0.017305804420707786
-0.00948350534783652
-0.0014710392080600641
0.006678792033576812
0.01745727356051784
0.030272698447179936
0.03666221664604824
0.03611422760474615
0.03224956820684287
0.022746113390664836
0.013213062470183858
0.0038963577322723483
-0.010060515919469949
-0.027549294738601116
-0.0371118342297385
-0.0382887337327419
-0.03580788257803433
-0.026626230605324597
-0.018725377017475012
-0.012497481446936265
-0.0013203984988894857
0.01316310035186422
0.022018982484224583
0.025231759428668416
0.02596071063009441
0.02193852459559175
0.020120229148758672
0.020814802363321623
0.018627082374410867
0.015026183793847663
0.01188076020338388
0.008720639277230638
0.005647645427431342
0.0029962815124124948
-0.0017474154302468546
-0.008644475584278704
-0.016212050247278585
-0.025022686462370058
-0.029265252675600352
-0.028254662150719687
-0.025163037729516054
-0.018321109812129158
-0.010723654428373202
-0.002585902074625097
0.009077750201219762
0.02368790869178596
0.031576976444982
0.03224766994245571
0.02993701707089744
0.022056834956414455
0.015023578728459382
0.009188186408572073
-0.0008973222828767373
-0.013911294827567963
-0.021840894046239387
-0.024620862651699934
-0.025188879037159734
-0.0214998208981218
-0.019651162085505654
-0.019925832550095977
-0.01754240554427954
-0.013787787175446053
-0.010919053089499316
-0.008573191284884426
-0.006544036770811611
-0.005296169896071833
-0.002256241899425186
0.0026502367446905283
0.007787572362291034
0.013730943864187987
0.017905967629446913
0.019919931367278973
0.021416153046566428
0.02164354262256885
0.02168810188335554
0.021676515977331903
0.02040218281182353
0.01808348673426462
0.015419875270705194
0.012274986947550779
0.008425150020786528
0.003975975591302856
-0.0018127468592510855
-0.009026040032613054
-0.01725440195246871
-0.02670711842788243
-0.031715101260590184
-0.031703134711980614
-0.029517966142356893
-0.023542664175218952
-0.01699844517610235
-0.010067407343548183
0.0003073708641966508
0.013506755719311602
0.02121830685191388
0.0230831097246993
0.022675685363243665
0.01779718690678523
0.014121883654235496
0.011966746334606133
0.006607428445051659
-0.0007697538353497039
-0.005278225536099055
-0.007050119812660253
-0.0076209448286961865
-0.005797707177885675
-0.005660472975178429
-0.007385955707771725
-0.007947229050091745
-0.008224053854658487
-0.007808459067970687
-0.006318571589133617
-0.004556159718733988
-0.002311892988166066
0.0009621022734012402
0.005234089008347012
0.01044544303151077
0.016735466156377558
0.01921513165997904
0.017442735381098542
0.013848077551783841
0.007063227495082894
-9.2629469775646e-05
-0.007447673777600172
-0.01762061414242964
-0.0300544834892556
-0.03611489944940137
-0.0353227161560641
-0.03141420393517703
-0.02205107227288142
-0.012936865005506346
-0.004351914928376302
0.008600549016577898
0.02477105040910778
0.03400313215053359
0.035957592560066656
0.03470614798509181
0.027570294845216406
0.021762224175956874
0.017624130372643695
0.00923945622816624
-0.001904127327625755
-0.008955262988149217
-0.012005508898592367
-0.013327805302150803
-0.011216476122341982
-0.011234077794654674
-0.013622675770338651
-0.014173851935760933
-0.014075630939686374
-0.01320126253879406
-0.011044952694844352
-0.008474817449241983
-0.005310808220672734
-0.0005196605722095289
0.005887224218239187
0.013604804875475473
0.02289353672266738
0.02728481432529801
0.02617520041751231
0.022840126808023782
0.015468592558628577
0.007747972547255717
-8.328818523179051e-05
-0.01146634562340115
-0.02566753940238653
-0.03281698760662472
-0.03243542387422244
-0.028738161943572534
-0.019081174810037904
-0.010105692398711053
-0.002148672245491063
0.010406278012069165
0.026202280877600372
0.03454624825920929
0.03512487303834904
0.032114683411520704
0.02270254095224857
0.014584836762171568
0.008107433529485885
-0.0030064895373154614
-0.017174512922914713
-0.02533578209970401
-0.02740136015267239
-0.0266187795591096
-0.020655095563500092
-0.01644598264958174
-0.014282391127410508
-0.008702040201691727
-0.001148401700050604
0.0037097452695465617
0.006088648818801865
0.007237296032927566
0.00603048883131116
0.006637742381048348
0.009207075877885527
0.010722540001300735
0.0120768902932858
0.012198500814061606
0.010646360473290368
0.008543425932162965
0.0054939850815354085
0.0013225450962708134
-0.003919678245183755
-0.01052656788371493
-0.018566633430858594
-0.022482072612424735
-0.021820033299251446
-0.019288042547226013
-0.013349393012809426
-0.007313090550635844
-0.0013825687376250641
0.007445342274619755
0.018505471812522892
0.024509266000622688
0.025160872636709807
0.023492224591257316
0.017569915650352052
0.012422594245431727
0.00830274309293191
0.0010260220320884776
-0.008371487106436301
-0.013553325630221663
-0.014439439148226317
-0.013350533667459448
-0.008653296855917172
-0.005135837835417739
-0.003007293823700328
0.0015216321608559837
0.0074526408349208095
0.010089435453962028
0.009433425841926664
0.007034415797586483
0.0016883941960305743
-0.0028815299776824245
-0.006543669126862743
-0.012193089004108003
-0.0190628532357436
-0.022116422309736494
-0.02120465854486831
-0.018189101512249145
-0.011727089819468708
-0.00550784863199343
0.00033890890539985775
0.008834854695642578
0.019243100534071498
0.024974307302295634
0.025772276468504347
0.02427673225243357
0.01872950896664721
0.013779664522288711
0.009632272474669194
0.002432554916059316
-0.00687502642934358
