-0.010298904738506672
-0.008026424504194414
-0.00585418909367126
-0.003868513653875022
-0.0006078057468301632
0.003586855108054858
0.0060546837117136905
0.006733622885299494
0.0066675319557700195
0.005165797261797067
0.004168314414167257
0.003771073677973005
0.0024149344163881827
0.0005069875349569872
-0.0005716018656351863
-0.0008797815145106078
-0.0007999404106963301
1.4099590532515007e-06
0.000312292567284432
8.809456845005531e-05
0.0002108153223458167
0.00042089175528575934
0.00059842997124498
0.0008286080171111315
0.000987025153681936
0.0010638580846329892
0.001358205235599685
0.0018642452041598412
0.002429429365820857
0.003118251182080543
0.002788558521266824
0.0013164771248011342
-0.0007131239440587923
-0.003628368695076844
-0.006814804924591421
-0.01023783085081096
-0.014499779268939948
-0.019485509877297625
-0.021580606466849422
-0.020514867973455735
-0.017924505298083718
-0.012803840289307549
-0.0074058996807540465
-0.0018359325624062815
0.005926503102492174
0.015443104227024934
0.021510157808249174
0.023904427448871505
0.024822418217401786
0.02288187191592712
0.02166252292945075
0.02135085912861403
0.018964422694566146
0.015243959294835529
0.012019219430901519
0.00907231057066298
0.0060086600989609044
0.0032111329606062484
-0.0011907045224741437
-0.007291811959291053
-0.0138775416921937
-0.021384512028312156
-0.025781439893765256
-0.026565770655823474
-0.02596674198778702
-0.022815549609215082
-0.019161452306166518
-0.015151484166139251
-0.008714302756336313
-0.00024209456986216553
0.005229596540202115
0.007533513322409604
0.00883947613502427
0.007843739244352296
0.008047818109004028
0.009670011358926313
0.009860649590101854
0.009373942060104551
0.009062532781527627
0.008654374641151971
0.008251534405039175
0.007983421609378346
0.006623872203503448
0.004136621390665848
0.0012058200816857166
-0.0024570689174117357
-0.004516905457967856
-0.004707495147888027
-0.0043599782396462426
-0.002817267676883062
-0.0012803119427432764
0.0001405786894014515
0.0026187453757691033
0.005905125544794907
0.006979999518089021
0.005714818628383895
0.003381165798735616
-0.0008225878333662912
-0.00484784935644577
-0.008589884291561128
-0.013765662950720322
-0.019953944483234048
-0.022398121112141105
-0.02084553720501741
-0.017260661507717167
-0.010346876366270156
-0.0033038573208708883
0.0037386782601908516
0.01352598186446548
0.025428026427927602
0.03134822347652668
0.030858576293616224
0.027386325259109445
0.01873816003426729
0.01035670106027695
0.0024937080821422954
-0.009494167321109187
-0.024514241055747545
-0.0324628716531129
-0.0329688540075866
-0.03011372751245532
-0.021219186751232
-0.013402404683341184
-0.006997193888243809
0.0038729663429763117
0.017747730316150526
0.02540755279789182
0.026704961214709923
0.025046889929660435
0.01804448214622363
0.012616397268072043
0.009062002849773541
0.0018746658798395035
-0.007509255116827411
-0.01295143479327238
-0.01453297967934194
-0.014202509403382406
-0.010417537902520497
-0.008205815095199211
-0.007755901583192503
-0.005247919343227646
-0.0017367380658885009
0.0007514878081985879
0.002470277557523891
0.0036650470555701425
0.0038883102587361973
0.005334497192329084
0.008054826597333817
0.01059525279611208
0.013430790323068422
0.014511992019042168
0.013492975608348404
0.011678657175728965
0.008452583867647875
0.004615954081120104
0.0002500785413382422
-0.005603784056123074
-0.012801376296165741
-0.016991518486683184
-0.017909474837658312
-0.017543935562755835
-0.014720445744587812
-0.01222534534892835
-0.01022172407238609
-0.006297949875913717
-0.0010270046613694856
0.002454493092494439
0.0041664245540740455
0.005229695135024466
0.004864102985685218
0.005534931729231511
0.007366554239937192
0.008478248427322001
0.009403565848056593
0.009580096057203126
0.008731987177973365
0.00748961571376458
0.005627194711996446
0.0029840326219704623
-0.0004209047084278223
-0.0047329777847203176
-0.010011829966354328
-0.012579206290656885
-0.012130450498532248
-0.0104696510551583
-0.006578877027080517
-0.0026431833828977815
0.0012006211481015707
0.00693804630420959
0.014128839574713838
0.017339024840677782
0.016309294078783326
0.013330753215216122
0.006945575929979127
0.000828648768133216
-0.004841946723225772
-0.013172758908973885
-0.02341737290672387
-0.028281240934094842
-0.027451745784986166
-0.023890244199417765
-0.015641083879344625
-0.007758148880541008
-0.0004632473714675337
0.01047816136243757
0.024046596202241585
0.031175825739758918
0.03152978806245638
0.02873679627429497
0.02038654214011226
0.012878738302293136
0.006500575621909593
-0.0040406379971386205
-0.017440141059648095
-0.024748736152873797
-0.025773756025884543
-0.023899902395984815
-0.016793307115428625
-0.011068433238564154
-0.007016378326280672
0.0006761808263736938
0.01064057389209295
0.01624465546390591
0.017503418757045565
0.016647873699388596
0.011991375349024037
0.0087979917298507
0.007274625201250798
0.003353875549674615
-0.0018646929067906203
-0.00492569662361425
-0.005978695912733371
-0.005917497751363607
-0.0038987735088123207
-0.0030093583258466003
-0.003343809687120546
-0.0026512650482433875
-0.0015817598604597194
-0.0010746082404346775
-0.0009696846036770545
-0.0012707249188601004
-0.0021803892903385757
-0.002554551406669063
-0.002384711413452265
-0.002407299340621099
-0.0023813948579590955
-0.0022546652049375863
-0.0020906698989503827
-0.0017409951735721193
-0.001200840648823323
-0.0006992651350715936
-0.00021836692081155917
0.0003633503347189048
0.001004518258591849
0.001652566286106307
0.002313421312955958
0.002984892762173867
0.003653474088639106
0.00439372829824087
0.005205284709075197
0.006038693084792806
0.0069089632029335196
0.00700664090428989
0.006243068955322996
0.005006688456450889
0.0030603660642947233
0.0008526470267756726
-0.0016005732504343446
-0.004741338748209761
-0.008491069645110937
-0.010460462350811401
-0.010482131854961134
-0.009642344157251882
-0.007283068163348385
-0.004916170084881105
-0.0026192253628025282
0.0009434241562218258
0.005470850984918393
0.008026467338744033
0.008507775107298993
0.008117274653111172
0.006082036112418637
0.004469871952116775
0.0033856673389575332
0.001131358016148155
-0.0018630674279438062
-0.0037544261222552996
-0.00457964193411503
-0.004928788228883791
-0.004346434760923258
-0.004352799913293092
-0.005011968143525432
-0.005183881205686398
-0.005193570032667985
-0.004981845778758492
-0.00441088504418332
-0.003730840913424547
-0.002887191833166341
-0.001614851045143351
8.067571758482004e-05
0.002128280390983449
0.004594430859985165
0.006286564749937777
0.007099622852324193
0.007655780597986654
0.007627423702377825
0.0076946965483661945
0.007910592138143217
0.007651407918227398
0.0070590392591028134
0.006233780805676661
0.0050942259155288905
0.0036776100534753383
0.0019760204907880493
-0.0002375255229311541
-0.0029841959483826465
-0.006176904124129013
-0.009882844965563665
-0.011983038330551705
-0.012274223336630296
-0.011815154226187301
-0.010007101910419668
-0.008070752846384779
-0.00607815898063152
-0.002886805937021521
0.0012646650310119234
0.003624735189993412
0.0040915115328487755
0.0038259220527368347
0.002105923505004937
0.0008429063953614447
0.00014303445995585652
-0.0015663507305843228
-0.003883195568293143
-0.0046291416171064985
-0.0037872801913566485
-0.0021183497566342993
0.0009390262487611993
0.003714951349279648
0.006144923737156508
0.00954585226817465
0.013573525072404054
0.014932270288766774
0.013453280034630458
0.010457351458035119
0.005043113796985868
-0.000537192404797957
-0.0062027927600306065
-0.013880175396151155
-0.0231307477021113
-0.026953779814406525
-0.024915650241596386
-0.020043844343567447
-0.01041714876261611
-0.0006178383257294279
0.009148182135560184
0.022869083761307807
0.03963990967392815
0.0477978371181167
0.04673641701117068
0.041396567394751116
0.028625190600022145
0.01626594669288962
0.004687073769912789
-0.012792137874930477
-0.03459237471969254
-0.04686940274054714
-0.04915605277567422
-0.046991683108492624
-0.036720810419549825
-0.02817978130105449
-0.02182982720636655
-0.00959611336297401
0.006496200951694422
0.01620365215570483
0.019562525814325583
0.020099210682524887
0.015228517259143304
0.013059210980091692
0.013943171740027408
0.011644771839681592
0.007880356435131939
0.0054869764880759765
0.00400116692722894
0.003244012007352767
0.0038081790483687097
0.0024062239119165482
-0.0010337646243175425
-0.004411231793371439
-0.008446617039207285
-0.010574651967627682
-0.010355787817693574
-0.009528949745943992
-0.007335417279942421
-0.004721830426778546
-0.0018208635789540896
0.0025129756481984803
0.008091071722252208
0.010980908249159017
0.010985609090356107
0.0098642286435959
0.006572870980642294
0.003685364274291162
0.0013560408018750282
-0.002598108964503098
-0.007639219178961184
-0.010350404650964581
-0.010678946525188747
-0.009886321726071757
-0.0070883259940887275
-0.004833266880774642
-0.0032308708302720753
-0.0002492035933788822
0.0035835774693020674
0.005823276605448769
0.0064824720858312835
0.006366197141311113
0.004854021178721855
0.0039050607006255646
0.003593698413709835
0.002412242920728537
0.0007693817842916313
-0.00048108820660959257
-0.0014380372836449182
-0.0022323553279890783
-0.002675413297386348
-0.0036680677052158793
-0.005236757156660538
-0.006782209152615315
-0.008502043889029318
-0.008849960590144817
-0.007612484683125982
-0.005658474808880565
-0.0025306014078244174
0.0010351793433428904
0.004989844947927785
0.010116701510687762
0.016282844968725486
0.019096382402756382
0.01824709692444175
0.015737054470435496
0.01035633014574855
0.004864048778313195
-0.0005980680231692061
-0.008475993242031115
-0.01822173854214148
-0.023287035425169644
-0.023365477162844143
-0.021209889997388463
-0.015065334001416165
-0.009389974266858546
-0.004400517389090927
0.0036584153279493777
0.013878938139672576
0.020201253994718227
0.022528121170183216
0.02314355279993375
0.02048422295811044
0.01907787878671397
0.019135682004486024
0.01706145993864945
0.013804671630524184
0.01090970470881523
0.008077173425764526
0.0052022897981299195
0.002580757828766916
-0.0016453191801214066
-0.007541717026347442
-0.01397356483874685
-0.021369537814832362
-0.022791857835668523
-0.01745532391082161
-0.008944365107829227
0.004747855080438987
0.01989698517187547
0.03629408021889666
0.057611439346163855
0.08315464678356103
0.08818670123994427
0.07078667123112206
0.04220149395346855
-0.004483233366495427
-0.05398120288172217
-0.10559343328471212
-0.17312799124879505
-0.2536341643277556
-0.2889344474184796
-0.27520191534718713
-0.23807267397981838
-0.16153464354860597
-0.08302522018885346
-0.0042865981608688365
0.107551229998443
0.24510454546857685
0.32267589884774317
0.33638078094463175
0.32214532710861826
0.2570540411083654
0.19979614764511042
0.153250204308443
0.06817620524697643
-0.04343042985914659
-0.11095003455415536
-0.13396323906621196
-0.13817686953101999
-0.10562055367083796
-0.09053793175441939
-0.09546081249233813
-0.07807787147885077
-0.04987938862587057
-0.03292488236269608
-0.024276432364603893
-0.021256378097789668
-0.028634953769727495
-0.022514933133207727
-0.002270302224157706
0.016415549271689908
0.0387747102713233
0.051538067735146346
0.05194975836813752
0.050092081088812426
0.04194662848794294
0.031200422258208873
0.018644831418375953
-0.0011243878229069662
-0.027361927931360087
-0.04168130330248159
-0.04324565190218554
-0.04040998328337971
-0.02836097861497398
-0.019110593726107905
-0.013457094181272132
-0.0013149128585010841
0.014748026892833489
0.023528595620230786
0.025203723037636495
0.023348854163804243
0.015169683506140176
0.00972196146949347
0.007356018249049827
0.001188351495803576
-0.00687603129222167
-0.0112599494347569
-0.012219174686690105
-0.0110895151292757
-0.0065009997313770305
-0.0035011191580686285
-0.002214853664341777
0.0010436126994231155
0.00522839536717982
