0.019899317244452455
0.006008580311838683
0.0005408539967953955
-0.002887981026189843
-0.014377777725435217
-0.031145002397294976
-0.013908535209170464
0.03983337214313654
0.03612558031793024
-0.02212037790209325
-0.025429089907064932
0.01286699752670792
0.01230887254956286
-0.012121605492914387
-0.009592628644101448
0.010471655020753711
0.010095414544744944
-0.005045704186716843
-0.00605129373505823
0.002195742408460782
9.228009199025784e-05
-0.008789891370130492
-0.008530186619861536
-0.00118067266068607
0.011218172796777696
0.03191973407609051
0.015292502760709654
-0.04217215743937645
-0.03386821595616316
0.03651562771289195
0.03228360167853181
-0.03297168653102816
-0.03301888192401727
0.01434248038785012
0.010812029004629107
-0.027817224810376875
0.00026969588661683
0.08614485460467991
0.055413545248282306
-0.08565728248331095
-0.0838069941487941
0.041237691055714676
0.058119293814269515
0.0031605627559242295
-0.029144344139690366
-0.07421061645568298
-0.04687451882794301
0.06963023717110929
0.08854652113614382
0.022492887967811927
-0.01352382355390339
-0.05212710513641389
-0.046322061878411376
0.022989257821668094
0.034688253122531744
-0.001107353189726263
-0.013501406466908686
-0.02254976541958941
-0.013541941690323552
0.023966199032597828
0.028209754124963342
0.001994988579902906
-0.005393342165815786
-0.004140945526829588
-0.007737148082138013
-0.009414605066461926
0.001372676417472431
0.025314375391375713
0.005684203557301233
-0.05969148105245285
-0.04302187524939171
0.051713664260697616
0.06364699025820653
0.009725566725059292
-0.012358599036700156
-0.0282286670445689
-0.028848658462554213
0.00030297407256436653
0.010344680563448058
0.005885179417858228
0.006203021686425225
0.0028562904509919916
-0.004285798089404708
-0.014427235279156436
-0.0009179146857493184
0.03901424408284534
0.028212635547251255
-0.032165329618163006
-0.040312425597134514
-0.0066224515938843485
0.010812302494982865
0.028718521965410738
0.016751442131619956
-0.03545926891589555
-0.028883157244543416
0.03300916490213738
0.02901671961544101
-0.027990972569440498
-0.02744461803451951
0.015191698360072479
0.02434477067623713
0.015048777600269696
0.004926343902796459
-0.01756154629619827
-0.025138907071138816
-0.015940392913884202
-0.002338743486334875
0.022582904876480875
0.026294186277900772
0.006003956809237426
-0.004336739678551896
-0.011639403424819776
-0.01723815079363825
-0.015809292487001796
-0.005982174402943805
0.01472809905453452
0.023096488648158605
0.018779305889678237
0.005006996380537575
-0.024489728386353757
-0.02274105895293134
0.012403185852456138
0.020109169230921677
0.008239195491625662
-0.011321333653968056
-0.0498442101933069
-0.030876394145613866
0.050721185074206844
0.05508799948241056
-0.008296447083778889
-0.02309754310240469
-0.010961729781042772
-0.00502704574714209
0.012045188780934017
0.01263397355507889
-0.006513701466651178
-0.012505406685514565
-0.010767387081094404
-0.00510020907165618
0.010094594898511703
0.01455268215577049
0.008064642975990417
-0.00150575606995937
-0.018899908202242504
-0.010457413665319907
0.026780274704268515
0.020593112375673437
-0.02553369751100769
-0.026752691994077458
0.007518698041484981
0.010449778510478309
-0.006229494994062724
0.0017702968675619964
0.0265029632031973
0.017667035585934136
-0.021473876800896453
-0.02448496108921091
0.002846430182632775
0.015040930065006827
0.022917294576070425
-0.002690680573325054
-0.07164871172694985
-0.048439903573263804
0.0675676325175525
0.07466034272152834
-0.00997349038381445
-0.031904871694167815
-0.02203422748844087
-0.00894094135006683
0.030954090940120967
0.026264658178108864
-0.02635385620597503
-0.02574726806363749
0.01763282955384683
0.02202327964947913
0.0012909026298268261
-0.014339582849649027
-0.03728298687306014
-0.022352480609993574
0.0371455325959369
0.04075829776360952
-0.005921895680761914
-0.0228861348741037
-0.02660225884024366
-0.003857757997229938
0.060033782553923706
0.03485787083713047
-0.08146082005660267
-0.061722644033541135
0.08039452236523088
0.06727195162092287
-0.07377948080980205
-0.05024501270929625
0.10499402834544014
0.09184175123094726
-0.05596890172913511
-0.11403598247942999
-0.12578255230440819
-0.05205657540263318
0.15095562015100736
0.17148970350555923
0.011437589759197737
-0.0391696497862436
-0.03490752821081066
-0.053702640538374126
-0.05319327278200989
0.003749025053700738
0.12071898597774405
0.0495737409074379
-0.22080631485363886
-0.17733398485958288
0.1569645414194209
0.20392068153077872
0.03442034653870273
-0.05628636311345326
-0.1607519622142563
-0.049179549377386826
0.33544638665188753
0.2673699543151733
-0.2353394426531117
-0.3558466508909054
-0.2008907188171166
-0.018615095509782617
0.334707417327144
0.30103730214420416
-0.16966558421948347
-0.2216828295162862
0.054476385118759005
0.08560672342842174
-0.0009844277566031972
-0.018240129611535188
-0.03938121668170816
-0.008996388720249238
0.0952273296411126
0.07704695374247934
-0.05882352245227893
-0.09452518513070755
-0.05901090819941232
0.0022907538413784664
0.12956855606900508
0.07621232186721695
-0.17432616867208126
-0.1459694212862029
0.13346440231387077
0.1476911560641282
-0.039406063664721894
-0.08364543855317101
-0.05938408175548022
0.023277562688400914
0.22045419062806046
0.1472238244596909
-0.2102860524556784
-0.23013238567727964
0.03831043410564037
0.09199466141474981
0.02494432175241161
0.0015900410789271447
-0.0510126471277131
-0.08561370372946271
-0.08846562806720865
0.06272626966380483
0.3982999245902461
0.2021501141089192
-0.5471653714832322
-0.4013268766223495
0.5768735259963031
0.4902000201928262
-0.4868367717299923
-0.4755506143678796
0.28145384543561897
0.3121566954394387
-0.13788337690720393
-0.1649087284844195
0.03974797816884271
0.05771809348140822
0.0018275078832186188
0.009501046321983472
0.03298014767453662
0.017188282864480903
-0.027011918620161758
-0.04882612641935721
-0.05448952096416185
-0.025596068336684374
0.05095211361781681
0.08024442071971064
0.06486212471286958
0.018712226490645432
-0.08134388775734108
-0.09276159711017175
-0.0100423596349423
0.026570476606285157
0.04473040374197095
0.03423886171914801
-0.029300548644945107
-0.03471831655580022
0.013923296030531789
0.022944889403676685
0.010474046718959434
0.004363268455543053
-0.008667779716282967
-0.01835610956682532
-0.022566494478162436
-0.005923058818265768
0.03664493714715415
0.02772794669011032
-0.03333512590971833
-0.02872507901389975
0.0318099994517819
0.026754981400676968
-0.028911906783270828
-0.02470603609161223
0.02472550086398608
0.014992766564970577
-0.04129701936292505
-0.03215233567682432
0.031164861563180307
0.05472025869268439
0.05444191475461284
0.030767550433757604
-0.03406222375969425
-0.09096106057961188
-0.1441496188578501
-0.06886095130242043
0.1583035521429114
0.18419788249331603
0.020649548494699195
-0.0450187423630683
-0.07455108086754211
-0.07586299562338035
-0.003778201246916753
0.028679624700702223
0.03057990885668103
0.024236225802753905
-0.012533700442047564
-0.021839108754765406
-0.0036910948453186296
0.009265985933495733
0.028897274837890837
0.018855465727159213
-0.02699858020277279
-0.03452212584692271
-0.009243081785427504
0.005078188175034799
0.021316708093904155
0.021128190985750087
-0.0025718865333598535
-0.0075144155585837695
0.002053249648969669
-0.004838534549558482
-0.022259377618988795
-0.012301236785042663
0.023430461129009393
0.02107828283426888
-0.015931410369668428
-0.020012014913657256
-0.00025346892013737885
0.01719643609835569
0.04359354556198926
0.026571138091077286
-0.040600140756390235
-0.05598983136029294
-0.027127477445464145
-0.001536903527266467
0.03990178702155617
0.0496772979329958
0.020115946856079373
-0.0017052695636342124
-0.027775787815220828
-0.04131780373766823
-0.034579132731289014
-0.009011317223762161
0.043816168887319464
0.052712738748992995
0.01510794836165167
-0.005014363237090749
-0.02213216917967717
-0.033051629444582
-0.027856972239165854
-0.0047035279694608795
0.042484505499735585
0.035754577198406336
-0.028477863858092433
-0.03278734474090672
0.011263969034581208
0.022218582824172127
0.017898273641469818
0.007770227663882497
-0.020426602866864617
-0.02532688809387876
-0.006188134850173987
0.004860512732313559
0.015984127180237086
0.013016001696012759
-0.009830888476647965
-0.012389338409804008
0.002573088378269644
0.006845151559450828
0.006954747801397963
0.0010333872660531192
-0.015435384934239878
-0.011003904359971384
0.014764633220252779
0.009407747800609286
-0.023604761196761536
-0.006846390300114442
0.05492344214145972
0.03816576524687136
-0.05065394933612616
-0.057430824231053744
0.0024841550698651077
0.017715361535223653
0.011603676187007158
0.014012590590495186
0.009354839843243225
-0.0008700506216325111
-0.015940240334308915
-0.012095833015406465
0.013224456420204518
0.014903155921255658
-0.003539507909879495
-0.012208376813831887
-0.018566850469084756
-0.008538052212227967
0.023624910041716
0.02387386898827532
-0.006468230405487832
-0.010979447235366004
0.001993453358622127
-0.0028849278532911676
-0.018111657358456355
-0.011184283566040782
0.01521803866488691
0.022556369904314703
0.014805555242400318
0.003137941088353022
-0.01997198865348687
-0.024963958360534895
-0.009768018075741524
0.001426961580048436
0.015264187475061156
0.022202010999246683
0.018351680664791998
0.007691874271647454
-0.01395885094126044
-0.030147982705388366
-0.04062878126052896
-0.01627284927824607
0.05048522279470146
0.052587429850299364
-0.008482341578535384
-0.022649653358919237
-0.007445037304795251
-0.00971822036640842
-0.013319700070662823
-0.005540762949974734
0.010178526639468367
0.020961750622732814
0.027832202975506218
0.013504697241410459
-0.02698944840743312
-0.03490985204167035
-0.011849574785713498
0.006237966576583408
0.031005405323316745
0.018204609060188143
-0.04023974649296495
-0.03482174122922034
0.02923861148623276
0.03857931372273755
0.008925427914281405
-0.004616689850409266
-0.01947119041070001
-0.020141803597355158
0.0012226184790190319
0.008650177301011443
0.006464840056585613
0.003662996540148121
-0.006100673634585684
-0.0065122127537874585
0.003213161997179244
0.00692524808016214
0.007697289429355633
0.004008590435495845
-0.007042438147458223
-0.011430284575818904
-0.009651697749293088
-0.004056703883365777
0.008633477891444329
0.012121158075206454
0.0059162019794728364
-0.0026688201227549023
-0.017585269294627538
-0.005820107048282898
0.03580150760246072
0.027158226266387774
-0.029100077058178585
-0.03688374930009724
-0.007137688254864532
0.006719980305525904
0.020046278787366638
0.016709364482003577
-0.011692448316747506
-0.014220048393008226
0.005755688789756781
0.008050155563677724
0.0005185046133966704
0.0008960935707475518
0.00405219760148978
-0.0022347126135872884
-0.01680855757744679
-0.006267504841599162
0.02981886583331406
0.016804631633009114
-0.043317882400238435
-0.031213201366062135
0.04560238446055862
0.036429882958903564
-0.04493582092263306
-0.04044348817338646
0.03139070976402166
0.0403143013251153
0.007364973250968512
-0.004370931045848351
-0.013819584748511794
-0.022295277812071943
-0.0220492046569719
-0.009094558312202926
0.02015885495975161
0.02848072064295579
0.015562156847663185
-0.0035653769564618267
-0.03781755534404836
-0.01884291257118607
0.05951482088294194
0.047132313289079526
-0.04915317244423477
-0.05856659810407453
-0.0014920695075616637
0.01617200408988901
0.020156734769062722
0.020048901003993425
0.0008434784033747081
-0.006496436129737507
-0.003466643104187359
-0.010552312431502854
-0.02271291135847477
-0.012361545037908253
0.0203964084738787
0.029330819178880127
0.017599534613447695
