-0.011701483489647843
-0.011245057990022204
-0.010815757274194412
-0.01042354311678976
-0.009949380293455736
-0.009426878492182834
-0.008940820457270715
-0.008486142552331792
-0.008046685520336428
-0.007643245676162148
-0.007198050240114791
-0.006710185364663357
-0.0062364978315939314
-0.005761440824135083
-0.005266736525064519
-0.0047575535785012914
-0.004232520207765638
-0.0036885966758679286
-0.003152939123948224
-0.0026264617635200853
-0.002093779274243275
-0.0015613132902712649
-0.0009278674095855536
-0.00018241065501076225
0.0006224253805592879
0.0015156285998636735
0.002442309092325297
0.0033990815873077094
0.004439323579578809
0.0055525224655955385
0.006661834124931178
0.0077681824253849055
0.008902360354775585
0.010046007944541708
0.011259142957807916
0.0125461589976237
0.013862566820678613
0.015222297452621365
0.016273896737536174
0.016976846699095993
0.017505875423790614
0.017757834386228417
0.017923956809342643
0.018012286143024935
0.017832797147484203
0.017419458788151734
0.017041236973508584
0.01669221356527661
0.016260225822987768
0.01580742419834148
0.015118501550573902
0.014174982156508007
0.013131507191176041
0.011935871368006033
0.010810475049385834
0.009790999212023395
0.008732231956628412
0.007699610659847499
0.006596171559661884
0.005410130327545732
0.004247694904470911
0.0030888654016366377
0.0017088121135136014
0.0001022606412455642
-0.001635796099016753
-0.003562626172231868
-0.005520459412299783
-0.007499292912172937
-0.009625810522009651
-0.011865689670380687
-0.013638434690794527
-0.014899823519322501
-0.015897965784960957
-0.01646863393057906
-0.016976176725327113
-0.01743205168485384
-0.017505291382043955
-0.01726309457567911
-0.01707732612370521
-0.016932201056775873
-0.01668619740137295
-0.016423232196268463
-0.015825860512833446
-0.014868811583583722
-0.013773317011482758
-0.012462477892003014
-0.011376652397738217
-0.010578254362487036
-0.009800123674362385
-0.009170444602385613
-0.008480257078125709
-0.0077090299774714615
-0.0070747321107404535
-0.006535323746183218
-0.005684466441753755
-0.00451660566893381
-0.0032005003874729055
-0.001634345843587895
-0.00011228742587002022
0.0013463395398406553
0.0029724342686053996
0.004700841978947142
0.006102759520270559
0.007160821792840443
0.008029972360818805
0.008592878538602177
0.00915164610007058
0.009713151895186801
0.010020925377919375
0.010131904230933152
0.010270982750629105
0.010422099043008549
0.01051032993904489
0.010584557796238759
0.010436081723715962
0.010049526611529773
0.009564651454237202
0.008930731777143368
0.008524720430428626
0.008395015936863539
0.008324346555841798
0.008421442151680723
0.008497120424883113
0.008535151246194063
0.008726464088185629
0.009033346435273098
0.009129965272191929
0.009014127513467056
0.00881890468911563
0.008463535605857622
0.008189151365089232
0.008011768190168687
0.007744875906964456
0.007442390349825216
0.007154915306982005
0.0068667862116443025
0.0065926286093641725
0.0063417003207032075
0.006040069313146858
0.0056887910304775895
0.00533210296341215
0.004954831015883814
0.004587918468284863
0.00423836365305704
0.0038808113428932243
0.0035246319319169324
0.0031647481321274928
0.0027991853885455894
0.002438748158821349
0.00208242807237019
0.001624638886310695
0.0010568797092460527
0.00042850002988302564
-0.0002899570598765825
-0.0010351168703766522
-0.0018037932880603604
-0.00265385237648119
-0.003572996729095657
-0.004492064705192657
-0.005413022271199102
-0.006361704111403738
-0.007321908878126972
-0.008350479343871516
-0.009451369402966156
-0.01058353350332709
-0.011760214318852146
-0.012668359035641353
-0.013271956334388017
-0.013727401978924046
-0.013942979719197734
-0.014088841421496103
-0.014172441577939466
-0.01402491099472893
-0.013676667960325918
-0.013367548672576722
-0.013092523720429943
-0.012751857677154713
-0.012401145953114947
-0.0118488965636618
-0.01107887622773109
-0.010229032123206354
-0.009253103790085496
-0.008345982855059343
-0.007539325866329732
-0.0067056316198851424
-0.0059024160018171495
-0.005045496244542013
-0.004124672594746515
-0.003232882159376606
-0.0023528864872384256
-0.0012871070705869764
-3.099675294369695e-05
0.0013316075406446866
0.002850930004140799
0.004388231811045834
0.005934550055329545
0.00760107276081905
0.009357494247298355
0.010739288899391384
0.011712160200871269
0.012472611701466898
0.01288950650162176
0.013256695069420643
0.013583220039583573
0.013603401992875613
0.013371513395330346
0.013181346345854711
0.013019925011928356
0.012776196329215013
0.01251630328878376
0.01198818206697228
0.01117183746827692
0.010242479831498437
0.009139019233094337
0.0082167721436354
0.007525738188278815
0.006851054598142482
0.006296061447846174
0.005691432489171932
0.005020657365532056
0.0044598771081969255
0.003975023548920274
0.0032396565736457243
0.002249434568705297
0.001139739185878757
-0.00017118115414238144
-0.0014467218648539987
-0.002671347793066045
-0.00403065972014863
-0.005472238887793669
-0.006616249663944553
-0.00744508895485426
-0.008099683754922626
-0.008475455672576867
-0.008835337484994411
-0.009185502206213173
-0.0093003180287477
-0.009229084941863237
-0.009177798837352872
-0.009132721702290751
-0.009023253798130022
-0.008894391098912288
-0.008557559993097328
-0.00799856120777931
-0.0073443564679416835
-0.006549046342180607
-0.005939972675124926
-0.005559640777830292
-0.005217891333907361
-0.005009178221743509
-0.004770216691202942
-0.004486640550783369
-0.004323703562655029
-0.004248727100579705
-0.003976004567182398
-0.003503221801328751
-0.0029471778815594453
-0.0022368640805666418
-0.0015828727048063803
-0.0009990649037058472
-0.0003220162218616668
0.000401335076460124
0.0009852456690495031
0.0014290677021623424
0.0017864568526296358
0.0020082625884438815
0.002240423673586903
0.0024849628814459456
0.0026250421610861502
0.0026884981067128756
0.0027498816939422236
0.0028000351590944422
0.002819824462165283
0.0028242667204292655
0.002734464151998323
0.0025450675869627196
0.0023056778525570283
0.001996891012891618
0.0018077287581834197
0.001760259315131685
0.001749975021787728
0.001830877491266976
0.0019036045258064177
0.0019604036634768636
0.0020987368036641937
0.0022988039488376234
0.0024058612874382004
0.00241969261280782
0.00240228592909504
0.0023155455698903146
0.002276007481933789
0.0022913319527346617
0.0022722784580271283
0.0022449936186737214
0.002210539596513718
0.002159237397565165
0.0021093031510504936
0.002058592554345218
0.001985144656917818
0.001890144697410437
0.0017821614128819441
0.0016564889215897713
0.0015444548903334537
0.001449060072135093
0.0013517210612645544
0.0012608147838978187
0.0011606298875717618
0.0010492478309958718
0.0009415145452505558
0.0008338385426713478
0.0006897987961303378
0.0005076776172653702
0.0003021293595739443
6.329288122520583e-05
-0.000184486069113953
-0.0004402906991664175
-0.000725006772786177
-0.0010338801148043583
-0.0013476584416737322
-0.0016674698259634834
-0.0019996534956650117
-0.002339881843088178
-0.0027053998055351263
-0.0030973457900660855
-0.0035038262538570827
-0.003928908442665035
-0.004259792260830202
-0.004483900139126571
-0.0046571350741772075
-0.004746597951095893
-0.004814337730017037
-0.004863093135505577
-0.004831851515993459
-0.004731800713240853
-0.00464821073817805
-0.004579236922763067
-0.004489725061750498
-0.004399457561479429
-0.004240165520141461
-0.004006150590695239
-0.003746595998928473
-0.0034450587844780164
-0.003171943230116201
-0.002938663540824313
-0.0026994060477468014
-0.0024749735789737397
-0.0022349089090564827
-0.0019756051033861543
-0.0017307165333907736
-0.001494056649269893
-0.0011947046232609767
-0.0008311141312901077
-0.0004334313098771617
1.6317345716338545e-05
0.00046816692050562404
0.0009188333761254972
0.001408219020619789
0.0019253579229886156
0.0023564131849980524
0.002694464099471427
0.002985204246852482
0.0031969273420271267
0.0034047541656599878
0.0036108433256294183
0.0037490559956770363
0.0038334461066961384
0.00393142613228192
0.004039482142349693
0.004133246179442489
0.004227777455981238
0.004263808469267635
0.0042368249022154145
0.00418762011506551
0.004101872601826232
0.004070876527184099
0.004107105390978309
0.004156443605566141
0.004245405738309756
0.004329709520606625
0.004405300663705971
0.0045178398871279
0.004658502892475566
0.004745464430027403
0.004777901401440914
0.004789651415432638
0.0047603508210665325
0.004749882691315849
0.004762258371619285
0.004750868130394892
0.004729076732279265
0.004679320917592285
0.004594514758636105
0.004492310473201134
0.004366167843079918
0.004214846153303885
0.004039117242907946
0.0038332586001089165
0.003596472240183487
0.003358182976948544
0.0031193934260098006
0.002864781346002385
0.002601565301307831
0.0023105099583191277
0.0019894970051021832
0.0016537832950361212
0.001298663110357931
0.0009190283319603683
0.0005158550444451808
8.791189064259203e-05
-0.0003660216751791785
-0.0008400088426736853
-0.001334435430222109
-0.0018534583949847095
-0.0023961151358353624
-0.0029659116162640696
-0.003563844460021853
-0.0041878332176468825
-0.0048391721212360655
-0.005517453408320322
-0.006222835039438477
-0.00695687733684685
-0.00771977605836341
-0.008310750068671303
-0.008709689618281469
-0.009010911889520964
-0.00915629846113832
-0.009261598853155317
-0.009331133608845065
-0.009254022838332855
-0.009051139197638496
-0.008866335384310036
-0.008695393564897366
-0.008480114026488851
-0.008253445311348606
-0.007897519209329565
-0.007402462267774233
-0.006851972616152883
-0.006217460123840498
-0.0056358154904387414
-0.0051278660362784135
-0.00460693860112028
-0.004113105217526193
-0.0035843522308884822
-0.0030137767160760202
-0.00246777429479444
-0.0019336760879186052
-0.0012782867718378838
-0.0004989929433683798
0.0003483617631604499
0.0012974952070949784
0.0022537689546667963
0.003211115067826041
0.004244858464751689
0.0053342743683879425
0.006182848285887914
0.006769106764542597
0.007217453949076531
0.007444252456083041
0.007638078970394337
0.007804579684112388
0.007773709505301422
0.007580278480559803
0.007410330864148305
0.007255391826566299
0.007045372584697667
0.006822055802520278
0.0064251966679055505
0.005842064726918209
0.005183772390466436
0.004411431635015556
0.0037542959490975843
0.0032443912022870414
0.002743447878009651
0.0023180698253345735
0.001858526928047698
0.0013541669130958903
0.0009187864019050046
0.0005302819581650363
-2.125591033575918e-05
-0.0007385830790233425
-0.0015348016898267386
-0.002462484777821094
-0.0033693751332369796
-0.004245516292825112
-0.00521032831197613
-0.00623009914489852
-0.006991418800922338
-0.007475867876270734
-0.007806404665294217
-0.007895644205219437
-0.007952280346930143
-0.007981627189332648
-0.007800331773432689
-0.00744712015606735
-0.007104082867609458
-0.0067608202794105995
-0.006351625865140343
-0.005916705770984487
-0.0052939517004037115
-0.00447068396200311
-0.003557344122965784
-0.0025144083942769623
-0.0015999358489443688
-0.0008483687656072634
-0.00010716429188847406
0.0005491072378435902
0.0012472285802136414
0.0019989595887903023
0.002675002797733991
0.003300918629528096
0.00410688231748244
0.005095406665496515
0.00617209362791876
0.0073944539361301695
0.00859425211666633
0.009760586421101641
0.011024876358704654
0.012349847347597186
0.013354216855254704
0.014013872613278246
0.014480942975148344
0.014648580562220478
0.014767212396769999
0.014843275374567621
0.014654752322077545
0.014247850606418706
0.01384918385375037
0.01344639933522835
0.012956291349532512
0.012428994261250017
0.011664377037418983
0.010646506158829687
0.009512092729278615
0.008212243526217565
0.007057103776829692
0.006088358481635154
0.0051215174862349585
0.004246184939468422
0.0033106020504143495
0.002300376851319263
0.0013704891731431458
0.0004902008348101187
-0.0006192631795444188
-0.0019612822955259947
-0.0034215321916818073
-0.0050698486799416725
-0.00670317207481616
-0.00830849137271982
-0.01004491950411955
-0.011867619998737238
