0.22818724789525127
-0.7940984991337207
-0.5601902932993057
0.823243669006903
0.68151082772477
-0.7511467709454617
-0.7425345044703302
0.3663846996927702
0.6364476397229082
0.45138998405851144
0.11701965043681467
-0.6764051564634833
-0.618171008577724
0.3534828134860715
0.46259219869029783
-0.08470574318029006
-0.20336967987430843
-0.15988297245254662
-0.07176774824473106
0.21098690120003633
0.19065384703522423
-0.1436934225301289
-0.18223668390950273
-0.0012673199210117211
0.13358082069166918
0.3221491271238253
0.1881418661493788
-0.32831305123094234
-0.40115500580271324
-0.08055021236911677
0.0811927866837664
0.22776297620831504
0.228215635809013
-0.006337235775121373
-0.02338008247792026
0.1428183193824074
-0.04946348668288077
-0.5525820107652482
-0.2545456052830369
0.832620556628462
0.4993931129537575
-1.1741487409530071
-0.9412380175514867
0.9571469645082789
1.0751825385960052
-0.16408671391610616
-0.448958799884716
-0.27866037608441285
-0.090591036674518
0.4539383737398269
0.3550258746781932
-0.4428423791146016
-0.45265957986143646
0.18184452659247274
0.213378755539934
-0.1535143718973642
-0.06047850843032135
0.34072516184043034
0.1897006836314709
-0.43828816136075527
-0.309008068413992
0.4989831798192167
0.43136165828941314
-0.3667104256423179
-0.39878898401577506
0.13198051210744877
0.23358733239155208
0.11484414396758524
-0.08629594405180503
-0.524377744574666
-0.3553754293188791
0.46777956111850894
0.5818044408403162
0.10305812538762023
-0.13823711028102237
-0.3708185630863706
-0.27340285035393364
0.2950491185117419
0.27501712126962025
-0.28244389428927286
-0.20416257129062237
0.36877861647332777
0.3030400433266999
-0.2667992986663726
-0.2971814596078628
0.0714049607472921
0.18352638890407133
0.19074714008937999
-0.027011127746926857
-0.586132052356045
-0.37963845253997014
0.6132967781687486
0.5625753270547151
-0.40288509028042774
-0.4752613917731872
0.09223895491084085
0.32294592914477893
0.48536710363220587
0.2609518077585149
-0.5157835863695718
-0.6123894668540936
-0.07346582249609403
0.16147377388224576
0.3086669723146316
0.24022275797975287
-0.1995017798622032
-0.20528072808080203
0.19104414096346797
0.1750952167689163
-0.13621714809286
-0.07087243763759651
0.2768898653966792
0.014582515892886557
-0.8093695455170141
-0.5466094268377129
0.7452612107804253
0.8472177094440819
-0.03701981179005464
-0.2951213924032921
-0.270547760122254
-0.1773033292592524
0.22870643666067936
0.25247275363585614
-0.114205352179834
-0.20413913782283832
-0.13721638558215063
-0.0268415189076119
0.2338629011436853
0.2187940424690518
-0.09230325519333414
-0.08446703856369567
0.17934366018357983
0.03019013013083225
-0.46498022052435783
-0.2555438304407172
0.614132933530047
0.4397959194190914
-0.6812530307853376
-0.604064259592589
0.46715413922964516
0.5077401622370908
-0.20053498647970147
-0.359381147741672
-0.2522479496495252
0.20358563805078386
1.2324111071338255
0.8002366708884032
-1.1641946189655024
-1.354467015415992
-0.03158257110972154
0.4177229277292545
0.5238713993196985
0.37827144793116324
-0.38919843514151187
-0.47090831667544614
0.10670668830266355
0.2875996792495898
0.2980658024200659
0.06231194630612385
-0.5960856126786476
-0.34454236265795735
0.8426181189730524
0.6238970062297718
-0.8610873513692575
-0.7544224346114201
0.661529299624625
0.6139597095875586
-0.5348412978917142
-0.47896829710013095
0.43414064736797586
0.3571260572358283
-0.4343041612726633
-0.3010304078711946
0.5483081814410435
0.4158837387961714
-0.5192159059365236
-0.4456578465597586
0.4389029234832397
0.43378301889175597
-0.2320571889138587
-0.35616216670116396
-0.17071197887775758
-0.02800335333532414
0.251385420920722
0.27510834829110153
-0.004471691902694754
-0.13379498921961544
-0.19523699953685758
-0.09240720608352526
0.26277354451466006
0.1520171904050639
-0.42510532493657827
-0.1963731809338316
0.7713232304754838
0.5429133474368475
-0.7617945779632095
-0.7214076935902165
0.43532230944472616
0.5007280459852536
-0.19761161943054864
-0.2759699918846111
-0.03538207500842226
0.009818854948817422
0.0385313036804906
0.14802395359455262
0.2921013133109157
0.1228614520351237
-0.38631638988135114
-0.38879093460901104
0.08760776640451905
0.11359587684559201
-0.18589391038683345
0.06967426136029098
0.7800253979875394
0.4310861846973018
-0.9372347922010441
-0.8165735624767357
0.6443539878848038
0.6380055138026655
-0.5033985993860435
-0.4498523684422737
0.43293384190336726
0.3537646149939321
-0.4109097082123165
-0.25251090265730747
0.632528376567721
0.5136430171190293
-0.43502698014129854
-0.6654563023444631
-0.4138535002467132
-0.07285442398951585
0.6250048351456333
0.69348717565292
0.06252881950678214
-0.1133216087276231
-0.019752728566468824
-0.3313009436859437
-0.9024018546354541
-0.42958146188260976
1.106440957922762
1.0084254215149344
-0.617635233259406
-0.7397146343003592
0.2584054674848711
0.35046310287362176
-0.03491832983713787
-0.09763640633727597
-0.09737488230778703
-0.027512407795057342
0.20886017828823703
0.1685424668021403
-0.14890095902010236
-0.2358345745305758
-0.16021926495939792
-0.03254594363019201
0.2395433153304481
0.2535009583065909
-0.013577984391470694
-0.06196872800252571
0.03794179110687751
-0.06752980298324089
-0.3156958295493948
-0.13693240388337993
0.4606162939084503
0.34434310038377763
-0.44418056523581156
-0.38721578609994445
0.37683250623265124
0.29876969472337866
-0.43180662740579073
-0.41452268220665334
0.1616173692494427
0.4141099807224742
0.5461785031373263
0.23626823235083666
-0.6892581886043233
-0.6420265451619369
0.36150226228531085
0.48208889595265647
-0.041044875945776896
-0.23546006306345493
-0.381722881911918
-0.22114183546826713
0.39689672458781516
0.4641151443463728
0.022347635338309493
-0.17033886241073165
-0.28818699144142956
-0.16784548756252998
0.32286394721919026
0.22301255245421042
-0.45308054416990756
-0.24362387755221543
0.7463270456761693
0.5331961758636559
-0.7360701838742721
-0.6950059149538804
0.422088518133328
0.49294122908055527
-0.16341520821438463
-0.22276352921133713
0.026579935910506274
0.10250985196326924
0.17739633699839766
-0.004867160080674067
-0.5209403377855841
-0.3237147165244705
0.5868994379368649
0.5404852578479367
-0.3444104613070011
-0.37416957986880206
0.2242045920908102
0.18163162645052264
-0.2810724848227922
-0.22334616806721647
0.2108445908667082
0.24920568712838181
0.004341717120157932
-0.06483362192035991
-0.07029432214585697
-0.07093161720174905
-0.002656567894562297
0.05707497420890153
0.1151587276780653
0.04803758024539908
-0.17187003476904475
-0.083271430274474
0.3112146017253383
0.0977001307607154
-0.6911438179639985
-0.4912750756700736
0.6202477091147952
0.7117047697814102
-0.019102829429678662
-0.22386346392109902
-0.19682785111593032
-0.18205826263347144
0.01512044864416538
0.09840776452536923
0.06628219739666615
0.04673388951128352
-0.022157679153570246
-0.039488408331192715
0.0056739769379617055
-0.02185182559966263
-0.10426618417364397
-0.08169859379007408
0.035011074333426206
0.1528890096359687
0.30188304515858877
0.1622432961867622
-0.30846201010381646
-0.37096540752910356
-0.06176075831723305
0.08688076583563545
0.20494476179621413
0.16054004094218427
-0.13688018377597538
-0.13668484078179322
0.13511434481243562
0.1329703386047874
-0.06368967511646628
-0.025877300337442042
0.18151288915524955
-0.042798383891076784
-0.6736272995377471
-0.4467778773506009
0.6104530565143511
0.7254984089078723
0.05640000937499527
-0.19911461265401795
-0.3265031772726885
-0.23080698625596496
0.27845675497739647
0.29978112022437753
-0.13746152962022
-0.2520370847245211
-0.19110264884726297
-0.06382379741910933
0.2553055795713674
0.3142459269011639
0.10063252770236339
-0.026864049770476333
-0.1595075474205888
-0.27768275156534494
-0.3312985986531097
-0.19034646924107307
0.18843274706213778
0.49193047377590776
0.7513922979712332
0.30570356943710647
-0.9812755874434543
-0.9273029659710428
0.4304367933580059
0.5845064556153586
-0.1380255652673883
-0.12996887667217297
0.25500792333917005
0.21739540571813304
-0.06056950457362601
-0.2910061655446083
-0.5810662892431488
-0.2840885409201249
0.6945779518586372
0.6883138866053196
-0.2438340581938038
-0.3726282374750367
0.05007546120343059
0.06993819152148362
-0.0667388339677485
-0.030833422729654635
0.07250303289089671
0.00749044550200164
-0.20638554258079247
-0.18424539163837064
0.05361162451106299
0.24745262356789308
0.46791123755419
0.21619809070695437
-0.5925932528071519
-0.5513586325269699
0.29953363181710313
0.3941607796101754
-0.0605650267585258
-0.1058244674872119
0.03361702056293056
0.09814054252790708
0.21152454346986807
-0.08570610605744275
-0.8534743917614778
-0.5376795321312734
0.8641711880205438
0.9172036864515585
-0.19425086112610163
-0.42965792378957074
-0.15729288654671925
-0.0805177722608221
0.09955933810158797
0.0986699633025981
-0.15637750727806288
-0.01083977942946
0.49487807770525033
0.35566835603552416
-0.3745276913197001
-0.5370222270135979
-0.2658133077273152
0.009151327874376898
0.4949590536842766
0.41336726793832596
-0.3244864301021803
-0.3678098469993269
0.16280066657300066
0.21813050171798912
-0.003470072694284578
-0.08496665627773567
-0.17040674922055682
-0.0907224535917831
0.2155340690233196
0.10998669066986634
-0.39719071157603575
-0.09852970963422863
0.9596705161933876
0.6726400304863329
-0.8632270318118075
-1.0112870118213366
-0.03818278914521014
0.26380192789781726
0.30274294709516997
0.32248232945055016
0.06543503485514822
-0.10734767012619839
-0.21838484934605426
-0.11778367591170899
0.2865521265521413
0.2711239306237813
-0.1449691592868251
-0.3083142769727606
-0.3396370847916034
-0.15337298950905162
0.3747461831204155
0.44953666650372354
0.07849087330577445
-0.12035589199735804
-0.2966350845360577
-0.21010236844194188
0.2524802751086892
0.22263408356958908
-0.2638893381079067
-0.19377188004508855
0.3190753071132647
0.24997644721594273
-0.2853882616436547
-0.2525107418609263
0.2281659618222515
0.2700307773507781
0.00887525133346375
-0.13587201568513765
-0.29803575984181313
-0.09062299732789456
0.5738702721431881
0.23849111484342758
-1.0943336874574379
-0.8349378049936319
0.8796279071367287
1.0775340462695138
0.10184392569529369
-0.28464979207479707
-0.5454421093000675
-0.33612898764926835
0.6250524295325318
0.5875299062073035
-0.3928213058865335
-0.6062429735520894
-0.3233661927898841
-0.04937453863051622
0.49194285319525455
0.5520730577897863
0.05723070142656384
-0.12798703146691795
-0.1540964793429033
-0.2794535014622742
-0.3771665440182791
-0.1664116668438531
0.37463378071716263
0.5124636466681621
0.26869748670376664
-0.006873416482893677
-0.47083150992125067
-0.4517883451985592
0.12925226691716732
0.22565395973366784
-0.04398124700124945
0.05850312493371938
0.38653517188110414
0.24632737330025295
-0.30444525227718655
-0.47834193071894937
-0.3629293155388924
-0.09702117398091684
0.47886762600150357
0.5354053202275638
0.035189169222924754
-0.14755846211920887
-0.16967106956290864
-0.18708818312608083
-0.061603533197544046
0.060247965813483184
0.19121474172509806
0.09768967015166016
-0.2718819705418762
