0.004820372618892986
0.00382783421640378
0.002394663500998945
0.0004795145709405394
-0.0015344362523064372
-0.003770120054534705
-0.005367611065877209
-0.006202838243042027
-0.006771817654234669
-0.006819086364622263
-0.006755598181790153
-0.006611496265496078
-0.0059498949717283365
-0.0048466346286252975
-0.004071915187758136
-0.0036270060189049023
-0.003182675773879157
-0.0029254712298161026
-0.002279918827545407
-0.0012008094805377888
-0.00012382176482568158
0.0010849581628477889
0.0019343118104561813
0.002329822014686375
0.002601042810922261
0.002596304073741768
0.002500486557029442
0.0023342921362614817
0.0018670096614512176
0.0011316243928631163
0.0006523829086730806
0.00043824276160694806
0.00025325406123422674
0.0002269308419620254
-1.2238090913901082e-05
-0.0004944542602411048
-0.0009298630292829831
-0.001404192854943092
-0.0017393898001112978
-0.0018860370781451123
-0.0019900468511325417
-0.001992211518508206
-0.0019288613776829119
-0.001808657451306188
-0.0015583663989694285
-0.0011828655176455987
-0.0009252026978700857
-0.0007930161172066897
-0.0006696018997372447
-0.0006157603595272613
-0.00046832390355030075
-0.00021276231591554087
2.029710736730551e-05
0.0002687058717393347
0.0004915823881829699
0.0006703032955295445
0.0008515074012504254
0.0010196380521004691
0.0011687575489818982
0.0013016187331239117
0.001406328375508925
0.0014808497943986799
0.0016086100488700583
0.0017938226033856902
0.0019940159912401395
0.0022305488836521655
0.002451256007106753
0.0026512200408503293
0.0028739991805573017
0.0031076102857328074
0.0032205581494670534
0.0032044755265934295
0.0031123578560576654
0.0029074213307643997
0.0026749406987971397
0.0024172072023441594
0.002058301856831687
0.0016139645646639385
0.0011601256120014323
0.0006923698491453316
0.00018292194745067245
-0.0003515547949850185
-0.0009785743506036343
-0.0017035830209602362
-0.002480750960886085
-0.0033266540931950715
-0.003923199155553763
-0.004234482599831239
-0.0044226636133986785
-0.004395418946668049
-0.004326282434679162
-0.0042243334435027565
-0.003919259315325071
-0.003443177996359289
-0.0030432080003718535
-0.002715708379625803
-0.002359578746596514
-0.002033188489212711
-0.0015421261590964513
-0.000871120737900941
-0.0001627144883334106
0.0006290232542406601
0.0012145661011319015
0.0015509942469583101
0.001808840342024711
0.0019020114816915062
0.0019660371335149082
0.0020116661680233297
0.0018933172629689169
0.0016362235947332837
0.0015048634829917557
0.0015004759991204487
0.0015097814731942591
0.0015972357100190369
0.0015670324204100643
0.0014040336223717228
0.001257574770722408
0.0010823887037215878
0.0009280702148318147
0.0008151342208892695
0.0006869275807540851
0.0005611599583831656
0.00044295547263948026
0.0003279811056434634
0.00022991250690164672
0.00014993923638573296
-5.850476427355476e-06
-0.00024280474408339925
-0.0005145623836902484
-0.0008457112171935303
-0.0011787393393748566
-0.00150898099661221
-0.0018858409816576009
-0.0022967289822090026
-0.0025618816872402016
-0.002669270172927499
-0.002694626086488672
-0.0025878390189834365
-0.002464224249190531
-0.002327778957149965
-0.002075856997402887
-0.0017302405752378308
-0.0014007564108656529
-0.0010824997015031286
-0.0007353071509488546
-0.0003840815569743457
6.573389396693744e-05
0.0006211700705007939
0.0012161938951159963
0.0018734183388949806
0.002338374656487828
0.0025795525204346972
0.002733715504498785
0.00272657131111163
0.002690380875339633
0.002633331568651827
0.0024222148378525384
0.0020817017356053623
0.001820230788651113
0.0016363078570916388
0.0014434639754451802
0.0012915975599117817
0.001020458979973191
0.0006176685815268265
0.00020259870903673472
-0.0002622164083878033
-0.000609137651169509
-0.00080933505777975
-0.000969432668175719
-0.0010386239623895383
-0.0010868473119328677
-0.0011209319094183515
-0.0010598450792185933
-0.0009164379960955994
-0.0008578792791489925
-0.0008862706910679249
-0.0009280284166141814
-0.0010242983802175127
-0.0010546347506617353
-0.0010095458335736482
-0.0009823016122671112
-0.0009451683813818395
-0.0008810326208233126
-0.0007980629348632217
-0.0006839596542230357
-0.0005360354553018145
-0.000385242743288306
-0.00023015762948212106
-5.304848914910474e-05
0.0001401560908959543
0.00037382092270402394
0.0006521160385281267
0.0009596495142751647
0.00130378269392089
0.0016763567522997513
0.0020766010699221696
0.0025153401963157445
0.002991296959896578
0.003295689744415745
0.0034093033209425323
0.003429642169323
0.0032971123427088392
0.003134779664851054
0.0029478121515387665
0.0026208426145042396
0.0021767512384318474
0.0017612793277164572
0.0013703276459392187
0.0009466309345758557
0.0005239241058563928
-1.7178066667003275e-05
-0.0006859889017312652
-0.0013970512833155506
-0.0021788445312452263
-0.0027707815610186703
-0.0031387200244825685
-0.0034266709837290983
-0.0035581392257087296
-0.0036647202894899626
-0.003755190214625711
-0.0036946655689741137
-0.0035076926096754314
-0.00341535925774103
-0.003416959100127063
-0.0034198433839802136
-0.0034772690900784437
-0.0034213338932445794
-0.0032390872864536914
-0.0030565872606316694
-0.0028347367438524007
-0.0026132826314216617
-0.002408811002041509
-0.0021734469339484805
-0.0019210820710159
-0.0016567082334930784
-0.0013760848734031197
-0.0010890947421066952
-0.0007963769593642543
-0.000419972866753462
4.51980522523708e-05
0.0005613739534537094
0.001149421899012847
0.0017628288253152848
0.002398340863544933
0.0030971371164883843
0.0038495024431537492
0.004388667914514276
0.004693044498357783
0.004881417409618679
0.004878362059601972
0.004847684433787481
0.00479558231763611
0.004572141690306694
0.004207983087485752
0.0038796725242365975
0.003581047024058659
0.003244600847959292
0.0029108474669175665
0.0024320868274004246
0.0017969873609877626
0.0011101456463315836
0.0003362641814763436
-0.00023677572647172698
-0.0005706306427760997
-0.0008275325647866047
-0.0009231169505991774
-0.0010008497839017912
-0.0010711628209092204
-0.0009864254876211051
-0.0007737867333512449
-0.0006813562278261251
-0.0007091909365556609
-0.000753499189941998
-0.0008745320783841019
-0.0008856846722179885
-0.0007729772527458262
-0.0006777618392462988
-0.0005569998493024415
-0.0005177607323010586
-0.0005855584360151575
-0.0006785125087535198
-0.0008308247298500325
-0.0010130777466194711
-0.0012199368891920282
-0.0014974179789332095
-0.0018405297462557814
-0.002118064806700147
-0.002326343980167301
-0.0025264669429692953
-0.002685560256009482
-0.0028929682169535446
-0.0031561219626925954
-0.003403672625500227
-0.003656084312244944
-0.003762134105895965
-0.003698239439054518
-0.0035497850756223584
-0.0032705975989655023
-0.0029307460588713615
-0.002533994273583391
-0.0020025293561010955
-0.001348035423953957
-0.0007074275050726538
-7.97906050925074e-05
0.0005957698580060295
0.0012870693341979244
0.002098380534314464
0.0030392178503841818
0.004032869958727087
0.005104659773373107
0.0058311916568142014
0.0061622294355802385
0.006315547896978658
0.006167214272603749
0.0059443825073427796
0.005658577181723928
0.005083514657330063
0.004260545314866629
0.003526447504780546
0.0028764741035617472
0.0021707422902609817
0.0014885940174659115
0.0005658991687682751
-0.0006187666627968484
-0.0018720148373503843
-0.003256659567824971
-0.0042268166260728485
-0.004708816834093156
-0.005006275330885096
-0.004958068122651924
-0.004836347451136862
-0.004659078764669884
-0.004144216493706863
-0.0033419666165647325
-0.0027222854274263227
-0.002283826575967339
-0.001827930718174641
-0.0014676245519967155
-0.0008466422230862366
6.30570400850051e-05
0.0009942318530506244
0.0020301844523689257
0.0027292939568929124
0.0030198794359232177
0.0031710496006036744
0.003049475490027878
0.0028496029940525357
0.002587655836903374
0.0020451254245889847
0.00125722797527809
0.0006465476576532801
0.00021606984498565856
-0.00021921811851669274
-0.0005564029011677389
-0.0011052781461056117
-0.001890838788644672
-0.002676369797294862
-0.003533997209771891
-0.004123725872733677
-0.004386390908299937
-0.004534575426187048
-0.004464286356281544
-0.00431776522490647
-0.0041073005094817115
-0.0036666334118930772
-0.00302080773721632
-0.0025080959361508653
-0.002131490736684116
-0.0017403896001907616
-0.0014171147181597289
-0.0009154809433549088
-0.00021495732892434257
0.0004961159014143353
0.0012753881516915215
0.0019276702557052346
0.0024138211085078217
0.0028681937169826245
0.0032301491344106175
0.0035703101723393573
0.0038972789067613853
0.004120458889290807
0.004252467869193584
0.0045097840611734346
0.004896848270447305
0.005315751673659861
0.005820302632571747
0.006258682075512765
0.006618669523722869
0.0070196575720558145
0.007426819931502215
0.007588735234169953
0.007492617313599508
0.0072307535860723065
0.006733166058825449
0.006171068512240149
0.005547493661868824
0.0047131995056030026
0.003699400781786112
0.002639140774071735
0.0015221586058697225
0.000301471524193299
-0.000994822745905851
-0.0024909771517643148
-0.004197417899921894
-0.00603254754943346
-0.008027503271755497
-0.0094626112492188
-0.010259125255062356
-0.010779414354733207
-0.01081526053100906
-0.010764616065476821
-0.010647796681669
-0.01007756449238551
-0.009127788513855437
-0.008349602516249324
-0.0077340885794943415
-0.007057293939699139
-0.006449201386179343
-0.005474124265751451
-0.004098068471780128
-0.0026397629796488502
-0.0009962936125668636
0.00024358267371571099
0.0009900448124093967
0.0015972169202118666
0.0018897707207876017
0.00213721559404763
0.00236258045557115
0.002272933587541421
0.0019188529598457296
0.0018493301482994525
0.002068542972957928
0.002340732729123925
0.0028004631552542313
0.00304492516725895
0.0030434095212155533
0.0031052905876903306
0.0031380053950109325
0.003182922228453776
0.0032769471941452677
0.003332908661406131
0.0033702383322345465
0.0034356807776257854
0.0035223555444389466
0.003625226195242015
0.0037538668906635167
0.0037588796653501397
0.003628616816275937
0.0034418302186033623
0.0031584819593508296
0.002862097963522596
0.0025600133835550092
0.002176419780851107
0.0017293044990141437
0.0013476317647960697
0.0010339901351648587
0.0007393365642482793
0.0004971315664906966
0.00021391786599235453
-0.00011448964597458175
-0.00041266135921379704
-0.0006999176800409088
-0.001038887146291894
-0.0014260520217766258
-0.00184435910243161
-0.002308517586431274
-0.002761812036100215
-0.003201844532968755
-0.0036688428309638115
-0.004150334611727264
-0.004443145952756094
-0.004530433537635645
-0.004498140990923069
-0.004287896470219949
-0.004025906108357199
-0.0037152217306693327
-0.0032392217791589856
-0.0026203882041485483
-0.001992261103289187
-0.001348808734628493
-0.0006374431090865588
0.00011216522442078013
0.0010145285420849375
0.0020795524431991693
0.0032283957812763897
0.004489375616116437
0.005337936833928139
0.005714558504936451
0.005887485314559692
0.00570442271410712
0.005451184674287438
0.005142899670103068
0.004498881071054112
0.0035720982004703128
0.0027726074989968545
0.0020947240634720775
0.001370597102095143
0.0006972611654572449
-0.00024715785374684386
-0.001487832103776497
-0.002788313320996691
-0.004224517911258177
-0.005212208985844727
-0.005669326317095037
-0.005927004076761626
-0.005812000904720203
-0.005608379069101592
-0.005335758580046267
-0.004695007409714595
-0.003738302619527716
-0.0029785933781732847
-0.002415362165071513
-0.0018300122042171495
-0.0013461510065942346
-0.0005774615004048284
0.0005067147332696181
0.001615671127025874
0.0028397372652608174
0.003688945449472555
0.004084179170976189
0.004322351231178114
0.004255504423764482
0.00410059267959642
0.0038752770944988444
0.0033363649037987356
0.002522997231830576
0.001902107836767343
0.0014766219621269684
0.0010420756960620235
0.000711976977220144
0.00014319356210111181
-0.0006921220454836961
-0.0015323352284457858
-0.00245750589778842
-0.003075643742617695
-0.0033198923030181185
-0.00343321727726871
-0.0032961342328227524
-0.0030754382595796544
-0.002785285590780444
-0.00223310729488292
-0.001448484729895703
-0.0008173236012865002
-0.0003428072448368068
0.00014610228920616821
0.0005554964760134544
0.0011669126885360112
0.002003640838949348
0.002850440566234048
0.0037731575824412463
