0.003405697491503019
0.003344181379896011
0.003276212241412373
0.003201194202694446
0.003125447552019346
0.0030470917481100635
0.002979086848142598
0.002923441234040032
0.0028727293170458267
0.0028308840590009717
0.00279195478242377
0.0027555798328997645
0.0027283574034483145
0.002709270743001604
0.0026866494807501586
0.002660548191913065
0.0026361212112708233
0.0026106071508639715
0.0025928424335825654
0.0025836112098643945
0.002576368838346094
0.0025732425691835804
0.0025676547257093285
0.0025583402570196045
0.0025500265818456623
0.002540730066928463
0.0025328938267587305
0.0025269069647990837
0.002519793301879002
0.002512063035491663
0.0025112195234466487
0.0025175084597917194
0.0025276593052899763
0.0025436054734938405
0.002560250871646615
0.002577266786529163
0.0025988262167365773
0.002623829502589695
0.0026394118648695977
0.002644778328319963
0.0026452126212634396
0.002637143021183422
0.002629007321103197
0.0026210837253252657
0.002605949438608569
0.002585203578660781
0.0025666067047098663
0.0025497986079385526
0.002531985013856404
0.002514925088258885
0.00249188959559066
0.0024623881743789755
0.002431112138966277
0.0023964564908762723
0.0023684968284815055
0.002348649326061142
0.0023309417563323913
0.0023183218274254814
0.0023059783506014044
0.0022934858064992455
0.0022858798590098223
0.002282221072443835
0.0022734564957814004
0.002259512619561754
0.002244177226228189
0.0022252135746559706
0.0022092728181138327
0.0021968238658003334
0.002182725843098081
0.0021684813506602195
0.0021531321906771836
0.002136015061292701
0.0021186568276458646
0.002100636469003719
0.0020812880904763826
0.0020607011617142434
0.0020387973312386014
0.0020154132544171165
0.001993143871960333
0.0019721452437166287
0.001951023972840883
0.0019304466189591048
0.001908871841505962
0.0018861371518324374
0.00186355647003048
0.0018407703200968
0.0018165913815891522
0.0017910538102743451
0.001764456823902724
0.0017365008427029953
0.001708160016957496
0.001679449329375386
0.001649620291712162
0.0016188641039043617
0.001587448590785348
0.0015553009296206356
0.0015224116431559642
0.001488822205814952
0.0014541548015168432
0.0014183881848685135
0.0013817312958393183
0.0013440893654459221
0.0013088834181377215
0.0012764692147323533
0.0012451650793197802
0.0012159568600509031
0.0011869187873886423
0.0011579591597268878
0.0011309324540909997
0.0011054819714570899
0.0010790796828156592
0.0010517783363114988
0.001024596087830558
0.0009969417061487327
0.0009708401470256266
0.0009464509023642116
0.0009223062278182974
0.0008988872899276933
0.0008740783816849039
0.000847531444155364
0.0008206076862591467
0.0007926768895326631
0.0007646448956125079
0.0007366116385940909
0.0007075612689861694
0.0006776715313420937
0.0006490486328951561
0.0006217301542885841
0.0005948103505995381
0.0005688168889206682
0.0005422511748402164
0.0005150073557648942
0.0004882673438194741
0.0004616959879249296
0.0004353375953612869
0.0004093325144224238
0.0003834240808584295
0.0003576629427384445
0.00033230918219569303
0.00030735285741834243
0.00028272034082846097
0.00025847372777539757
0.00023414482237401482
0.00020969972035671518
0.00018541585920723737
0.00016117387646996797
0.00013723339837548262
0.00011362939922767163
9.013705716350334e-05
6.682057353318389e-05
4.403627553383102e-05
2.1795949956918708e-05
-1.878284039227551e-08
-2.1310398513595195e-05
-4.232727266534746e-05
-6.307204078352538e-05
-8.333183883307478e-05
-0.00010315150121326557
-0.0001226718424100887
-0.0001418732899581164
-0.00016071175021499078
-0.00017921311573768073
-0.00019722723129150324
-0.000214740129570676
-0.00023184166624974447
-0.00024849216145582983
-0.0002654937064838582
-0.0002829308142176001
-0.0003003933514637877
-0.0003181106532633823
-0.0003356347674328736
-0.00035293913160282036
-0.00037045280137659644
-0.00038808958407010634
-0.0004052313969724545
-0.00042188469062427465
-0.0004382953631923624
-0.00045431492170215274
-0.0004704256147563472
-0.0004866617195358567
-0.0005026642599069319
-0.0005185443889122606
-0.0005338108051496241
-0.0005483771319117573
-0.0005625557379877803
-0.0005761966998116994
-0.0005895003579598428
-0.0006024855470846879
-0.0006149154110129733
-0.0006268256580117126
-0.0006387037929164154
-0.0006505547333999271
-0.0006621615956324953
-0.0006736433626190104
-0.0006846469830127956
-0.0006951433158812707
-0.0007054035028977678
-0.0007153451922470559
-0.0007251437270683106
-0.0007348449663270309
-0.0007443056855687048
-0.0007535827342097023
-0.0007626354717756316
-0.0007714540395153653
-0.000780110709238532
-0.0007885985030761825
-0.0007966822714325909
-0.0008043536660565528
-0.000811722945397402
-0.0008187303614300871
-0.0008255323411881694
-0.0008321414791037326
-0.0008384304605445449
-0.0008444345300435749
-0.0008501150505356415
-0.0008554529837852639
-0.0008604910505807625
-0.0008652135645612605
-0.0008696122312484322
-0.0008736883679090867
-0.0008774304073687813
-0.0008808348601536084
-0.0008839791343052259
-0.0008868660206649207
-0.0008894539822058494
-0.000891761905833515
-0.0008937395762995885
-0.0008953810641623918
-0.00089672606338364
-0.0008977620495652735
-0.0008981659047290684
-0.0008979080975311646
-0.0008971298393974329
-0.0008957375359388774
-0.0008939234805810254
-0.0008916923710127005
-0.0008888619266461588
-0.000885465742545152
-0.000881715930260653
-0.0008776025265954058
-0.0008730399784944678
-0.0008680748901208395
-0.0008625255365133535
-0.000856375316260072
-0.0008497484294605652
-0.0008425993190418499
-0.0008351516281696104
-0.0008274364977693398
-0.0008193117911718042
-0.0008108413276681306
-0.0008019185601896996
-0.0007925304496197372
-0.0007827854217197006
-0.0007726602244313348
-0.0007619389285854843
-0.0007506158860096743
-0.0007387782984905212
-0.0007263702319310006
-0.000713542934450282
-0.0007003042939975241
-0.0006865310323077131
-0.0006722548466569233
-0.0006573330383927144
-0.0006417347516008897
-0.0006255469885045053
-0.0006087225037349298
-0.0005913095365977814
-0.000573309112077178
-0.0005546512663553708
-0.0005353407517260797
-0.0005155192507854696
-0.0004951844633496372
-0.0004742659534790982
-0.0004527951531593075
-0.00043066334054812623
-0.0004078573717693899
-0.00038445358118289786
-0.0003604232534117959
-0.0003358175624203964
-0.0003106462234351268
-0.0002848608396213292
-0.00025847501577022045
-0.00023147038371871962
-0.00020383967226020886
-0.00017560199841066336
-0.00014675065213138626
-0.00011720862364607106
-8.696919161538013e-05
-5.60620255205439e-05
-2.4464417847935436e-05
7.779168308350622e-06
4.066908704716356e-05
7.424910047370221e-05
0.0001085124772222302
0.00014328781146939095
0.00017856592290173788
0.00021442546264079172
0.0002508208611949717
0.0002878662838410853
0.00032556914985893255
0.00036383347008336886
0.0004026835497052267
0.00044223414845745613
0.00048248433450868424
0.000523396089530155
0.0005649983039500213
0.0006071999553491894
0.0006499974358620608
0.0006934607165863272
0.000737570717809848
0.0007824612230903558
0.0008281545985840224
0.0008745757100899017
0.000921766260206937
0.0009696686938154936
0.001018280807061271
0.00106767067835609
0.0011178298187429583
0.001168642029367262
0.0012201095188215936
0.0012722860665950325
0.0013251454562939395
0.0013787784140850965
0.0014331945258779083
0.0014883294592920868
0.0015442063237541706
0.0015933751042287718
0.0016350645202404634
0.0016727758266697169
0.0017043391059739952
0.0017340058738286176
0.001761923616885548
0.0017839786272007717
0.001800925325914936
0.0018181346080318335
0.001835441499795164
0.0018506457663297882
0.0018649693482407686
0.001874001853836437
0.0018773609552518462
0.0018781615114599175
0.0018753241414636895
0.0018739301126171647
0.0018747437049313074
0.0018745251745417803
0.0018747537840930085
0.001873112083188035
0.001869330851512644
0.001865867778920206
0.0018622397496220774
0.0018534703967308373
0.001839449535027517
0.0018222470657296489
0.0018005939386551797
0.0017780038431981957
0.00175469069356213
0.001727835323616792
0.001698197595437922
0.0016713933355315144
0.0016476523638902698
0.001624860337126616
0.0016045422119146699
0.001582760086074114
0.0015593953591793296
0.0015377733590432995
0.0015171333643147773
0.0014944162463301363
0.001469801341697539
0.0014442958864718212
0.0014172120394475582
0.0013913077181951104
0.0013667655171055314
0.0013416870770293257
0.0013167237410842349
0.001287032266316163
0.001251961075657025
0.0012142841147820185
0.0011725855860527023
0.001129241377070537
0.0010844373376500218
0.0010357164838342616
0.000983533779916475
0.0009320675405464688
0.0008813261136335331
0.000829565032563279
0.0007778034272906894
0.0007229170072500823
0.0006646760783918425
0.0006054595200749041
0.0005445509727824482
0.0004922336878630373
0.0004498148419994027
0.00041196235887865535
0.00038172684642619404
0.00035376849049565984
0.00032784074583876296
0.00030941318783111766
0.00029754944828925834
0.00028397270623988787
0.00026882113709947726
0.0002556176218832167
0.0002424369119512801
0.0002357929935405348
0.00023625368178473331
0.00023909972144539246
0.00024590934143852025
0.00025051100227595197
0.0002518708315734333
0.00025411632281949887
0.00025542270236131185
0.00025839213713928547
0.0002633629189497339
0.0002674246165521399
0.00027111717461986964
0.00028087188511219505
0.00029685717897634273
0.00031633725445798737
0.00034095690223297643
0.0003662440284067236
0.00039191610339885374
0.00042158603885667433
0.00045428476648683516
0.00048115628834924075
0.0005017376277702485
0.0005195176873318823
0.0005320607643736665
0.0005453595449237228
0.0005595998651450857
0.000569607035613446
0.0005765247231456846
0.0005854437161213694
0.00059609611761555
0.0006067146104839993
0.0006184462652022079
0.000626791532566912
0.0006314330075685717
0.0006354834095584284
0.0006378716912438493
0.0006458576450695325
0.000660436928647356
0.0006773728849780142
0.0006987860977847556
0.0007211577211102699
0.0007441914143132203
0.0007715408623301317
0.0008025228138258607
0.0008307368471858026
0.0008561465638896262
0.0008814221411048118
0.0009049894100457111
0.0009315852334321131
0.0009615473222429121
0.0009912349880914597
0.0010217234905480134
0.0010350764114367495
0.0010290542490530232
0.0010128184000736287
0.0009810486727763782
0.0009431559058985646
0.0008995434017169486
0.0008406145735989993
0.0007680088738389378
0.0006959437116885607
0.0006241419898760945
0.0005465556501984581
0.000466470864948071
0.0003726123153260174
0.00026398297764998376
0.00014869870167853223
2.4012011051033173e-05
-9.912061516337955e-05
-0.0002189058431889112
-0.00034264407033218427
-0.00046711445214158993
-0.0005970178647393622
-0.0007329682092177568
-0.0008697859705344101
-0.0010084596849208908
-0.0011603329757662027
-0.0013257114199614773
-0.0014998075570056776
-0.0016855329169314108
-0.0018750081813858606
-0.0020677529087434455
-0.0022701543794568534
-0.0024805179608428482
-0.0026835853423520257
-0.0028785904941401818
-0.0030715400715779413
-0.0032582539547372858
-0.003449120170391327
-0.0036444749569293036
-0.0038353972294980425
-0.004023884496774492
-0.00421868851161497
-0.004419360352320826
-0.004622897160604483
-0.00483128262574327
-0.005036796595845308
-0.005238912128427145
-0.0054429938186427145
-0.005647217249220551
-0.005864187174720903
-0.006095642288508291
-0.006334265758883298
-0.006583750765607368
-0.006838003077414717
-0.007096527634320086
-0.0073656812173519375
-0.0076442948103174905
-0.00792130991658102
-0.008196683341086645
-0.008475051001338729
-0.008753707156860888
-0.00904087188307571
-0.009337147590910214
-0.009636250110043518
-0.009940059378478435
-0.010206081071517832
-0.0104292768974518
-0.010630882410536741
-0.010798366728365396
-0.010954597022455066
-0.011100510080072838
-0.011213170877737658
-0.011296596163748299
-0.011383631057438505
-0.011473551658128115
-0.01155254067337976
-0.011628168564197006
-0.011674167518497284
-0.011688239131719706
-0.011689217137864933
-0.011670703201375601
-0.011659523656507971
-0.011659972165734207
-0.011654429893300594
-0.011650768902281772
-0.01163727781269587
-0.011612492129226066
-0.011589189599098116
-0.01156492452108879
-0.01151240566264202
-0.011430948832159499
-0.011332041923799267
-0.01120870306784406
-0.011080002518585942
-0.010947114801253224
-0.010794651235217853
-0.010626730240750852
