-0.00352902774315941
-0.0037738307353460893
-0.004026590941236828
-0.004287609976935686
-0.004554282847115306
-0.004827460054246061
-0.005003428032534044
-0.005071279020014349
-0.005080149194898029
-0.004999798210235718
-0.004889030979676576
-0.004749945821835631
-0.0045254396645584595
-0.004225949108554517
-0.003926898962129936
-0.003626070817129187
-0.0032924848592623913
-0.002943341560358918
-0.0025169369002129593
-0.0020079304098123804
-0.0014600093750295625
-0.0008580934655751053
-0.0002722499591824491
0.00028689091742320927
0.0008641364995609615
0.001439059432529022
0.0020434338772910327
0.0026809700170268695
0.003317831237787325
0.0039606311992290595
0.00467826995797888
0.005472283019480297
0.006313949428631613
0.00722083556100944
0.008144328536054039
0.009081450884401886
0.010071206865052657
0.0111030737918947
0.011813892681147211
0.012171094518103448
0.012337342955511399
0.012208370379697341
0.012001957591984674
0.011725221109882809
0.011174242880675726
0.010388434569771749
0.00961469214795866
0.00884398709281171
0.007978553822369106
0.007074305305635877
0.005924544119575714
0.004512022024651814
0.002981684595138207
0.0012831587643620916
-0.0003212347735877454
-0.0017933264419069204
-0.0032960298948466918
-0.004753019158781941
-0.0062866563180835455
-0.007909984896554912
-0.009494531583035403
-0.011065351951988194
-0.012871372733295128
-0.01491703933716832
-0.01709896922586694
-0.019480091559363682
-0.021882383321273662
-0.024294592260068932
-0.02685799003822452
-0.02953361780521603
-0.03156995573440724
-0.03290657161405579
-0.033868040732021494
-0.03424053526089775
-0.03448956295117455
-0.0346294260450876
-0.03423303102051077
-0.033385421969810244
-0.03257587507762964
-0.031784013335166575
-0.030820817921359232
-0.029796480370020664
-0.028294845044289467
-0.026281920665062644
-0.024047506169006104
-0.021490283828899465
-0.019175316980070637
-0.017182776820477343
-0.015167372523128693
-0.013293259747441923
-0.011292593479966315
-0.009138179931556516
-0.0071088715965216005
-0.005150219250032549
-0.0027366013856689074
0.00014010632661901927
0.0032622371611364964
0.006762085186775519
0.010260958987805316
0.013734597919892157
0.017481793589711154
0.021419237854216094
0.024634915020290332
0.027070201977869513
0.029093811117896985
0.03045039255128843
0.031736179426282846
0.03296772241148716
0.03361602087130893
0.03379170103253315
0.03404319535715848
0.03434230070415181
0.034487627826718596
0.03460141549536538
0.03420299991567006
0.03325478800461365
0.032087266178885
0.030583694954485922
0.02947671759451602
0.028866215745773804
0.028316028124462406
0.028038534700428965
0.02767796665819775
0.027200980120318668
0.026973430353867858
0.02692385085614764
0.026392290989739515
0.02537123606994316
0.02413280259439406
0.022512155046707574
0.02099065444383737
0.01959988392861277
0.01796372102997552
0.01618901645859379
0.014635925407650735
0.013298321589961025
0.01208278566459615
0.011082231286450453
0.00999851954429836
0.008827446348651726
0.007800035579154711
0.006858245014550245
0.005878297039755423
0.00487901085036727
0.0038837148664453438
0.0028681248135856837
0.001973123032575085
0.0012067754287054195
0.00048233791308134984
-0.00016608437339187047
-0.001123868636622018
-0.002435212146133714
-0.0038917763274356376
-0.005603943941828479
-0.007367336492437366
-0.009167416982759672
-0.011204571326142759
-0.013438835944191997
-0.015563084941865419
-0.017578499572359102
-0.019608485195484936
-0.021578358363855975
-0.023722678043932903
-0.026057691901713646
-0.02840616443728332
-0.03082153268605948
-0.03267474128840755
-0.03388250865291022
-0.03477793356040013
-0.03517366410043652
-0.035388583767312465
-0.03543834441210554
-0.03499149815255707
-0.034103759024808125
-0.033291665625736266
-0.032547832411911976
-0.03165073882497379
-0.030720944747618804
-0.029355099028670194
-0.02751791500415114
-0.025502892405240594
-0.023212427250277338
-0.0210060541044481
-0.018945886211925844
-0.01678720892344775
-0.01463670293004775
-0.012346714721742156
-0.009897046759639953
-0.007455591262313014
-0.004991566051717402
-0.0021223589341590196
0.0011627648158930024
0.004700269295890041
0.008588272666473423
0.01256241207995343
0.01660601977287126
0.020933572640431546
0.025487938357277588
0.02906659394356713
0.03157262202011936
0.03352994339011413
0.03459699191137728
0.03551697768213335
0.03631421891658933
0.03630735522791505
0.03563305599757847
0.03507878101303278
0.03461336836681694
0.033933459659974824
0.03321741177388338
0.03179882258128602
0.029624224227325042
0.027160030295047356
0.024244876685552155
0.02177176598679725
0.019869064311682835
0.017990898087747186
0.016397565875441358
0.014669019707125598
0.012763139069558385
0.011120375983498507
0.009656095519822242
0.0075384475852519305
0.004755251467294605
0.0016527894480306237
-0.0019776652024985357
-0.005535828366321153
-0.00898230224910604
-0.012789295039040588
-0.016824022388514364
-0.020017940445306692
-0.022316084382492916
-0.024125437937934983
-0.02515045807666791
-0.02611891499641944
-0.02704888759807162
-0.02731012588727902
-0.02703878416813817
-0.026832348160312127
-0.026653869367219234
-0.02629420642405301
-0.02588475768159791
-0.024885929115175138
-0.023256707294810646
-0.021362843313308424
-0.019073154332923576
-0.017288425674185728
-0.016127351282878805
-0.015063024725453343
-0.014355753752099638
-0.013559744562942662
-0.012635111656667208
-0.012035206847599764
-0.011670770357700554
-0.010748576781710867
-0.009261507639821333
-0.007534747810869789
-0.005370916711392842
-0.0033530256968566452
-0.0015194758063715643
0.0005829478516701733
0.0028244015565509584
0.004619761223915413
0.005960212037657314
0.007027658887676228
0.007665560242626698
0.008318879929164791
0.008994799604758562
0.009330756321411582
0.009411243062729224
0.009493213515141312
0.009549851526010034
0.009507827496204227
0.009420322056925064
0.009027510095672493
0.008311158332242946
0.007438036107840868
0.006344414394238361
0.005601078628879973
0.005276413170496268
0.005050979889371128
0.005088208559035942
0.005091644788169688
0.005037451557818662
0.005218453091660819
0.0055754877153287715
0.005633871189688176
0.005392111339286712
0.005041282807495671
0.0044642200224070585
0.004016446602037344
0.0037213065153825016
0.003305591093343852
0.0028489108489923266
0.0024936443689506614
0.0022242258621623314
0.002030877273168925
0.0019473472548969292
0.0018265236347723283
0.0016690508333371276
0.0015778859059326596
0.0015242467501915416
0.0015041727409753239
0.0015297741608997256
0.001584662476982603
0.0016716218193492777
0.0018243373230328339
0.0020438203623945215
0.0023174627033198973
0.0026541280631829063
0.0028484815516876816
0.002880949958945973
0.002856031739112308
0.002716082777168344
0.0025780472971168315
0.002449522252082696
0.002221139852961032
0.0019161542570138687
0.001685165515953405
0.001526583775657809
0.0013825953763270526
0.0012896911912523288
0.0011300821467096125
0.0008961525099626316
0.0006761474380426473
0.0004434176487191925
0.00025049874926165086
0.00011202256197392073
-1.5983249032785522e-05
-0.00011617707356184757
-0.0001979153344562162
-0.00026394213793039245
-0.00029355214848450283
-0.00028800815317488215
-0.0003166366627759613
-0.0003816072748083051
-0.00044956211640161976
-0.0005378255020522591
-0.0006000495610118683
-0.0006320793304682964
-0.0006710518707944104
-0.0007062054727018797
-0.0007345694058773526
-0.0007599346912794599
-0.0007758577487860799
-0.0007825084464296362
-0.0007899079863460789
-0.0007975501931264131
-0.0008007485167944968
-0.0008015529958177075
-0.0007866542041513362
-0.0007545124225447076
-0.0007129332357073266
-0.0006581998057867397
-0.0005965518647758873
-0.0005286323193970157
-0.0004480952105205451
-0.0003562347490592159
-0.00029769783058950563
-0.00027606619570896173
-0.00027117654469158397
-0.0002955897236595132
-0.00032203080189213755
-0.00034936040256893473
-0.00040248627899926973
-0.00047624315950372376
-0.0005412259259665166
-0.0005984020187859553
-0.0006589105134990733
-0.0007159570730616161
-0.0007940125016550682
-0.0008948922166824942
-0.001001156776856012
-0.001118603788822347
-0.0012176198538277484
-0.0012936510271263047
-0.0013650394191284446
-0.0014230289055617064
-0.001480930848456829
-0.0015400612982261425
-0.0015859396348191638
-0.0016211601219701158
-0.0016737710137489127
-0.0017441342679686193
-0.0018203107132969808
-0.0019092713449259736
-0.001990743944789495
-0.002063282553359745
-0.0021427016790478335
-0.0022244339906779156
-0.002267185587519987
-0.002268474306148865
-0.002244343790196933
-0.00218322701697733
-0.002112508028261452
-0.0020327982892962807
-0.0019198992029896397
-0.0017788242974587506
-0.001633283935811602
-0.0014818127649978132
-0.0013157613587743181
-0.0011402906417044873
-0.0009340842105218019
-0.0006953957747571685
-0.00043858460063378566
-0.0001583858748781693
0.00011156212108173955
0.00036684882017546175
0.000627509657699205
0.0008838901430837889
0.0011526482119112614
0.0014354139861540618
0.001715382929449687
0.0019959874036059445
0.0023074009475848884
0.002650044314551357
0.0030116729237215016
0.0033998950623508922
0.003792817389605169
0.004189107515395312
0.0046060323704673325
0.005038813104911885
0.005350341099566493
0.005528564174194499
0.0056342938993215385
0.005628204868206386
0.005593103204314567
0.005531601250319702
0.005366444917616065
0.005112609874310141
0.004862429019822387
0.004612379641421188
0.004326021021774483
0.004024203143893979
0.0036292753196888396
0.0031347440353400374
0.0025949005709465433
0.0019907895446514175
0.001422838680853173
0.0009055170592926904
0.0003766820998271453
-0.0001344887602477771
-0.000675134589521474
-0.0012502466732884825
-0.001810547092399823
-0.002365701734276018
-0.0030105603088545693
-0.0037467941532915204
-0.004535104759449112
-0.005399472599098579
-0.006271994205264057
-0.007148401424686289
-0.008082568187229695
-0.009059645742273822
-0.009802888392652231
-0.010290269546422677
-0.010640977405168268
-0.01077634232652032
-0.010868271260509507
-0.010922038080639993
-0.010780217372149565
-0.010474254529403714
-0.010183724824989394
-0.009901094259334484
-0.00955716375390395
-0.009192373290870541
-0.00865381950267675
-0.007929054875351404
-0.007124530296818596
-0.006203038536234433
-0.0053734480976524715
-0.004665349565958688
-0.003951316113839517
-0.0032920332503353408
-0.0025883967423300167
-0.0018304045340435309
-0.0011212062483479774
-0.0004406841956667569
0.00040509215068914575
0.0014190604704151968
0.002520900835690653
0.003759389840219328
0.004994684910292648
0.006217797225055378
0.0075389732831861
0.008927419261094876
0.010015436228419154
0.010778150267663064
0.01136611440619494
0.011675996235171047
0.011945582617146481
0.012181536794854664
0.012171393671815781
0.01195908606590824
0.011769256975507215
0.011590745600232521
0.011340057442934112
0.011067319083577335
0.010576743088036853
0.00985281234395893
0.009030381052846207
0.00806182139304141
0.0072388172796013115
0.006601373019085922
0.005974887130218945
0.0054438985264311564
0.004867284927341076
0.004231559115169181
0.003682028669637326
0.0031902288833802316
0.0024916992583744572
0.0015831566955017077
0.0005736380188078049
-0.0006030587229386593
-0.0017546042740123023
-0.002868499576209
-0.004095423416512788
-0.005392808419045246
-0.006420461911936653
-0.007160815697662529
-0.00774316372501775
-0.008073332446687278
-0.008383056904168875
-0.008677968905044273
-0.008757254680041246
-0.008664180421846157
-0.008589037197908702
-0.008519971608592738
-0.008390228393865995
-0.008241587646745117
-0.007902028812700359
-0.007358388300349148
-0.006727116298930181
-0.005966321191293153
-0.00536439273461896
-0.004959209313184108
-0.00458210501959875
-0.004316356320250579
-0.004018988698639063
-0.003677172801710937
-0.0034360786990938206
-0.003267024670240918
-0.002916115637776249
-0.002381023905137875
-0.0017657042008791457
-0.0010069324691094265
-0.0002912504597417941
0.00036912286938917805
0.001119301015622328
0.0019177912845461263
