0.03903800497291554
-0.08001642908242464
-0.14267252566488384
-0.1359638492012427
-0.1357947746774345
-0.11499884915996032
-0.08301731991193838
-0.04604065548450126
0.023083272046726888
0.12221780995959802
0.1610821219303348
0.13650266628150057
0.09089622415183356
0.0013755257442865717
-0.05445988501737589
-0.06991402593928328
-0.10198927811245628
-0.13200191631279984
-0.09860781501535064
-0.0005313603864790633
0.14810508665406016
0.36465633845577966
0.405095678012443
0.2502971256751018
0.03236156038073159
-0.31373047998247716
-0.4602035637502821
-0.3741964204616687
-0.2680695570574251
-0.055912411075900684
0.07192515015092098
0.08674225977179378
0.15178320129053538
0.217995840817092
0.21768861220472785
0.16042608573185405
0.0394780020021482
-0.16165322935134005
-0.22871714450723815
-0.15051919587405907
-0.04516759043984441
0.14095404589661542
0.19783623227128816
0.10179935768407453
-0.002358618018459097
-0.16972943451165665
-0.21982942133624392
-0.12594110725568483
-0.019329837515915313
0.14986484319048204
0.21064057500620542
0.13821106449463486
0.05591336263154754
-0.08340654229353059
-0.13937131496831273
-0.0909402860272724
-0.044802894105557996
0.03729914995368729
0.07261781297261903
0.04547204708531093
0.027110370826910975
-0.005547339194845596
-0.02197303915808101
-0.012907133065340658
-0.011859719637619021
-0.009490374255952677
-0.0054032655988534685
-0.003212028018131796
0.004573062641464062
0.017202744301711394
0.018398900357282918
0.00799507469135225
-0.006878252847068949
-0.03018637715757276
-0.03724228642594251
-0.025772326878740186
-0.010866195405372793
0.013967757994503244
0.017326190218989384
-0.00445251385022698
-0.030982779848404956
-0.07077204500916402
-0.0626334556676154
0.00043348850025786095
0.08230827784214381
0.20005156622379647
0.2154973551873789
0.11433598320004151
-0.02316534044619029
-0.23490916526076938
-0.2914177172352978
-0.16881197740644585
-0.008968548412022777
0.24980701531774158
0.33778501075929046
0.2236567821324683
0.08837682464958664
-0.14017004210482772
-0.2537769275019445
-0.22278231357960462
-0.20716760023533587
-0.15134922088987082
-0.09264156625599274
-0.04673233721670026
0.05027302447788782
0.1880854450404233
0.23829560636445832
0.19903377969450853
0.12462722859260521
-0.016920773891207865
-0.0948781563033374
-0.0988716801963993
-0.11920809367090043
-0.12403733134570898
-0.08444444811754351
-0.004163177928422249
0.12886413405708713
0.3233316845424246
0.3616388062596169
0.22955938521320104
0.039708111561623405
-0.2651253246436888
-0.3979865351867117
-0.3310072727729477
-0.2503850288647051
-0.08146462058300236
0.02930367496758912
0.05843353298994818
0.13855816454144418
0.23225504012014664
0.24107271354299784
0.1696885983303583
0.035685531048350635
-0.18581922779224858
-0.25929562077632423
-0.1695403491470062
-0.05166756470003401
0.1540632008995848
0.22220646634197852
0.12639677458295928
0.023990612941904268
-0.14439464039476047
-0.20057475976049358
-0.11711411619767846
-0.027834122357965476
0.11642924963736481
0.16917597997994271
0.10706009858718216
0.04094752112765538
-0.06993133318084724
-0.11348573105191605
-0.07138016826048471
-0.03128558817797393
0.037823688190845695
0.0653345635483385
0.03790478872760658
0.015029573077149649
-0.023173092544609482
-0.039076963860855005
-0.024059812007063402
-0.012516315023385797
0.006579219153065177
0.017369520352389044
0.01525151021831487
0.016989777522228085
0.017740124088884528
0.014121366530073566
0.007517340824979945
-0.004520986656067059
-0.022628502887255344
-0.028219202990785244
-0.02036597279304912
-0.008565061767382679
0.011923376217689283
0.01976772413585207
0.012852291059530148
0.0053915305496102135
-0.008128598403048908
-0.01400931939405728
-0.010092257531501801
-0.007466606424998975
-0.0024507152604499463
-0.0013801716355413057
-0.005821184333799383
-0.009768532697511748
-0.015106618641646087
-0.008687404995523658
0.0113815512040519
0.037356842950462515
0.0731251898249519
0.07524329831848187
0.03936941380560031
-0.010493175575014684
-0.08636730423188806
-0.11058581873653571
-0.07547248996757622
-0.028477937745612178
0.051142552747806116
0.08030695814541251
0.04932695387821635
0.015459248089151707
-0.04329802173821555
-0.06303637305340803
-0.034097675176308434
-0.005209401678907184
0.04105049481867082
0.054656473790192686
0.02716044631637221
-0.0032287597712952493
-0.050639003058219965
-0.055429762459699244
-0.009181774935039407
0.0479071723224953
0.13259456981883166
0.15282054246199325
0.09776892335592183
0.025503855783170867
-0.08924047181395037
-0.15193225099721383
-0.15144798961866893
-0.15464728541066558
-0.13669180258157007
-0.10017980727539737
-0.04947079785250836
0.0376600924899229
0.16142727710714874
0.21333360555408842
0.18837236236978683
0.13980553904448603
0.039810844226381474
-0.023540905168049936
-0.042330200048363756
-0.08290017128109668
-0.12411808718819735
-0.12937943082455144
-0.1011243210390028
-0.04020241708339015
0.06315543702575385
0.10011771908918853
0.06470313545830852
0.018342627340140714
-0.06615543947630909
-0.08349435735902458
-0.021373363117296235
0.04749686987653156
0.15095735469587435
0.1736596831832327
0.09976289348541102
0.007013384491508863
-0.13672261129048258
-0.1897670420042148
-0.13476623871054397
-0.06662194537036269
0.05309072410009259
0.11065075190710096
0.09042363186413993
0.07929070675525811
0.047119956249136376
0.007987311507817656
-0.03017217250848461
-0.09901540493037858
-0.19470971805989565
-0.2003359667339548
-0.11019579589215382
0.022470432929258856
0.22843222087944273
0.29525200681367336
0.20392780658833579
0.08242445549554468
-0.1251472463787781
-0.2047502601211264
-0.13117871765257474
-0.053779415034193125
0.08396777175812295
0.12757849722913697
0.05261928242099727
-0.020521564338097556
-0.13415681403446927
-0.1680067504333469
-0.1011498497999826
-0.025710295171309874
0.09258205691571257
0.1458184562678003
0.11753695677312885
0.08822193003994552
0.028051580658048636
-0.01418918293390416
-0.02864964651166202
-0.0639088139447539
-0.1070249598210913
-0.1025066714958245
-0.050445756910374624
0.03299647824304593
0.1622778924879609
0.19697580208851587
0.12634081058692917
0.030204399980979284
-0.12810355309617805
-0.18829328832878134
-0.13286307008979706
-0.06934168572815616
0.04449677118891779
0.1027068448089084
0.08908417882428146
0.08946429538483366
0.07564024508802564
0.03685367718393328
-0.020738463549978697
-0.11524397843334595
-0.249332994477244
-0.26267422334846635
-0.14508767033019598
0.02405138681202586
0.28726656832122127
0.36807629137554887
0.24045934587061182
0.072884195938468
-0.20781129171943696
-0.3156172864395991
-0.2167230582211146
-0.10943393584736365
0.08204922351760753
0.1701491636159798
0.12467299239677154
0.09819145638456106
0.0400160714044426
-0.009497275084593746
-0.03366086580736983
-0.09334955703767205
-0.1763140800555496
-0.15643071145033935
-0.030053280097907458
0.15240497071386525
0.4238053292425109
0.47422365263391997
0.2765158048352753
0.006610380192226396
-0.41836029405383757
-0.5810409501377619
-0.437593998022005
-0.2579438835418279
0.06848218638554103
0.21783172680442314
0.14607260544866948
0.10093570863101961
-0.003023143442296365
-0.018186871963268476
0.08942869224223811
0.17996305569851548
0.29591336750005565
0.2941860066347262
0.14658913735891002
-0.0448288724085717
-0.3238593439282278
-0.42639501648666156
-0.3228748055070661
-0.17761111567667842
0.0814726576750898
0.20039511340384472
0.14935273032562124
0.11168803564363937
0.021288767317390277
-0.022354343581325264
0.003393208926080694
-0.003175189317004579
-0.01472974227752082
-0.02588825927216509
-0.04802112121855774
-0.06253456864750655
-0.07123147651021668
-0.04867709265318795
0.011415269356637614
0.09558776433234009
0.21309816479586627
0.21750613003382338
0.09552944522754633
-0.0745450937184418
-0.33291973088581944
-0.38241886619430593
-0.19401554408196922
0.05606353488011392
0.4478125405289145
0.5519065200689414
0.32163989342223104
0.029565537318002544
-0.43974699854357047
-0.589451450100557
-0.35987369457528623
-0.08530744572581134
0.36804461096304925
0.5295588889797493
0.3359993461485417
0.12409869644942739
-0.2335142923220735
-0.3899966981242379
-0.29066753467904244
-0.20740077373987825
-0.0454824259062258
0.045195890934473126
0.029414792601062625
0.057266870093600895
0.08639156387848762
0.11242741961283895
0.1512820969723651
0.17118947715361155
0.1747794845727721
0.141323078371992
0.062000398712887914
-0.05198880292616635
-0.2102203760431032
-0.2720205171501903
-0.22563243261761573
-0.14780067575861242
-0.0006677581194349583
0.07637152481489218
0.06955633131080093
0.078624526397878
0.06860240365660294
0.059071113375898814
0.05946646785431661
0.03219342229499296
-0.017347853242938978
-0.044556723988598106
-0.0518826984745478
-0.057530484481274805
-0.05200156790128147
-0.02933989682561862
0.011261525539266508
0.07483474451018654
0.16446698030209891
0.17359705722117985
0.094467014006448
-0.018739133263224194
-0.19464225066353094
-0.2506388577287608
-0.16940222394316423
-0.0627553204417884
0.11762045998900507
0.18296175219414482
0.11080091774546595
0.03199359621794807
-0.10357498800906279
-0.14066126641857135
-0.056165594822943
0.03438730424468616
0.17355787538741568
0.2093353373137631
0.1189773214208408
0.010155156387031315
-0.15973613985447072
-0.22027188249911794
-0.1490280249554843
-0.06336923440108469
0.08329755855249392
0.144271319567337
0.09910854385264639
0.05721194866128615
-0.020857980551094703
-0.06406983705720326
-0.05783309145339413
-0.06877411566445407
-0.07730258929627679
-0.06991588094575092
-0.052084357105023384
-0.01441159416414678
0.04564148914170204
0.08314496041417362
0.09730850846372341
0.11232443244267488
0.11773551471330747
0.09310561601208063
0.03712239948417262
-0.04933594540403813
-0.17314567588581248
-0.203129018547334
-0.12951923523060987
-0.021590818552067646
0.1556059394446344
0.22223332766908996
0.1607148199276853
0.08705303921490427
-0.04571529379261918
-0.11775890352375216
-0.11177055998078195
-0.12430152517413581
-0.12393850938330182
-0.08657624731315712
-0.018126740038919224
0.09563668547685814
0.2610188093223304
0.27702541160841065
0.13028566133541017
-0.07717439257379796
-0.3986150636143076
-0.4809652957064209
-0.2902318052279449
-0.040338423016524225
0.3627524228277418
0.5055797263347949
0.3407257534189049
0.14497521193107085
-0.19197335471085816
-0.33792082536763246
-0.2460599522464883
-0.16741928487454028
-0.012955658839858629
0.08644704515422105
0.09978153513200924
0.16324608353367173
0.24052755003560433
0.21783482063315476
0.09955396913629615
-0.08920236334941746
-0.3769633793891765
-0.4354967404232542
-0.240036380951548
0.027819654493924935
0.4543382174430916
0.5782163628825207
0.35133055772659444
0.06678161618724064
-0.3982433994396671
-0.5611867335382869
-0.36235216843204693
-0.13515198301719025
0.24996358021312973
0.4041322451006086
0.2703597271703384
0.14244846611678375
-0.08507385745260031
-0.19982676132319
-0.16024493384546426
-0.15524779101562447
-0.12580402972655266
-0.08182129887989359
-0.0417762759140289
0.04750793500526024
0.18090106983921206
0.21871027375813618
0.15770950524544813
0.06135578683182158
-0.10511180157916555
-0.17245716729965052
-0.12541964987790197
-0.07442599847270766
0.023772618859410708
0.07689832799637454
0.06982035501417304
0.08232659899361788
0.09008394839744291
