0.007736615411718237
0.026507773471676023
-0.03020532785668102
0.01448738477234129
0.003597417168070072
-0.04272480516071852
0.033565767987180875
0.036157230522270746
-0.051139830498845545
0.0017270794145480273
0.008226919771877542
0.03208206373584092
-0.02852352882327347
-0.020664499363909225
0.038182642587508545
-0.028433925041488235
0.017305229349434806
-0.0034913280045500293
-0.004036320294096943
0.006054740518861583
-0.009849721295241799
0.009771949176379507
-0.015872387390436952
0.03744267022882826
-0.03203607280685229
-0.0018017373029445127
0.010669681365985168
-0.005467364544243831
-0.008743430150332526
0.04688530880632036
-0.043780588049423995
-0.013434986896809437
0.02369367134281135
0.025940435951489118
-0.027725683105442538
-0.026993972499033833
0.034431070027813475
0.0016299965657955006
-0.01833015773200977
0.025801850909124863
-0.013695638318008302
-0.02206729199423607
0.03351317913042134
-0.0194231890772823
0.013072019389374722
-0.02251567001493419
0.017079115525988096
0.01686552196850563
-0.013228650679272225
-0.037384564988418266
0.04336836449727851
-0.003162343949529696
-0.013117239543874995
0.00482290750038388
-0.003951122224944324
0.014073871751657852
-0.014861350133504732
0.00042558249198522673
-0.0020624501151933986
0.024919950099392504
-0.02626754348485665
0.005031270708981099
0.0028623105067936013
0.004173133199071185
-0.006419015336196962
0.0008108710285804116
-0.008180709351767478
0.017995484821797074
-0.028708741163859408
0.06711941612420258
-0.045327240801349
-0.05800390507824288
0.07364614061464096
0.009423820119884033
-0.032617528353668775
-0.015381141144333798
0.015007043959423101
0.03884451406095013
-0.049664407095877564
0.029605074566574054
-0.011512010639112117
-0.028817111028081956
0.012927490446667815
0.07113619144099327
-0.0791381380572972
0.04142158516146407
-0.016910497799785144
-0.147570221473955
0.10140429999579056
0.4425489544769969
-0.2614643595042526
-0.8563965509949621
1.014209716405304
-0.18450572788375247
-0.12649258177420386
-0.07682269766724689
0.16990136629988462
-0.051247256370222496
0.11140155706609421
-0.5273562580437037
0.455758503262426
0.2312280644927065
-0.33733162369734043
-0.15642484773924653
0.3111338768932249
-0.16572991957086822
0.05718008942750681
0.040255819579536514
-0.059351902159195016
-0.0011467144169105027
0.021324133233109603
-0.007464657293279629
-0.0032373778288044353
0.020084545165382647
-0.0169926634674076
-0.015574003964515429
0.015486736551509834
0.016912463887508705
-0.022317899448192045
0.02058883147516822
0.004432741884124241
-0.07509125310121648
0.07040849255509345
0.016209528440268704
-0.04838032982870597
0.020228427379515808
-0.01467734481199615
0.04701944991731776
-0.035858980918692517
-0.024934316419153786
0.03715163607441749
-0.009572347301368087
-0.017422581979810253
0.046104887666384875
-0.05238162021972129
0.05462671242215661
-0.03729234978159868
-0.029247018534582267
0.016286332952737265
0.09223196698534968
-0.11036922243912071
0.041778932243988334
-0.0036668375981979816
0.0005761153467719862
0.0016465222949318629
-0.03373465209256855
0.010272072275909146
0.10368989834305316
-0.09862226075370288
-0.03929588484212217
0.08167229686414096
-0.022408496299762534
0.004695014769146697
-0.04177441595358163
0.03359967370265386
0.026420892283171675
-0.040750605445418295
0.011171995321379836
0.006635553310794757
-0.013031532670743619
0.023168762545277426
-0.025953102332136734
0.03556962753558085
-0.0769072152402099
0.05674886525805264
0.037511117085748585
-0.055737570599521766
0.008256036818543557
0.025626986518391716
-0.047950876850044136
0.04114314163828634
-0.04015351909213833
-0.0025106071270370057
0.1466749238775755
-0.1384410900359239
-0.08046301120804458
0.09142916856516543
0.14198100508280034
-0.18559191263416863
0.03389013072294063
0.007596060969626553
0.0285376944823749
-0.06788679533697747
0.16515711844246275
-0.12579284182375852
-0.0832259197390991
0.13105932550949714
-0.0028018093842682792
-0.03592619837635905
-0.03674023082792986
0.027926779601281388
0.07475576283817036
-0.09667318812942537
0.043092167291959874
-0.012848791939275152
-0.002447802812597767
0.004084592989373994
0.013160409926566013
-0.008656262182127448
-0.013904019401702886
0.0273652795259686
-0.038802978127779476
0.030193176523084522
-0.004290084434060245
-0.01108484601574624
0.02572710573327901
-0.02183003371420466
-0.01100280390797978
0.011367913882730892
0.027683586743222105
-0.03290705690013093
0.001746042350431798
0.009769510252460301
0.003066933864268507
-0.0027324532383182438
-0.021076799421036296
0.018774637132651723
0.021048669287242902
-0.02115000740542476
-0.02347697653897579
0.03346978834449903
-0.010221874079599302
-0.0021734171217785347
0.003673495140924205
-0.005154573909610397
0.009140554783192346
-0.00714599399517563
-0.0055985408206533326
0.008534097917031299
0.005857977696854673
0.002576443368101967
-0.03168618022331235
0.04218802607193422
-0.047197140012001634
0.027768755878603068
0.02195021135894531
-0.03608727507574293
0.0165850866397603
-0.004118120447599538
0.001006226166299636
0.004290309101846702
-0.018891320150000574
0.017062536724138086
0.008670032327403352
-0.009424451934111077
-0.021505209034460713
0.02743678048065902
0.000703653149304281
-0.0005357959480677479
-0.03235565793179509
0.0317959791913119
-0.010058733059682507
-0.015165334633238442
0.05995595641227447
-0.05439036950055359
-0.001393046701289622
0.022836483146435948
-0.02168577937669742
0.005787275631265102
0.032174314520522426
-0.03825657958355431
0.013181116251171871
-0.002318535462732782
-0.00044049480140210065
-0.0007351359348608637
0.02119845716563358
-0.012961234798666916
-0.044945247052476524
0.03974182235017864
0.04140998072308271
-0.05635473060750889
0.005279838137170636
0.01291743795922517
-0.006935134046260275
-0.0036419301235041494
0.028959364101993804
-0.026385795471438832
-0.014956585842903186
0.025756779261690874
0.021803407243112714
-0.015183244994033517
-0.09525967201180124
0.07581496303835604
0.1192583795124012
-0.13879196074178043
-0.043317501618977634
0.08355196243049245
0.025418237162619352
-0.05010185185141025
-0.011526842022663662
0.04803207808113708
-0.03257418155745052
0.061526929716822436
-0.17289001163548137
0.1605200408013469
-0.012236780161200556
-0.035232064355840524
-0.011749782946185647
0.033970855872841633
-0.043373603055187615
0.04049616484928085
-0.0023960179591310873
0.015256621318380691
-0.09597322796872405
0.09381981197518059
-0.02759421710958329
-0.018027587470920658
0.08832526448959402
-0.0612344038859583
-0.09886881597753623
0.11551294056252404
0.023172403085295945
-0.06476010175016347
0.009548689134983024
0.0072782381460749284
0.008452822450128147
-0.01872145951793556
0.0318016956310033
-0.02328655102167981
-0.002042325882165936
0.012297059101007254
-0.026888899805368977
0.0034116296283810627
0.07259842103268027
-0.08920800048452215
0.03333750189261214
-0.023619337432193622
0.06310858875035838
-0.04922609649736563
0.020332093711271773
0.04828829713873334
-0.1854623389333059
0.1813023987170497
-0.07010376212855376
-0.03241553246028332
0.16135493401295387
-0.16387123032623538
0.05096173274641514
0.0166940196600116
-0.05102519035272536
0.0451066890167868
-0.013768817790293833
-0.026411243007755634
0.08565171281281046
-0.09469591223363377
0.06421835342227795
-0.03605150709096452
-0.0003474533964339579
-0.00159810724152014
0.026797856287964744
-0.044971124772615195
0.09460353612006436
-0.058850046369314235
-0.08664959004432292
0.11245357274629532
-0.018699646164260557
-0.023101993303889144
0.018397417354255454
-0.02017767109274083
0.018301824325090914
-0.03172397238165593
0.07031899165855704
-0.07160105517730293
0.0316161530820885
-0.014914643449399875
0.031065296852176894
-0.025586018115240968
-0.018058038380199704
0.013253910006921325
0.04634041220717017
-0.05562481889873363
0.024125858409107248
0.0058190425846225136
-0.037662081732191606
0.04446686089312869
-0.03545956374146099
0.01470544371976809
0.021674977438992524
-0.034931553746236896
0.021981766526535405
-0.014423766693196829
0.028679901909107516
-0.012489956833725906
-0.05653461067117936
0.05836928612861753
0.02601541503929223
-0.035717144901514855
-0.03850309252217798
0.05036024702305114
-0.004347606703315691
-0.021013227888115965
0.03246426388188978
-0.029042939362576282
0.011055626828540922
-0.0024411886336861426
0.002022749858960579
-0.005464148927063595
0.00691397721205929
-0.014998714753949078
0.03373890202017861
-0.029632130478478586
0.010785374117761789
0.011485023888451943
-0.04438730999080313
0.04849714563112077
-0.024130670365512866
0.010849941030597736
-0.008208782665606432
0.003487546757102001
0.001807624401956605
-0.0072616990205679145
0.015319006486051251
-0.016070628912183756
0.007870489882353386
-0.005705641645602054
0.013830074502514967
-0.014073222294617646
-0.004734130892453502
0.0007322407793258759
0.04223042493669464
-0.03869935054967526
-0.026532864893530184
0.036093430546859984
0.024584418831560234
-0.030710834905753104
-0.029969160239187134
0.03560327735564672
0.01799829234022752
-0.033707945454335926
0.013268273156785478
-0.005052601214507458
0.000655146616549326
-0.0022732130898208626
0.030356476679174738
-0.016339898642941497
-0.06252523289906782
0.06435434552689588
0.024971876446118115
-0.045165944176130235
-0.012629388836977595
0.02271491576535562
0.023198532057518297
-0.031801110144507316
-0.004034525516824023
0.005950028764278317
0.02519990777152729
-0.035182069232366754
0.03529555943837092
-0.021601490066734695
-0.01917952827449787
0.01943388026866912
0.027287877079915607
-0.03546452255377715
0.007086235849726158
0.006810771050186652
-0.010801906373576087
0.007717296330927256
0.005507606677809272
-0.00794366570033635
-0.0038082684346616787
0.0054134133312740175
0.010211384716074605
-0.009764528621773468
-0.019683999284675947
0.01634287100484011
0.031490852123155465
-0.03136069741522332
-0.016930162394758558
0.036182503996138926
-0.033802402030015846
0.02466878049014349
-0.0031748717849134278
0.0011544781332075173
-0.02155135044651915
0.02809459610075975
-0.01252637743390726
0.012502957288378991
-0.045751197251430155
0.0356128313757611
0.033637636983957886
-0.03948917409241091
-0.022253668090987763
0.04202571156944917
-0.020485364106121534
0.011324760570709453
-0.015073416926589249
0.012877686296918477
-0.007404584775008629
0.003167346249335964
0.006746233861713848
-0.001232925062054887
-0.02449629977291954
0.029207361608713567
-0.007685832724120303
0.00065890979592689
-0.02059840793202411
0.01071483763247468
0.04153098409473212
-0.046301550226282684
-0.0017983243589933962
0.014657064212266
0.0104927393107867
-0.018173512750396942
-0.001798719276863492
0.0014023817380024203
0.0368558939428773
-0.024754509875974252
-0.045033110263590956
0.0619993761280955
-0.03202819496081735
0.01037807551572543
0.006592743200838056
-0.01013090942593494
0.0042427809986261686
0.0019471313564397765
-0.015042618810917414
0.010849827018967294
0.011532239829890744
-0.01703252420649107
0.010818855055369204
0.001545085350174089
-0.020024388098540846
0.027342952753002935
-0.02947408229671508
0.020543370984032798
-0.00024055852165662424
-0.006797018182003498
0.004083648911301814
0.00557603645140692
-0.0209963093244987
0.03362781728378288
-0.04022624697552494
0.044618896298282945
-0.0570263891745446
0.04467499425613366
-0.0017674683992855624
-0.011668138097330496
-0.005421010515803556
0.008502366988707847
0.0040462871347279675
-0.010453418070915238
0.0009407737016190586
-0.006265408298813122
0.04393726777610734
-0.034553834054979624
-0.03578747320530776
0.04889133722809377
0.004599846485547322
-0.013943492019015746
-0.02773390001571625
