-0.02137256438964664
-0.023989158631185822
-0.02669715064985841
-0.029492778507468818
-0.03244314004334651
-0.03553232265632302
-0.03715951103004633
-0.03716951907627738
-0.03630114543318578
-0.034091790423746236
-0.03147646865875896
-0.02848785511726575
-0.02423622596735983
-0.01888984834014463
-0.013575564536270143
-0.00825705644155541
-0.002480670397786785
0.003496917383660024
0.010606696662244036
0.018927131986280835
0.02780091159228875
0.03745468301321566
0.04430660111002256
0.04793632447153911
0.05019879616379355
0.050050088598449775
0.04941300453530943
0.04839148710516958
0.045078486889385455
0.03982876876320686
0.03548671631538956
0.03201684531659496
0.028245836265566655
0.024847518316518994
0.0195998488551174
0.01232739207470197
0.00466562465842916
-0.003909978081161155
-0.010281874225945172
-0.013977258076360289
-0.01685446123504077
-0.017984031534553538
-0.018802992872646127
-0.01942911346750267
-0.018303587623508685
-0.01569380090038824
-0.014488720627983181
-0.014706016653133753
-0.015103384112033956
-0.01638636369470205
-0.016426065574778867
-0.01505780689155601
-0.013909926835994586
-0.012490908830365069
-0.011260161925941217
-0.01043420275976082
-0.009435755974943092
-0.008435250931545124
-0.0075363717893859586
-0.0066948905316394965
-0.006016065779524113
-0.005522454848305948
-0.004248801025186318
-0.0021361295156365995
0.0003321647616334503
0.003409904649751286
0.0065161704945890285
0.009602937671085696
0.013174272245223072
0.017103259598926362
0.01970895702219735
0.02088525906439555
0.02133493880077045
0.020592079992933398
0.019746089277071315
0.018835785950288154
0.0168996149850529
0.014145144879173637
0.011581962904488942
0.009164213654760393
0.0065289204887790326
0.0039055439303082497
0.00042192082927753726
-0.003984862720429609
-0.008705071121633202
-0.013946117158866485
-0.017719142910710802
-0.01976944628088545
-0.021189249462315464
-0.021396909606124684
-0.02140527563482157
-0.02128178065380227
-0.019995621128481137
-0.017736741204547806
-0.01616714841214673
-0.01527996591021019
-0.014382804832191485
-0.013875796340165862
-0.012492973013979442
-0.010137540513362233
-0.007758920527059997
-0.005062637586317017
-0.0030329987964246735
-0.001865455047239074
-0.0008794110101883552
-0.0003790680736821063
-1.0632923122295322e-05
0.00027089129968883754
1.2344517207754329e-05
-0.0007219254898211354
-0.0008554076285889949
-0.00036574358588543443
0.0002620525335183162
0.001295984011055126
0.0019821377082148628
0.0022606311705205577
0.0027254859851958747
0.003204370777892351
0.0038255073064066814
0.004667815674736734
0.005547095624107159
0.006517467017742027
0.00764282180057455
0.008912521599647715
0.010347292301974445
0.011963626091294439
0.013436736317690724
0.014747927369785054
0.016068730434702718
0.017315718267374273
0.01868501514193165
0.02019652199588478
0.02168404138694123
0.023193037899559853
0.023854292984306257
0.023558524568932822
0.022744226798970802
0.02115227828133214
0.019242243383683896
0.017031714135349273
0.014051600374020472
0.010380747662932012
0.006714557255898827
0.003038695063411003
-0.000944549768817588
-0.005075145584049095
-0.00990649244319369
-0.015488518663219318
-0.021424583878014946
-0.02785033460937366
-0.03227856707881534
-0.034421579089640414
-0.03555018956407959
-0.03493911323546582
-0.0339361393517673
-0.03260987333986513
-0.029628096862628368
-0.025237819660688398
-0.02139466825176574
-0.018069970933421442
-0.01445706325050505
-0.011016937759694907
-0.006212306220756817
7.992567492246059e-05
0.006734247284549849
0.014115378458440155
0.019441492003292524
0.022323953693889526
0.02434380185004263
0.024677943845471513
0.02468275471470067
0.024454387566173907
0.02256979241198419
0.019280252093731253
0.017034387392777725
0.015832475861626626
0.014634693339161729
0.014033141146902274
0.01218852314264508
0.008957310023384622
0.005728326764291106
0.002073548793717107
-0.0007877261538984211
-0.0025908204488046325
-0.004225468485129607
-0.005309686650433211
-0.006234731267714865
-0.007060621862024122
-0.007244433443274543
-0.00685678128300717
-0.007318950771966962
-0.008667853762627874
-0.010254677887010672
-0.012435945461070895
-0.014233912271875539
-0.015570827410835136
-0.017225977175751986
-0.018977143364389215
-0.019832509636794067
-0.019778445227968802
-0.019120052169554706
-0.017592300935734054
-0.015945082062142485
-0.014189453754525287
-0.01171303585648814
-0.008657431494350573
-0.005429029807564016
-0.001979013831783021
0.0018050294936145682
0.005841911344686399
0.010555919735212175
0.015978226512542545
0.02184285744315101
0.028255591725340912
0.032360703280527404
0.03385134285954214
0.034151365361466325
0.03243548637446969
0.030292863586564665
0.027801995882918446
0.023421744916967916
0.0174464192529384
0.012031159416079186
0.007136609905067891
0.0018892961466706948
-0.003204573086596032
-0.009858414263661151
-0.01820690995822183
-0.027002050900777085
-0.03664992263133505
-0.043166022164863205
-0.04602765764216251
-0.04741012873335455
-0.046139322633508735
-0.04423373601995011
-0.041818140340563095
-0.03681818307755859
-0.029604163567210944
-0.023532056186786124
-0.018581885517616394
-0.013339327452246209
-0.008606585621179946
-0.001816657517994419
0.0072351288287200305
0.016636636987325433
0.026991526224216484
0.03443466841507123
0.03838511743116076
0.04110747154395619
0.041446186420109006
0.04120237775478183
0.040511421440208854
0.03742339202593386
0.032267271981052205
0.02857941337113155
0.026370261842246594
0.02411352897628922
0.022665981717271036
0.019398519469904417
0.014101164693002382
0.008767252725612623
0.0027835330674831835
-0.0017995246260413377
-0.004570678561310476
-0.006946879156263385
-0.008292000546287441
-0.009341521003606992
-0.010187211880132763
-0.009882136322178148
-0.008558377906224999
-0.008479891154894847
-0.009693422646168647
-0.011175586527421363
-0.013489353415921983
-0.0150484415364022
-0.015725502924801415
-0.016768881491823984
-0.017815011576985687
-0.018318696623980012
-0.018361061615681688
-0.01793389125814011
-0.016912828140485076
-0.015896553218984054
-0.014877189914691316
-0.01344713495706146
-0.011722291372432228
-0.00960108294162473
-0.007024366584098802
-0.004113064319943859
-0.0008227070889996072
0.0029154511802899205
0.007102622285446196
0.01175144889170863
0.016885268495285
0.020325096139518314
0.021863560795888595
0.022547732738843407
0.021756473155956243
0.020754149643496138
0.019601060137197205
0.01710631497519986
0.013508104365350545
0.010363580556890675
0.007637320051063688
0.00471714090184542
0.001967931718595264
-0.0018673773780316719
-0.006883561105002619
-0.012169610893410957
-0.018021927579548503
-0.021908390955504165
-0.02348602055084956
-0.024166072930677164
-0.02320097634165343
-0.021846511295885905
-0.020185984923744217
-0.01691416263862211
-0.012262361231397897
-0.008402973776684588
-0.005328942043979474
-0.0021209282038080015
0.0006992137714760035
0.004779186234607885
0.010249374498154573
0.015875050679618873
0.022042048560074766
0.02619315131807144
0.0279445604155983
0.028782431793069444
0.027940691726455823
0.02661440454059005
0.024889224748553207
0.021470090529478156
0.016572808283842545
0.012521851999875783
0.009319935110072487
0.005960819872543053
0.0030049696470670984
-0.001283956407585338
-0.007047393476260686
-0.012975538896821954
-0.01947590892785671
-0.023938396788144637
-0.025965558273284322
-0.027084515302499754
-0.026511777577196218
-0.02545751641885314
-0.024009880979507757
-0.02085009298128081
-0.01619638033459586
-0.012448003566923712
-0.00961021177095248
-0.006641709025958759
-0.00412190289367814
-0.0002640688501749783
0.005077335286320976
0.010551806877823757
0.016578288279966873
0.020795654147264822
0.022827367980960744
0.024092257799080617
0.023878034319597518
0.023242836932803036
0.022270334026215723
0.01978268836934126
0.015970674118686714
0.01307112706430566
0.011096280929647314
0.009068407464871187
0.0075305796561372495
0.004834408896950656
0.0008460363122599385
-0.003179890089394722
-0.007628351347201085
-0.011028641523900538
-0.013102879413187078
-0.014826264148664276
-0.01574551949603175
-0.016427200891463822
-0.016932096740524524
-0.016563595784600718
-0.015422865863494022
-0.01506777666338937
-0.015523614184616535
-0.016091126258196295
-0.017154762223094765
-0.017606769646050412
-0.01735724835122374
-0.01726883703788157
-0.017085754693269554
-0.016685436067121064
-0.016147422828765502
-0.01534169416884395
-0.01425405772823246
-0.013149348282868954
-0.01201388877457993
-0.010704321833991108
-0.009271786654500876
-0.007460696782022161
-0.005233036051120339
-0.0027438882554799405
8.186524040242207e-05
0.003144558180013338
0.006434985632510347
0.010070706977436509
0.014034048514850381
0.017099476731765116
0.01916334540541926
0.020793105836781563
0.021643190089540083
0.022451652071015227
0.023251907931899667
0.023365299121846348
0.022932330371112062
0.02278792601647829
0.022909174180178
0.022976983685441002
0.02318629868704094
0.022852484070854027
0.021925618256442663
0.020898881422538318
0.019611331523526128
0.018224124302923455
0.016798213962450625
0.015134695188199689
0.013285697330941572
0.011264084608560031
0.009047876370055616
0.006673957722149885
0.004139598410662136
0.0011388159352526271
-0.0023520982468466832
-0.00619216890552099
-0.010466432738760367
-0.01499916706944859
-0.019782297586241962
-0.0249795478433221
-0.030557745216475432
-0.03426161903817779
-0.03588570309126468
-0.036467771274737874
-0.03536279868945087
-0.033911317820033905
-0.032165321143870114
-0.02887013669018395
-0.024272936003432916
-0.019941349618272732
-0.015827866927357652
-0.011315141225718753
-0.00676399059822335
-0.0008824584915775643
0.006432148241767736
0.014260139666404437
0.022911520345069547
0.02896701004522593
0.03199799733205199
0.03384616957552602
0.03351099025380865
0.03276375191785628
0.03171344811807141
0.028569910848250783
0.02366227788990898
0.01981519587137581
0.017009578106675187
0.014069465911908666
0.011671049132915124
0.0076454799727005696
0.0018241578029562903
-0.004176918995836146
-0.010865339451611484
-0.015762638763199825
-0.01845728725417263
-0.02049105951320052
-0.021115499979981817
-0.021397845687171298
-0.021434980405174622
-0.020014303221840633
-0.017331437563250146
-0.015801349814129936
-0.01544822315445288
-0.015214188207712382
-0.015691114721852927
-0.015124359785582513
-0.013375009234371696
-0.011793990420218975
-0.009975764588183549
-0.008397168896586994
-0.007248855898533795
-0.006009296785443827
-0.0048487555279749725
-0.003798129177306919
-0.0028200635857939882
-0.0020566435568586347
-0.0015176958447118568
-0.0003285242655596438
0.0015571304909394498
0.003706261283474016
0.006345787441023778
0.008932276944968308
0.011419780588382993
0.014268867475697085
0.017358616004980048
0.019465017873612742
0.02052030291391719
0.021014785983427996
0.020611099441449756
0.020122450645525158
0.01957466367019796
0.018259176311396164
0.01633056071187023
0.014484246326028348
0.012682241718170681
0.010681077407337076
0.008636366977675667
0.005932184181054797
0.002523784250304483
-0.0011648098569024302
-0.0052812263306545515
-0.008177202272185276
-0.009650296748891894
-0.010588054033401687
-0.010510436736142248
-0.0102758066566398
-0.009938587927546975
-0.008637057086502534
-0.006532446346506445
-0.004972103775222814
-0.0039472571581970544
-0.0029011627314622745
-0.0021571760004386775
-0.0006809801682868038
0.00160616945082269
0.0039319691253975365
0.006537330173329129
0.008051429172872111
0.0082573741358354
0.007976843170298023
0.006796955397842032
0.0053323619271655924
0.0036315472435544454
0.0010113181926223766
-0.002417433221762022
-0.005370604657319842
-0.007842342425889458
-0.010393267740003856
-0.012712153542336619
-0.015747407275838777
-0.019576263847085686
-0.023478213172504283
-0.027675076799665715
