-0.004888659904697425
-0.0050964713553109334
-0.005311096997877769
-0.005532984952840228
-0.005757507284169072
-0.005986058087850695
-0.006186870220888216
-0.006356190330886827
-0.006509889852761388
-0.006638607761899888
-0.006759462345829502
-0.006873159734000514
-0.006962552985221355
-0.007030654970225905
-0.007102000682766362
-0.007176052613662132
-0.0072425026359768194
-0.007307009594316085
-0.007349955412445501
-0.0073696296162778
-0.007380105861673199
-0.007376610049281477
-0.007379205742146565
-0.007391107578344013
-0.007399151039998191
-0.007409227442010372
-0.007412583431573122
-0.007408130151168287
-0.007405428204470318
-0.00740265429196879
-0.007379416042918108
-0.00733520846519931
-0.007278623036161686
-0.007204447342526803
-0.007126942121026112
-0.0070469911417992475
-0.006953097945831134
-0.0068483469514660925
-0.006758786507763146
-0.006685670145508405
-0.006618890502375402
-0.006565576720790319
-0.0065078700067255964
-0.006445218280710857
-0.006392912113610595
-0.006347524862302152
-0.006294352749189408
-0.006234195174473092
-0.006172061529771216
-0.006104637866097027
-0.006045000867892003
-0.0059940495695794465
-0.005942746258213551
-0.005894192064349119
-0.005826633504609754
-0.005737104286988979
-0.005638206817058544
-0.005523582183558297
-0.0054038146090432055
-0.005279768338649723
-0.00514046137760751
-0.004987935096229556
-0.004841210188647467
-0.004700365464190516
-0.004557457661967532
-0.004417147804080271
-0.004265299370445063
-0.00410088927303918
-0.003934738623908268
-0.0037636235406258356
-0.0036255286093184514
-0.0035255157609302397
-0.0034434834067757145
-0.0033907647672375084
-0.0033481310149519553
-0.0033146562284066105
-0.003310372992553681
-0.003331938323463402
-0.0033480442232427135
-0.003359142763268606
-0.003378695488613756
-0.0033994028051462836
-0.003445718650185301
-0.003519796832708554
-0.0036038595098736035
-0.003703834475025063
-0.0037976486528415107
-0.0038815190497740455
-0.003970427568555061
-0.004057834737258668
-0.004152871487393096
-0.004256779935820726
-0.004359232971069152
-0.004462138588157172
-0.004588916180477814
-0.004740222484770142
-0.0049060687721179195
-0.005092463868120034
-0.0052832196224807575
-0.005477322815959736
-0.005687910981158852
-0.005911490330532646
-0.0061142285623968845
-0.006294292208247279
-0.006465166345680373
-0.0066175346855205435
-0.0067741443119348245
-0.006935724628640854
-0.007082572493154546
-0.007219033197236382
-0.007364810769292297
-0.007518913819671388
-0.007674456817842289
-0.007835897106654185
-0.007985928407757118
-0.008123332913348042
-0.008260129591719519
-0.008392207569706333
-0.008547032408846142
-0.008728404744757879
-0.008920260101069586
-0.009130634021149059
-0.009346280456248097
-0.009566083867999047
-0.00980385180813018
-0.010057020280577552
-0.010301293569457266
-0.010536533503379098
-0.010772902788655666
-0.011004430071465933
-0.011249089779579046
-0.01150817306349789
-0.011767871531534168
-0.0120322716271746
-0.012236423071485382
-0.012372153957343947
-0.01247278378641457
-0.01251903560799757
-0.0125448519954121
-0.012551710483974765
-0.012504919006151584
-0.012410391484685163
-0.012319865228396997
-0.012232367214403496
-0.012125863281644585
-0.01201232701137641
-0.01185080904313416
-0.011637692797562937
-0.011402494131203152
-0.011135243349688255
-0.010875420837513562
-0.01062952410785976
-0.010371201440784851
-0.010112071096874297
-0.009835263450983275
-0.00953856938918379
-0.009240634508865106
-0.008937916638009987
-0.00858943959263322
-0.008194098276276408
-0.00776921154133278
-0.007304265362720655
-0.006827713314551327
-0.00634129885139066
-0.005821960400408717
-0.00527582282978176
-0.00475855151021845
-0.0042729753735900365
-0.0037971474222117
-0.003346331039062078
-0.002882699838818791
-0.002405034337142036
-0.0019458642110608518
-0.0014979251865660486
-0.0010292244452317525
-0.0005414020005362889
-4.54684379455241e-05
0.00046582322815122326
0.0009642625351051999
0.001447912430604592
0.0019363687219612475
0.0024229573552967004
0.002953550690968767
0.003534476139190452
0.004139072886003485
0.004780776415100477
0.005437410453920371
0.006107161491296639
0.006813152161031552
0.00755112057285489
0.008280770022516
0.009001929934919384
0.009731483503845933
0.010459562496509164
0.011216095330756369
0.012003266268912915
0.012798174144665076
0.013607655491686462
0.014322821405092782
0.014930034195963624
0.015485176068359469
0.01595596654334488
0.016399424730308254
0.0168180698494685
0.01715374452443005
0.01741642170404845
0.017692826013989093
0.017981361098093708
0.018245167587109506
0.018504346469483922
0.01869031094064304
0.018797044351624596
0.018874048734858012
0.018904657815374478
0.018955160599258475
0.01903649519466746
0.01910450209263614
0.019178717276162036
0.019230863174143797
0.0192572771643075
0.019289293750223417
0.019321009465361024
0.01928374204186694
0.019175683194924454
0.0190259193880361
0.018816860102856464
0.018596276020101977
0.018367134214122196
0.018090796891589104
0.017777580984937043
0.01752061245346542
0.017324650465071045
0.017153060127716953
0.01703140320507143
0.01689643966712897
0.016746173049995105
0.016635051451019203
0.016550962770464594
0.01644049173068305
0.01630642596098086
0.016167193956587035
0.01601072974752314
0.01588422688221541
0.01579096320511288
0.015698231817088834
0.015617229477039113
0.015471247103620911
0.015249743593349904
0.014997359110901798
0.014691656690048556
0.014369789831332528
0.014034833442580226
0.013648138547052506
0.013216878871214529
0.012808501190676707
0.012423330623559707
0.012033169658446875
0.011654566001587595
0.011237495138836607
0.010778344589838375
0.010315464307899007
0.009837458936075563
0.009410673376679116
0.009046037477851213
0.008704258645878635
0.008405627266410627
0.008121078824822017
0.007848665893920383
0.007621632701529269
0.007435064363846389
0.007226963320714634
0.006997388201963058
0.006774016782734061
0.006542100418546906
0.006348011061178213
0.00619588303561519
0.0060511235154164095
0.005924869562685892
0.005785570590204685
0.0056268096298890315
0.005471946890978404
0.005311382003935615
0.005156128989607048
0.00500810898768256
0.004853309028467869
0.004694032833556881
0.004567632529539656
0.004475421150082711
0.0044009583489307835
0.0043538928003635
0.0043090816420396395
0.004264884850716594
0.004241992148215638
0.004234983146414378
0.004174779806617944
0.004056913294527949
0.0039100892270844834
0.0037150716004877874
0.003516732925773988
0.003316574187102866
0.003074885494116978
0.002800147955695337
0.0025346055203002327
0.0022763645482157114
0.002010054902745029
0.0017452640130401966
0.0014455483829189566
0.0011082228064561133
0.0007587401671161714
0.00038839894822500565
5.0548706452513856e-05
-0.0002472599642341164
-0.0005368117713431632
-0.000802495168608776
-0.0010696733266969331
-0.0013406289006319258
-0.001588759525281473
-0.0018190310613675896
-0.002079671335900566
-0.002371113480542096
-0.002673169008736111
-0.0029977746091953274
-0.0033095869204331505
-0.0036061281853565
-0.003914773838639009
-0.0042275554825358
-0.004505944517404491
-0.004749001774896414
-0.004969031086092605
-0.005155580373445497
-0.005337185743194471
-0.005514234214270777
-0.005663023151852836
-0.0057888638379672815
-0.005909245986831889
-0.006022362673270905
-0.0061228391859818355
-0.006214246051054842
-0.006279044410786268
-0.006315873362582443
-0.006335909219808528
-0.006334766674973319
-0.006348605118421146
-0.0063817203900647605
-0.006413526562451455
-0.006454304252468422
-0.006485237795913749
-0.006504672252969721
-0.0065310358273804195
-0.006560472180374282
-0.006562394352520838
-0.006536551907983814
-0.006495122597912863
-0.006430452829008697
-0.006365160093693306
-0.006300614553690666
-0.006219181596290666
-0.006125824978693663
-0.006034807753819784
-0.005945541400110794
-0.005854798802212521
-0.005766144612860035
-0.005667007334721358
-0.005557192966198868
-0.0054460785726459975
-0.005331153413347904
-0.005208266718806336
-0.005078182836410769
-0.004941259562027051
-0.004796688894214233
-0.004649598603853133
-0.004500191276187398
-0.0043453420128992904
-0.004186247083481769
-0.004006078884824707
-0.0038029196479105534
-0.003585597643924286
-0.0033492587369574746
-0.0031028776707347147
-0.00284699994622739
-0.0025727775239253654
-0.002281907017082048
-0.001987381369969821
-0.0016890467349574949
-0.001381624211167361
-0.0010682083134261422
-0.0007386717861607854
-0.0003922480681862474
-3.642890895756672e-05
0.0003311524813214992
0.0006505130472386911
0.0009147605643455407
0.0011537210502471785
0.00134980318141612
0.0015356947537118774
0.001712783635843564
0.0018486347223591196
0.0019490683871487015
0.0020600035827863065
0.0021804445249120844
0.0022912700297544647
0.002403102811966109
0.0024792074866224656
0.002516447510295734
0.002541233682576106
0.0025446713535772912
0.0025648446721686837
0.002607870950408155
0.002648930512762442
0.002699239953512766
0.0027422039549160524
0.00277582516424826
0.0028183070699637886
0.002866241298633903
0.002881193695833377
0.002862282755119758
0.0028257692261802214
0.0027618774851462862
0.002697615022666612
0.0026347108185816636
0.002551514301005754
0.0024539153187745064
0.0023894079830905734
0.0023602415587967726
0.0023482157556921623
0.002366344234648581
0.002381969154512873
0.0023941451150100244
0.002430838743814891
0.002485819910740117
0.002532639669888162
0.002572830078318219
0.002615400126654585
0.0026544391632651746
0.002713670023296679
0.002794763111612884
0.0028814425480746873
0.0029793736691715454
0.0030487137787247333
0.003084100559434327
0.0031086427738091786
0.0031107360838712062
0.003109895693200147
0.0031077527756008198
0.0030841978656112297
0.0030430361868923972
0.003019094613268849
0.0030125577656433537
0.0030089673782935367
0.0030168927142756397
0.0030105136385327053
0.0029880093244756224
0.002969222806617686
0.0029483036404675204
0.002929462344505288
0.0029152824970818834
0.002899571548760298
0.002884078511903292
0.002871048889873326
0.0028600917118516605
0.0028517648640244914
0.0028466136340106235
0.0028342410602433146
0.0028140265972596986
0.002791456774559758
0.00276384869892902
0.0027374104082579205
0.002712762480766566
0.0026845987678946366
0.0026543464390165875
0.002626410906336928
0.002600598509938347
0.0025758482898371763
0.002553242994476874
0.0025290364641222976
0.002503153870683871
0.0024783955083909175
0.002454005065490352
0.002429108694646928
0.0024039677996591856
0.0023785077038080064
0.00235258969738296
0.002327521800132067
0.002303350597947974
0.0022793449337665207
0.0022558169448161957
0.002219870019096266
0.0021701515925804916
0.002112951489335769
0.002044539540717603
0.0019721566014418643
0.0018961241037158782
0.0018094351189923195
0.0017134129135142743
0.0016175115342513032
0.001521506495416366
0.0014215639414276312
0.0013198761726077807
0.0012088199617625913
0.0010877743544519208
0.0009622217528728219
0.0008303330540148594
0.0007000453475272889
0.0005726429527115984
0.0004429843421920456
0.00031341686401283974
0.00018050546901068605
4.3851022324348585e-05
-9.274652146309003e-05
-0.00022998002895736427
-0.00037578924268583206
-0.0005303381551337985
-0.0006902467426523368
-0.0008575214637585206
-0.0010265516212427936
-0.0011969626984026413
-0.0013732208633103593
-0.0015540894017871264
-0.001710520554140324
-0.001840055636285435
-0.001955418667495064
-0.002048305456767157
-0.002136443980209569
-0.0022203818342316013
-0.0022836920632748996
-0.0023295910062845595
-0.0023772986084050715
-0.0024260411521848115
-0.002468298218067776
-0.0025083981131986837
-0.0025300765998602748
-0.002531981312814753
-0.002525448585168915
-0.0025065071386430327
-0.002496533523561208
-0.0024985834105924034
-0.002499476506525595
-0.002505417370039625
-0.0025063261930214774
-0.0025011444959815044
-0.002500378091076469
-0.0025019603223298235
-0.0024858045101565176
-0.002451565084377791
-0.0024075515678867324
-0.002348688072925093
-0.00228937488034708
-0.0022305161675985727
-0.0021606961131822922
-0.0020830645297098146
