0.0001756630796801757
-0.002456758831034197
-0.005926496812431086
-0.010308406982572564
-0.014917050173714533
-0.019974037225259363
-0.023523934561873645
-0.025302874791409077
-0.026395247837617763
-0.026223413904493873
-0.02576257946343834
-0.025075965699440747
-0.02315211493863499
-0.02017017699850674
-0.017808515387241635
-0.016061017767558573
-0.014217272601537559
-0.012680087135193719
-0.010174610735789865
-0.006599636524355364
-0.002909401752156435
0.0011949607253674698
0.004820542624777456
0.0077826566684261345
0.010724333771804822
0.013369505734710633
0.016022559658692783
0.018729401697119598
0.021088777193330004
0.023158319285563108
0.02595873699379297
0.02951742877780695
0.03337526444106315
0.03778981160218963
0.04205911823032313
0.04613019688000213
0.05056546031564567
0.05520736335378922
0.057564090344375235
0.05744475355460502
0.0559034708681325
0.05223308657701212
0.047994270875008516
0.04323149903934394
0.03652138761361076
0.02814839754485656
0.019684945396216964
0.011057571484059746
0.00166411500406329
-0.008144783541534929
-0.01972430379178303
-0.033186381590889255
-0.04759609703031976
-0.06328537557439236
-0.07420810303576394
-0.07967393584237267
-0.0827769290966514
-0.0817597428543081
-0.07990652029399216
-0.07738988928482521
-0.07097664072059198
-0.061273568525885655
-0.053007298327230334
-0.046110687822555875
-0.03864464124288869
-0.031726115019894696
-0.0216429271953902
-0.008102552992201625
0.006171243848649433
0.022055699739850877
0.03349819496074828
0.039624840377327365
0.04393704867006809
0.04463798575168484
0.0446152834768301
0.04408414799844284
0.03997456779888861
0.03282128725653334
0.02805256420643815
0.02568015811233801
0.02338575241454774
0.022485928805572014
0.018930710116606537
0.012403823449609396
0.005976019044992156
-0.0012934163164831551
-0.006539396372772149
-0.009156013468807228
-0.011182914598144987
-0.011723416184374062
-0.01173591427288591
-0.011352379167255856
-0.009275662735613909
-0.005675322814276402
-0.0038138888045999688
-0.0037657973247295184
-0.004041994110582476
-0.005455369559517085
-0.005739162879348594
-0.004709064999349437
-0.004156212990922714
-0.0035608866598613397
-0.003090901205733382
-0.002961473951838425
-0.0027186547530078657
-0.0024616678774532943
-0.0025058876266177026
-0.002822826941688935
-0.0033546888961150352
-0.004172378326916873
-0.004445433187662338
-0.004111276099562033
-0.0036254695890006725
-0.00276933694155816
-0.0020090698297608824
-0.0013929494950787728
-0.000506024413433093
0.0005460632332732899
0.001430424129255172
0.0021668129199435356
0.002839614182922987
0.0033704670943575685
0.004048763093879194
0.00488419636770567
0.005667701962138151
0.006460927252861256
0.007323303609255871
0.008237861913243424
0.00921956861995884
0.010279806478214708
0.011329428860475683
0.012369172762221832
0.013452613803727148
0.014561183925769775
0.015126552914296177
0.01509470619670603
0.014717771873825582
0.013830491007933716
0.012772857844038093
0.011553912491180807
0.009851629308052683
0.007725864096346666
0.0055766231118164564
0.0033892291656792937
0.0010014386979357518
-0.0014967698415562793
-0.00444017857402568
-0.007858152113033628
-0.011517146939666736
-0.01549971786897901
-0.01832699800669445
-0.01982963595168961
-0.02076567721738717
-0.020705189045938304
-0.020451283021475752
-0.02004643984399676
-0.01869988749693304
-0.016560143721871295
-0.014788435277067623
-0.013368949909189791
-0.011825170963727864
-0.01043186096055695
-0.008278348702086874
-0.005293101096158997
-0.0021451755996886477
0.0013803769682019277
0.003993834153843944
0.005500497903744202
0.00666768764781678
0.007111158876175254
0.007427033203596276
0.007663980627974969
0.007176633218426102
0.006075997579319061
0.0055536471828953465
0.005616604358085644
0.0057529720987916245
0.006253688370168149
0.0062400300093066715
0.005644095646967472
0.005137751835651533
0.004518122847864052
0.004016226376430888
0.003725627981649966
0.003388686849077661
0.0030877697020449905
0.0028419328541837065
0.002632089375804348
0.0025245521528278986
0.0025243996236027823
0.0022037566605543515
0.0015392162185638182
0.0007423017619660981
-0.0002984501984563882
-0.0013189983735159224
-0.0022974304978208983
-0.003458919085105117
-0.0047451457728022355
-0.005632755220069244
-0.006096822737390542
-0.006342994610262246
-0.0062286159012910035
-0.006109067926591646
-0.005996155460595485
-0.005585342218030286
-0.0049452204682348625
-0.004363013502573941
-0.003822454966712998
-0.0032269491584387966
-0.0026410651087462756
-0.001808268588910129
-0.0007111139062667601
0.0004734786820312129
0.0018062964330006956
0.0028462197133470855
0.003533647118123935
0.004122484380621088
0.00448383205349575
0.004833565725907173
0.0051889288551892464
0.005326569493383487
0.005288006746595585
0.005456193865837841
0.005832318906685415
0.006256589454528684
0.006822653858707903
0.007245014839502555
0.007502891736173564
0.007814285198551239
0.008113941089781293
0.008197715426862243
0.008067623376392297
0.007771408128191205
0.007254821127955252
0.006684808483980754
0.006061110371136231
0.0052509249154906205
0.004284806686572705
0.00322653558739629
0.0020628087120868133
0.0007799574149841627
-0.0006117015314491881
-0.002192035890057357
-0.0039678317810280545
-0.005894401260249268
-0.007992962018447895
-0.009551476098456609
-0.010496520196562109
-0.011180086778413036
-0.011397612946083683
-0.011551648649772364
-0.011662399268595637
-0.011344183047905118
-0.010672425110274383
-0.010178341989868313
-0.009852284940385205
-0.009481582584849648
-0.009191442215205568
-0.008558945228451614
-0.007551821595754575
-0.006478835131597063
-0.005240393999650118
-0.0042213350263632845
-0.0034896660508552937
-0.0027892864864544134
-0.0022360787345842327
-0.001675569762675298
-0.0010891828428952358
-0.0006579917266079831
-0.00035200423041089387
0.00022624761512972017
0.001084802021732059
0.002050125187573729
0.003221902466844778
0.00432006588842524
0.005324294154767933
0.006456283973115043
0.0076532255394235246
0.008544220361978052
0.009116572146691678
0.009499357037701817
0.00959160631038503
0.009658780406169062
0.009706269987008399
0.00951063033356834
0.009121816004123384
0.008722803634928666
0.008298437134058917
0.007789783177006655
0.007235797591311309
0.006461851422105015
0.005454945790101244
0.0043300110752048605
0.0030442309778670484
0.002020109821701452
0.001308384138143572
0.000676465799843138
0.00024599326592065216
-0.0002037487605996829
-0.0006890662539273496
-0.0009912871676833154
-0.00115357032332775
-0.0015250653989393962
-0.002105686871762053
-0.0027537935585916795
-0.0035547613443765846
-0.0042446824099241776
-0.0048053173797369475
-0.005437454700923432
-0.006081198330360979
-0.006535405146385525
-0.006800739920301083
-0.006927710434797816
-0.006862671445219948
-0.006767573190827475
-0.0066426997025370305
-0.006358407857667438
-0.005944512774550618
-0.005471043273290138
-0.004925829715786844
-0.004291984748693812
-0.003581860455760113
-0.002713385826246932
-0.0016798572866360674
-0.0005290729676297895
0.000760342511536743
0.0016817233619367997
0.0021819985413520046
0.002516896944114507
0.002541217185721719
0.002538675859486233
0.002525014089003235
0.0022280607343802264
0.0017017485228161154
0.0013306036624085816
0.001109281628128069
0.000884272985072421
0.000747159665458092
0.00039527106208831755
-0.00019365635198077656
-0.000796289630494701
-0.0014830959936608652
-0.0018912163462222915
-0.001961817493009428
-0.001917646384809154
-0.0016494502757750747
-0.0013158426054594675
-0.0009306658779654407
-0.0003155012891597489
0.000500618460019668
0.0011716401470826922
0.0016948374180667527
0.002221318570570587
0.0026665975655209718
0.0032836832249106803
0.004092728990640241
0.004899858943642471
0.005763753497221133
0.006219992457359163
0.0062007389568317015
0.005966512713161677
0.0053777599023144395
0.004656969029106098
0.0038174656334544095
0.0026200491522281764
0.0011037392299561215
-0.00032173014030518457
-0.001658469339321793
-0.0030845951608838734
-0.00450282329028831
-0.006224663918339885
-0.008276797573483027
-0.010428108766853883
-0.012753002085851
-0.014114326173442352
-0.014373812738801025
-0.014120335910796339
-0.013019834343197385
-0.01167526335968031
-0.01011711732929997
-0.00773954036562959
-0.004651466840678569
-0.0017644205877833604
0.0009343275014778263
0.003825990185713611
0.0066961580538237265
0.010258744326983702
0.014572553868418266
0.019115348042376943
0.0240574682920408
0.027224454491417666
0.02834573170678129
0.028569523396636876
0.02725708780090562
0.025544980911573173
0.023495795182477214
0.019960702272253546
0.015146839477903414
0.010827160699398396
0.006982658374894561
0.0028712142126476516
-0.0010871404342800628
-0.006268248069362998
-0.0127833817297525
-0.019618323879879742
-0.02709906855324854
-0.03217133568545151
-0.034427060601983125
-0.03554389060552188
-0.03461932678170718
-0.03318778779582457
-0.03134469279003662
-0.02750317313448527
-0.021943561429614587
-0.017266040305935468
-0.013457032376476817
-0.009415856305618505
-0.005764332440913129
-0.0005184442103736838
0.0064810063315960485
0.01375480132321186
0.021769858481149894
0.027304194247907868
0.029884517881658586
0.03137120215159466
0.03080275795904845
0.029705736805408132
0.02818940111559224
0.0246167692921802
0.019265988868124518
0.015040866786426481
0.011944400251989847
0.00872705299331867
0.006089914126509808
0.001861149335539406
-0.0041335885152140334
-0.010254720380723108
-0.017010378571588523
-0.021669516052416758
-0.023788558745769454
-0.025025720990436373
-0.02455537277014736
-0.023582890493426472
-0.022206576403787717
-0.019071634076494537
-0.014395090130366833
-0.010790551372364624
-0.008275000212841646
-0.005702425512149618
-0.0037082675747085233
-0.00037334180430699645
0.004458428511402503
0.009323253408695529
0.014669031325820554
0.018381789666470683
0.020095627162436652
0.02113292888550875
0.020848260679249126
0.020129702909492085
0.019054963487022538
0.016590361577055072
0.01289344385870299
0.010067145581489158
0.008131162788022157
0.006151594748282669
0.004641162592373765
0.0020711213260212256
-0.001684736289931239
-0.005454741242101925
-0.009595859726754766
-0.01257396998886163
-0.014111628717838151
-0.015191955562664426
-0.015343647552761705
-0.015187240768374743
-0.0147810423934412
-0.013383851457541536
-0.01110515604097462
-0.009518000950996823
-0.008641347444376533
-0.007771612554772605
-0.007293835562103384
-0.006074525637803467
-0.004019963030415384
-0.002003699313047715
0.00023830022107991264
0.001909446292476522
0.0028374067146327018
0.00359040838055673
0.003917167779295291
0.0040804276339509735
0.004115511300871598
0.003660692759461028
0.0027610872162448755
0.00234023133927489
0.0024189923839137524
0.0025729588849792624
0.003031691601300878
0.0031532010976833983
0.0028841450743558555
0.0027306321710010243
0.0025446646592919273
0.0024145586527249165
0.002404625556441824
0.002365939698709656
0.0023378364071423244
0.002384656564864234
0.002496606725783987
0.0026795693670791793
0.002948436650701414
0.0030367542485986707
0.0029267900322774982
0.0027590601644436157
0.002463796832489291
0.002197008724058691
0.0019735953482537378
0.001657508438870052
0.0012838298686644923
0.0009756514973678767
0.0007281435107418068
0.0005074534089773978
0.0003435121187241024
0.00013307714779571715
-0.00012713358084574184
-0.00036039446798136974
-0.000588286911491005
-0.0008423612688876214
-0.001116785029155888
-0.0014112581162721701
-0.0017322732195296836
-0.0020408535729202148
-0.0023363376967647483
-0.0026432139473189205
-0.002952982188546651
-0.0031452700796816176
-0.003209683930317737
-0.0031961092428202343
-0.003069569152432113
-0.0029050672461247403
-0.002703901812917964
-0.0023961994807441323
-0.001994955762528233
-0.0015809618845133947
-0.0011503893667179535
-0.0006707251611720592
-0.00015971789854475594
0.0004522628640696682
0.0011715653375805072
0.0019506885675805224
0.002807095098638199
