step, usd->oil, oil->usd
Band: usd 0 oil 0
Linear p-values:
1, 2.1175897532600557e-16, 5.971282128911828e-08
2, 4.489006764658121e-06, 0.49953545859483095
3, 0.004570176573376922, 0.9678231657359448
4, 0.005303202548566565, 0.9811041750158104
5, 0.010942009287967762, 0.9665974537332545
6, 0.0015204197624562965, 0.9659016184434329
Nonlinear p-values:
1, 0.89357, 0.2813
2, 0.88939, 0.39635
3, 0.87507, 0.42141
4, 0.86363, 0.4396
5, 0.86716, 0.45647
6, 0.88065, 0.47199
Band: usd 0 oil 1
Linear p-values:
1, 0.05501749230775283, 0.0001725889994815605
2, 0.5513867395167356, 0.8230616649662688
3, 0.9116895181624325, 0.9360574903735795
4, 0.9306685690483467, 0.9714291809121897
5, 0.9787251411143081, 0.9858715702819845
6, 0.9769630787795561, 0.9899345125523025
Nonlinear p-values:
1, 0.41924, 0.70921
2, 0.35976, 0.74036
3, 0.28057, 0.72586
4, 0.2471, 0.73726
5, 0.21873, 0.73695
6, 0.18602, 0.70157
Band: usd 0 oil 2
Linear p-values:
1, 0.9136731333721478, 0.2359170400161299
2, 0.8608501395080574, 0.0440508944404266
3, 0.9882863908751766, 0.3070666746438339
4, 0.9626020638487791, 0.4026073344391057
5, 0.9494711951130349, 0.4489354829215776
6, 0.9568245908697587, 0.24354955487810073
Nonlinear p-values:
1, 0.07368, 0.88464
2, 0.06534, 0.86827
3, 0.0586, 0.86892
4, 0.05132, 0.87078
5, 0.04755, 0.83993
6, 0.05611, 0.77797
Band: usd 0 oil 3
Linear p-values:
1, 0.8815482406586217, 0.8185110022409948
2, 0.9827441587822514, 0.9583698214245676
3, 0.9985815558688615, 0.9946507085519266
4, 0.9983977558559329, 0.9963082433855651
5, 0.9917023964046883, 0.9820525646047529
6, 0.9900405510213648, 0.9688764497319654
Nonlinear p-values:
1, 0.36706, 0.20052
2, 0.3743, 0.08656
3, 0.45538, 0.0848
4, 0.85099, 0.07824
5, 0.99567, 0.07451
6, 0.99819, 0.07495
Band: usd 0 oil 4
Linear p-values:
1, 0.9822206505020734, 0.5645851644532841
2, 0.9042322172822029, 0.01788992206213941
3, 0.6656096987341169, 0.005806899768945903
4, 0.31589800988797223, 0.0028745959326829866
5, 0.3177765275011051, 0.0017071627536266326
6, 0.5959042359297899, 0.019139042875160207
Nonlinear p-values:
1, 0.69405, 0.48161
2, 0.68981, 0.61641
3, 0.5667, 0.77021
4, 0.42748, 0.78207
5, 0.49299, 0.6481
6, 0.67509, 0.50164
Band: usd 0 oil 5
Linear p-values:
1, 0.9637163110858575, 0.9887765182956152
2, 0.9992900432725527, 0.5927991668481902
3, 0.9402457193606982, 0.5972016191363017
4, 0.9955018985928429, 0.13448026242763894
5, 0.9930208622547915, 0.1955672920814998
6, 0.4183533315420173, 0.0020593915746621116
Nonlinear p-values:
1, 0.74502, 0.91811
2, 0.62371, 0.9276
3, 0.57134, 0.89557
4, 0.58476, 0.89404
5, 0.40429, 0.89328
6, 0.3751, 0.87584
Band: usd 0 oil 6
Linear p-values:
1, 0.998202312053903, 0.9772626557601727
2, 0.9999127328402269, 0.34430002099014695
3, 0.36303031581730943, 0.03523983494829739
4, 0.4473750075211844, 0.047126445527297216
5, 0.3772247712524637, 0.017850114874065404
6, 0.2144046370678071, 0.04879347869394014
Nonlinear p-values:
1, 0.70172, 0.90345
2, 0.67625, 0.89234
3, 0.41265, 0.89489
4, 0.38386, 0.88784
5, 0.30205, 0.88334
6, 0.2319, 0.87636
Band: usd 1 oil 0
Linear p-values:
1, 0.009262738251177316, 0.21459495196112816
2, 0.5417036888318385, 0.76932003166302
3, 0.89894700043028, 0.9726376229110177
4, 0.9495591422956611, 0.9861046647586327
5, 0.9807700186613951, 0.9876471041979134
6, 0.9866555614679724, 0.9911328197481248
Nonlinear p-values:
1, 0.32923, 0.01435
2, 0.28485, 0.01588
3, 0.30702, 0.01873
4, 0.27878, 0.02006
5, 0.27474, 0.0217
6, 0.20593, 0.02539
Band: usd 1 oil 1
Linear p-values:
1, 0.00015558760887487839, 1.4848425854355039e-05
2, 0.15361163819932255, 0.34959972671453815
3, 0.5320162595141298, 0.8748775011772235
4, 0.4163677475104943, 0.8502215076003574
5, 0.4790492751096055, 0.8864675283355158
6, 0.469830690154447, 0.8673023842392606
Nonlinear p-values:
1, 0.32151, 0.81048
2, 0.2274, 0.83608
3, 0.23319, 0.8592
4, 0.23761, 0.888
5, 0.23777, 0.87928
6, 0.25187, 0.86909
Band: usd 1 oil 2
Linear p-values:
1, 0.6358652551140012, 0.2672594538307734
2, 0.8587724729171893, 0.9373983235258595
3, 0.9863306550590161, 0.9880397406917117
4, 0.9947032075050525, 0.9976076897512115
5, 0.9989653028881056, 0.9993468586556196
6, 0.9920476190018358, 0.9997093199979032
Nonlinear p-values:
1, 0.27867, 0.54924
2, 0.17148, 0.58279
3, 0.13842, 0.59414
4, 0.09439, 0.59654
5, 0.07038, 0.59241
6, 0.07488, 0.63061
Band: usd 1 oil 3
Linear p-values:
1, 0.9914961925869212, 0.938789482559744
2, 0.9770738332368001, 0.2658436439868546
3, 0.9985294200957648, 0.5656367539748682
4, 0.9990562449872367, 0.6935101508317847
5, 0.9993645801697421, 0.7805378559330334
6, 0.9995554364795312, 0.773918209875421
Nonlinear p-values:
1, 0.00702, 0.08631
2, 0.00431, 0.05652
3, 0.00302, 0.05269
4, 0.00773, 0.03823
5, 0.00807, 0.04676
6, 0.01295, 0.02675
Band: usd 1 oil 4
Linear p-values:
1, 0.9348821883725272, 0.8199860237065566
2, 0.9859352423902586, 0.9671191098390048
3, 0.9976950802889445, 0.9954686599358428
4, 0.9996770366589068, 0.9988954342390812
5, 0.9994311549335463, 0.9986434693356108
6, 0.9998675114710716, 0.9995499817180854
Nonlinear p-values:
1, 0.0205, 0.78406
2, 0.00703, 0.72513
3, 0.00595, 0.61579
4, 0.016, 0.48999
5, 0.03354, 0.28613
6, 0.0326, 0.34002
Band: usd 1 oil 5
Linear p-values:
1, 0.9745809953532523, 0.9656566917051508
2, 0.9999388940365904, 0.6723135867280353
3, 0.9965817004476923, 0.6989636982629933
4, 0.95475234212664, 0.6776860681209735
5, 0.985538326610829, 0.842144039078802
6, 0.9852388164914387, 0.8063919924704076
Nonlinear p-values:
1, 0.4711, 0.84461
2, 0.23977, 0.7854
3, 0.34067, 0.58514
4, 0.28693, 0.54339
5, 0.16302, 0.40119
6, 0.20077, 0.38246
Band: usd 1 oil 6
Linear p-values:
1, 0.9892388548195783, 0.9681826951651938
2, 0.9993854345747257, 0.8321434125075708
3, 0.7071870286431841, 0.7115996971559133
4, 0.3072132417927084, 0.4314891460975847
5, 0.518748085368493, 0.3473597327536021
6, 0.8921266296712945, 0.4214563124060139
Nonlinear p-values:
1, 0.14036, 0.83179
2, 0.10836, 0.78639
3, 0.07716, 0.68095
4, 0.10559, 0.68565
5, 0.07206, 0.57315
6, 0.05327, 0.55321
Band: usd 2 oil 0
Linear p-values:
1, 0.17264541589909563, 0.9302074378682439
2, 0.010714401622833193, 0.8693136297393099
3, 0.10095265147919708, 0.98421925722368
4, 0.15996893096008305, 0.9827308544382104
5, 0.23702316028275797, 0.9899715380806497
6, 0.1700746987045848, 0.9866089558376777
Nonlinear p-values:
1, 0.27218, 0.28599
2, 0.25946, 0.32624
3, 0.2589, 0.28136
4, 0.25224, 0.29737
5, 0.2971, 0.25861
6, 0.25089, 0.15056
Band: usd 2 oil 1
Linear p-values:
1, 0.012462973234125393, 0.17393544765573798
2, 0.7933278232168782, 0.6386959172230615
3, 0.9304234117858409, 0.9380905937858457
4, 0.9786897835527604, 0.9725160760156097
5, 0.9889627834296525, 0.9888732150479961
6, 0.9948524913527286, 0.9651051278694049
Nonlinear p-values:
1, 0.15685, 0.83539
2, 0.2016, 0.858
3, 0.22164, 0.79364
4, 0.21328, 0.73934
5, 0.21711, 0.83058
6, 0.2108, 0.83656
Band: usd 2 oil 2
Linear p-values:
1, 0.025050842849630897, 0.04385304365067858
2, 0.2352457754772366, 0.1396834097529828
3, 0.5292410643676693, 0.6503661535344446
4, 0.5792918967796877, 0.5460502261873067
5, 0.34655205074866524, 0.6955873196510762
6, 0.028031877684091853, 0.13934595661029633
Nonlinear p-values:
1, 0.97986, 0.61612
2, 0.98792, 0.81439
3, 0.96254, 0.92287
4, 0.85116, 0.94067
5, 0.77825, 0.95797
6, 0.74491, 0.94431
Band: usd 2 oil 3
Linear p-values:
1, 0.19483879495925746, 0.005353735075534951
2, 0.2810828625059721, 0.4915247523790778
3, 0.6058478528907784, 0.6808933578118312
4, 0.3943173617600909, 0.70060862591363
5, 0.6324517012491134, 0.8123817541917961
6, 0.45125415458424034, 0.7192948789455671
Nonlinear p-values:
1, 0.07665, 0.19634
2, 0.04379, 0.13203
3, 0.03212, 0.10789
4, 0.06383, 0.11008
5, 0.15892, 0.12357
6, 0.21327, 0.06382
Band: usd 2 oil 4
Linear p-values:
1, 0.43095401619784535, 0.18010752372535302
2, 0.34502588416136654, 6.095698069352078e-05
3, 0.3631969930524024, 0.00020822300987163547
4, 0.0010360992605371005, 7.615375357202923e-07
5, 0.0008245749130726612, 5.074396275544326e-07
6, 0.0011649496972998801, 1.6219188140542352e-05
Nonlinear p-values:
1, 0.06352, 0.03873
2, 0.06062, 0.01529
3, 0.09985, 0.02264
4, 0.14916, 0.04623
5, 0.21402, 0.05272
6, 0.22095, 0.03635
Band: usd 2 oil 5
Linear p-values:
1, 0.983852645405921, 0.9882518837027817
2, 0.9992450135838848, 0.8848340271023826
3, 0.9874534684030434, 0.9398027363838553
4, 0.9440650556391925, 0.9860839544156187
5, 0.9826007908537682, 0.9976134239298579
6, 0.9925817810421985, 0.9510671259807426
Nonlinear p-values:
1, 0.94165, 0.51266
2, 0.74792, 0.63088
3, 0.59253, 0.64868
4, 0.53058, 0.65919
5, 0.40237, 0.61094
6, 0.36994, 0.2935
Band: usd 2 oil 6
Linear p-values:
1, 0.9677976779158879, 0.9592737550678007
2, 0.9979857967885263, 0.5896882289503717
3, 0.9926043248937293, 0.5245202719511255
4, 0.9564414289785332, 0.42939391934909543
5, 0.8057787670245479, 0.3146782753969314
6, 0.8076033035776635, 0.6669519636806802
Nonlinear p-values:
1, 0.4601, 0.30703
2, 0.34758, 0.31888
3, 0.32753, 0.36174
4, 0.32913, 0.41172
5, 0.31906, 0.28959
6, 0.35745, 0.19314
Band: usd 3 oil 0
Linear p-values:
1, 0.757182534242407, 0.973187377831023
2, 0.8939960074109534, 0.9797535710744799
3, 0.9885030316197273, 0.9968803539942259
4, 0.9980286993386536, 0.9994853148107132
5, 0.996938181273024, 0.999281758033889
6, 0.9980095686434217, 0.9994545800255612
Nonlinear p-values:
1, 0.17343, 0.93604
2, 0.16637, 0.83277
3, 0.18807, 0.81677
4, 0.18935, 0.73222
5, 0.19717, 0.71906
6, 0.17535, 0.75779
Band: usd 3 oil 1
Linear p-values:
1, 0.317297268040606, 0.8840260342010062
2, 0.00023597579203804797, 0.8207781989290941
3, 0.005529093588933223, 0.9587866572012218
4, 0.00391943717562438, 0.94586971170495
5, 0.016284091861565833, 0.8968816360659745
6, 0.01095590465807052, 0.7746553478437166
Nonlinear p-values:
1, 0.29779, 0.19184
2, 0.26217, 0.08499
3, 0.24063, 0.12143
4, 0.21418, 0.16738
5, 0.19947, 0.20316
6, 0.16378, 0.23132
Band: usd 3 oil 2
Linear p-values:
1, 0.004198506567690097, 0.14123754690741475
2, 0.5032315118147958, 0.23669436210681866
3, 0.655423923227729, 0.5480340089159603
4, 0.6740886073382633, 0.3031158779457058
5, 0.7953963300661306, 0.5646293563836606
6, 0.6833530210782834, 0.3199544317309884
Nonlinear p-values:
1, 0.73507, 0.89001
2, 0.75462, 0.84605
3, 0.56642, 0.74155
4, 0.45162, 0.65461
5, 0.35172, 0.67885
6, 0.33997, 0.76028
Band: usd 3 oil 3
Linear p-values:
1, 0.014381822580209938, 0.0881864270974364
2, 0.05525385994845312, 0.25841815118209527
3, 0.11569424687398616, 0.6074544902072742
4, 0.004746858003882238, 0.2667608723710526
5, 0.024915726482171253, 0.575389532186485
6, 0.01081225780116061, 0.28819328176209863
Nonlinear p-values:
1, 0.04069, 0.21469
2, 0.02522, 0.24828
3, 0.02544, 0.39387
4, 0.03843, 0.44549
5, 0.06365, 0.39727
6, 0.0713, 0.45322
Band: usd 3 oil 4
Linear p-values:
1, 0.06379927426953703, 0.0034403420041495807
2, 0.08821547388761296, 0.9575636232405325
3, 0.20884786368071395, 0.9804166619771956
4, 0.16706119823685875, 0.4196617715328086
5, 0.16708844172827436, 0.6204532171238238
6, 0.1337754079359657, 0.7305037397535017
Nonlinear p-values:
1, 0.31155, 0.58435
2, 0.2014, 0.77555
3, 0.14164, 0.72697
4, 0.16022, 0.64168
5, 0.17745, 0.62174
6, 0.23306, 0.69617
Band: usd 3 oil 5
Linear p-values:
1, 0.8432005491910852, 0.9168698469825732
2, 0.9382889192820048, 0.34804293819062665
3, 0.966860386058254, 0.5232913275651314
4, 0.9207605177177776, 0.852849780205867
5, 0.8696302747572405, 0.8879537566245773
6, 0.7140559033255162, 0.9633956838323268
Nonlinear p-values:
1, 0.96718, 0.94607
2, 0.89383, 0.88535
3, 0.86117, 0.83084
4, 0.79352, 0.74589
5, 0.71601, 0.7147
6, 0.73543, 0.70598
Band: usd 3 oil 6
Linear p-values:
1, 0.9280509285009796, 0.9567342491212375
2, 0.9902890894102114, 0.7851952602584241
3, 0.7103995135169476, 0.8465436545857442
4, 0.7363181017096626, 0.86360140868201
5, 0.7922561488072997, 0.8876833988033469
6, 0.9259681912712278, 0.8809781985702285
Nonlinear p-values:
1, 0.9821, 0.81859
2, 0.97766, 0.68689
3, 0.96548, 0.46457
4, 0.94938, 0.42011
5, 0.83143, 0.52201
6, 0.80633, 0.57059
Band: usd 4 oil 0
Linear p-values:
1, 0.9155411408938646, 0.9889850301751323
2, 0.7604864197427952, 0.9918677447620201
3, 0.842920210520262, 0.9832800520663469
4, 0.1756638760993312, 0.3992887862916754
5, 0.14048968241860732, 0.5155583442205062
6, 0.022751629763862517, 0.3223144836029995
Nonlinear p-values:
1, 0.17817, 0.21817
2, 0.28292, 0.14566
3, 0.24078, 0.19547
4, 0.10897, 0.29304
5, 0.08116, 0.2728
6, 0.09727, 0.27119
Band: usd 4 oil 1
Linear p-values:
1, 0.844952305520112, 0.9956676374777886
2, 0.8653618748708904, 0.9992951722281851
3, 0.9740369331217417, 0.9993828212163244
4, 0.9891752842124589, 0.9987646161184044
5, 0.9922375151492748, 0.9996322608857006
6, 0.9893094965997085, 0.9285895729293971
Nonlinear p-values:
1, 0.46787, 0.1662
2, 0.4869, 0.11982
3, 0.50104, 0.15932
4, 0.44112, 0.09127
5, 0.39652, 0.09199
6, 0.30815, 0.08689
Band: usd 4 oil 2
Linear p-values:
1, 0.6445585172924375, 0.8966938351201775
2, 0.862548916642612, 0.9427091553822974
3, 0.9689928351513414, 0.9884744583720039
4, 0.7344840104059167, 0.9517862964144903
5, 0.8498212777175302, 0.9712829123123793
6, 0.7517736998844164, 0.9868838359383313
Nonlinear p-values:
1, 0.25264, 0.51093
2, 0.29706, 0.78282
3, 0.36469, 0.87724
4, 0.39541, 0.92822
5, 0.37778, 0.91889
6, 0.33254, 0.92482
Band: usd 4 oil 3
Linear p-values:
1, 0.0022196862743587547, 0.1462544739705072
2, 0.17767719679274294, 0.10024106018471458
3, 0.2740708736520295, 0.1926325191155069
4, 0.23008180173088072, 0.09419585416753858
5, 0.4624174273688535, 0.11987308468227918
6, 0.4689133283214012, 0.02130578776963335
Nonlinear p-values:
1, 0.06902, 0.11862
2, 0.03689, 0.51881
3, 0.02594, 0.58334
4, 0.03146, 0.64072
5, 0.05214, 0.68874
6, 0.07915, 0.72303
Band: usd 4 oil 4
Linear p-values:
1, 0.002841921740444468, 0.0047197702116425575
2, 0.19211186271542824, 0.15012766772883554
3, 0.21016281406413306, 0.20423528227876867
4, 0.08476838804862559, 0.04500834462467054
5, 0.07839342664421853, 0.02951129033681167
6, 0.05036071108132898, 0.03990191684653165
Nonlinear p-values:
1, 0.54905, 0.99031
2, 0.42632, 0.71276
3, 0.2534, 0.49388
4, 0.29494, 0.36802
5, 0.40047, 0.38704
6, 0.54203, 0.2284
Band: usd 4 oil 5
Linear p-values:
1, 0.8772013634732748, 0.6805116559667314
2, 0.855331377158673, 0.45002442218792604
3, 0.9450800254916873, 0.6208200463083087
4, 0.7273942499879852, 0.7315776128730587
5, 0.7853672166736692, 0.5389456325775568
6, 0.7404503564736151, 0.7359842034256078
Nonlinear p-values:
1, 0.57727, 0.30218
2, 0.40469, 0.10174
3, 0.45288, 0.25511
4, 0.55519, 0.18276
5, 0.52746, 0.20685
6, 0.51716, 0.18628
Band: usd 4 oil 6
Linear p-values:
1, 0.8362418554856539, 0.4018536564098585
2, 0.7980117153916799, 0.04772968903088914
3, 0.13346612766160906, 0.10557319404139673
4, 0.07476093391996941, 0.17730382098745895
5, 0.03231875491016648, 0.10901816880016145
6, 0.019710781457156816, 0.989666748626018
Nonlinear p-values:
1, 0.99444, 0.70288
2, 0.99284, 0.72326
3, 0.98804, 0.65954
4, 0.99016, 0.16586
5, 0.96212, 0.18518
6, 0.96738, 0.23349
Band: usd 5 oil 0
Linear p-values:
1, 0.9841501857470374, 0.9981685732078324
2, 0.48182533442495956, 0.99991336841548
3, 0.38868271569601154, 0.9844897142097817
4, 0.5181122182856921, 0.9676588148249808
5, 0.6614525131806022, 0.9763376960506746
6, 0.3698860856221251, 0.6244583199128052
Nonlinear p-values:
1, 0.77005, 0.86782
2, 0.70113, 0.49049
3, 0.57269, 0.44203
4, 0.67002, 0.46301
5, 0.63442, 0.19038
6, 0.6047, 0.13517
Band: usd 5 oil 1
Linear p-values:
1, 0.9802030765981431, 0.989846894868186
2, 0.6070371278070024, 0.998626352078244
3, 0.6345374608823587, 0.9705598127384535
4, 0.6114895989464435, 0.9972786813604188
5, 0.7135005105167516, 0.9989122949177014
6, 0.3177629395432835, 0.896641952943037
Nonlinear p-values:
1, 0.54219, 0.55633
2, 0.74082, 0.61154
3, 0.857, 0.87492
4, 0.89794, 0.89131
5, 0.8364, 0.92072
6, 0.79556, 0.94859
Band: usd 5 oil 2
Linear p-values:
1, 0.9224352136601922, 0.9680542511574494
2, 0.9157727580802211, 0.9858252396380057
3, 0.9126475289223184, 0.9392207749113175
4, 0.9823519080643243, 0.9886058059038736
5, 0.9905940870303106, 0.9584394853038495
6, 0.9999004278930739, 0.9509366916185372
Nonlinear p-values:
1, 0.98718, 0.98881
2, 0.99497, 0.96699
3, 0.99642, 0.9478
4, 0.9922, 0.95887
5, 0.98185, 0.90518
6, 0.92992, 0.90143
Band: usd 5 oil 3
Linear p-values:
1, 0.9252726419704103, 0.7290047263905455
2, 0.03283594384220631, 0.7494446716624211
3, 0.03575056186117343, 0.5779059004023124
4, 0.027360741051762033, 0.854689864199311
5, 0.00614086695135935, 0.7093221549001621
6, 0.0062242913492403075, 0.04342523955012006
Nonlinear p-values:
1, 0.07763, 0.08259
2, 0.05697, 0.03382
3, 0.04948, 0.01823
4, 0.09385, 0.01868
5, 0.08834, 0.00969
6, 0.08359, 0.01056
Band: usd 5 oil 4
Linear p-values:
1, 0.5957690142298531, 0.9000821292855447
2, 0.7828699359172335, 0.9360680277807624
3, 0.9054073966561693, 0.8689179461302873
4, 0.9060276610664733, 0.6121860320767485
5, 0.9098774680150106, 0.6094164568502098
6, 0.773745594644729, 0.5511214686259887
Nonlinear p-values:
1, 0.40385, 0.48604
2, 0.25512, 0.85338
3, 0.26055, 0.38921
4, 0.27127, 0.30916
5, 0.17389, 0.17177
6, 0.15286, 0.1341
Band: usd 5 oil 5
Linear p-values:
1, 0.16276728854672365, 0.9822517223641332
2, 0.07680629740895963, 0.11153139658401988
3, 0.19386096825746965, 0.3146383362957461
4, 0.40694627984115445, 0.21736829513554784
5, 0.09940064048748345, 0.17796140572399521
6, 0.11652742904074012, 0.49465385370669
Nonlinear p-values:
1, 0.91736, 0.99803
2, 0.62992, 0.85241
3, 0.57443, 0.90366
4, 0.59942, 0.98005
5, 0.22322, 0.95141
6, 0.19341, 0.96065
Band: usd 5 oil 6
Linear p-values:
1, 0.8988396960091951, 0.48383242683917627
2, 0.8741447753613425, 0.6156906447243375
3, 0.7589305516248649, 0.6070314725818826
4, 0.742111368481994, 0.7909104612297471
5, 0.15714917684491225, 0.755855576628042
6, 0.18184123932875443, 0.9336466072904599
Nonlinear p-values:
1, 0.83012, 0.49792
2, 0.81398, 0.88071
3, 0.78081, 0.71893
4, 0.83999, 0.69953
5, 0.73638, 0.37417
6, 0.70904, 0.45685
Band: usd 6 oil 0
Linear p-values:
1, 0.9520791551649485, 0.994783895599308
2, 0.39360429951540266, 0.9996769868731141
3, 0.16777920723469703, 0.9930272241906712
4, 0.26258287087646287, 0.9845385826407755
5, 0.5166625425452824, 0.887102190680606
6, 0.5387935393313954, 0.9734391931627069
Nonlinear p-values:
1, 0.39159, 0.21853
2, 0.45295, 0.21295
3, 0.44714, 0.19653
4, 0.48054, 0.18565
5, 0.29983, 0.20068
6, 0.29256, 0.2182
Band: usd 6 oil 1
Linear p-values:
1, 0.9193370561908565, 0.9938243424452256
2, 0.37461347463549743, 0.9969261965326568
3, 0.2503849676959609, 0.9917022656740444
4, 0.39551330099369675, 0.9739030366776281
5, 0.3164514399509635, 0.43650551986937547
6, 0.5503399079915114, 0.2879592299923958
Nonlinear p-values:
1, 0.7172, 0.54748
2, 0.59096, 0.38802
3, 0.39592, 0.29068
4, 0.41364, 0.2436
5, 0.35602, 0.23152
6, 0.32988, 0.40328
Band: usd 6 oil 2
Linear p-values:
1, 0.9172895670155311, 0.9789323169997091
2, 0.689026140933604, 0.9986832862193589
3, 0.7446504565822925, 0.9982863330159626
4, 0.7665159893003729, 0.9942401420475024
5, 0.7025427675839663, 0.7639754018178658
6, 0.9749318875853273, 0.6497543380146534
Nonlinear p-values:
1, 0.91578, 0.30366
2, 0.89662, 0.36075
3, 0.73854, 0.27398
4, 0.66163, 0.38476
5, 0.60579, 0.47545
6, 0.53122, 0.63188
Band: usd 6 oil 3
Linear p-values:
1, 0.7889920249718191, 0.9925192366491564
2, 0.45805967448721563, 0.9735932666262261
3, 0.38535682519419023, 0.8900568131726047
4, 0.4306086015055539, 0.5867686267504285
5, 0.563127054887471, 0.776776839136178
6, 0.6402552558263124, 0.8855085395890006
Nonlinear p-values:
1, 0.03055, 0.17434
2, 0.01047, 0.08566
3, 0.01213, 0.09166
4, 0.02552, 0.12998
5, 0.07047, 0.13785
6, 0.10565, 0.26717
Band: usd 6 oil 4
Linear p-values:
1, 0.9967073971655369, 0.6604435250347606
2, 0.4391816988633308, 0.8641369516497386
3, 0.513359158221935, 0.7447026817476036
4, 0.28910547687047433, 0.5427447533135008
5, 0.32971888704332936, 0.30516660767997944
6, 0.9278765196827237, 0.13057475171899283
Nonlinear p-values:
1, 0.72706, 0.674
2, 0.5442, 0.81143
3, 0.28203, 0.7562
4, 0.25263, 0.84825
5, 0.12815, 0.76778
6, 0.08608, 0.72477
Band: usd 6 oil 5
Linear p-values:
1, 0.4629533569185619, 0.8309260200070643
2, 0.6457725563485855, 0.8956262646872885
3, 0.7131358875839372, 0.7569018676949106
4, 0.6369465464787256, 0.744107001363087
5, 0.09323773512389906, 0.45214412797126713
6, 0.07271805879605854, 0.2711419645126589
Nonlinear p-values:
1, 0.46055, 0.8894
2, 0.26331, 0.96677
3, 0.24987, 0.95651
4, 0.22959, 0.89887
5, 0.0946, 0.8307
6, 0.13235, 0.80595
Band: usd 6 oil 6
Linear p-values:
1, 0.7069944014964293, 0.750444406763291
2, 0.8321184636302998, 0.962093097516137
3, 0.7601769328162628, 0.95561945075858
4, 0.9167918114221172, 0.9992138157686647
5, 0.9575699465956568, 0.9936076545130654
6, 0.9822620533996016, 0.9958777196671775
Nonlinear p-values:
1, 0.99899, 0.86811
2, 0.98088, 0.94397
3, 0.94209, 0.8363
4, 0.94075, 0.86052
5, 0.49652, 0.7434
6, 0.40099, 0.54713
