step, usd->oil, oil->usd
Band: 0
Linear p-values:
1, 0.318054769689446, 0.26122875305999493
2, 0.4584463074403663, 5.873736687967369e-05
3, 0.8651785471350331, 0.03740688448767135
4, 0.9166216835996895, 0.04283934253986118
5, 0.9771538535711409, 0.15700881098439556
6, 0.9570391063563254, 0.03389704244886843
Nonlinear p-values:
1, 0.79089, 0.06137
2, 0.82656, 0.06687
3, 0.83366, 0.07283
4, 0.79312, 0.08858
5, 0.79746, 0.10054
6, 0.79694, 0.11132
Band: 1
Linear p-values:
1, 9.545174561979034e-10, 1.2548773059877156e-10
2, 0.03542612731287838, 0.16067147042377727
3, 0.2556310587032921, 0.719436048308792
4, 0.12508376292967274, 0.5080046138221529
5, 0.14471042122576513, 0.3421465663435773
6, 0.17938522228697776, 0.3680463637336385
Nonlinear p-values:
1, 0.18211, 0.24352
2, 0.19887, 0.23659
3, 0.15725, 0.26945
4, 0.11944, 0.28158
5, 0.0765, 0.24661
6, 0.07095, 0.24613
Band: 2
Linear p-values:
1, 0.7229615614929217, 0.5695349368843914
2, 0.6546381890174998, 0.8924078494380967
3, 0.9155380274967632, 0.9733471105125084
4, 0.9569208359672005, 0.993626888529391
5, 0.9863805432729386, 0.9958833222437019
6, 0.9693718737855213, 0.9932916450229107
Nonlinear p-values:
1, 0.05767, 0.18755
2, 0.0885, 0.20964
3, 0.14665, 0.31207
4, 0.11661, 0.42723
5, 0.03997, 0.37656
6, 0.00683, 0.241
Band: 3
Linear p-values:
1, 0.0004605128555953059, 0.0007981447905732468
2, 0.04529893845024317, 0.2924714140421327
3, 0.09197542993455149, 0.6817976554483879
4, 0.0011289448417626132, 0.25771091495731235
5, 0.007337928429753957, 0.23851536741750112
6, 0.007813137190065543, 0.028185486912796574
Nonlinear p-values:
1, 0.79921, 0.87587
2, 0.70247, 0.92857
3, 0.43498, 0.90553
4, 0.08732, 0.7368
5, 0.05752, 0.70672
6, 0.07431, 0.41798
Band: 4
Linear p-values:
1, 0.013800389780919096, 0.02357202733886444
2, 0.15130922637685035, 0.15152708190468858
3, 0.13445085223217826, 0.11462458372584032
4, 0.027654497173249703, 0.09209850476537185
5, 0.005293395917362528, 0.014175132426544659
6, 0.0017028965988326692, 0.004469306472605426
Nonlinear p-values:
1, 0.9437, 0.70335
2, 0.41652, 0.39717
3, 0.0252, 0.15691
4, 0.19591, 0.26972
5, 0.39044, 0.36019
6, 0.34552, 0.35836
Band: 5
Linear p-values:
1, 0.6121950042881802, 0.390491063264811
2, 0.7475531995498683, 0.4000833056295001
3, 0.872086976155406, 0.39194178155326886
4, 0.9470688827969266, 0.5996151532706413
5, 0.7131330062069745, 0.10061460125257841
6, 0.7548380086834773, 0.09645725154101625
Nonlinear p-values:
1, 0.36896, 0.127
2, 0.34256, 0.2189
3, 0.29359, 0.10448
4, 0.49287, 0.15204
5, 0.28269, 0.02781
6, 0.39645, 0.06213
Band: 6
Linear p-values:
1, 0.1599254356583693, 0.8853769170754092
2, 0.1956290211306695, 0.6082439484669055
3, 0.2776912468427335, 0.7110177722156238
4, 0.5632880576962933, 0.9552078235513743
5, 0.5924248291971814, 0.8960791897311958
6, 0.7033606755423923, 0.9109468533723347
Nonlinear p-values:
1, 0.11659, 0.07763
2, 0.58499, 0.26742
3, 0.35663, 0.38916
4, 0.44205, 0.91695
5, 0.61315, 0.74584
6, 0.74901, 0.9453
