-0.023662743780267205
-0.03421199528798607
-0.016559915546346466
0.036284651329686765
0.040161658268299705
-0.002865677826429608
-0.018545076813244944
-0.02136203461572462
-0.0019544326999332796
0.053319984496661685
0.03929503585960638
-0.04511161742123923
-0.05860180147403718
-0.016145107987262743
0.005449218229760326
0.02935505317350998
0.0347378183463819
0.010418125402252442
-0.007434090787863482
-0.026254782947728927
-0.02173006904380244
0.014041675549712473
0.016122365544019107
-0.01118190173000412
-0.004839340183946973
0.026226968371748833
0.018625914100616217
-0.021363234763898335
-0.028370363943173316
-0.010292150513707828
-0.00010404073279409658
0.012936573193138737
0.017774952133869072
0.00977945447798002
-0.0032395880808840627
-0.025729120504208586
-0.012487689384436217
0.040580699633902616
0.03204731807689947
-0.03370687307525212
-0.03654082351472838
0.010124147406777405
0.020350745314293123
0.011568071175624176
-0.00399720233851649
-0.03988920084948516
-0.025828574297016058
0.04192817445207463
0.04368812835514355
-0.011626969281298914
-0.019905166906618907
0.001228455134259441
-0.0029750714652163174
-0.01856498819312229
-0.010318202545399207
0.01716669717408784
0.023172619481472933
0.011415873753575787
0.0017272929614522666
-0.013374638148828829
-0.01940056803300645
-0.013387872835593327
-0.001871677829496159
0.019888552978945196
0.016237101541405362
-0.01549080446853201
-0.01868078832215097
0.0011829857498796765
0.0157547805695478
0.03476020981905519
0.02062692285474686
-0.03317554512128972
-0.04188578972740632
-0.01060424434707312
0.00860358531031575
0.030964702257194682
0.023335075728012942
-0.023863649804828652
-0.021500713236208835
0.025531134617038
0.015657315492675634
-0.039786331763297864
-0.028569218924920287
0.038585266876040004
0.0364229952264447
-0.022035975549379038
-0.025064287900713557
0.010607539313790156
0.011933192291240518
-0.006183308249565465
-0.006522694180748891
0.0019700289458510416
0.005607638194830273
0.009014009788610635
0.005856368134957541
-0.006133939371816738
-0.013608523295505996
-0.018052437263714506
-0.008972562308991286
0.017507206595177086
0.023298937914371615
0.0095703325487095
-0.0026686594040416785
-0.02110380528309788
-0.015323645349647303
0.01937062253530957
0.01840486295354351
-0.014003725473995456
-0.015202738045436233
0.005749834755162614
0.007277070048433779
-0.0022839352719749495
-0.004102797631984128
-0.0035751406117669002
-0.0037147514413754996
-0.0022392824682577065
0.009011617360025953
0.03108532713534558
0.018378920727681523
-0.03080833600793699
-0.03865401445889565
-0.010871899222797386
0.0032372965230825106
0.017109497227488515
0.02600367275606372
0.022991480506123856
0.006722064685193121
-0.02760800391236274
-0.03364723808137114
-0.010062101976577666
0.004612002061869367
0.019960674274154128
0.02038189052734964
-0.0010202151852238773
-0.007835254636477907
-0.004187494832353599
-0.0025085032488974257
0.003474390817847183
0.006078722466571839
0.004411536859542456
-0.007596218221682845
-0.03294671764029242
-0.02190337072244653
0.02719617032535257
0.040342296192627254
0.024689902974325863
0.0031124796808732194
-0.038655550444823876
-0.03998079309491427
0.003992233191375369
0.01305546783021841
-0.001912058062507014
0.009872479763885243
0.037547010413623745
0.018577476803903675
-0.044910866645185905
-0.04001358186256283
0.02804767298708902
0.03197537079001266
-0.01251745677750893
-0.02029132130698116
-0.009598152833900234
-0.002298437794036424
0.013572486697612312
0.018983225993584343
0.011822088301023832
0.0034914198469030927
-0.010831897709428164
-0.021957343002930597
-0.028585800781683275
-0.01252800098418943
0.03118747440760312
0.0384076449956927
0.010530645001011474
-0.005694167548072648
-0.02243873925057497
-0.02320602647960858
-5.15105969717947e-05
0.00809197677032936
0.005819436466004569
0.008157780615194782
0.008710055088075899
0.0025603379337531835
-0.010015810597015378
-0.011948438202002148
-0.0029976822579386372
0.002233364479473173
0.007183201925107706
0.0054896399165912865
-0.0056296733242634164
-0.006079717529255484
0.002993129694477229
0.007069646167812355
0.009514925751857436
0.006395326584223874
-0.00490361666336735
-0.014905625449413342
-0.025075926173568824
-0.013279039889462425
0.024467865783991866
0.02914607430185016
0.0030990550109459224
-0.010290513991960598
-0.021606066086029156
-0.008989560062269081
0.03605965876852174
0.02942274852935582
-0.027061076597851938
-0.031772373403744315
0.0035735536566179754
0.0174361165426855
0.02541200987090317
-0.00045937672706437794
-0.07197629043161108
-0.04540801064950602
0.08017886500692965
0.07738308695681399
-0.036862156418500186
-0.04336164342372004
0.026307618029670795
0.011454652726021683
-0.06015531352577375
-0.04124457944243933
0.05261759423778648
0.06410275216930977
0.010760453375395699
-0.01767499903625496
-0.04684188849456219
-0.03873015147681419
0.021949166421155283
0.009310689092670896
-0.07139194898458835
-0.0010032586341770788
0.21139388806654283
0.12375607032861961
-0.2528307788104507
-0.21108577662457534
0.20360015454009092
0.19384247928670892
-0.14925395267927813
-0.14886667978074639
0.09068865361026286
0.09708414152723845
-0.04359339690939358
-0.05075486082579196
0.01618164182216907
0.02354297643567749
0.006413169335318947
-0.009954867805656027
-0.04321226325601603
-0.03178954461914271
0.02928696077843456
0.050016210625623794
0.04044369282124955
0.00695832507796653
-0.06909069168231026
-0.05328891282448814
0.05981766346190659
0.05638923840090191
-0.045597479315155155
-0.04572431802251798
0.0271092466377308
0.029421227889742826
-0.012948098145795965
-0.01588686243612677
0.0023903987326144675
0.004554887312544682
0.0011777818287846769
0.00014494687356579172
-0.0030202091062334338
-0.00738191082709368
-0.012696868418695577
-0.01851215593865632
-0.024585615170239827
-0.006735569095104789
0.03780349277038552
0.10939974019400385
0.21646812432535822
0.17915620647780198
-0.01601859590764982
-0.3605862988483643
-0.9114685008678467
-0.49977651146755336
0.9640984789313554
1.0824290543688826
-0.014949488671785176
-0.35309592880279184
-0.3236823302812765
-0.3004946351723522
0.01501775112514947
0.14899042326339293
0.09996914874402664
0.08703054921224264
0.0125979336187882
-0.029031136282055444
-0.022365999785820524
-0.05704708341236501
-0.11148224451106255
-0.056261945624975364
0.10979616741759593
0.14410858218254105
0.0597032371004308
-0.006420559710983731
-0.1007784039551163
-0.10721480959642475
-0.0012432503813960252
0.036220056171897726
0.03098784805451933
0.03579685788918719
0.021134000072274322
-0.005800672369210672
-0.04510587487773553
-0.0406295229666276
0.014015605438774142
0.013987003017662994
-0.03210474262926193
0.012473373926157988
0.13756719145100013
0.08674070930691341
-0.13341077561959444
-0.15601146532501772
-0.011994539641804995
0.03831538670480469
0.05377892506294951
0.06999903286765452
0.04970524826734319
0.00984802995746281
-0.05638185379316705
-0.09019071488779937
-0.08636621141807896
-0.03798478464421956
0.07483123473130669
0.12470603194251345
0.11204897195393236
0.026640782844574672
-0.16718147670639938
-0.14306548193306726
0.1093908644178581
0.12624143509435393
-0.044357609984243165
-0.07642657987056307
-0.03871447778695403
-0.010780738500230966
0.05370488388725764
0.04640698235634545
-0.042899514314340234
-0.05363332355490798
-0.0033796631114532743
0.06311776067119194
0.17583448495990003
0.11617674800155559
-0.13462965943186367
-0.22846925044257835
-0.20020566983604338
-0.06474782261281299
0.253350548481019
0.28061923038544767
0.005563529936322878
-0.09256211306720698
-0.10043246352264787
-0.08509046222702313
0.031144534217672465
0.0603492688900841
0.004675977107258325
-0.007086737226562278
-0.00963838225087912
-0.009306860249565264
0.009720743199063584
0.010333326852346584
-0.0056430307222681934
-0.00869303645697485
-0.004428170333055259
0.00248559618932043
0.016737564265133054
0.007494618450344274
-0.027310508737043358
-0.015534961502780295
0.04062776072293158
0.03142802342817901
-0.03552392946122066
-0.03491181930820619
0.019592204478525627
0.024714011719440425
-0.0024434422029746203
-0.015614715386183052
-0.029904886393553667
-0.01961553537094035
0.023058676655879497
0.03758394868503966
0.028700710993166727
0.004784453486959375
-0.047234035476077726
-0.03837850059131686
0.03562507103880849
0.035996355134693944
-0.024734299521205462
-0.02690105747971517
0.010195984082712986
0.010973137144678477
-0.009186183115149089
-0.0024659290174369906
0.022722518896770308
0.012690471171856992
-0.028754318641030018
-0.02277121078130858
0.025467424125972922
0.02230181635883674
-0.022550028067264867
-0.018764469793973077
0.02196659056489019
0.0209024263518916
-0.010926062944804884
-0.015391242065381503
-0.0028618026000167634
0.006807975838881352
0.0224867657867891
0.002720094775622816
-0.05775167200283746
-0.038217757825248014
0.05951725392629611
0.058604178836491445
-0.026543696397043372
-0.03430102846460644
0.01045804727220896
0.012125995663414674
-0.0072877739644806195
-0.0042342392755834925
0.01033722103934107
0.0022779710102480213
-0.024933561978515584
-0.01638661733159974
0.025464308106534234
0.026772021054201872
-0.0058891557170923856
-0.010571285907041194
0.0020071452157704585
-0.003844021358174898
-0.020218131623080886
-0.01180851216369714
0.01901588699076576
0.022323276788056314
0.0018985550551719908
-0.005696089958321739
-0.008665200601300705
-0.0060455160639033495
0.008021200176240372
0.011356866648892003
0.004912817648996829
-0.008820484798371912
-0.0350008104506689
-0.01822466293041169
0.045011998214212603
0.0377417518119733
-0.03476009569278465
-0.03145250341202432
0.03251505941256987
0.028211057061256737
-0.026437983460506825
-0.019825591605979125
0.03286761336448006
0.0129691248310675
-0.06823768868696387
-0.05204036006908745
0.05031900944852108
0.06681702811928557
0.01841058207952068
-0.014648403809805269
-0.06095727694113459
-0.031004618348367076
0.0916066833931696
0.0697933509631622
-0.08768258935823486
-0.08743331052920432
0.039933895235896064
0.04543338092682802
-0.031252249034083086
-0.01852145281817008
0.052614235285487254
0.030690205784914427
-0.06757088108459658
-0.04006479933397347
0.0996008063548965
0.081840322973347
-0.07134892266097652
-0.09307312769171446
-0.019622904502725278
0.01623931443705947
0.056088790350453874
0.03466635522875165
-0.06997396331779404
-0.06708119205049841
0.03405434312658882
0.07384846345963052
0.08311739483063948
0.04013862207817943
-0.0849765664392023
-0.10563736922332934
-0.02436496618467157
0.028576540767394982
0.08934872934358846
0.04656383459241741
-0.12730503602246587
-0.1019042319219004
0.11146348722443411
0.11600245728640354
-0.044100687515402553
-0.06413719878560335
0.0005436084797640448
0.017197058440731338
0.02816713916498949
0.019219361466627283
-0.026773488025624386
-0.03414000373029161
-0.006907728045224487
0.008224034662823315
0.024607207306966344
0.016770876417295917
-0.02358709219283761
-0.01980513098337532
0.024736269824924623
0.016985107983204253
-0.03342488241320349
-0.026130581586073093
0.028414473974579264
0.03075383042776724
-0.006693071974423307
-0.012102022814719296
0.0006013517975585021
-0.0002261431289840338
-0.005048935607626714
-0.0007677876955821889
0.009880129326361195
0.002008723402912668
-0.024388609361752547
-0.02080052829084063
0.010650226398260696
0.023084368330906886
0.024084423000229293
0.004201114660517209
-0.04647194374200335
-0.02212165229536805
0.08018959969979514
0.06434451949053517
-0.05891832850695139
-0.08244470600797557
-0.03370930636463001
0.002060768912208207
0.059072755457487254
0.05869543559988285
-0.012845410719228359
