0.010797117773570494
0.009665135758122341
0.008723878737360505
0.008050037638023828
0.006414403281506207
0.0041109593124620545
0.002426752741790612
0.0013203750068242115
0.0003671870251486925
-0.00012529361727864054
-0.0012384999363235795
-0.0030294740571377506
-0.0047094981371598125
-0.0065193720177827135
-0.007854513218510231
-0.008571230148406137
-0.009126571709022768
-0.009326979656994817
-0.009327511954025569
-0.009155436295340163
-0.008554915609777931
-0.0075497944405125625
-0.006589785031726006
-0.0056642080458034075
-0.004559228534914613
-0.003374092388260365
-0.0017686705158234776
0.00029596617061259354
0.0025797053198902166
0.005170955323225844
0.007458764157899347
0.009365050540349775
0.01124973411476249
0.012937880523104536
0.01474221083039787
0.01669259350090706
0.018479356149777713
0.020167403597078862
0.020072314156333114
0.01797216309849597
0.014690354608023919
0.009715180672889373
0.003925673494090762
-0.0026585806134091818
-0.010957721548000473
-0.020832053080917026
-0.026624304917321717
-0.02792990736192161
-0.02735933388593094
-0.023355922652815577
-0.019478307241263162
-0.01591920969111014
-0.009531428487218415
-0.0010283612074658802
0.004560381483486426
0.007184885895898398
0.008788490115356477
0.008097951069266201
0.008895929774389083
0.011388876478717955
0.012620619506736975
0.013407978803662565
0.012990136781823236
0.010934235279088806
0.008150693056181092
0.004310332920851294
-0.0009135471447198057
-0.007506640377530271
-0.015644612691814653
-0.025444245040282566
-0.03033149839375159
-0.02974495871076236
-0.026912478525428402
-0.020005918743057162
-0.01291130899720479
-0.005866343585869077
0.004681352585895726
0.01795501420135009
0.02620105965197546
0.029164730015709586
0.03003878723621681
0.026794133197660955
0.024889336944168096
0.024613598028091058
0.02150278832516205
0.016701423613569688
0.012773566432230586
0.009395958867650201
0.0061023262153644415
0.003432780544037768
-0.0012883769583454303
-0.008174285952840766
-0.015484389135711702
-0.0238303739155441
-0.02874508038832718
-0.02963413096093654
-0.029059653896150044
-0.025720427295779672
-0.021782158517611654
-0.017417576061001475
-0.01037951537455708
-0.0010833197077210338
0.004904207148677441
0.007396095061244739
0.008803958722162684
0.007687489035202168
0.007901277953077577
0.00968905364940068
0.009910682102263398
0.009397817079206207
0.00930022434105998
0.009340235164342426
0.009533308471506973
0.010083707995013692
0.009522349197880765
0.007806082447502155
0.005804733744064536
0.0031801979679367755
0.0013170782266812657
0.00040726737484362934
-0.00046782397120568507
-0.0009201504630688455
-0.0015542257180594635
-0.0024600116684177177
-0.003005647305291494
-0.0033292607659977237
-0.0040719939860971496
-0.005205372167906248
-0.006515305381753144
-0.008149862088741966
-0.009591022815773845
-0.010808502900586629
-0.012177864298055362
-0.013581876555009998
-0.013547451340786592
-0.011960141545142555
-0.009421882717622813
-0.005510419303322468
-0.00115611105192784
0.0036223849286570672
0.0096782222768359
0.016846815442266676
0.02093493276668553
0.021655742352504233
0.020897815181452496
0.017507195290794246
0.014163983168972922
0.011002900915327107
0.005667158731074491
-0.0013096776974419206
-0.005482952623531465
-0.006746298115300001
-0.006874538899779847
-0.004717378719413182
-0.003501992745396988
-0.00339787029254136
-0.0018144421192549248
0.0005652088649250432
0.0011141953534065975
-0.00010798870244957766
-0.0023202899606866935
-0.006177264324688739
-0.009484925207389056
-0.012168751043883319
-0.015879719516282836
-0.020159445947584537
-0.021492503320483358
-0.01971567156024924
-0.01616732070578965
-0.009884130689072944
-0.003328030030460685
0.003428764746865762
0.012477869566389322
0.023346552326056605
0.029446879228198195
0.03041499850349798
0.029071313752782556
0.023627404424150542
0.01849051044132016
0.013869330374321602
0.005992869259302529
-0.004252998417257962
-0.010258191739953706
-0.011886133606240022
-0.011706825465857825
-0.008010472667844437
-0.005662428328922322
-0.004903546133255257
-0.0018456645062802425
0.0024868376685582834
0.0040606420725800875
0.0029568216627977946
0.0003935230317214923
-0.004637046526190559
-0.008780960812188317
-0.011922066347461438
-0.016590835746375283
-0.02208628076748102
-0.02403166156102006
-0.02228172735535217
-0.01841652933657493
-0.01125491169693689
-0.003991205158332922
0.003282550361814743
0.013211369058420644
0.025172584210458808
0.03174211982355554
0.03253899274200785
0.030677468728234004
0.024147972549286596
0.01799232819491301
0.012440130586638412
0.0032096901527034075
-0.008685790196033973
-0.015724525595208507
-0.017745885142745447
-0.017668628114062057
-0.013543334614232908
-0.010904848317513677
-0.010023070592271973
-0.006468184870360677
-0.0014023104765451772
0.0009886895238447738
0.0008423540717894065
-0.0006382919501680075
-0.0044795541253679905
-0.007089122496644719
-0.008338512654596616
-0.01088229717906715
-0.01395915771072843
-0.015239239007360607
-0.01478784295016171
-0.013174638911698098
-0.009806413965746946
-0.006723329825125011
-0.003959984748058923
2.1355049108297427e-05
0.0048137804159616715
0.009675592035642147
0.014728476837395048
0.02006461001031474
0.025535942206808326
0.032018851320634895
0.03955058125846102
0.04758839523441267
0.05633689002297696
0.05941685456086592
0.05613770323456888
0.04964511525521277
0.038087557150027686
0.025001072623294214
0.010544977947090929
-0.008731865348756314
-0.03218630268194945
-0.04884955844247945
-0.05818731630858184
-0.06504789130667044
-0.06651668025660852
-0.06996327670351062
-0.0758204648097572
-0.07790150799219751
-0.07775126140593813
-0.07163553611699983
-0.058334120238493145
-0.04056596542872322
-0.016937754654847748
0.01208902114718858
0.04655433845191566
0.0881087355603816
0.13687944059141155
0.15946136921347245
0.15295385237326364
0.13335474332013075
0.09128423906894721
0.04666485003176897
0.0005553521849988277
-0.0653462205200466
-0.14715837889013658
-0.18938370847498623
-0.18918534337508758
-0.17044921953675465
-0.11825735366493825
-0.06979494691372388
-0.02695644213513867
0.041823595170143765
0.12896080368095222
0.17463047246079008
0.1771235353802167
0.15983279672381076
0.10704757785610207
0.06188720340661421
0.026318263445621434
-0.03476057116455553
-0.11245829134557118
-0.154552679039571
-0.1603613118628334
-0.1487167854260562
-0.10609874408955391
-0.07213949311377857
-0.04846292543564486
-0.0036463961439569155
0.054114059575481904
0.09037402401738685
0.10566036379421193
0.11083621118358546
0.0972734267247626
0.09338301995659871
0.10024236799486097
0.0963585149917597
0.08771270480354261
0.07758001962866888
0.06372459416598304
0.04861875144138732
0.032436353069814926
0.007511807104485965
-0.02625353953713734
-0.06514922859035639
-0.11099360786377299
-0.13842215845420044
-0.1448240173747231
-0.14362524307150829
-0.1276816632069936
-0.11083340802204986
-0.09407957610409863
-0.06420310950552452
-0.02397015812989993
0.0020086662208295128
0.01328706816000411
0.019883304996681585
0.015537719742694838
0.018122103236851223
0.028697886918507887
0.033098088967091224
0.03519915049945662
0.040660143601181954
0.04834607922890472
0.05824083901223801
0.07146246095008658
0.08114948483118538
0.08717656969621508
0.09381114092414693
0.09954613966558985
0.09633887184176318
0.08369421749194919
0.06422882414232176
0.035602449847277416
0.003466835564909311
-0.03221918363290529
-0.07649057354453519
-0.12841007576300292
-0.15645391447324997
-0.15825813814974243
-0.14820301589863963
-0.11752753559291639
-0.08603984533847436
-0.054710442321825724
-0.0058694996547618335
0.05659041586429519
0.09299942209769405
0.10197008360725919
0.09990563624682512
0.07638738896460051
0.05931996536371985
0.050174654226094996
0.026073843990781945
-0.0071436113691149584
-0.02694424134726855
-0.03403342832482359
-0.03522339474455126
-0.025023103986712418
-0.022538773767988827
-0.028550196139616266
-0.028954818812929
-0.02785699048740569
-0.02611914447719515
-0.022247682006908083
-0.01868470538410797
-0.015260651228869705
-0.007816796492043967
0.0035547509764434397
0.017039742564814924
0.033574203704886084
0.04256085497377132
0.0429291879706787
0.04042764871878635
0.03210541241468287
0.023629748755583366
0.01546559457929252
0.002206771244204726
-0.014982753209210463
-0.024968791287416525
-0.02743775397719744
-0.026938854463416952
-0.02058219618402109
-0.016236544484740784
-0.014326340012326643
-0.008458952309565768
-0.0002945567095099046
0.005155873074823123
0.008204810955024674
0.010119793494539939
0.00972637814927323
0.011605311481229258
0.015928489495333462
0.01945219250903156
0.023172531031071794
0.024565798614079197
0.02303762123180445
0.020479981206180893
0.016085959319116907
0.01047703781680808
0.0037607793798370634
-0.005118723649299814
-0.016071457140881734
-0.023415300326017643
-0.026805528852970283
-0.028923498500821997
-0.02824928419978582
-0.028382913366746435
-0.029564973027894438
-0.028691933926956587
-0.026522298484680344
-0.023395388287234628
-0.018918525524677404
-0.013407121755969613
-0.006799836437716899
0.0019305857597069756
0.01285438230265477
0.025590440999754473
0.04043080079905685
0.04804928096871586
0.0475487225423863
0.043580776561534744
0.03350780939529651
0.022686753691096167
0.011429290954512067
-0.005290224615391679
-0.0264287785213567
-0.03813033161293407
-0.039770335141227874
-0.03728331332625733
-0.02698605478709948
-0.01829575249625072
-0.011718377181586031
0.0006305326681951226
0.016799652859254006
0.025583427572564797
0.026905720840466947
0.024791698039438332
0.016376694812150802
0.0102438597463307
0.00676936084624168
-0.0007737746679210653
-0.0105856039166249
-0.01581508487588219
-0.016601658736899304
-0.014969521206935132
-0.009200425815955027
-0.0050369144321048605
-0.0026647805824489014
0.0022488281038120757
0.008510838864387872
0.01169381407270353
0.011869420957231343
0.010320408037811585
0.005921864591591527
0.0024008176479266992
-0.0001372683727394445
-0.004523471950973174
-0.009994487790194899
-0.01266234930925035
-0.012481456841906931
-0.01077656132580865
-0.006531412219345543
-0.0027687594972772797
0.00041005494033274144
0.005399057271770951
0.011585024117553175
0.01460768672226058
0.014335920887033251
0.012425753533795181
0.007720567212572688
0.003398033699367014
-0.00041554787841019186
-0.006316121310202868
-0.01365997781773169
-0.017356012055482848
-0.01723602429499621
-0.015286564173833745
-0.010157315975364262
-0.005501523749354569
-0.0014750494374821683
0.0049216984775301825
0.0129450987770023
0.01717849913687501
0.017475165765568415
0.015911044425832643
0.011061275252135527
0.0068742021195331415
0.0035196311427119695
-0.002208387314788949
-0.009500104018908844
-0.01347232638110996
-0.014052806029495308
-0.013019121334846182
-0.009104901682722514
-0.006002322175841403
-0.0038648767779396673
0.00024092392505756146
0.005551214453504391
0.00846316010496879
0.008986731785206002
0.008318174546073594
0.005539725129149581
0.003524673463024724
0.002381627943646897
-0.000108949217456964
-0.0033491582767419766
-0.005213793801131754
-0.005761210220764095
-0.005594377183517844
-0.004184516776169838
-0.0033569874411301668
-0.0031700558136185542
-0.002263229496146218
-0.00101782134024917
0.0001031527369964958
0.0012138166882126149
0.002275964165105822
0.0032032257791288973
0.004632190083759887
0.006573646611128372
0.008647541022308877
0.010995647353521489
0.011851255242022579
0.011007174570217484
0.009399465963362027
0.006516855582652161
0.0032799994670497873
-0.0002546795925381849
-0.005007710965169038
-0.01080672419540114
-0.014202084242110792
-0.014996236254650668
-0.014723719944055604
-0.012453451844607744
-0.01044150082735459
-0.008810771949629993
-0.005623749395710225
-0.0013416271506379006
