-0.0774657990706161
-0.3253082048762282
-0.38260472548324775
-0.22636605530633253
-0.007339212479032863
0.34664936789589235
0.4661418721068254
0.3130099021655566
0.1253569805488396
-0.19445433736804632
-0.35006664927526837
-0.30157111439861434
-0.2725002010093831
-0.18439441616506957
-0.09659524426451922
-0.031380431873328445
0.1045138948736944
0.29493167809076054
0.3459884505018032
0.25367075949170836
0.0991119756843583
-0.1667991485663771
-0.27191595049961914
-0.19364334040609912
-0.10453530812185854
0.06467572378393785
0.1457808601453927
0.11356904891499173
0.1056311288936629
0.07771495213235068
0.052201757068758244
0.04362373256405942
0.005673409885158492
-0.05387991726788752
-0.09626400285544089
-0.12538854314480263
-0.15430384948252765
-0.17534090665731406
-0.14876047635679923
-0.0699417787864482
0.048721875412874
0.22009919549252027
0.2774219716317982
0.20759726824031907
0.10236829235666546
-0.08251480938205628
-0.1654604422838143
-0.12786097086942513
-0.09460911122052175
-0.019004009182379565
0.025280277945078682
0.023089548418854366
0.04804639561733089
0.08055128634627615
0.07556767587534373
0.0372530021130971
-0.028183707200085416
-0.1312771583558004
-0.1511645122545709
-0.0794791309885114
0.01692512438773145
0.16938454104554956
0.20883086677065335
0.11735039106479754
0.0018705158813511879
-0.1828413203367958
-0.23629336135040374
-0.13445203531666114
-0.01093336525070307
0.18842093100725466
0.2521525948591075
0.1529789612864078
0.03721478552806683
-0.1525122820417061
-0.2216767484151192
-0.143156426368484
-0.05784034959630365
0.08720930849783995
0.14476095781254586
0.09154709844089975
0.042027352984021105
-0.044184982218627815
-0.08283830924457168
-0.05723178945139729
-0.04106855234565235
-0.010615314343184235
0.0029074765109710064
-0.010100712998914357
-0.015215534328647709
-0.022042091715506872
-0.007489637727126939
0.034562994104274145
0.08541130127637234
0.1526616600795889
0.1513103320224075
0.07197648072006446
-0.038419048728177516
-0.20391049231911007
-0.2489178629659769
-0.15633514430091133
-0.030796144786739987
0.17487109534685324
0.24360163825940462
0.15136885162726402
0.04191736838943842
-0.14242804984827007
-0.20546721583485042
-0.12065005762973013
-0.029746122746430174
0.1202216997179247
0.1743275419908638
0.10826081707391559
0.03989172149219208
-0.07356854929195825
-0.12372592420396077
-0.09185505444300689
-0.06539808359643255
-0.014214109335414876
0.01784840430339102
0.01977967940970649
0.03766129949092374
0.05903393755042463
0.06252458550539695
0.05125760564800696
0.025430083308630006
-0.019729059484576247
-0.033544158435825894
-0.013321145416260866
0.012425906321709366
0.0563055016600638
0.049736868263192215
-0.015029052086616923
-0.09506209631207801
-0.20903600329401129
-0.22445400825195874
-0.12663271055453804
0.005787564198267677
0.20942422191988136
0.2848628822185458
0.2110599520788585
0.11467337406782581
-0.05755989642305459
-0.138544043069467
-0.10686794992126872
-0.08750882546339953
-0.03665968151519972
-0.002822927929159249
-0.00010703820711779877
0.030557908962782952
0.07560432095928783
0.08077199087888895
0.04867181878601693
-0.005146593565488118
-0.09345049385261917
-0.11830993299071461
-0.07244099221384485
-0.01350162031491104
0.08363273624684031
0.1161773465726035
0.07203021827010982
0.021144313546646185
-0.06388175545341665
-0.09104068535096958
-0.047408359913896275
0.0003296759802271978
0.07724967417637557
0.10560339906487912
0.07356343732660445
0.03911202512128771
-0.01920137886123834
-0.061904076616055265
-0.08143342927189898
-0.11476485346070399
-0.15129640312198755
-0.1387582087567777
-0.07575584335782037
0.021589088261549812
0.16757414848342048
0.2204709708069242
0.169383853127576
0.09485508986696656
-0.04016964536266306
-0.10359505376857434
-0.08084780102747223
-0.06664412469568579
-0.027042325350035406
0.0023035745013957106
0.011161893860881256
0.04432040345541156
0.09210568373621357
0.10193004901235096
0.0749663567477709
0.029141539365191337
-0.048238443430563084
-0.10038051171037005
-0.12359202231442974
-0.1561549554981445
-0.184543792952153
-0.16227204284292399
-0.0874179790517076
0.029026630705778173
0.20069899216549775
0.2734056360282927
0.23605556835673097
0.1750831665298474
0.05039943103967395
-0.020232936322748793
-0.023801517826897645
-0.0509926496525291
-0.07250333404428287
-0.08985936035390103
-0.11136561053328871
-0.11320052741170265
-0.09672907315806965
-0.0568377585223059
0.012526802587876853
0.10921105281340644
0.23781851826804135
0.24043015109096535
0.10309052826677774
-0.09431131816435043
-0.39563324027255453
-0.46949674961955445
-0.2850204134825495
-0.03848614910904519
0.35852737419001046
0.49890679554679307
0.33749419080230075
0.1435995611109722
-0.1910354273488511
-0.33344666348980573
-0.2375773612876568
-0.15311138121121587
0.009013582536219759
0.11456824821907725
0.13255487428725773
0.20080576755310342
0.28224313607284696
0.2694283212780761
0.16742432930196482
-0.002265947254355012
-0.2664090055769354
-0.3799269687626292
-0.3265898999840987
-0.24749992204852203
-0.08035363355036348
0.030073971427270363
0.06554888396677444
0.1479952962318743
0.24178608061130943
0.24760482689729899
0.16829909937987989
0.023380909590660668
-0.21303776986679676
-0.28808449111053513
-0.18488681166651494
-0.04788197673517937
0.18748519016022713
0.2621607693872027
0.14652538226615894
0.018136495444876468
-0.19137861759543576
-0.26039217865345893
-0.15660275240105628
-0.042159058563719216
0.14374488794979307
0.2197353313632175
0.15778783675925814
0.09527380280528043
-0.017771147790468757
-0.07259191619809163
-0.04921461703802825
-0.04138724108846564
-0.019134598416135958
-0.01254871326613297
-0.03303074599327561
-0.041769880800563715
-0.04834275651697752
-0.0434125889254267
-0.021109084871401645
0.006603733009892118
0.04402305177588064
0.06236452721555716
0.05802748037788941
0.04878229655096813
0.026521407409616535
0.0052022025594344505
-0.013539531350769695
-0.04364906844540159
-0.08208348844663614
-0.08122206686597218
-0.038267340334474625
0.026339758417222407
0.1255994991395244
0.14773752605271945
0.08305341049610947
-0.0037344650115609954
-0.14227802493820907
-0.1830492763087299
-0.1098460279612311
-0.01909119017834426
0.12914474316861033
0.17824227966653705
0.10852943043670996
0.028225081336098863
-0.10488310199712797
-0.14953404226944514
-0.08578664993709424
-0.016276192336391056
0.09752121026578986
0.13923106814167785
0.09095015614221312
0.04031060458801
-0.04477662230941998
-0.09130093129593496
-0.08627077414750098
-0.09143899980625379
-0.0867318500719448
-0.06469177894739915
-0.029841044690521783
0.03097891001587281
0.11956031430836893
0.15175747226161918
0.12341735881767563
0.07691564225949428
-0.009294730396116575
-0.04930029702850313
-0.034841539813071795
-0.025467545763725417
0.0005306716436698368
-0.005344968921611569
-0.052042696723533816
-0.09896064580877986
-0.15963959077658646
-0.16002264999446122
-0.08922302554514942
0.006735154783451054
0.14949117336927703
0.21756405416730684
0.19837136607988465
0.16893768938771017
0.09690649691540434
0.04102731302174951
0.009938055565520612
-0.0522485301996177
-0.1313538428059418
-0.16846426853631521
-0.16472140567281582
-0.13772861289757488
-0.07275756484717204
-0.024661036707200993
0.004320543211986874
0.05393289071486402
0.11226768760251447
0.13222225326357231
0.11321150337367751
0.06883591889605084
-0.013609450948290726
-0.061497832986458556
-0.07080847484713629
-0.08817242334992462
-0.09629183353658556
-0.06960326387273141
-0.008515932439268353
0.08894791264540272
0.2307307203363909
0.25084725736967
0.13727865858426647
-0.023136630718856726
-0.2745475397145025
-0.34649484250824386
-0.21249359901194867
-0.039346258712880375
0.24477982415527552
0.3399149534817055
0.21054227997251695
0.06029676093308825
-0.1910254015222939
-0.2849919167021149
-0.18521106464501672
-0.081963769761597
0.09478118823301261
0.16587365606224708
0.10106997996156741
0.04403477201528037
-0.054765663207096096
-0.08824993138357143
-0.0347061481971734
0.01385991964368015
0.0881439731249848
0.11046500258195346
0.06550342605682341
0.015704081131284683
-0.0616385623307663
-0.09616693296064574
-0.07676295721225013
-0.056294539633792995
-0.015155040983409212
0.012679179522641465
0.020562735619190472
0.041385260415366026
0.06610558891016395
0.05893788252281421
0.019969774417270922
-0.04100454015932712
-0.13338919769904162
-0.1541920635438211
-0.09542188454071376
-0.014547846100429383
0.11555328947979986
0.17119172260758955
0.1393391166167636
0.10215694558658658
0.0271952832277865
-0.013791020663934738
-0.009457062906865097
-0.021237385319005098
-0.030333734534024583
-0.04499140315620963
-0.072062814161318
-0.09276713464366025
-0.11052941273113563
-0.09170938382935846
-0.029840590125448336
0.05680485103549085
0.17932065956531204
0.20629347661350544
0.1256916709541943
0.010229295081547086
-0.17585319664443402
-0.23476229052071204
-0.14667369898955815
-0.03684623937203383
0.14701616380161156
0.20755531413546907
0.1200303454207403
0.0224292689560855
-0.1381549518383575
-0.19625974926545214
-0.1274284000482233
-0.05456894132325186
0.06763347389220699
0.13405175639088962
0.12632993985217483
0.13258319478023706
0.12398392130916
0.09574522513792574
0.05482572831960394
-0.02046305008112567
-0.1310547292838851
-0.1816812790525832
-0.16883772128125743
-0.1398617450170556
-0.07092471842595863
-0.01881563957175192
0.011082232426047611
0.0664887067053553
0.13439883889144633
0.15100856607442506
0.11548230385040335
0.04850878668631537
-0.06676931502351725
-0.11428952462346546
-0.08595002587298749
-0.05246966360689547
0.015300511139122482
0.04826825612606159
0.03646580925209184
0.037005631878505835
0.03202566447537958
0.022847978781040133
0.014996310037884276
-0.006356356577556733
-0.04003632345239865
-0.05119481567383232
-0.039483774796199606
-0.02090296756811123
0.01293651185377436
0.027894612343522418
0.020766026495479338
0.014891007767122717
0.001645478788683913
-0.00423325480019678
0.00025813595142589466
0.0010768536343788708
0.002230925386475239
-0.0005048978822397414
-0.009083774793592432
-0.018371549611308713
-0.029955514355555476
-0.028901199517552156
-0.013225168953719885
0.008638329879323626
0.041071985694513945
0.039580381652891246
-0.00019342364100139424
-0.05326889738683763
-0.13184949994264933
-0.12614106867767197
-0.024989861995195213
0.10906571943832996
0.30621160406629977
0.3360711644157191
0.1751037500279484
-0.041292475865869836
-0.37589311685545246
-0.46755564491877516
-0.27798192900563706
-0.03293198396783906
0.3646968864993947
0.49516903630511805
0.30904420191709725
0.08867711353418047
-0.27843438782907426
-0.4149173501163763
-0.2690991830196473
-0.11522774449839701
0.14870566003966657
0.2603150907176794
0.17615754606812026
0.10632714751247471
-0.021296403874630297
-0.09676694673303506
-0.09291766048279868
-0.12198473919774108
-0.15247844412299824
-0.13604369319336804
-0.08000259060354328
0.018264474646462456
0.1698746218633009
0.22634376783004037
0.1791272851234073
0.10930148393658952
-0.020834969463615075
-0.08351695312400048
-0.06472778706529995
-0.057383153087065084
-0.02891889272089439
-0.013569921880619479
-0.02172763418542075
-0.010689352917769103
0.00990081767227282
0.02286412215419034
0.032442124694429024
0.03972239826157238
0.04196967705713479
0.023084722870165532
-0.01964916245165041
-0.08088046843428584
-0.16625322792710592
