0.0030659410629104373
0.003701684166798257
0.004340584553809666
0.004979035529102652
0.005661866819615168
0.0063766467283620665
0.006917497505248263
0.007268557025668489
0.007517499255235865
0.007605932872528146
0.0076628686514042445
0.007692166896515268
0.007576299238473373
0.007338901856670783
0.00711180482423288
0.006889241294773871
0.006620762282534484
0.006335982616057282
0.005922057263029486
0.005369833136143558
0.004757658400499284
0.004058059926693441
0.0034281198289249117
0.0028899120347300896
0.0023479828829392384
0.0018479314251511902
0.0013148596375684041
0.0007412829752623407
0.0002049209365050367
-0.00030942434699270197
-0.0009468563780315176
-0.0017095043933743105
-0.0025373610377877527
-0.003466898838247102
-0.004393319121431188
-0.0053098880427966955
-0.006299145064138653
-0.00733800259930974
-0.008137171554357102
-0.00867656935599515
-0.009075417565304384
-0.009252258348341503
-0.00939310892445346
-0.009503204150772332
-0.009415712474908137
-0.00916492184677712
-0.008929050169194038
-0.008699402498713888
-0.00840932716418684
-0.008098613927668552
-0.0076123827037733955
-0.006938273414057491
-0.00618306025310305
-0.005309034290925577
-0.004544289592513829
-0.003920204308422836
-0.003299855280699599
-0.002749344272728668
-0.00215852008405299
-0.0015167489182134472
-0.0009375197633794569
-0.0003985667466427878
0.000307615902698697
0.001183714798025736
0.0021441805242447664
0.0032410180735229673
0.004323547904570278
0.005382027341969086
0.006534667771459651
0.0077481714447651595
0.008692396316276144
0.009347107532328017
0.009843426579596939
0.010089095110790616
0.010302190634517708
0.01048842185814724
0.010455300450973948
0.0102432473597987
0.010047004172964226
0.00985589363507474
0.009599019614208337
0.009319525308488926
0.008845146861314103
0.008162364674903028
0.007388935173794707
0.00648289255084317
0.005713745221876547
0.005117736103864641
0.004535056744301205
0.004043658485190688
0.00351167564543105
0.002926796596713405
0.002423865748529774
0.001976307507853771
0.0013427131224636258
0.0005203663624111536
-0.0003915658990851904
-0.001453419896312619
-0.0024889558936757525
-0.0034867303083439766
-0.004584493774228474
-0.005743197248837428
-0.006663459429581913
-0.007330338676582446
-0.007856447113495217
-0.008159011161827105
-0.008443156980765936
-0.00871371690661513
-0.008793460371627468
-0.008720679400991896
-0.008660995959749614
-0.008603764353871918
-0.008491250208240179
-0.008359696639759632
-0.008058576597920586
-0.007576368966261041
-0.007014657149365212
-0.006336735314349735
-0.0057988356701393195
-0.005434386121221035
-0.005093883338770337
-0.0048512487495637625
-0.004578990698854464
-0.004265712912414311
-0.004040541560856223
-0.003877877088672695
-0.003552846981449557
-0.003063430569212051
-0.0025015466705561023
-0.0018111969047869701
-0.0011577229257353568
-0.0005519177914473938
0.00013481727199901011
0.000865722159405599
0.0014551622612145275
0.0018986701828398787
0.0022571389935529696
0.0024804834226082695
0.002706285241686366
0.002937030007522563
0.0030590224308486283
0.00309829743360996
0.0031420232252812913
0.003182216772370632
0.0031923202937533916
0.003190715984977088
0.003092079728224032
0.002890290026850048
0.0026409652411543577
0.0023232310391377484
0.0021127868411091166
0.0020311447850363392
0.0019790481611955723
0.0020069142435937227
0.0020244211652485715
0.0020241512803727386
0.0020958877182425967
0.0022216041120989155
0.0022533419005282755
0.0021904545515298987
0.0020927652637175178
0.0019236965626778263
0.0017936229625626653
0.0017098088877853643
0.001587240269970379
0.001450613096071488
0.0013427605808292533
0.001258644248664719
0.0011958218866050649
0.0011643293244976765
0.0011191940658943627
0.001060593403516049
0.0010197053888996558
0.0009876766166234592
0.0009643439547889507
0.0009534021624562253
0.0009492439857929305
0.0009529464503464683
0.0009740385913260745
0.0010127113140680757
0.001065641827215804
0.0011353216717082208
0.0011592441535736436
0.0011314723302528965
0.0010836317688011218
0.0009981584685331236
0.0009107009879807514
0.0008235166750403056
0.0007032488774104894
0.0005569514533154223
0.0004301389628746672
0.0003222587790691558
0.00021581815862076987
0.0001218033943318735
4.4710464107697705e-06
-0.00013852841933498773
-0.0002805218649414354
-0.00042963288131235724
-0.0005498643690162297
-0.0006347642285503202
-0.0007071136373983952
-0.0007558456752826826
-0.0007953620709070718
-0.0008269320727323866
-0.0008331993593653726
-0.0008166353093601639
-0.0008127029958319125
-0.0008216480452856633
-0.0008275129822604165
-0.0008388647941171316
-0.0008298389155376911
-0.0007981905737125899
-0.0007635818823839072
-0.0007198894062757511
-0.0006799828651001471
-0.0006471111535705219
-0.0006106185307056672
-0.0005745924448663651
-0.0005358383712227718
-0.0004935167045041007
-0.00045289182687483404
-0.000413317961124929
-0.0003573796657075104
-0.0002843553120343989
-0.00020223087011005114
-0.00010649794163482211
-8.569375194007958e-06
9.074262614321821e-05
0.00020092623579214686
0.00031949825502529286
0.0004011007932835948
0.0004422751505055845
0.00046257087584510823
0.0004491798279518691
0.0004304687364453343
0.000407381676344536
0.00035415545479984686
0.00027605103581097254
0.00020211724465465895
0.00013115540756865652
5.214548318305872e-05
-2.8333441278082137e-05
-0.00013500199679101926
-0.0002698012995203406
-0.00041544704912845407
-0.0005779045480473969
-0.0007237821879750577
-0.0008482821055975767
-0.0009717488187931931
-0.0010844402359611374
-0.0012020603495712615
-0.0013261600838271937
-0.0014402519247477148
-0.0015474838613299216
-0.0016788134354098264
-0.0018346652678545136
-0.0020021338212589308
-0.0021889685717253675
-0.0023727761910066376
-0.0025520679731876805
-0.0027444134414933066
-0.002944841870751161
-0.003096436603990815
-0.003195368063895718
-0.0032647604894191053
-0.0032886027819702237
-0.003303760587479151
-0.0033112125166412905
-0.0032780037500397185
-0.003210913314375715
-0.003144427906055397
-0.003076757024878398
-0.0029950664933469464
-0.002907007563005659
-0.0027823638443658302
-0.002618703508961592
-0.0024367366994447843
-0.0022290773364889304
-0.0020409739739890745
-0.0018785737949113535
-0.0017147597469659107
-0.0015626096851917319
-0.0014001249174603427
-0.001225169871068571
-0.0010602786980881207
-0.0009009786548034631
-0.0007062396258474912
-0.0004755152658156652
-0.00022564835889026072
5.366339510608191e-05
0.000332640534836392
0.0006093903231142599
0.000907315090952541
0.0012198579412185909
0.0014941595482349259
0.0017275222060379627
0.0019401087382334534
0.0021173148395316897
0.0022952029961552933
0.00247469218093618
0.0026246026241531317
0.002751701284803642
0.002885652752402726
0.003024658873525125
0.0031583636488582392
0.0032933147562026117
0.0034027879466830653
0.0034847767989547563
0.0035574475097142574
0.003614324374343268
0.0037002881064135637
0.0038212726362360527
0.003951093109477209
0.004102740320184851
0.004254031498627969
0.004403014362329606
0.004572300874050375
0.004757475153783788
0.004919096500763879
0.005056844877227282
0.005186930179735129
0.0052995628555025116
0.005423793036730735
0.005561563562608937
0.005690351023588546
0.005816650198212064
0.005882718293757947
0.0058800821966285
0.005840336619170333
0.005745989468038138
0.005624641384835248
0.005477637018413556
0.005274985064567659
0.0050213092116756465
0.004766135740515335
0.004508841738672438
0.004227590604692678
0.003933895869642835
0.0035894148265676463
0.0031906083881360235
0.002765342696516845
0.002304233063717889
0.0018383763394990145
0.0013732811871295149
0.0008869642076988387
0.0003886026808826977
-0.0001342629554286746
-0.0006835991973898029
-0.0012451762276393327
-0.0018217265924448903
-0.00244777988818112
-0.003124544403714346
-0.0038373659962814637
-0.004595244799039727
-0.0053747970750566195
-0.006174690618447367
-0.00701428472132434
-0.007888661626741003
-0.00857364867550111
-0.009048740241565404
-0.009415577191168315
-0.009609767107325366
-0.0097647748145256
-0.009885203859266797
-0.009845695260645933
-0.009670477435800684
-0.009513830652517393
-0.00937047252803968
-0.009179175501967361
-0.008975051062016712
-0.008629748286293076
-0.00813264932668843
-0.007574193963577079
-0.006923218068201094
-0.006339507620839714
-0.005846636929143728
-0.0053451042767396015
-0.004881537043852921
-0.004382036045457197
-0.003838738623376762
-0.00332978186024054
-0.0028401229325437415
-0.002217489486516766
-0.0014592026495505997
-0.0006287852559614124
0.00031219226165178393
0.0012548144365568626
0.002192078204969633
0.0032102876440642625
0.004285523414772932
0.005138776536486749
0.0057515926839901855
0.006237918419202603
0.00651952931968511
0.0067776297164436105
0.007017397210421564
0.007077499969576219
0.006991556972030534
0.006929128794838723
0.00688178917910516
0.006786931655166162
0.006682454412402545
0.006420475173084041
0.005989423318171891
0.005491263765523331
0.004890120333978383
0.004407597719702407
0.004074137570753634
0.003757411741866282
0.0035217233604574426
0.003259933234502332
0.0029619386803484576
0.002738240330417248
0.002567330467137187
0.0022488087701769016
0.001780337895581118
0.0012446902342839374
0.0005918037777287699
-3.230276145249138e-05
-0.0006180218489108743
-0.0012794957587924562
-0.0019843040608800103
-0.002529312224552252
-0.002906722704458095
-0.003188747688892139
-0.0033198544834645723
-0.003444192878591155
-0.0035648421322082673
-0.003559793193816811
-0.003456157138558369
-0.0033587062271426514
-0.0032595765457701298
-0.0031241527849005337
-0.0029750472888369866
-0.0027141317160771904
-0.0023341226512610955
-0.0019003370834609385
-0.0013888362822589617
-0.0009806103583178208
-0.0006986376012069657
-0.0004388391805077451
-0.0002533165384502803
-5.0720341889217216e-05
0.00017679857397064202
0.0003374597266356834
0.0004495409761153253
0.0006689417669165146
0.0009967285549094182
0.0013694534990595657
0.0018258013364117636
0.002250380540443652
0.0026356138705222925
0.003070832483148469
0.0035302948273633317
0.00389012613302565
0.004147624398434657
0.004342466369231385
0.004441234839054671
0.004536444370038328
0.004629573065114609
0.004644345068350456
0.004598187125070091
0.004547880041295916
0.00448786205410508
0.004401029513821794
0.004299191876169904
0.004125937340215908
0.003877137235230138
0.003589182256608217
0.0032481698799292887
0.0029731291999138053
0.0027784092286777685
0.002596862645716773
0.0024625377602728662
0.0023138096838047953
0.0021455635718248952
0.0020186763892181252
0.001920763063223191
0.0017518800881397478
0.0015115315532628884
0.0012399020130570235
0.0009122174904920872
0.0006029654632705833
0.0003169420387800047
-3.3647497911471966e-06
-0.00034136764688562295
-0.0006523130641017717
-0.0009380592152246129
-0.0012077908439318116
-0.0014501862163912292
-0.001704830048093675
-0.0019720036555521355
-0.0022219335351700217
-0.002462307531773283
-0.0027047744137994973
-0.002946572300634683
-0.003186894040974731
-0.0034277052256999423
-0.003653245343978592
-0.00386265954155595
-0.0040649259342867726
-0.004256146984817002
-0.004489652286809349
-0.004771189392435257
-0.0050724890496475295
-0.005408711700764354
-0.0057508202925021425
-0.0060968007050246145
-0.006474614820219341
-0.00687853772903455
-0.0072671718527710545
-0.007640748214262163
-0.00801563847032542
-0.008381774425976696
-0.008770988421062793
-0.009185421513382846
-0.009601057878363514
-0.01002511997538323
-0.010312860642332713
-0.01044685644126134
-0.010500025213699015
-0.010429631915639575
-0.010312883340166529
-0.010153022434942236
-0.009872220858318579
-0.009484026050373517
-0.009100958021756679
-0.00872062517825754
-0.008295560149225717
-0.00785172458100148
-0.00729937321254283
-0.006630639427004475
-0.005909958720995428
-0.005115476507739395
-0.004336305811472363
-0.0035868822390892506
-0.002808213916729442
-0.0020264736968517534
-0.0012031352829284798
-0.0003332632764422868
0.0005408795549130508
0.0014273696052797802
0.0024176792915267327
0.0035141926114250015
0.004678351867798103
0.005933598996335443
0.007216221347196056
0.00852231574361841
0.009903420496305092
0.011345806342201684
