step, usd->oil, oil->usd
Band: 0
Linear p-values:
1, 2.969474720039911e-05, 1.5129138637596079e-06
2, 0.040590448016257503, 0.0064547708331406705
3, 0.3556151920226116, 0.20359126192297758
4, 0.4360231252508908, 0.23457174577397166
5, 0.4249208756769013, 0.24750042786639706
6, 0.3153382468634364, 0.10587137147310549
Nonlinear p-values:
1, 0.04251, 0.00079
2, 0.04395, 0.00091
3, 0.04621, 0.00111
4, 0.0471, 0.00125
5, 0.05055, 0.00124
6, 0.05243, 0.00135
Band: 1
Linear p-values:
1, 0.0008451375324408808, 0.8600551362577522
2, 1.7117227422139926e-05, 7.095610757889677e-08
3, 0.004810154428982916, 0.0007646892404861632
4, 0.0035266796398708516, 0.0003510434942204546
5, 0.023183397603172045, 0.0061547743611191285
6, 0.005872311784753294, 0.0003784324490120151
Nonlinear p-values:
1, 0.32502, 0.02887
2, 0.33538, 0.03087
3, 0.33917, 0.03407
4, 0.29333, 0.03827
5, 0.25156, 0.04356
6, 0.19667, 0.04386
Band: 2
Linear p-values:
1, 6.936175396534807e-06, 1.4090703073002348e-06
2, 0.14351277764033274, 0.2770467990999379
3, 0.36733817706953104, 0.4659452941068861
4, 0.47006565312298854, 0.625587416519672
5, 0.23382700053414107, 0.3202296818187082
6, 0.039699598900393, 0.13070473413730527
Nonlinear p-values:
1, 0.16814, 0.23531
2, 0.14396, 0.13389
3, 0.07111, 0.10179
4, 0.03539, 0.06755
5, 0.02642, 0.03963
6, 0.02069, 0.04987
Band: 3
Linear p-values:
1, 0.3405049808583033, 0.38759920067489917
2, 0.8161375283149676, 0.8714678225517197
3, 0.9116959506794027, 0.9606894682213036
4, 0.7466749654066287, 0.8386800342009475
5, 0.849554094732788, 0.9119098981632823
6, 0.8618659709235487, 0.9072094537676684
Nonlinear p-values:
1, 0.99997, 0.36187
2, 0.99995, 0.7449
3, 0.99255, 0.76721
4, 0.93351, 0.62704
5, 0.83237, 0.5236
6, 0.85609, 0.71231
Band: 4
Linear p-values:
1, 0.0004838487936910628, 0.05139837654115645
2, 8.58127501193918e-05, 0.016769624200233285
3, 4.812152684219765e-07, 0.016150421562749477
4, 1.1281482405816685e-06, 0.012305937116809147
5, 4.3053236574781104e-08, 0.00295566364646096
6, 4.214280444197804e-07, 0.09633460579874803
Nonlinear p-values:
1, 0.79158, 0.99992
2, 0.31418, 0.96085
3, 0.11811, 0.56853
4, 0.08016, 0.6847
5, 0.13955, 0.82785
6, 0.30373, 0.8516
Band: 5
Linear p-values:
1, 0.1316019558993794, 0.2946430896298732
2, 0.12826904201228168, 0.7896696681418296
3, 0.05593536258508982, 0.04221230333082642
4, 0.023094855673963133, 0.029066026067233627
5, 0.09744707111620167, 0.03552684920220757
6, 0.5745106757283424, 0.1824224445137651
Nonlinear p-values:
1, 0.1601, 0.17877
2, 0.19917, 0.28326
3, 0.11261, 0.18691
4, 0.50096, 0.26954
5, 0.3738, 0.10949
6, 0.68243, 0.35815
Band: 6
Linear p-values:
1, 0.9421679942910659, 0.35258559228975817
2, 0.7822074568959628, 0.5231714844162885
3, 0.9453397359957417, 0.6494121224765965
4, 0.972264817840432, 0.5600086941499416
5, 0.8796934696120905, 0.29672073592534315
6, 0.993238564337485, 0.05361291159986823
Nonlinear p-values:
1, 0.62091, 0.73577
2, 0.79051, 0.96387
3, 0.43866, 0.97205
4, 0.61244, 0.99662
5, 0.40587, 0.98618
6, 0.53766, 0.99851
