-0.006270376248497565
-0.006289294423644098
-0.006321576566892292
-0.0063703770692458755
-0.006398626795399175
-0.0064168834039108336
-0.006391479082102059
-0.006314708215058792
-0.006209729215140942
-0.006065564950934317
-0.005892440829959952
-0.005691295676652466
-0.005446646291045278
-0.0051598000920732
-0.004868215553932153
-0.004572190500204108
-0.004253708974766491
-0.0039216624897683424
-0.003549082413041495
-0.0031332199283175296
-0.0026943439329527204
-0.0022258109536818886
-0.0017371418510277888
-0.0012310913814550593
-0.0006979671583668692
-0.0001407099010247178
0.00044227257446099457
0.0010520612421366297
0.0016854051637107013
0.002342897939494225
0.0030406734252369323
0.0037798679238313666
0.004553362786232357
0.005365630001108275
0.00620700193022808
0.007077087804794375
0.007984717832803538
0.008928069715584233
0.009669869061557897
0.01018711452495902
0.010589797600552878
0.010809426293461192
0.010984471040251804
0.011119942012084319
0.011084172607866826
0.010902190575205724
0.010741531354154649
0.01059698075329706
0.010401217449755792
0.010192522548902381
0.009832851754565386
0.009310689604401743
0.008723777541100519
0.008038615596874202
0.007419959971062625
0.006892572902372303
0.006352823849221269
0.00584888058979377
0.005305476854008908
0.0047143833447252535
0.0041557746698712246
0.0036142956943860764
0.0029309448006273123
0.002102727481413304
0.0011961733234333416
0.00017107872274754217
-0.000859287439763643
-0.0018876562057355798
-0.0030040259155690602
-0.004183565285964027
-0.005116191631208114
-0.005780756931020969
-0.006305160899030479
-0.006602313588482484
-0.0068721972648198935
-0.007120659302775841
-0.00716893882391678
-0.007054106619529069
-0.006966744967835695
-0.006897697946385364
-0.006776147129914733
-0.006644789608115454
-0.006338203090538881
-0.00584340955810023
-0.005274754240649448
-0.004592129240952517
-0.004039406004979069
-0.003650315495015613
-0.003278772550233805
-0.0029955966788473712
-0.002683353925634468
-0.002330887685465908
-0.0020596230792257627
-0.001845985426262689
-0.0014685396049400998
-0.0009246226813418426
-0.00030581900750190544
0.0004432123863023001
0.0011613238615038718
0.001837902553944607
0.002599004383704378
0.003408857444133258
0.004022275953668351
0.004428520849066782
0.004717122837325829
0.004820694755544656
0.004910374193778413
0.004989983921851762
0.00491326692829646
0.00471229358408251
0.00451770413312882
0.0043203526811342345
0.004075921928801415
0.0038127846122220097
0.0034102984260557015
0.0028593652369836423
0.00224079100001193
0.0015251408045206124
0.0009263882084507796
0.0004720367082767035
3.816014457232208e-05
-0.00031359528298032186
-0.0006905246959850549
-0.001102038581717833
-0.0014399620585012543
-0.0017258134483601419
-0.002145560177687772
-0.0027006811188512547
-0.0033153591236082776
-0.004035831162285169
-0.004724914109928969
-0.0053736414402695
-0.006088480707068608
-0.00683889160825554
-0.007399448978445971
-0.007759008083635698
-0.008001385624243868
-0.008064163078386482
-0.008102214449281067
-0.00811889946636096
-0.007980349614170155
-0.00771530913552176
-0.007447317427762525
-0.00716805728532128
-0.006834390960057799
-0.006473138768014194
-0.005971220513317202
-0.005319800307040895
-0.004594700051882808
-0.0037681729286017642
-0.0030350910100800047
-0.0024205672858775896
-0.0018108775467283189
-0.0012620698978150523
-0.0006765897425821232
-4.559050800099878e-05
0.0005327025751288412
0.0010780333445850044
0.0017612812777491116
0.0025841274546138716
0.003477075280553456
0.004482810287078413
0.005475907801116753
0.006448369813629956
0.007498044036121192
0.008597192938307652
0.009445179152759402
0.010022339411606709
0.010449810989181182
0.010643172622015277
0.01079854825267149
0.01092107999343381
0.010836180999079166
0.010579989057617575
0.010333488494249433
0.010087142689335702
0.0097740098205087
0.009434231473979975
0.008908793819119734
0.008184991768945169
0.007371734750037329
0.0064301925404183155
0.005603515819508143
0.004924576592627817
0.004248371113201095
0.003645196738005732
0.0029964521450945524
0.002290826849567574
0.0016496876038530205
0.0010490142164107953
0.0002694880853489678
-0.0006916134208561365
-0.0017442401076999984
-0.0029433512169735614
-0.004129352962264442
-0.005292008146184558
-0.006556437748026009
-0.00788740654328938
-0.00891867506023256
-0.009627104896638886
-0.010159358256040689
-0.010412897479796129
-0.010628211075591325
-0.010811681184480901
-0.010750264101862726
-0.010488467773188249
-0.010244616655656633
-0.01000705221976556
-0.00969575522361766
-0.009359178706514119
-0.008804997423693358
-0.008018048887397678
-0.007130055927287308
-0.006094165635274663
-0.005207624717219783
-0.004510589250478446
-0.003826367819064187
-0.0032409680948413547
-0.0026093214377581964
-0.0019177923694679588
-0.0013149425194650722
-0.0007715172466798752
-2.040434179827072e-05
0.0009414960570241268
0.0020043791732189654
0.0032350441716294874
0.00443870160863405
0.005602715785427014
0.006879454227985757
0.008225782264154793
0.009258163575575297
0.009954712794419509
0.010464547528551202
0.010680878291354131
0.010860611221229294
0.011010140351373852
0.010904479570692236
0.010591327783771802
0.010291467072749333
0.009991959674615183
0.009613601263530787
0.0092050358971157
0.008568871329768205
0.007689702394805004
0.0067017134095715
0.0055567527229166865
0.00457396999408306
0.003795714951542403
0.003033878211500328
0.002380632481969486
0.0016786640450676164
0.0009134886217427329
0.00024522699920608845
-0.0003578237964291347
-0.001179320131540595
-0.002222255127258297
-0.003370418355574778
-0.0046946459151406585
-0.005987365292753687
-0.007235124202270165
-0.008599948342091162
-0.010035828482083254
-0.011145582338068996
-0.011906954315675036
-0.012473366216580418
-0.01273429730264759
-0.012956757714734838
-0.013147244759532582
-0.013072330697108224
-0.012781569336582501
-0.012502085671024163
-0.01222028762208922
-0.011854955098177626
-0.011456017499218672
-0.01081973070729222
-0.009930172825705186
-0.00892555722923158
-0.007756128205618152
-0.006754548027825512
-0.005964749778374233
-0.00519094853915851
-0.004529149685671632
-0.0038149552978344005
-0.0030332558457171147
-0.0023510712570634844
-0.0017352396120270304
-0.0008906845111635466
0.00018568666096079278
0.001373137315164173
0.0027453675301601353
0.00408636616769415
0.0053821796865742896
0.006801426451074046
0.00829625266390574
0.009468959598742579
0.01029801422275919
0.01093580862315792
0.01127189833855537
0.011575250723325544
0.011852352206755947
0.011868937654967923
0.011675021447075157
0.011495849924300363
0.011317664727608083
0.011060529358694103
0.010773904286401103
0.010254971984914228
0.00948799118738242
0.008610356680041753
0.007572570067627654
0.006710310927221996
0.0060677481754817485
0.005447898799689937
0.00494763825847588
0.004400726174900016
0.0037920341100889108
0.003290311026546027
0.0028620849731170956
0.002210643372504965
0.0013330329055024693
0.0003506406619969756
-0.000810560629070812
-0.0019330303240705398
-0.003002655029891234
-0.004189023687352308
-0.005443876897744793
-0.006443522943651573
-0.007174080237801398
-0.0077529938406943645
-0.008091343745857647
-0.008415880937175282
-0.008731563654905142
-0.008844922719795353
-0.008798438618216154
-0.008763822533195941
-0.008728891398323188
-0.008635583739541243
-0.008521134319727527
-0.008226551365716974
-0.007739845495422469
-0.0071673539494316605
-0.006470262415100065
-0.005934040936762065
-0.005595237407191622
-0.00528885868115335
-0.005097122334154852
-0.004876557577495205
-0.004614649927464144
-0.004455861177397528
-0.004371428252908566
-0.004113816986337847
-0.0036811236659973355
-0.0031741965604648926
-0.0025315156643739324
-0.0019358361874847428
-0.0013991066195686223
-0.0007795692223744258
-0.00011792321719705283
0.0004502020199193632
0.0009268806372502501
0.001346773691916874
0.0016746837123558498
0.002022675118123038
0.0023920345859060927
0.0026955071434435676
0.002954686708076331
0.0032161282796347133
0.0034725031806982017
0.00371466120525329
0.00395154368329988
0.004129697578888978
0.004245814519962966
0.004332418726127761
0.004376376230378395
0.004524652838589821
0.004793863740737177
0.005104290637210223
0.005497858542298481
0.005896170623183373
0.006293453143901718
0.006766061296524015
0.007298481267698631
0.007773245199979278
0.008190583929028898
0.008597355779761584
0.008964824574687436
0.009382327561924194
0.009855836578506558
0.010317454212117449
0.010787355881606654
0.011111077045345924
0.01126543864032472
0.011337223332036335
0.011279708405205325
0.011165248458941063
0.010997940285106598
0.010698548119438373
0.01027941589333647
0.009875926330038413
0.009486998891132019
0.009053069919454903
0.008605966723144204
0.008042207578065199
0.007352521785530712
0.006612999587038139
0.005798598750831856
0.0049875099387973335
0.004194433795841598
0.00336322320664786
0.0025172820726267462
0.00162697292135634
0.0006875068864187193
-0.0002657159637181011
-0.001239026802997712
-0.00232116321029599
-0.0035151521882191574
-0.004782660673189957
-0.006146672403380437
-0.0075470965179161
-0.00898023395189882
-0.010495559470038454
-0.012080243504544482
-0.013333328020440932
-0.014219943848398973
-0.014919127056049359
-0.015316265762589001
-0.015653758169312693
-0.015939845532406252
-0.01594917861502128
-0.015726039753842208
-0.01554088969897026
-0.015383938635332054
-0.015149161186520618
-0.014898025458389138
-0.014404073912588782
-0.013648838812712179
-0.012791533311183755
-0.01177726557721696
-0.010895910438472338
-0.01018984577734857
-0.009479902407068239
-0.00885066078884653
-0.00816724632862229
-0.0074156654562242295
-0.0067381551569242835
-0.006107401731218192
-0.0052496722715027165
-0.004160500396556785
-0.0029540434397103943
-0.0015614014990384232
-0.00017910128761677613
0.0011800817387364135
0.0026713664786700998
0.004251440969025034
0.005517746931029251
0.0064471339758288065
0.0071977826919129104
0.007657766681671373
0.008095947066619502
0.008519504783167573
0.008693045236976685
0.00866676465789259
0.008674155983132278
0.0087021282713229
0.008667069085494042
0.008620764651876184
0.00835572100412316
0.007856040713558787
0.007263564629807888
0.006527957075748829
0.005980019529196885
0.005664182251457328
0.005385382701015036
0.005239435096528944
0.00506432694448651
0.004845310894395802
0.004748268303815925
0.004740787501602461
0.004528448298984764
0.0041083505401300555
0.003601687306714436
0.0029351340066381035
0.0023244283857624453
0.0017838470037740692
0.0011454274427578472
0.00045721576712077274
-9.621565902005527e-05
-0.0005149625534204459
-0.0008514297569013142
-0.0010570398409151356
-0.001278239504550014
-0.0015171137138725596
-0.0016572037497544
-0.0017265896803241557
-0.0017972551109237238
-0.0018600262285948712
-0.0018973114603183878
-0.0019235679863525551
-0.0018616923886113324
-0.0017066331300533337
-0.0015067275112124994
-0.0012430892737142858
-0.0011044755623913101
-0.001112881596866448
-0.0011643918017973979
-0.0013129766422614129
-0.0014593170207526263
-0.0015958100083240127
-0.0018199313343118034
-0.002111978375270201
-0.002318227433084682
-0.002438633599630282
-0.002534848980082985
-0.00256913189187019
-0.002657584735162272
-0.002807938641533972
-0.0029315441654625203
-0.0030545437445338545
-0.0031440382932337494
-0.003187019945654416
-0.003217669825977602
-0.0032240540486142355
-0.0032039436618132343
-0.0031593004376523678
-0.003079928358962427
-0.0029647220922051297
-0.0028693668796259714
-0.0027961919361110875
-0.0027168446989358774
-0.0026453172003401966
-0.0025460060209945216
-0.0024153741403449033
-0.0022824699687909802
-0.002138914716131698
-0.001971793537483401
-0.0017829906033377542
-0.0015724068879150277
-0.0013370957230712834
-0.0010907891701096692
-0.0008332789804713793
-0.0005551253358833043
-0.0002589573400696918
5.866369320366491e-05
0.00039925191946886226
0.0007595668372181136
0.0011409828917170537
0.0015445143965836599
0.0019702095757660504
0.00241898935781443
0.00289132401737724
