0.018836583714019223
0.015288372413793678
0.012009539781396236
0.009161436519722921
0.004086348065188332
-0.0025900633034272994
-0.006854456360529953
-0.008675588623308583
-0.009558959642884272
-0.008486246462227643
-0.0085074321962028
-0.009776882899145358
-0.009913541071727679
-0.009569756378823128
-0.0080401223905548
-0.004962740727066219
-0.001105626952959634
0.0038265929658216433
0.010054483658543162
0.01757024789447663
0.026567354199126994
0.03713677710020312
0.041696409388344305
0.03957165407435902
0.034435829290440235
0.024157908847172425
0.013199990801984135
0.0018061700881000023
-0.01414912176556304
-0.03379667860753624
-0.045809568002287304
-0.049673119926760316
-0.050224172188084185
-0.04444719946239378
-0.040046820508761335
-0.03743042657548158
-0.030141684354022282
-0.019772627614494147
-0.012570623536117324
-0.008292930721419614
-0.005004299786176233
-0.004194180300539981
-0.0005021963505612958
0.00632838053243612
0.012410997452013838
0.01892835912675445
0.02463960113396904
0.029012251349863807
0.03347702956584459
0.037583565395785376
0.04108384001677473
0.04407262338244333
0.04625373346655073
0.047560389487620064
0.045269142930398035
0.0389827885460956
0.029874255140195018
0.017070094323304565
0.002026946843213644
-0.01529239831743442
-0.03647416911441026
-0.061334109046324484
-0.07478576047870772
-0.07561818646768224
-0.07090240538711819
-0.05643183123908177
-0.04146617018865896
-0.026488765083331815
-0.0031420379106130106
0.02675257855800612
0.04420603886121892
0.0485489836933213
0.04766334213747628
0.036563971043933094
0.028572513410483946
0.02439894046030331
0.013114510139956303
-0.0024902289545916285
-0.012046095925676903
-0.0159296601661957
-0.01720763696765697
-0.013371095755357514
-0.01331586187888456
-0.017404927916346746
-0.019120785565266325
-0.02038156705223372
-0.0204338059664313
-0.01848092307803057
-0.016214780713173876
-0.013231918915680803
-0.008281590766995773
-0.0014432715052327522
0.007069746342229326
0.017559869094516286
0.024166190357916676
0.026394375984557447
0.027283809602492434
0.025233950997647886
0.02360142478878687
0.022649415756209493
0.019318560748634642
0.014312756417628891
0.010131508487813806
0.0065867851312871265
0.0029324901933938485
-0.000281334707351533
-0.005310657091769724
-0.012292085290906142
-0.01968394302272176
-0.02801348356186415
-0.032050114210544836
-0.031129633045393634
-0.028107040155249
-0.02145322963565236
-0.013831546726971788
-0.0054149803470179645
0.006507977493800946
0.021440408676820084
0.02944469711562396
0.029967799315652854
0.02743639379453869
0.019178006890776478
0.0117111019022207
0.005399719576198735
-0.0053316942457359365
-0.01914238557384286
-0.026068748614606986
-0.02586904815229336
-0.022386439703493084
-0.013019823330410135
-0.005020816717995162
0.0012798633037527233
0.011742828951392994
0.02486656779517319
0.03145030178105289
0.03132068764953595
0.02782729709284835
0.018563988922725053
0.010413536414754235
0.003644461663673916
-0.007265689784852701
-0.020910649705138392
-0.028558247717481333
-0.030045624052278303
-0.028576057651246874
-0.021870264300696347
-0.016481490195669288
-0.012676102116440973
-0.005211720602951343
0.004564461327856678
0.01031600933240633
0.012081825018198367
0.011973850175943318
0.008390824282131825
0.006423004557863831
0.0062757734501561364
0.004048070286772566
0.0008108469449569102
-0.0007959955144089608
-0.0009756473571359492
-0.0002503095120234674
0.0020007586733766596
0.003215143388258668
0.0033271733554060545
0.004130967830803372
0.00508293743927644
0.005308677176699156
0.004908808266152711
0.00391188921388324
0.0021077655524657977
0.00047407981245543504
-0.0009957498598196272
-0.0029754681824309603
-0.005273386767400807
-0.00650368318748044
-0.006603833258826083
-0.006098846494960026
-0.004609236146577529
-0.0031333323173008284
-0.0017019734597436115
0.0005220993819423405
0.003344668115042502
0.005077150684076186
0.005668599536718524
0.005798615643733287
0.005025115394492442
0.004565943318636347
0.004482763587703136
0.0037882150552406716
0.002737392513970729
0.001461349792963002
-0.00015528527915300994
-0.00201002939318846
-0.0041096085039638245
-0.006796876953136396
-0.010087497715429975
-0.013836058386699369
-0.01813308532250353
-0.01978134504011201
-0.018463269795325792
-0.015758974365811192
-0.010756570426082707
-0.005275954529013676
0.0005866425797234254
0.008559010952148744
0.01829514850808967
0.023836944015907666
0.024854409116300318
0.023962487760379885
0.01955356765779047
0.015561798190687273
0.012194180845396422
0.006084470962517002
-0.0019652594082852394
-0.006843843900076955
-0.008503236515895945
-0.008851879372273469
-0.006587028099091623
-0.005581322816046428
-0.006023939269862576
-0.0048784633993145055
-0.002967506724507762
-0.00197419994012783
-0.0016972257279052089
-0.0018968068179711498
-0.0029437993221051646
-0.0030698594870682667
-0.002227905938994615
-0.001596008521919398
-0.0007891983089329554
6.249874697157788e-05
0.0008366991455635149
0.0018764887749635746
0.0031285883442651874
0.004370205719081351
0.0056387083526607965
0.0070027851917124975
0.00842582188173898
0.008468934451447935
0.006984136390197239
0.0046188454241501
0.000949669644656758
-0.0031639803769061376
-0.00770017289375329
-0.01348007680857414
-0.020353916921363048
-0.023296101032539863
-0.021933438085842086
-0.018555328825430976
-0.011766829989502415
-0.004715376593528532
0.0024450942389206134
0.012524423646604527
0.02490460830341489
0.031073004434372845
0.030582666159872
0.027073550244796345
0.018247185856182287
0.009802815628501738
0.002017482677590681
-0.009965679457200357
-0.024994338919423997
-0.03285650746302858
-0.033194587645111726
-0.03009800757943735
-0.020863874162799636
-0.012719384031309079
-0.005998492093633189
0.005251130598286332
0.01954710372051298
0.027497300993569687
0.028945194256786492
0.02736387705464474
0.020316674542288162
0.014843305333928625
0.011246482247818438
0.003916066617078642
-0.0056885431341026655
-0.011226955117266214
-0.012775240261938459
-0.012364103073360454
-0.008398847560834602
-0.006054731557639997
-0.005528534326895033
-0.002882489863441007
0.0007969701159154836
0.0025290294108593976
0.0024836589575122823
0.001331515896073485
-0.0016482247227931717
-0.0036840731335815967
-0.004705770107715707
-0.006704631014660958
-0.009100656365276428
-0.010020112655014717
-0.009495141742598617
-0.008006706699561937
-0.005069941896835175
-0.0022998131135187005
0.0002774817717535492
0.0038960593827729053
0.008236933399012367
0.011043343429104405
0.012246324525001226
0.012705378971484192
0.011821417606253755
0.011253066200291087
0.01106748962247284
0.009914188764244899
0.008130537962971716
0.006630923968075372
0.005325838303806855
0.003995485776640138
0.0028384129250241226
0.0009483761181827804
-0.0017204897083372122
-0.004565819958172535
-0.007797052252426851
-0.010169802595875138
-0.011508438583481806
-0.012557371913509176
-0.012953348497081485
-0.013276541697050817
-0.01358039747286082
-0.013251280437179257
-0.012402675682463268
-0.01113284897304131
-0.00934682855879027
-0.0070519046690548735
-0.00422746918504782
-0.0006384806374237413
0.0037533297151855945
0.00887832222338587
0.014818087145767489
0.018172621906082403
0.01862070285046098
0.0178418937672562
0.01487512214735069
0.011699666309879404
0.008427861730381004
0.003214626059951297
-0.0035544449998995316
-0.007912248228185545
-0.009743338416108627
-0.010700375978911474
-0.009756185587146903
-0.009727463695850163
-0.010776954953448756
-0.0106274749566097
-0.009880944727494595
-0.008545921790711059
-0.006334782294748894
-0.003640488047383057
-0.0003695366500727474
0.004080906574172625
0.009729132214280636
0.016398553105453836
0.02425496277278198
0.027727679484796625
0.026289129301638466
0.02271070918297997
0.015420529046061126
0.007621267923875608
-0.0005001575256977469
-0.011942328145364658
-0.02608048916855372
-0.03324543327840712
-0.03291878608460955
-0.029293723193388573
-0.0197629804311015
-0.010745624727368468
-0.0025686991742740807
0.010248850609462238
0.026402549054944744
0.03542131473642274
0.03700704045615309
0.035275084440838204
0.02747941659727339
0.021162184073149497
0.016675173712117356
0.007884423194683549
-0.003649779342425197
-0.012184279727912542
-0.017943881181126525
-0.02262948625230515
-0.024860303732329232
-0.02961836907370374
-0.037116824425949185
-0.04373358449683418
-0.05055250205213583
-0.05131085886009585
-0.04497513784889081
-0.03523956318388424
-0.020186628347720257
-0.0024807140495999034
0.017707990479216586
0.0434854891533291
0.07441464243246299
0.09030301915601652
0.08968700394478858
0.08191045827579367
0.06141157205068977
0.040779593593711784
0.020694095857928536
-0.010031977716356702
-0.04888414024229941
-0.06960899427567024
-0.07117948665532332
-0.06444333575800323
-0.04244542531721385
-0.023437076795051606
-0.008328288126556392
0.018010298028997233
0.051813110315587135
0.06659705933659696
0.06169405864524347
0.04714322697048279
0.015988915558494354
-0.012420365165651913
-0.037272475746815914
-0.07425666063581
-0.11941279507387992
-0.14066378929340131
-0.13681647951084527
-0.12039970630478498
-0.08283523913389451
-0.04688493540153192
-0.013461663092252753
0.03631774644675795
0.09788086646900758
0.1348604320845712
0.14616448359253453
0.14605859929307455
0.1249684635087307
0.10914480806588114
0.09978373500509946
0.0754984494288473
0.04169884452320391
0.018319641154934882
0.004549179755596119
-0.005541284717417608
-0.007179684751428993
-0.017719717881471912
-0.0379277037864048
-0.055235761381735415
-0.07343959973866002
-0.08487290567423147
-0.08741839337302276
-0.08736557620102382
-0.08217668236735477
-0.07308480650336142
-0.06043779188916136
-0.04125330207465184
-0.01565218284724474
0.0018403698385244332
0.010481580357448025
0.017276494576214597
0.018439226631089718
0.0233031712344856
0.03260220991032747
0.03850219720790354
0.043061373292828095
0.045884725403661814
0.04593991287218085
0.044795444523209355
0.04200777654074841
0.03585172472011953
0.0262895938689251
0.013649354256205809
-0.002561457869363207
-0.01301025547364397
-0.01692695092783948
-0.019196081831062316
-0.0172838799702834
-0.01665148418866446
-0.01775176476754206
-0.015685233201903247
-0.011622446353209352
-0.009660311072096911
-0.009533507257079
-0.01005845504417538
-0.012165998677170472
-0.01223090221807952
-0.010066428347557539
-0.008212552978463487
-0.005849303870138544
-0.0039048297977956033
-0.0027114806089324384
-0.0012222813795258437
0.00025813904432771565
0.0016700072532039945
0.0031120656466584857
0.004349827904438971
0.005384680576833237
0.006740402633764345
0.008410411757643217
0.010137002455059137
0.01203700170545884
0.013772281860718917
0.015302019365889995
0.016880042008668692
0.018419643278782018
0.01809443317578921
0.015736347649625882
0.012128196405020887
0.006737981828013792
0.0006530259518045791
-0.006106135868490869
-0.014575766528016844
-0.024570040227462116
-0.03009535235523985
-0.030718760794614372
-0.02917147471135877
-0.023796535118343905
-0.018372655479830663
-0.013090597867210764
-0.004597592390771799
0.0063580701194090325
0.012637420019627602
0.014011323880947313
0.013398482723861719
0.008930057188415552
0.005669715496372418
0.0038816504858977907
-0.0005646620483636539
-0.006608120873087958
-0.008838658731311753
-0.00724165997581459
-0.0036665642554291303
0.0032722070215619944
0.009359918783420176
0.014434452314290164
0.021788597031846355
0.030549334234294196
0.03401780997523527
0.031923535122989344
0.026834223947903798
0.016939141561476696
0.006981208657440645
-0.002875694835990255
-0.01660293528817009
-0.033267613261110926
-0.04234290700370958
-0.04332057659581787
-0.040584206551844575
-0.03129697434127312
-0.02265863283582817
-0.014999578306159408
-0.002240762039463142
0.014164373906565737
