0.0011224263517021127
0.0011256698964565036
0.0011274721458882772
0.001127666187463253
0.0011280492892195063
0.0011280907152431277
0.0011295234849876947
0.001132720163369803
0.0011364867735485394
0.0011413750098482943
0.0011468132732122545
0.0011527393239734256
0.0011599513168005478
0.0011683608194842877
0.001176053225712792
0.0011830022336806862
0.0011901023409064647
0.001196889052824275
0.0012047240085419878
0.0012137323542977994
0.0012228687448815675
0.0012324578499444063
0.0012419635699349946
0.001251228184428823
0.0012607490513937805
0.001270351844156907
0.001280124959962564
0.0012901104442738858
0.0013001085820171139
0.0013101395933325772
0.0013210357473398117
0.0013328401099447877
0.001345166547280594
0.0013582344534876416
0.0013715171647670583
0.0013849791781189518
0.0013990706297976757
0.001413679843423046
0.0014265947314523655
0.0014376486437642608
0.0014478047529485082
0.001456441005234982
0.0014649425811917543
0.001473360012494884
0.0014804407278776542
0.0014864448729435085
0.001492799069837363
0.0014994492158275532
0.0015058586859316122
0.001512353858090854
0.0015177297849581488
0.0015218954452332599
0.0015257006958141915
0.0015288578432772384
0.001532983389038246
0.001538314038905689
0.0015438685410844501
0.0015501214703099436
0.0015563207694901861
0.001562395110227185
0.0015691435468552404
0.00157641834769126
0.0015827239060143545
0.0015880430623097627
0.0015930052914752016
0.001597238934175905
0.0016018314000531403
0.001606858574796204
0.0016114736319595758
0.0016159208646097179
0.0016172998855276107
0.0016152172384923567
0.001611202380271362
0.0016043853350845103
0.0015962229935607693
0.0015867804134372817
0.0015745259671185348
0.0015597080883361007
0.001544717687427642
0.0015295155648098867
0.0015130645668183784
0.0014959182221142922
0.0014762012602269393
0.0014537433834530423
0.0014298992512666842
0.0014042101818739412
0.0013783641352651426
0.001352645721531546
0.0013259014004888007
0.0012986275298373772
0.0012701174990979469
0.001240270917447895
0.0012098751947597645
0.0011787785860029418
0.0011451803601054418
0.0011090250558177836
0.0010710731222901817
0.0010308586929862874
0.000989617958071428
0.000947423395192683
0.0009032624604505811
0.0008573978800745775
0.0008124723094527781
0.0007686266794837718
0.0007247967329587136
0.0006817072742985293
0.0006375782145281087
0.0005923474144248896
0.0005475501774861239
0.000502842701744509
0.000456670419781824
0.00040910539175885094
0.0003606861919485381
0.00031105711779333786
0.00026157171905127793
0.00021232096137230612
0.00016235572600284447
0.00011199382648528991
5.908707634031934e-05
3.3333522420919746e-06
-5.401718953220987e-05
-0.00011359663205987674
-0.00017437750306565765
-0.00023627747565268192
-0.0003003783840271651
-0.0003664852572478793
-0.00043270418990892367
-0.000499028963313446
-0.0005662590062512806
-0.0006339324033360779
-0.0007034580961275975
-0.0007749418054302879
-0.0008473094223050455
-0.0009208849748613835
-0.000989041576411453
-0.0010509852382986008
-0.0011100517616709396
-0.0011642861709511535
-0.0012172360185886304
-0.0012690514264401525
-0.0013161653101045557
-0.0013592021183647255
-0.0014033250863063616
-0.0014484273157286975
-0.0014923346855501994
-0.0015362406704721593
-0.0015760311799986712
-0.0016113481524920674
-0.0016451500187696657
-0.0016764370090941764
-0.001709364890928752
-0.0017446052874536702
-0.0017794243741817465
-0.00181504448505026
-0.0018496637570290435
-0.0018830572723397055
-0.0019172025186790457
-0.0019517251444353702
-0.0019823852491793028
-0.002009077713232135
-0.002033593075373797
-0.0020548481746747037
-0.002075806799545265
-0.002096654086912394
-0.0021150015579618734
-0.0021314911676535387
-0.0021516436847162698
-0.0021757314838243003
-0.0022016053135174695
-0.0022307786978425156
-0.0022594805047350657
-0.002287594936847261
-0.0023183593892740365
-0.0023510519806865847
-0.002382542789149919
-0.0024130014592726482
-0.0024435007767959534
-0.002473336032438621
-0.002505287957107797
-0.002539549829272505
-0.00257420078713287
-0.0026099015796364204
-0.0026420632690400342
-0.0026700599929208864
-0.002696556395278801
-0.002720211918956288
-0.0027432585919329035
-0.002765880866488071
-0.0027857642422462834
-0.0028033406270621865
-0.0028226322982612536
-0.0028436583286562188
-0.002864740640074414
-0.0028868664468923934
-0.0029070509562637934
-0.002925079761274756
-0.002943241476847751
-0.002960856865005077
-0.002971228461315448
-0.0029739121265771437
-0.002971545103245366
-0.0029622340787280182
-0.002950342509433939
-0.002935959650786786
-0.002915174662054076
-0.002888773784196005
-0.0028606978794331506
-0.002830707199876372
-0.002797323790941096
-0.0027614012952928754
-0.0027194144289450564
-0.002671061247082528
-0.0026187104350572587
-0.00256148319157777
-0.002504795251457242
-0.002449353939407075
-0.002391902125452627
-0.0023339879227302495
-0.002272925663142723
-0.0022084399920401397
-0.0021432261200266746
-0.0020767216764343856
-0.0020040170513591265
-0.0019250301276189233
-0.0018417414448308397
-0.0017529038581365769
-0.001662054141801206
-0.0015693972836808277
-0.00147212100108564
-0.0013709882620123483
-0.0012698612026234497
-0.0011687924261808784
-0.001066490106416009
-0.0009639706102073336
-0.0008582981232393718
-0.0007493898836669617
-0.0006396053478534227
-0.0005283627421870151
-0.0004138387114186128
-0.0002961723461776936
-0.00017586839151365847
-5.2519487474404955e-05
7.213584971040187e-05
0.00019800290478938666
0.0003262618512595127
0.0004565108223780572
0.0005924741357640746
0.0007346329027248511
0.0008809361886780381
0.0010324743435635368
0.001187375808151432
0.0013455161637378696
0.0015088152741995957
0.0016769245370856982
0.0018467745937581113
0.0020183839416580817
0.002193036053058326
0.002369995873870089
0.0025516096053214317
0.0027380606868434533
0.002927598096501478
0.0031207710698397404
0.003288314412577598
0.0034270459262436804
0.003551058840648093
0.003651798367816103
0.003745627421000324
0.003833161269136946
0.0038983823174338164
0.003944192887813818
0.003992262739417446
0.004042009258542938
0.004084479076839762
0.0041246353034735716
0.004144881198207265
0.004143695799143846
0.004133596535390378
0.0041102926646709925
0.004093170320629806
0.0040852219165816665
0.0040739675744826025
0.004065074394150944
0.004049853654466389
0.004027277253595352
0.004006674549972814
0.00398624092313225
0.003946743356906453
0.0038877447225736128
0.0038172947956326975
0.003730490440518907
0.0036408760814080794
0.003549289195418022
0.003444857373144064
0.0033305159973309032
0.0032289483483999154
0.0031411496490644482
0.0030584944216129678
0.0029871654697648984
0.002911399749272455
0.002830725306467555
0.0027585339913747927
0.002691794240667851
0.00261799908236964
0.002537870011745656
0.002455588463197367
0.0023683457280212613
0.002287374999040024
0.0022134376919709427
0.002138802983586764
0.002066133743726141
0.0019761138232630747
0.0018661384138760975
0.0017473288046073992
0.0016140438828078246
0.0014757426597854484
0.0013331837716116855
0.0011765891333849832
0.0010077809354477425
0.0008435189614936325
0.000683857418557033
0.0005218092007746424
0.00036147491721700496
0.00019036358443581575
7.569164802803538e-06
-0.0001773656548086673
-0.0003672934079285832
-0.0005336602866119058
-0.0006725168063290317
-0.0007992908287487271
-0.0009054329962831447
-0.0010050794907392184
-0.0010989588606358624
-0.0011721444894302535
-0.0012270907295028985
-0.0012878700716800343
-0.0013542032143318728
-0.001415677345203115
-0.0014779322649034982
-0.0015223280302504873
-0.0015472264751195566
-0.0015662559127084645
-0.0015749113640886713
-0.0015892545855289322
-0.0016121200941429815
-0.0016324716412860147
-0.0016550917428296789
-0.001673499829472558
-0.001686788595029334
-0.0017024199411306811
-0.0017190451364753284
-0.001719347274386455
-0.0017028277580654636
-0.0016769209238093052
-0.001637184121499227
-0.0015955485571923604
-0.0015527726839701407
-0.0014991652347260875
-0.0014373063937979924
-0.0013932473261830847
-0.0013684552879843718
-0.0013524767406801388
-0.0013525046845828583
-0.0013511418316232103
-0.0013478326735416346
-0.001357716212488499
-0.001377480747144346
-0.0013918300169090787
-0.00140152528349374
-0.001411961994138713
-0.001419683141854427
-0.0014380920849998227
-0.00146814651745459
-0.0015005400090589642
-0.0015384646145922478
-0.0015609744786648368
-0.0015651655565976027
-0.0015633396662476976
-0.0015493733704405564
-0.001533353439166232
-0.0015161456904240317
-0.0014872385408221235
-0.0014485938571367955
-0.0014188237407781316
-0.0013980517340284437
-0.0013785012486154497
-0.0013647576115511607
-0.001343086215389893
-0.0013125110187994719
-0.0012836107365137254
-0.0012532727172099307
-0.0012267422954637438
-0.001205709055814717
-0.0011854753613878967
-0.0011678506722708525
-0.0011523151110627828
-0.00113860608866015
-0.0011286857893318244
-0.0011225437077235368
-0.001112473757856169
-0.0010982155248418243
-0.001083585294658453
-0.001066663505400847
-0.001052544305425488
-0.0010417166411546511
-0.0010300980889474992
-0.0010188891090924846
-0.0010083155738424814
-0.000997961805234642
-0.0009886091038130002
-0.0009802194467901889
-0.0009717781067392672
-0.0009633591681351362
-0.0009554255871173688
-0.0009477806502646983
-0.0009420250612678937
-0.0009383447668743035
-0.000935846159037684
-0.000934983634335983
-0.0009349955646936094
-0.0009358203980731595
-0.0009382414768980786
-0.0009421114129042671
-0.0009380600469213781
-0.0009252559147372684
-0.0009080090811798118
-0.0008836516605255513
-0.000857775727448065
-0.0008306070398138171
-0.0007969398708514783
-0.0007578143150728666
-0.0007196617770512366
-0.0006822864038963329
-0.0006431792878702292
-0.0006038238496577332
-0.0005589149203686672
-0.0005080391262481794
-0.00045497856127518365
-0.00039846564988611755
-0.0003448619256097473
-0.0002951420029891483
-0.00024534105217410086
-0.0001973344214716736
-0.00014825233270573585
-9.780073243270817e-05
-4.908456120617656e-05
-1.5363245574700373e-06
5.0923321323074865e-05
0.00010838565276714526
0.00016827520367254916
0.00023211172745480496
0.0002955242751382144
0.00035821087804659607
0.0004236027071167253
0.0004907235436938119
0.000544584180333005
0.0005840343466476904
0.0006153923148506661
0.0006343994890402414
0.0006504617588721571
0.0006638393192566158
0.0006659526162735009
0.0006585116121832454
0.000651004954517506
0.0006429879558676858
0.000630819231891963
0.0006166128076759969
0.0005921867087553749
0.0005568617292568228
0.0005162780623556528
0.0004684291631582325
0.0004247509295543374
0.0003868282353672623
0.0003476931661182261
0.00031065057039871414
0.00027020837695977137
0.00022580290668550997
0.00018308698493446653
0.00014093118494417275
8.87601839322365e-05
2.6402318010890654e-05
-4.1798853366870314e-05
-0.00011851496839481762
-0.0001961355883685175
-0.0002741895883630733
-0.00035870236590328946
-0.00044801180177888374
-0.0005329466034842438
-0.0006132846656982578
-0.0006921755640541005
-0.0007671656505712103
-0.0008450239087714735
-0.0009259216644695642
-0.0010042982927653587
-0.001081466568566428
-0.0011619126744267395
-0.0012452939151225621
-0.0013302614760340129
-0.0014178008894923872
-0.0015036629402990329
-0.0015875779079266724
-0.0016724021113115567
-0.001757128154374917
-0.0018502591039443786
-0.0019528851049048128
-0.0020602338742862028
-0.002174776711386613
-0.002292233045847896
-0.00241228213349249
-0.00253927600734436
-0.0026723916698480794
-0.002804486656578901
-0.0029355634160630746
-0.003068573117053229
-0.0032017779233414973
-0.0033405609965081627
-0.0034853138983706256
-0.0036319539669664946
-0.0037817155920564865
-0.003911601775659472
-0.004018821279764477
-0.004115030262457895
-0.004193437284007371
-0.004266267390196791
-0.004334049440580451
-0.004384441230609505
-0.004419593581607303
-0.004457538502270535
-0.004497918171726698
-0.004533122584131055
-0.004567325515135546
-0.004586197795349188
-0.0045884920858227755
-0.0045845292155464925
-0.004570829412645079
-0.004561602246110239
-0.0045591657441073075
-0.004554126902419521
-0.0045506699928419886
-0.004542679049769747
-0.004529380656300569
-0.00451751842057182
-0.004505820875632886
-0.004479705634815342
-0.004438804144414532
-0.004389284882669836
-0.004327420301524754
-0.0042633865453773605
-0.004197819873267011
-0.0041225112220165065
-0.004039663836880136
