0.000494915096054698
0.01956990882540885
0.0265002886896681
0.019106042686271876
0.010084113985082096
-0.005686561667098625
-0.011677907627188688
-0.005645175047701784
0.00022298984788368616
0.010356693316898764
0.009260805121756411
-0.005451502138253448
-0.022778707347906966
-0.047095940870092
-0.05047517565421581
-0.029558296910008962
-0.0012885242753235147
0.04214452564942996
0.060835339324062584
0.05052881352429871
0.03703039251027245
0.009725829768745463
-0.007274942758305093
-0.01049514114130507
-0.02047745710192829
-0.031073199890015644
-0.031728686284868926
-0.02345793811933938
-0.006417972998252592
0.02204235021838794
0.03193806436312816
0.021604079919769186
0.007866554194562033
-0.01678811713130543
-0.024994362898846687
-0.01357355610721342
-0.0018316589717704836
0.017393872088282344
0.0234027850779886
0.012875756432568074
0.0015377620183211085
-0.016367539394166335
-0.022528595726008342
-0.014081734109644056
-0.0045612536528422416
0.011148896589672304
0.016143457398248184
0.00793236968519456
-0.0011149573805418669
-0.015656051506710532
-0.018118304102299452
-0.005991293515185177
0.008472691398359834
0.03016328788940498
0.03378758126424007
0.01620668352170559
-0.006433748106814685
-0.041137722240905054
-0.04988401721833252
-0.02836540022981981
-0.0006582309498958871
0.043567551408362326
0.05582343458292548
0.030449043948093467
-0.0006898463868909995
-0.05067880332677513
-0.06339972327742122
-0.031853942403975016
0.006225828123898077
0.06609967626794445
0.08297195027123501
0.048605498709483615
0.0066945282933772434
-0.060449840788393654
-0.08349830262846024
-0.05351563759780636
-0.01847866414508125
0.04041984600471485
0.06383542772734171
0.04332827720910937
0.023012508131659636
-0.013179606925900339
-0.03147355934860872
-0.02556068021464166
-0.02492999766085719
-0.020276234698378835
-0.01264250269909471
-0.0048174802849537315
0.011334200797945558
0.03519465602824132
0.03909135150178912
0.021979118976481495
-0.003291203245846329
-0.043790036956493646
-0.05667075699023756
-0.03799598334042417
-0.014244561456121138
0.0258069455377185
0.04530193750860684
0.03959537550412356
0.035728406597723854
0.024004522639985905
0.01213241985216814
0.0027530635468222607
-0.015863296202787164
-0.041699726461860626
-0.04774843547997241
-0.03325061961806629
-0.009683569214893701
0.029878935358448107
0.044180988516914176
0.029739132928985963
0.012263637841738215
-0.01884921919070684
-0.03150763823902145
-0.021398470832595964
-0.012652318759247484
0.0032284834325514784
0.010643227788552732
0.006256699198654931
0.004467169590150947
0.0008657131346077166
0.0006414509155621669
0.0057026360880492065
0.009995410706208182
0.015238941057247163
0.015532675163785705
0.009638005018548746
0.001779546970604769
-0.009891684178601923
-0.017251947523670964
-0.01939056812832993
-0.021850994540349628
-0.02248886572160624
-0.017847177616514526
-0.007861447185918805
0.0076892406812584385
0.029933546283445137
0.03698478060079535
0.027298811326719442
0.012435404144398114
-0.013388697473617685
-0.024267011178143793
-0.017657120473604508
-0.010926983797067392
0.0025925504357856666
0.009006804119928708
0.005930364397682413
0.005497953951210118
0.004004191236951322
0.002466996197972706
0.0021747610642156574
-0.0003149352600606938
-0.004506295424999997
-0.006202180458830156
-0.0055949464697147245
-0.004323638320709678
-0.0014655799800043084
0.0006156332731950897
0.0017339592498825768
0.0037800540626807093
0.006221317983083917
0.006267405440979551
0.003849559051510862
-0.00010455817048870572
-0.0063465236299589615
-0.0078494423811057
-0.004061410025247236
0.0009936884225116161
0.009154563594981012
0.009534550098932032
0.0009574851185485348
-0.009853637448348601
-0.0258493062324748
-0.028893799555645167
-0.01696986254723752
-0.0011939775500203424
0.02339574342515035
0.035169120092646944
0.03170165754724956
0.027576737331065693
0.017068568307384586
0.009574295214270286
0.006778117670849355
-0.0006458983979426736
-0.010322406038112165
-0.020487120985987366
-0.03214435101302141
-0.04440517333175898
-0.05714631632761939
-0.051525927061490576
-0.025330925871993325
0.012709664189367465
0.06825479052038502
0.08729770479537334
0.06515815221812538
0.0327189111604211
-0.024411807939639645
-0.04970651169491434
-0.03710025516082585
-0.025961241012245964
-0.0016754116765783445
0.010881556288957234
0.006710989798601729
0.00970777319652966
0.01316929837326531
0.012686272893664818
0.010460324752949548
0.00333130533195497
-0.009316568395859166
-0.014757917440185559
-0.01281999161463589
-0.010185022421299246
-0.0038981579453785994
0.001744809894223937
0.006118965656336223
0.013695186681267044
0.023507199569413963
0.02132335373041779
0.006354054190469009
-0.015339540171252424
-0.047623654691974944
-0.05339282769279013
-0.029367514007642734
0.00340456470543636
0.054866339345380474
0.06919214031391777
0.04054854783571254
0.004022545542549385
-0.05531617105628912
-0.07613368313936443
-0.05105022235579599
-0.021919704844578277
0.02769051815798132
0.05150135315144072
0.04271089820718743
0.03718816094867501
0.022509564371035504
0.007387153396918099
-0.004611090366185873
-0.027956700044396696
-0.06023002045112966
-0.06117591053756368
-0.029169384413757878
0.01836786646454644
0.09198173369825412
0.10992193534107257
0.06497232642132801
0.005224481079756605
-0.09095215835704269
-0.12266243023955262
-0.07868860009053977
-0.025447282884542424
0.06395284435355164
0.0979477334453218
0.06432008830383228
0.029298009119364258
-0.03173774416727271
-0.058767512324769636
-0.04162396899112043
-0.029414079804107457
-0.005676578128148412
0.008768286046159783
0.007847488985626906
0.0150657072405842
0.024290904193525004
0.0232104368783839
0.013378880023035798
-0.004274887814308662
-0.032507300085684636
-0.040740036145562215
-0.027065429189473304
-0.008497639024864329
0.02275766901079796
0.0368413683727393
0.03043665608537883
0.02435398947910666
0.010819762827971443
0.001362317542818499
-0.0015756010962971127
-0.009943284460841147
-0.020698685289078866
-0.02369369163683792
-0.019390986458347165
-0.0102867128664249
0.00608718322494049
0.012926725697528887
0.009187829655039254
0.005101698383105982
-0.0034779721272986267
-0.006581385650186674
-0.0027228767915774125
-4.831543935511598e-05
0.004059300634444858
0.004184513095134559
-0.0009560301842996184
-0.00671347835375622
-0.014741185053041735
-0.012345512899257878
0.002083213833387118
0.021139819662300906
0.0484676294802877
0.052947505036580175
0.03144936555674174
0.0019333173785784988
-0.04410581905250508
-0.06316639787288011
-0.05072346005073536
-0.03487006678234355
-0.004095930595695696
0.0132196945137903
0.013041816904636794
0.018659464833569235
0.022730935746561935
0.02241801827854558
0.019593801661235276
0.009730167190716371
-0.007705192113095304
-0.01507856760667059
-0.01206352879754846
-0.007794750977586877
0.0018996150272808437
0.004664828794795692
-0.0009408695711074134
-0.005607905534474225
-0.012476822002177814
-0.014254158564990923
-0.009433137270680294
-0.003965707362273977
0.004297920880659192
0.010994990065380957
0.015300919896649787
0.02115181728340091
0.027356656139568267
0.023961706493581425
0.010330208613068454
-0.009844826785588654
-0.03939558978440033
-0.04751757884356726
-0.031647864264834645
-0.009014081391113588
0.02858986130313878
0.04110778521198691
0.024378340165338172
0.004540031254626695
-0.02895772954020144
-0.03814412663881146
-0.017981533596983488
0.004645620988799071
0.04001763300402251
0.04897302405863341
0.02602835612832545
-0.0016245820704186005
-0.044835405147907306
-0.05764392447514005
-0.03412582242095906
-0.005339867681240489
0.041299418738329846
0.05682563407075218
0.03492972947180629
0.009594157565637062
-0.032449147330563866
-0.04646393183016345
-0.02616278032353125
-0.00399060957717546
0.03224761688912515
0.04635821487044169
0.03275172983354367
0.018868699045556252
-0.00525410949421274
-0.021956078342952844
-0.027655317784055836
-0.03915762199747425
-0.0516503149398122
-0.04624004740017752
-0.02279048578759048
0.013664448458949065
0.06820977815741684
0.08243059061485478
0.05180737947323161
0.00875968977488258
-0.06211833478435378
-0.0877077370041538
-0.060375324307774605
-0.028154546787664658
0.028182314418449088
0.057510686837339696
0.052400880186936144
0.053353185462448084
0.046830957957382395
0.033028125493966796
0.015272355069944543
-0.017662622814330363
-0.06560271109512478
-0.08110068476612757
-0.06217197587644824
-0.03174937524675233
0.022266601554605716
0.04598237972525196
0.034404591671838854
0.023669275830608672
7.482709812523945e-05
-0.009521280722385169
-0.0002540738685781634
0.003842022933381541
0.009977335187178598
0.012575805284187993
0.00865224217252797
0.0065682547026802976
0.004248241482364845
-0.002977485240834758
-0.01456328641470248
-0.03007684225110063
-0.05056888220364137
-0.04980378089947311
-0.02553386515778183
0.008942975870038112
0.06085682903233915
0.07715098971832063
0.05285801384725446
0.019572928157281465
-0.03684755414159506
-0.05844017549323887
-0.038663733664132234
-0.017227845513111614
0.021132530538970937
0.036593055358850185
0.022913706276476622
0.011759665013071022
-0.007646524942708148
-0.015622656006005296
-0.007687051044936253
-0.002047142785611423
0.007008728105100166
0.008476158119767202
-0.0004253187528119011
-0.009759062744915323
-0.022914661403898907
-0.025321821970781755
-0.014752330875313042
-0.001005395930069301
0.02011563572882005
0.028465309430374213
0.02171502622343706
0.013106099656884675
-0.002789095623597634
-0.01180617050535364
-0.01197252687120799
-0.014672876060694172
-0.01622725084203909
-0.011699623639245885
-0.0015884673907431862
0.014764943432748898
0.03869911360277525
0.042086874827131145
0.022958447089486283
-0.004014068149191037
-0.046278601829978484
-0.058599696536654276
-0.036540631241642536
-0.008044272262811155
0.038900178500062756
0.05523715346343612
0.03512698109150018
0.01209807992738931
-0.026948115858128077
-0.041153364346135764
-0.024638620109719327
-0.007818997329506706
0.020395665839228642
0.032211884696895995
0.022825755743701274
0.014700521549307895
0.00011606480543497878
-0.011567408809976063
-0.01770422861636828
-0.02921513874898362
-0.04344269907201178
-0.041336553242187934
-0.02236433284713984
0.006560720935728381
0.05050099787516312
0.06523119453955771
0.04717007974583296
0.021889291995194134
-0.022204275847238684
-0.040875025983426724
-0.029167525668875396
-0.018054175001040333
0.003988453565862311
0.014102236511674443
0.008039443931880047
0.006199674020620546
0.00237306069126075
8.84057999726898e-05
0.0016987369667645293
0.0005449982665663559
-0.0020112222736785733
-0.0016581657991505809
0.0010633484842352446
0.005195139122376641
0.011603228752482533
0.014006283962306618
0.011957805809624229
0.009145494874629631
0.003970722806516999
-0.00582719534309567
-0.020377976445766395
-0.040013301244075816
-0.06554948338446878
-0.06601924818670814
-0.038799740175428706
0.0006333724744863445
0.06083911822028471
0.08688505808582787
0.07377449375527684
0.055258691383564824
0.016934170781464496
-0.007777332943814072
-0.01440512267870894
-0.031187452907024474
-0.04976103907260468
-0.05140994789869436
-0.03715968991907763
-0.00935213940476202
0.036825706255681455
0.052830997306647004
0.03570753950891719
0.01311138631724791
-0.027203098399541766
-0.04105874098110167
-0.02326436025925789
-0.005099569779729753
0.025015473043380903
0.03589594947688817
0.022393824611159983
0.008865846108484943
-0.01333901383186692
-0.023787607371958012
-0.01870969448477239
-0.015061347550237546
-0.007099227426430187
-0.0007590889960548221
0.0020369683261654697
0.008935363498093561
0.018224734498382945
0.018652122501406767
0.010141401579230958
-0.0032845582358711632
-0.024492921259156003
