-0.0017753750481937732
-0.0031446925699029414
-0.0048774575352436445
-0.007005722954706491
-0.009239336406325347
-0.011672062654978548
-0.013263580639836608
-0.013880304079217146
-0.014080636733863196
-0.013558125467441406
-0.012847409286838786
-0.011979357794271492
-0.010408120190782301
-0.008231112438050114
-0.006311950251415686
-0.004643266754902156
-0.0028616039111616204
-0.001172277554494603
0.0010903298202350011
0.003980007250443044
0.007003962722046227
0.010319567958159564
0.012681417101406346
0.013915203077148556
0.014723317836374174
0.01473625610553054
0.01456237149871428
0.014242709886784334
0.01313768516226358
0.01135866273215991
0.00999759557867529
0.00905272903481846
0.008058525070806514
0.007277737142652919
0.005886435080546662
0.003818893749460807
0.0016941039780503427
-0.0006809255149394315
-0.002452154718957683
-0.0034709960178654783
-0.004282039375558864
-0.004625714147539578
-0.004856320584057507
-0.0050083362970553755
-0.0046689109313026
-0.0039027372674904346
-0.003569235459965918
-0.0036794475752515874
-0.0038539154216979256
-0.00430412402874167
-0.0044114154319136725
-0.004126707707282959
-0.003929071103984579
-0.0036758731102264574
-0.0034715950480304356
-0.003377877534591328
-0.0032413561886248713
-0.0031041711637638703
-0.0030149414406506637
-0.0029624860195934955
-0.0029621114341979865
-0.0030246038380143036
-0.002886255593949029
-0.002529857341536223
-0.0020910238999682722
-0.0015003633226243665
-0.0009135362565390375
-0.00034426882179123186
0.00034348650895797895
0.0011153974268148714
0.0016341906579975841
0.0018831312751310786
0.0019972542535721706
0.0018846506122349646
0.0017722200774526395
0.0016680383475610675
0.0013770953637726247
0.0009433952607353063
0.0005543694215965108
0.00020003269423548496
-0.0001829206819014255
-0.0005520588978573709
-0.0010732883401755706
-0.0017577172284268315
-0.0024901766775619655
-0.003309771502310305
-0.0037812291224467456
-0.0038502280413513145
-0.0037507059065233824
-0.0033553633122808367
-0.0028890796415072004
-0.0023655748088495365
-0.0015572957931366334
-0.0005059209712534464
0.00043353771916030456
0.0012640188995003583
0.002133321836787829
0.002956754079600523
0.004007859039553098
0.005308117717855551
0.006654414928787372
0.008110992517145248
0.009013487566539679
0.009274121954283855
0.009252160577490483
0.008750965262648718
0.008106945273732583
0.007339399068599033
0.00610093313020651
0.004452192902589948
0.0029501566543797962
0.0015901051416394398
0.00013568133346815187
-0.0012809816547486007
-0.0030885922384499805
-0.005322489019884453
-0.00766571001180444
-0.01022006012604048
-0.01183956257770028
-0.012376966087783062
-0.012446074760187758
-0.011709052840878363
-0.010755295351804703
-0.00961833371998677
-0.007696168471959563
-0.005095882579945074
-0.002768527020186229
-0.0007056076942155983
0.0014935650946606646
0.0036031598543616807
0.006356965474632668
0.00981459131729203
0.013433429330989002
0.017387237524515844
0.020078302082495714
0.021291680596075415
0.02190721021070221
0.02145232312001371
0.020726882698595475
0.019780813166054605
0.01778483152305493
0.014884863699285435
0.01244625797555789
0.010462265439246932
0.008353991584498741
0.006448015070970348
0.003703535875940858
3.685483044400025e-05
-0.003775751163279197
-0.00797928196973286
-0.011272927323127225
-0.01344844612326168
-0.015299821690459429
-0.016436099615098076
-0.01743532919666912
-0.01834735586328747
-0.01852882150049332
-0.018086227777220912
-0.0182642211202271
-0.01907333571987954
-0.019972233770442716
-0.021265518014030513
-0.02204353181881927
-0.022234879730658578
-0.022537989054561877
-0.022742669668938408
-0.022424594583529883
-0.02161299793284616
-0.020351284848659414
-0.01853180388585693
-0.016554341225088053
-0.014412180414713868
-0.011807280232262499
-0.008812414410826093
-0.005457206571668033
-0.0017022314864493183
0.0024264856129470698
0.0069370874193737785
0.011945765702609754
0.01746363165978897
0.023449373926619155
0.029938071057515284
0.03433376027918967
0.03637815529463507
0.037320883399754354
0.036416096259270565
0.03515520676153457
0.03360527982569517
0.030346043822581322
0.025653940777154608
0.021416388126093124
0.017589688963932412
0.01341996597259117
0.009347280979931006
0.003848220708356258
-0.0031966904056752697
-0.010687687005923674
-0.01898714267545862
-0.024823154233778996
-0.027762366204304757
-0.02961514257990088
-0.029418799935247632
-0.028817888795287384
-0.027920934026087904
-0.02503488042513807
-0.020464754700544468
-0.01699721927651938
-0.014622767802515738
-0.012169252806871353
-0.0103069477863667
-0.006919166824571424
-0.0018408147427893288
0.003340910774284012
0.009120192443570133
0.01339058379153627
0.0157791256047267
0.017641814160891334
0.01833689150675525
0.0187225520200901
0.018884635252976158
0.017811020737868985
0.01565789118736026
0.014561925688418562
0.014551942487388263
0.014681260440083966
0.015475898211688488
0.015401819913584797
0.014336689436806719
0.013469719976556093
0.012447085364821617
0.01157341049001087
0.011006478931046794
0.010344606380069947
0.009705679016878221
0.009184282396411558
0.008751877764767733
0.008471748429775734
0.008366107937093355
0.007746793083558527
0.0065720924076611885
0.0051925332502609145
0.0034282365143182758
0.0016931389008663256
2.3743265190188825e-05
-0.0019370913856906497
-0.00409737507635708
-0.006161687477225991
-0.008145738617668437
-0.010126049604485102
-0.012032290312384456
-0.014121362216822314
-0.01640180182825962
-0.018687026321218533
-0.02103158525807742
-0.023503988805121556
-0.026090412498325142
-0.028796427082674325
-0.031636463932431726
-0.03452180879817119
-0.03745248885787915
-0.04048462192561806
-0.04359975840255234
-0.04503200578526732
-0.04460483122942975
-0.04313046458809826
-0.040095230090318075
-0.03652497028551798
-0.032452211618406585
-0.026892864387744443
-0.02002854690759212
-0.01311550931979196
-0.006111869594905723
0.0014945660975994087
0.00941937693453027
0.01870248524290971
0.029434434736797348
0.04088462458557111
0.053308352693708976
0.0618941770896373
0.066091513189111
0.06835465199536085
0.06728320222805502
0.06549313530562825
0.06311870724940878
0.05758227527835627
0.049365067182247944
0.04223016272445626
0.03612190148088864
0.029493260578794766
0.02323182406200269
0.014377642108343858
0.002695396600457565
-0.00964706579989111
-0.02335094896347357
-0.03311094911811281
-0.03818313642175936
-0.041586287949249394
-0.04174971184140156
-0.041253958673969596
-0.04028208785799078
-0.03612197263439
-0.029251054610700843
-0.02434425067136346
-0.021402088299186675
-0.01843727142985458
-0.016579922781152785
-0.012319074862919133
-0.005380004654795499
0.001586683226939598
0.009398508960581656
0.014873325930981389
0.01741836840483944
0.019132246171052036
0.019037163082785507
0.01836986069836696
0.017261856140941514
0.014204156897282518
0.009418667147240293
0.006232415357492203
0.004696838904530229
0.0033225904834954644
0.002929928213120066
0.0011477354895499566
-0.0022159764365160066
-0.005317233028480145
-0.008703653274599373
-0.011023412534099893
-0.011940853151765787
-0.012489158051513401
-0.012228923097332232
-0.011517620846379674
-0.010416050590607427
-0.008338487694458021
-0.005339461075085296
-0.003121488506162365
-0.0017292754208365919
-0.0003583568948118765
0.0005681094456034691
0.0022148951056625275
0.004684336359758718
0.007054154301727978
0.009595310495657594
0.01122831359081959
0.011742379356866475
0.011840629772979092
0.011184633809631177
0.010186578589580251
0.008883567933416632
0.006756419488563548
0.0038730022499411415
0.0013879676203349747
-0.0006851725972708546
-0.002874685320438693
-0.004899966069950096
-0.007591915988931494
-0.011023704680735647
-0.014558685015135731
-0.018393412560273693
-0.02093597564207023
-0.02195925494471242
-0.022355698623349046
-0.02164976960663907
-0.02061671431393804
-0.019305209853810384
-0.01689358907848641
-0.013520803121759694
-0.010594443563195733
-0.00811021237179527
-0.005462354479010141
-0.002987619915298246
0.0003798432336222276
0.004727939668081034
0.009260399740563672
0.014229129055597057
0.0178942694903076
0.020000907450162773
0.021554090196807155
0.02203503095403408
0.02227029408551133
0.02231950421947378
0.021298313000607694
0.019357880699459415
0.018069850840960498
0.017436681528424515
0.016783104749309177
0.01648918552636169
0.015380786849418997
0.01336435807664327
0.011327669211405666
0.008996605879841742
0.007112011058830259
0.005838729514947167
0.004625125951634705
0.003703807726513505
0.0028453240157409404
0.002011440048617935
0.0015279581635110461
0.0013528921114492258
0.0006016099089860211
-0.0007511856106920315
-0.002301287446618431
-0.004271796701583976
-0.006059062254329544
-0.007615879755378432
-0.009426738094659146
-0.011355380645003237
-0.012835395989685217
-0.013864612709840227
-0.014611623712844305
-0.014927264508411458
-0.015250683865046277
-0.015589240709056406
-0.015590873263685108
-0.01533996336765166
-0.015055245499463348
-0.014708862362353085
-0.01424672886496763
-0.0137126781065907
-0.012873410982468742
-0.011713448090738987
-0.010379010426788904
-0.008812841321361443
-0.00743002223033728
-0.00628096009977449
-0.0051240020119939006
-0.0040769172799139195
-0.002928273029735548
-0.0016579520703206962
-0.00047454216551451485
0.0006658992349578033
0.002117037043819409
0.003882703816365601
0.005822169526821483
0.008024442094029617
0.010230286989346063
0.012424453360866726
0.01481054643792215
0.0173321435987191
0.018982259818361262
0.019681522613407307
0.019862005574292744
0.01923762210181956
0.018436210721499965
0.01747687839212437
0.015785826796113605
0.013477987862749409
0.011206067249573787
0.008942591787209212
0.006436531849331657
0.003834904219603376
0.0005815186507517336
-0.0033687625073433665
-0.007628734533742913
-0.012333664889561226
-0.015591433196045518
-0.01717780243308663
-0.018085446069465886
-0.017763688760596957
-0.01722073179822102
-0.016514646230561886
-0.014643823928647026
-0.011795994428247915
-0.009487925318089428
-0.007704292458597908
-0.005820417083484513
-0.0041977062118729895
-0.0016589625591370205
0.0018869365804336283
0.005568283488432875
0.009661178519024925
0.01241521455522589
0.0135671611308884
0.0141445911118068
0.013624444413858459
0.012820197418895892
0.01179363153983143
0.009663252148643282
0.006577872506765659
0.004136487049475778
0.002343930927930725
0.0005102800493426222
-0.0009769830196554106
-0.0033061538718890987
-0.006572015179987532
-0.009873335745209306
-0.013487180636575119
-0.015976618310706535
-0.017103115088275143
-0.01774536353404221
-0.017467112565598106
-0.016892391588417984
-0.016072332070563987
-0.014296673140893832
-0.01167658813316531
-0.009600826369676598
-0.00807869635350698
-0.006497679721189207
-0.005195023131357365
-0.003152433171660159
-0.00028591085776820564
0.0026283438992374957
0.005828700751086792
0.008293356262515364
0.009839041897645217
0.011121840246093275
0.011828867363243244
0.012375528648277028
0.012801889629567574
0.012614928105427418
0.011888973586229253
0.011670542202691161
0.011973180198920262
0.012330755497111023
0.01300022763181187
0.013229094893209158
0.012956216992384865
0.012763368864604193
0.012476129409604431
0.011944329422068035
0.011213546041172933
0.01022536228465078
0.008949578145510952
0.00760215533203374
0.006173795879419626
0.004529441522917605
0.0027091264808926604
0.000588135236356516
-0.0018618798780603765
-0.004557682044081099
-0.007540041669550916
-0.01078315041617977
-0.014285540971964255
-0.01809937051681213
-0.022223800937814578
-0.024810849160288334
-0.02568439640954688
-0.025714285969539563
-0.024370772860264574
-0.022732596690507045
-0.020844757057247098
-0.017688285415801332
-0.013462434693216773
-0.009476755366862927
-0.005695691330057374
-0.0015996756644257224
0.002508247360263054
0.00769710137122983
0.014051582850899524
0.020806108810611065
0.028216354606312628
