-0.0045629557507363755
-0.03474520686190266
-0.044559494524702314
-0.031006821489274233
-0.012799198964141428
0.018250421279280504
0.029726190633469866
0.01784567066351681
0.00502762722767584
-0.017301264704513878
-0.02305304044739029
-0.008312327427491745
0.007393404141877063
0.031216671316772908
0.03666423047133738
0.019786463569518437
-0.0008888631489378913
-0.03281583253888949
-0.04199000042697894
-0.024142830294447592
-0.0018034211808147021
0.03434712450806083
0.047160188569108766
0.03199851967191714
0.014484751339330583
-0.015388781561582798
-0.031976612336834714
-0.03136684912240001
-0.03422538431176023
-0.03370907015159193
-0.026367671793722396
-0.013564879624862069
0.008718234980601005
0.04140097738387749
0.052811456937774545
0.041279474851404784
0.0229661005878965
-0.010266886460373593
-0.0263878576399013
-0.022281089741924255
-0.020239950433322412
-0.012164075023505257
-0.004900672208232562
-0.000649845085199029
0.010476501446663835
0.026691735770278457
0.029315251915035274
0.018079986207893663
0.0006574726933944392
-0.027641454833795813
-0.03614510333055639
-0.02222938943755766
-0.004549406388128523
0.024866179797270828
0.03597492482662522
0.025114392165561276
0.013286005477208217
-0.0075046325350628836
-0.020513394019812902
-0.022848877922096868
-0.029187748231281927
-0.035058707345292046
-0.03068762651680778
-0.016505566691604103
0.006496578614404917
0.040920591455725706
0.053500650676800356
0.04199853020727832
0.024709442012776216
-0.006979207437285209
-0.021847102630573857
-0.01655958041968712
-0.01337815379734934
-0.004323896110274229
-0.00010391124806086584
-0.003365853178636618
-0.0025105782345770785
-0.0004930458225106105
0.001489710926440608
0.004763667194435644
0.0076530595962292945
0.010269668644797943
0.00759627230593353
-0.001229258612321583
-0.013721929360416798
-0.03152102657032204
-0.03481465217949401
-0.021840509236202076
-0.0035399206577773007
0.025452497591978027
0.03760352677089165
0.030148635925351316
0.020867287647852253
0.002530103154450017
-0.009280905767616265
-0.012220856029762429
-0.01983559726097625
-0.028140188915007757
-0.02375128146863303
-0.006713499088881814
0.019797441339725882
0.059369696108645
0.06663218674015084
0.03806765557280009
-0.0014806117498066735
-0.06403368114142316
-0.08485481970648288
-0.05732399308016225
-0.02257410267275334
0.03655752981840954
0.058930219105792644
0.03679616400659584
0.013762303727448204
-0.026476533573095633
-0.03894234746264641
-0.016419249004836146
0.006154585647461878
0.04117525682213684
0.0509074977934796
0.029060613581249766
0.0038483563266570216
-0.035436386258522065
-0.0505955381260363
-0.0361727061980155
-0.019443523031147138
0.010127476411752026
0.023389593753245848
0.01594478530124191
0.010620039638826987
-0.0004423784801096454
-0.005677072545191378
-0.0021690903669077076
-0.0018998786537855715
-0.0015548520551284118
-0.0029446997045440852
-0.007594909839626325
-0.012017610599575509
-0.017079679762279896
-0.0129699546492982
0.0017360299466799456
0.02166881231199045
0.049802589874822376
0.05166305256987051
0.02395611864526321
-0.01430158050763731
-0.07257270548280847
-0.08397856017127095
-0.04184497406983413
0.013834556326101928
0.10108987746550774
0.125519912272953
0.07677025421812293
0.01515258139909423
-0.08470294835461474
-0.12320530318029292
-0.08811736593542449
-0.04838018785700626
0.02268097470304081
0.05547211069339551
0.03925200323434208
0.029569040712977192
0.007704366505255087
-0.005056942100686244
-0.0020996573872174365
-0.00892252776689911
-0.019262888452132244
-0.021627244688192063
-0.01811485100020268
-0.009301436064228539
0.007071179938240543
0.018221367623884332
0.023863215949435548
0.03207241035355963
0.04003274877035323
0.03575855376435626
0.018663928020570486
-0.0077794440617559545
-0.04704272341775879
-0.06188169800156439
-0.04949480975758212
-0.030869709624722654
0.00372722979943161
0.021194345076479784
0.017912735989402583
0.018028633733837795
0.013118405354906628
0.01155237734713921
0.016000077303788336
0.015659054217825014
0.012902274739343824
0.010686741178820324
0.007760370990148874
0.004428708253771475
0.0009483911552214351
-0.008055297504454204
-0.022961034998882867
-0.041155134410898866
-0.06408160542083097
-0.06149328100551831
-0.03038400630147027
0.01375848532047157
0.07947955489053497
0.09969789522590781
0.06817275665172348
0.024388151555948614
-0.049590090253865696
-0.0779533352182993
-0.05232945016464192
-0.02422143640016243
0.02630152585940839
0.047201662962073565
0.030416254461577738
0.017325001290820704
-0.00610328548758129
-0.017291881013827767
-0.010673516529368814
-0.008494880485989183
-0.004178009864700284
-0.0019820253592925927
-0.004583034356629046
-0.0045737124859057034
-0.003610984322405044
-0.0031896709234480207
-0.0024522378912069658
-0.0020491815599135424
-0.0020542462787736682
0.0015732704164989537
0.009064054490505192
0.018514305754932178
0.030990607181536678
0.031538204725351245
0.018702238164045423
0.00046444168980523773
-0.027332634249755235
-0.039453468418656684
-0.033497829739190695
-0.025152106907981857
-0.007768730186607439
0.003894862965321249
0.007817681429116428
0.016722623946272632
0.026929492648958133
0.026011326628209402
0.014068864932584203
-0.005876765687558814
-0.03711511917627767
-0.0457283925416246
-0.029248745659583606
-0.0068369574383088496
0.030312824862531968
0.04551674771933491
0.034755566950965835
0.022986181878033175
0.0005917480178203955
-0.011426499347034751
-0.009570274883674098
-0.011867149865276132
-0.012724126234965204
-0.012920505368687475
-0.014246687395253534
-0.011839055726152906
-0.006179614374864066
-0.003384954141030608
-0.003076536619177476
-0.0025967027501877034
-0.003195318850088539
0.002037706859237767
0.013864312307552168
0.028073566225317387
0.04654900321821044
0.046005999777473626
0.023974968477136125
-0.006962181750623773
-0.05336903974615152
-0.06788380244852157
-0.04595629376220426
-0.01590182789402312
0.034954384213048896
0.05552560894977013
0.04004245940356744
0.02370867313744155
-0.006901463605073163
-0.02520773414088045
-0.026513780122855383
-0.03468578700453998
-0.042657423966654055
-0.037895014452317244
-0.021562338183729556
0.006065636647219255
0.04814056432338706
0.06339831043553174
0.04925826138710567
0.028344583494233022
-0.009925121789887482
-0.028291945243001798
-0.02272356600259855
-0.020005977628666568
-0.010623431728115022
-0.0036851950287152425
-0.002036043353545596
0.006423641726264235
0.019197253790205974
0.022193941819183646
0.015805348363164343
0.004938318635508591
-0.013749357247259588
-0.022274764913352604
-0.019297527825923127
-0.016271351345921836
-0.008716022027255861
-0.0026761183905422217
0.0006275920087940728
0.0077707525557958795
0.017243122838254268
0.019615414246495835
0.014845576904422496
0.006314113487379629
-0.008371604974416353
-0.014043306764548772
-0.009557201727566892
-0.004264116398194893
0.005674006282874509
0.008293691942761921
0.0019799989404139856
-0.00439856068508857
-0.014032212541542391
-0.016719152491356574
-0.010813366375375003
-0.0037770999348215573
0.007277580238569311
0.013435677385170701
0.013407441259609292
0.013912256470130576
0.012536261832719681
0.008307934632068094
0.001577610723656834
-0.009250340371155722
-0.024524129884139836
-0.02616268201566812
-0.012935315659139308
0.00615127266053815
0.035931889344075284
0.04405673901086391
0.027481571208416336
0.005804479581683418
-0.029552843900709898
-0.04383018293182634
-0.032980265101987476
-0.020847755350061187
0.001785094103484673
0.013170134947823452
0.00981811588278718
0.009812088902451981
0.007341875624247234
0.005770806913699914
0.007047386763954758
0.0048620815943916495
0.0003536752238821628
-0.0023403027600203546
-0.0038261626442498008
-0.005261194459115828
-0.005896383177535377
-0.004617444935486894
-0.0012352795288582729
0.004307493229737743
0.012471903386405869
0.014407375137565633
0.009490653483500002
0.0024275403524252914
-0.009116514824644765
-0.01444223598849259
-0.012487386341544598
-0.010370289521758901
-0.005321540053541132
-0.001107185398732838
0.0015151101184093937
0.006662168365315715
0.013395748910511596
0.014153826162869606
0.008743805304981332
6.689814561325553e-05
-0.01385420018877608
-0.017588773690625312
-0.009870624410551653
0.00020485636357201077
0.01666461358452755
0.020834064520420942
0.010592552666745319
-0.0017805326747385906
-0.021288113413794454
-0.026472277332665405
-0.014627951619578205
-0.00016083072513959642
0.022782939599812767
0.029626781056392066
0.01725988066598429
0.0023264488222043403
-0.02186473907634237
-0.02999586937471216
-0.018747645889340574
-0.005826975429588049
0.01563645844867668
0.02386619988829219
0.01572086561004933
0.007346068305105905
-0.007185322312506467
-0.014239533461828846
-0.011405516744764916
-0.010133584750730864
-0.0066724001137779595
-0.002091846157201389
0.0025338637486497138
0.010824717488465483
0.02241287420203108
0.022686530969372114
0.010898726408727983
-0.006232824590009576
-0.032561646011907606
-0.03731529233577433
-0.017672561467877348
0.008393515975375031
0.04910362742118505
0.060396457245547965
0.037509346782607624
0.008413055387868632
-0.03872106686305066
-0.059096716541144644
-0.04721591198616059
-0.03446560022961615
-0.00890901516842703
0.006119961672697733
0.006468949806884285
0.013274358427133991
0.020341994895373906
0.023469970332693678
0.02443575500299757
0.020332766342083423
0.010411022802885063
0.003162652781943316
-0.001700192468015047
-0.009077779059674438
-0.017289126110994413
-0.020798359113893036
-0.019465862889403704
-0.014704360197575959
-0.004948196095332796
0.0014843313866453652
0.0042397730803004205
0.008818915347379004
0.013323157798629063
0.014985506019576841
0.013966321742768855
0.010100513437683435
0.0025984183723982133
-0.0007217959867238893
0.0004552648697833903
0.001581839695952724
0.004528212688078424
0.0012705151819967237
-0.009212686375316873
-0.021618223339073372
-0.03814934097268441
-0.03881382556577714
-0.021368630938408132
0.0028835599749521957
0.039569801866170984
0.05165900774462705
0.03547892431686606
0.013585770234484562
-0.023930210027311043
-0.040897592452003965
-0.033081652998219954
-0.02620671263777411
-0.01080666022775863
0.005517382809082584
0.020354926214297877
0.045230968387403606
0.07825855031201288
0.07792515524658174
0.04200623593342839
-0.01107887973804943
-0.09244383063156936
-0.11918556050667084
-0.08404058058374145
-0.03625854792927744
0.045996401839389495
0.07887449513709519
0.052706660691973724
0.026022800828758415
-0.023202256119954648
-0.04013618415445823
-0.015710052467797914
0.005746655938554867
0.03922356899611148
0.04961184847696457
0.029819083341209186
0.008816108627097417
-0.023626871308053615
-0.04148039301294477
-0.04009270637745154
-0.04055112315058165
-0.0355363238701001
-0.025548983364889494
-0.0121721623947166
0.01108171277833921
0.044173678241375594
0.056007612883841394
0.04510899527768809
0.026582832004001473
-0.00758863997860261
-0.024787386678086318
-0.022056097491903636
-0.021936597729453406
-0.016274278926520468
-0.00827144448206367
0.00020087717585617058
0.017324507124826884
0.04235061587782172
0.04738771984276997
0.03134868468088002
0.00721538628761539
-0.032160534301265475
-0.05060047632816459
-0.04486300313392985
-0.0383886185985293
-0.021913600165653763
-0.008621295501609491
-0.0010167535087877437
0.0149384603561994
0.03598573023994924
0.04209985066052874
0.03318695500629951
0.016394515006576824
-0.013366986215914478
-0.026995992057898367
-0.02239752461048457
-0.017990463637308753
-0.006540136757305793
0.001745063283272988
0.004866080534397831
0.013648273233071412
0.025532722050365487
0.02584113444883389
0.014550320842961597
-0.003250224502741112
-0.031288285633482175
-0.03922694156339255
-0.02464191141461072
-0.005252661076705194
0.026844736290260095
