-0.011541029081832917
-0.013845176812560112
-0.016676637770414893
-0.020091638949790713
-0.023445705001560478
-0.02692285623140125
-0.027376393756421147
-0.024409035409564375
-0.019621382258406837
-0.012076678481660037
-0.003419192242700201
0.006285021800332832
0.018722036325660683
0.03360921466025236
0.04169130886689655
0.04232476734505813
0.03973764747917809
0.03138683337257746
0.023124994008129993
0.015261492560962297
0.002634654461407825
-0.01358431107314521
-0.022931016410276638
-0.025095201594824965
-0.024299500192249794
-0.0178100024511864
-0.013101786203239993
-0.01055620433985103
-0.004097252524641082
0.0047102241094490824
0.009217755362011817
0.00953672902213981
0.007772335909226762
0.0022663503295666256
-0.0015279199276429828
-0.003398773061545052
-0.007469311245643027
-0.01258853277046346
-0.01501748418436443
-0.014862617826418569
-0.013098559812484383
-0.008783740199505025
-0.005163334574273771
-0.002312874204363742
0.0022012286672099916
0.007718665380805958
0.011448341705780551
0.013406090249521559
0.014471197264838807
0.013929265518037954
0.014071112037507483
0.01497266483883396
0.014875093695376755
0.014250915036326807
0.013015064846458028
0.010938005778298742
0.008365474875123171
0.005200001963809424
0.0010001014492326394
-0.004248757989748737
-0.0104457041404012
-0.01771706605830511
-0.02181796335817755
-0.022355863858072023
-0.021447416153527275
-0.017900738763702132
-0.014171424047273451
-0.010408622220749246
-0.004329509927497109
0.0035812768056842255
0.008446848419165178
0.010122824014254557
0.010628760480769717
0.008698779576806339
0.007789619570535372
0.008095435221811272
0.0068138375772626115
0.004679303860210169
0.003084588781555976
0.0018141484727470874
0.0006972306447378717
1.8109366299361434e-05
-0.0017628822906627336
-0.004699944913148223
-0.007813575128862276
-0.011453026021727623
-0.013181309588447234
-0.01267428550468908
-0.011341805676904116
-0.008476037114691585
-0.005248096435031334
-0.0017557128257853312
0.003218145325657406
0.009446797159264162
0.013173925310303519
0.014220771236039705
0.01423720811120279
0.012226149187829924
0.01069581118847043
0.00979065209785667
0.007399754374220462
0.004046506531424712
0.0018767493132441034
0.0008238987387882093
0.00021233655718560097
0.0005610348080859684
6.699172787765097e-05
-0.0013521243232847793
-0.0023691883575986464
-0.003376847608417882
-0.004201777954874717
-0.004681294797486069
-0.005173135205584394
-0.005590740782828718
-0.005697247474626133
-0.005511853370667741
-0.005066408229145555
-0.004304661867153949
-0.003187491851149252
-0.0016886143866016042
0.00022975843888008233
0.0026000772735314537
0.005401207201539611
0.00866129791275083
0.012437443045250688
0.016747133441481554
0.017707264870607496
0.014945442344872393
0.010309852708221278
0.002689023038621955
-0.005643783979267266
-0.014586766355896496
-0.02627977924055815
-0.04029796253157012
-0.046937004802823375
-0.045551765411744646
-0.04047507270002875
-0.0290410783900895
-0.017465465222388406
-0.006054303418242921
0.01064927343120482
0.031410053597430966
0.04310065900930503
0.045183243693765744
0.043094216180910784
0.0333442626520683
0.02503206498084601
0.018605544856396126
0.006496448066561182
-0.009424958835824086
-0.01949762196081849
-0.023764512730651426
-0.025587761782285695
-0.022539713569227234
-0.02225845882628001
-0.025091471485832625
-0.02518091542440801
-0.024154621088159148
-0.019822451505025637
-0.01125885963217295
-0.0005859454022047424
0.013045698995283237
0.029928120366529472
0.050022651400973284
0.07403623217128738
0.10214063655795552
0.11430621038125285
0.10876592431729352
0.09516954506619818
0.06788741017472591
0.038747625132897284
0.008384640262226196
-0.03412394928556033
-0.08647895153863674
-0.1179890897209853
-0.12722108147801864
-0.12731365642697826
-0.11007986316312603
-0.09632857033549184
-0.08715495327942702
-0.0650755462624859
-0.03438055114542184
-0.012810904981011405
0.00021829791616689962
0.010357849963698531
0.013345127131532438
0.024182265273340754
0.04359562489425301
0.0606158873577245
0.07854378185239451
0.08715836805777585
0.08424404024990036
0.0769369781183189
0.061990539910013374
0.04253142788625761
0.018931271777379903
-0.013385047590270625
-0.05394807103866357
-0.07676764457908543
-0.08016811808966898
-0.07633499423649691
-0.058248913883631105
-0.04231414624464975
-0.029559657534614325
-0.005712789948078376
0.02582634047548253
0.04416469142841081
0.049172021060644264
0.04854880798781763
0.03699156957884486
0.030377842420913764
0.029472980036491177
0.021865925209348824
0.010929122251832058
0.0038187101107672195
-0.000254320282937131
-0.002389234017093316
-0.0009850633818340659
-0.0034280645363904795
-0.009910328286495084
-0.015455958453104171
-0.021662273580342256
-0.024869867021116123
-0.024224999838310203
-0.02259651433520897
-0.018838940913128228
-0.01377220311515708
-0.007593511439916829
0.0011430994848080937
0.012296499487959061
0.018740433059815983
0.02005775496627965
0.01958454567887036
0.01541919674960492
0.012076052740672888
0.009852599141224863
0.004861174062791961
-0.0019488571865249665
-0.006733002382393591
-0.009631807999824457
-0.011850036388412599
-0.01246889769974579
-0.014734361163038447
-0.018801207706468672
-0.02230013360911333
-0.025944533766864047
-0.02708413573421733
-0.025194988077267534
-0.022025467389727216
-0.016745500722245694
-0.010282525231134357
-0.0027253148826567744
0.007158443518524984
0.019222782037422188
0.02776842158233401
0.03246734693873026
0.03597341729713353
0.03676601626519383
0.038516955814916584
0.04146686693437402
0.04247714166419784
0.04232281746285138
0.039955763072198024
0.03484007276384791
0.027953590928211196
0.018832728039709125
0.007236761992107818
-0.006873621631791042
-0.02387731336041127
-0.04392463965722818
-0.05652461382637521
-0.06079129562531749
-0.061860124204806265
-0.05681614026695778
-0.051926291805682055
-0.047574094115907774
-0.03806239072047468
-0.02464876225586788
-0.014660798345314642
-0.007988226387887943
-0.0019117054651641694
0.0017965993887826275
0.008961716997268282
0.019940989996571092
0.030393686416575822
0.04163058482725704
0.04784270788310991
0.047977549649497235
0.045702027648446136
0.039222814431434085
0.030833901822904634
0.020729638361669602
0.006111339494685786
-0.012636712587176007
-0.024157440437944412
-0.02783942428649581
-0.02890946998379862
-0.024350856400900896
-0.021573765011614485
-0.021059625542871344
-0.016525035354757814
-0.009539340825630455
-0.004360296147265819
-0.0005793802782385524
0.0027964600415525255
0.004834941694382657
0.009645844097346196
0.01741805839976235
0.0253835001806855
0.03447585287232918
0.03848055417847563
0.03652203002925198
0.03221615483404702
0.02373404879492792
0.013997499747456862
0.003239008801648221
-0.011648180798567206
-0.030115128343911165
-0.04096532280206972
-0.0435946933224238
-0.043003388188731485
-0.03619304977869
-0.030511717567573232
-0.026381605466432714
-0.01753884300654488
-0.005504413570892689
0.002551415916669145
0.006762200806222436
0.009545770414781114
0.009144253096231495
0.011386970381637341
0.01655628476888237
0.02028777201964154
0.02384887099048335
0.025056938938677685
0.023197915517629168
0.02017701346483842
0.01522864413316459
0.008492247167399465
4.754873865116038e-05
-0.010909436007720607
-0.024412063464893975
-0.03139292604760825
-0.031159765902607203
-0.02808671732719984
-0.01968519071210901
-0.011459965232614737
-0.00375446186301112
0.00835681405311402
0.0237540754470696
0.03167667527704612
0.0317453161796043
0.02834020784739513
0.018623480671317263
0.0101394943719199
0.003258502869440283
-0.008237185563585625
-0.022788972279086054
-0.03042661009595861
-0.030963421165358725
-0.02808628887880686
-0.019197543660078215
-0.011723189794976253
-0.005972511954030403
0.004004352424116286
0.016678186751340272
0.023661078582782626
0.02487359514511395
0.023270322775105563
0.01668494989334372
0.011574532288832146
0.008193988560947706
0.0014553754222026566
-0.007306554344747103
-0.01250072609394625
-0.014207028400308672
-0.014183660428076256
-0.011026147754119616
-0.009344127666943468
-0.00930832260428346
-0.007424670228208459
-0.004660372743984901
-0.0024427326810655165
-0.0004972378389883116
0.0011991643768748126
0.0023602243641312427
0.004749462580309676
0.008404242486975928
0.01222846038318214
0.0166125174844907
0.01811925514405834
0.016311543769411636
0.013094113889595218
0.007466739071912477
0.0011309760335690498
-0.0057938762209674925
-0.015057777829923472
-0.026341137871817837
-0.03130090161349002
-0.02938182085892538
-0.02434248022986508
-0.01389618770652578
-0.003349335786370581
0.007026430090859858
0.02189451007255157
0.040195482129766445
0.0491619317091493
0.04817215252232953
0.04258975824844786
0.028979254743630327
0.015994056827491603
0.004042655647785388
-0.014199613501114004
-0.03698242610706426
-0.04951889605225
-0.05132622173377554
-0.04827227337505933
-0.0364539638086073
-0.02641935038999093
-0.01865321122994561
-0.004508957124883745
0.01384526211172956
0.02430393393928431
0.026789556822923038
0.02561169075304592
0.017671541957795925
0.012308435714503158
0.00992261952301976
0.0032064171958687496
-0.00588475210097073
-0.010499100163110339
-0.010849234491271297
-0.00885946775044724
-0.0028356401161452405
0.0013165513938857669
0.0034054570949559413
0.007813078075593482
0.013301149143330311
0.015612136458357904
0.014822949368299355
0.012091203817611373
0.006327717913280228
0.0011579323222343353
-0.0033376556512025903
-0.009918496436425063
-0.01785502688737463
-0.02176749839080599
-0.02145704415774332
-0.01897875561649996
-0.01288690001859671
-0.007058915998373382
-0.0016371541215684088
0.006587661637142196
0.016842649007452037
0.02208580625985658
0.022045898828272636
0.019557166525853247
0.012744155729753107
0.006571314218751841
0.0012632016804657847
-0.007291597105493295
-0.018080777033843434
-0.023253566907793382
-0.022568414397501013
-0.01907590507910826
-0.010701719151989945
-0.003097996155315038
0.0034912377186780462
0.013689638772634936
0.0263426136613068
0.032667650691031294
0.03238904918789741
0.028898945727087025
0.019870583080925347
0.011631321963813057
0.004445031340994197
-0.006873784372765674
-0.021039099428331508
-0.029200718407860753
-0.031157829046389498
-0.030259528036122797
-0.0241922921959252
-0.01949117834926069
-0.01644034379718309
-0.009780254973321582
-0.000859804320549526
0.004808079121244838
0.007350089745328688
0.008490408271322318
0.0068690414241631016
0.007100340123323134
0.00937348394226715
0.010246891953985138
0.010707064486896725
0.01084032671367933
0.010260726420159625
0.009604805783809336
0.008787577408168252
0.006857038772744952
0.0038276738384344458
6.480508974128295e-05
-0.004656873882614842
-0.007248811708890803
-0.00741837365004669
-0.006812034947529923
-0.004575668788507534
-0.002417278204705744
-0.00047429652554662957
0.0028489348408890086
0.0071980695765212835
0.008794956908194925
0.007490246745033418
0.004844201954277473
-0.00014471735927328795
-0.0048780438056565895
-0.00922837353911485
-0.015360970789920683
-0.02274263585173024
-0.02588414354079966
-0.024518384196919995
-0.020883309990918184
-0.013491387926394285
-0.006088377809521812
0.001172567438699723
0.01147391289019412
0.024072745373323715
0.031004809921897174
0.031913011744881745
0.030091039230563728
0.02340423097529031
0.017340645016086155
0.0121559361970903
0.0032468841867440063
-0.008272021173657966
-0.01490485031069972
-0.01652493269003664
-0.01596373580214895
-0.011284822684452514
-0.00808270166843076
-0.006617876371182376
-0.00244153511898415
0.003274170605279099
0.0060624263454615405
0.006031895524656637
0.004509905115651061
0.0003871409810384831
-0.002573894790761763
-0.004240974451579713
-0.007430803242321543
-0.011352655848345642
