-0.003204961916376562
-0.0031018007383580605
-0.002990111870370967
-0.002869135601189054
-0.002746910865038335
-0.002621043127072106
-0.0025092576906629513
-0.0024142352323936202
-0.002325947543759827
-0.0022497572566373674
-0.0021773830745932055
-0.002108339115123933
-0.0020517031388904206
-0.002006054246652004
-0.0019556556783878105
-0.0019006033388144954
-0.0018478163381119943
-0.0017935783404263621
-0.0017498605031570995
-0.0017177223375091
-0.0016883207518268008
-0.0016645395640673471
-0.001637163200021113
-0.0016044539918020993
-0.0015729636534503263
-0.0015399210309459286
-0.001508819442471228
-0.0014801973453770244
-0.0014498576329845326
-0.0014185286157169935
-0.0013965819638328506
-0.0013843471207094305
-0.0013773180598065074
-0.0013781640593133178
-0.0013798161817708968
-0.0013818193413961688
-0.0013899498186346621
-0.0014026809099669925
-0.00140272678959058
-0.0013890381450581914
-0.001368679709982212
-0.0013368572379591876
-0.001304949633184927
-0.0012733288789882633
-0.0012320061862001702
-0.0011831394741564668
-0.0011370977131510123
-0.0010933918333960713
-0.0010483027481994044
-0.001004178915761776
-0.0009520087963710107
-0.0008911376453091422
-0.0008278414788894168
-0.0007599710450223888
-0.0007011378802501322
-0.0006532490327999267
-0.000608250827471248
-0.0005701243149095637
-0.0005323571189236237
-0.0004943762077624771
-0.0004629900209705649
-0.00043692741635662646
-0.0004039855376278529
-0.00036406836310777513
-0.00032227909199259504
-0.00027560399292216834
-0.00023301546658260544
-0.00019514645700296137
-0.0001550657400520565
-0.0001148011023116402
-8.015595794522138e-05
-5.096744977494039e-05
-2.5980122290569488e-05
-6.694369186471746e-06
1.1845483396254761e-05
2.9653748632626802e-05
4.291018224535681e-05
5.255193912116735e-05
6.016480368097938e-05
6.537467385241533e-05
6.797514073059146e-05
6.821989069654251e-05
6.399638152488788e-05
5.515669678755914e-05
4.287859376686998e-05
2.6617543278046403e-05
1.2835080072872235e-05
2.209570613623234e-06
-8.76223437575973e-06
-1.82651013723555e-05
-2.9841796360162758e-05
-4.377397527594676e-05
-5.6701231544695355e-05
-6.934939024591462e-05
-8.683620998786762e-05
-0.00010917200222447305
-0.00013437308128106686
-0.00016371126865004116
-0.00019332342122545457
-0.00022298084513931707
-0.0002556626436938834
-0.00029051901149273123
-0.0003268374107128299
-0.0003648856466758441
-0.00040440340435652
-0.0004452775015978654
-0.0004886571164428435
-0.0005345352233958531
-0.0005822591453186509
-0.0006320751029263125
-0.0006834759727574733
-0.0007363664308562118
-0.0007911712828415165
-0.0008477488468396947
-0.0009062194269565964
-0.0009666294735094841
-0.0010288030506518558
-0.001092775797439566
-0.0011603041154688723
-0.0012315418651862257
-0.0013056927132718162
-0.0013832571672169132
-0.0014632006712863468
-0.0015454857116578798
-0.0016310834322498936
-0.0017198049859116075
-0.00181052452930898
-0.0019032893808340692
-0.0019985397905450276
-0.0020960233101616557
-0.0021966928295249063
-0.0023006282218678703
-0.0024071669333511174
-0.002516542217966591
-0.002602664664636629
-0.002662799555790126
-0.002709328963856164
-0.0027346542017178607
-0.0027535766516178562
-0.0027666363492758
-0.002759479014958291
-0.002734740873729879
-0.0027114018576007634
-0.0026889142119042265
-0.0026594978855317896
-0.002627489269906346
-0.0025773803955298556
-0.0025078388582381052
-0.002429862498285765
-0.002339669263449037
-0.0022548208592964225
-0.0021779941019887976
-0.0020979637109839184
-0.002019857146392398
-0.001935734375849092
-0.001844674279329149
-0.0017551581888910468
-0.0016655405706955703
-0.0015585546983204086
-0.001433823418633147
-0.001298559766946804
-0.0011483680120614008
-0.0009954429548584313
-0.0008405403994239508
-0.0006738909900307333
-0.0004981415211134823
-0.0003328814084956013
-0.00017892873667394872
-2.8914684188604543e-05
0.00011183145604470296
0.0002570134391574816
0.0004070333989142118
0.0005502917828355506
0.0006894259636453877
0.0008351006455173659
0.0009866798356437478
0.0011406323428368964
0.0012993472485013805
0.0014531924632051924
0.0016015185273325575
0.0017509367458332843
0.0018991630510155758
0.00206303367946958
0.002244805083324648
0.0024348107122967905
0.002637963964029354
0.0028459918284980015
0.0030582350789488833
0.0032832269205260584
0.0035193731996084492
0.0037521186005874483
0.00398142097343657
0.004213340837386132
0.0044443184469673165
0.004685213937741607
0.004936814383005193
0.005190828173712508
0.005449735812389139
0.005667194697592787
0.0058375578858130455
0.005984297005098503
0.006093711479604133
0.00619040379949293
0.006275422003339454
0.006323886581899106
0.006340110944384716
0.006360444374140684
0.006384152086299601
0.006395864949516147
0.006403984873558242
0.006379604370498562
0.006320191375813708
0.006246541462447264
0.006151622162018887
0.006064116878654747
0.005988688768267782
0.005906359783811859
0.00582556499217494
0.005733928897752337
0.005629875164412311
0.005527012057564806
0.005422755033390305
0.005287648153642803
0.00512093323504018
0.004935047366667634
0.004722450084575393
0.004503673901828877
0.004279988340445445
0.004034803826467029
0.003772554162703969
0.003531939430376461
0.0033148729470727193
0.0031062293931695753
0.0029166115648877203
0.002719600735020927
0.002514366508566674
0.0023235795816323435
0.002142170937622229
0.0019481166763165262
0.0017425850872405948
0.001533118646494569
0.0013147439617951248
0.001106975013292923
0.0009111550961234569
0.0007137702838732695
0.0005194451828253019
0.00029607159561684064
3.9250096865318696e-05
-0.00023238558247559303
-0.0005282277587726001
-0.0008326967303018465
-0.001144516828278918
-0.001479884426836199
-0.0018357973598844353
-0.002184114787310034
-0.0025247161116544953
-0.0028693671558475066
-0.0032111719817260135
-0.0035710336153795185
-0.003950468191401127
-0.004333472698538666
-0.0047248156310435805
-0.005063486987895799
-0.005341503678474301
-0.005590855055672467
-0.005793372492937797
-0.0059802618838263
-0.006152986452625166
-0.006279245428760736
-0.006364473412690958
-0.006458443440713741
-0.0065603775946490315
-0.0066489463933666745
-0.006735733736736401
-0.006781717633521138
-0.006783464446665743
-0.006769280283231013
-0.006729698421033803
-0.006700690132336462
-0.006688347389615686
-0.006668396428018355
-0.00665147610649706
-0.006622558639059666
-0.006579630610697367
-0.006539576057456856
-0.0064992551176981175
-0.006420782982288992
-0.006303116674921583
-0.006162378065304086
-0.00598885171511802
-0.005808773977672163
-0.005623782368137013
-0.00541260569363082
-0.005180906970676289
-0.004982398214512721
-0.004819941635884376
-0.0046722082413671005
-0.004553974384744932
-0.004429021082927922
-0.004296191561596469
-0.004186801902971193
-0.004093927532902901
-0.003986422151205982
-0.003865868832364369
-0.0037431111291512118
-0.0036111056627445284
-0.0034972537325834744
-0.0034034757150782297
-0.003310752055318696
-0.0032255888160242037
-0.003104194303726969
-0.002940520470829815
-0.002760141882513248
-0.0025502469649234224
-0.0023319810399880818
-0.0021071152401261335
-0.0018536198328086104
-0.0015755843077928631
-0.0013116766006810608
-0.0010621061759885217
-0.0008107000954154952
-0.0005669566957938002
-0.00030224644788330975
-1.4509004835096736e-05
0.0002742763134063511
0.0005706226256325453
0.0008299108132042733
0.0010451872124442054
0.0012420317703758649
0.001406885001401959
0.0015601624408157144
0.001703093396729399
0.0018129680484827832
0.0018932575820965513
0.001984203392988683
0.002085608416408821
0.0021796625931508945
0.00227587717561681
0.0023437725875686973
0.0023806271220014703
0.0024089937189091634
0.0024215223279158227
0.0024408267146120263
0.0024712487821544806
0.0024964966559195127
0.002523380102019405
0.0025434883122965966
0.0025554654053025097
0.0025695305939301637
0.002583914491009925
0.0025727604021305995
0.0025352042440277382
0.0024824955683685392
0.0024079592105506233
0.002329125106973294
0.0022471089734780523
0.0021475246837530785
0.0020341419981843136
0.0019515757024991373
0.0019025807090645413
0.0018687906854357745
0.0018625847359853578
0.0018547012382590814
0.0018441591072147782
0.0018566852643028427
0.0018867229401406393
0.001907295279218637
0.0019196336335295299
0.0019334403354636976
0.0019425873697964057
0.0019704253023613565
0.0020186430633083673
0.0020709321039122297
0.0021328504556816733
0.0021694635317971965
0.0021758446953138665
0.002172685183566221
0.0021497532461974504
0.002123701157917112
0.0020959895953331247
0.0020491541548862753
0.0019864344937805174
0.0019392064921866638
0.0019077117136347228
0.0018787995817867885
0.0018602116060312038
0.0018288739268286448
0.0017831460347191577
0.0017408378407308687
0.0016967253688756144
0.0016524424816984984
0.0016101023589595565
0.0015651792835011812
0.001518631012352719
0.0014737095069629902
0.0014301224142446204
0.0013872011880662278
0.0013456672731226877
0.001297708279854785
0.001242730398233723
0.001185059202190208
0.0011226412319327232
0.0010598183675169257
0.0009970533958603305
0.0009304720491376516
0.0008610639461075428
0.0007940738676300854
0.0007295397229603795
0.0006656809162469601
0.0006038537074383011
0.0005401430523322548
0.00047442135685244916
0.0004098219256701652
0.00034555779981008765
0.00027956757297355276
0.00021206399322179408
0.00014352940412226537
7.351988125427299e-05
4.119759191051837e-06
-6.45644057831805e-05
-0.00013390549319539883
-0.00020341931699328659
-0.00028374114807125985
-0.00037607005773257946
-0.00047505590992332023
-0.0005837953019544739
-0.0006964993371265377
-0.0008128914318525984
-0.0009386807612461912
-0.0010728145297534072
-0.0012072154007884879
-0.0013420415629952392
-0.0014806179421998843
-0.0016210609748115413
-0.0017697990999654238
-0.0019273604492361471
-0.0020890892252583273
-0.0022565254573317446
-0.0024234231714350078
-0.00258873503645237
-0.0027565812781661834
-0.002925106045291859
-0.003096937618736047
-0.0032723965942405473
-0.0034485213667561562
-0.0036258424224583914
-0.003810752196592739
-0.004003394545711938
-0.004201030554125899
-0.004405279332852393
-0.004611652567215162
-0.004819849407432197
-0.005033456039210692
-0.0052514844596863956
-0.005413721647706993
-0.005514399227231976
-0.005580981686282935
-0.005596056713069002
-0.005594965911078264
-0.005578861137765416
-0.00551414943173133
-0.005407150634444324
-0.005299736878488007
-0.005190444789397746
-0.005062407467889949
-0.004925099873175431
-0.004743687318721141
-0.0045151856483916335
-0.004264037805421534
-0.003981714293583344
-0.0037106032883552106
-0.0034569279436302155
-0.0031940253846043628
-0.0029342079373200843
-0.0026578328150028262
-0.0023627013337439427
-0.002069451647026981
-0.0017740060305033289
-0.00143555690647746
-0.001053270951127734
-0.0006440593150453468
-0.00019754370699492555
0.0002573014857363106
0.000718703741797461
0.0012098197660524042
0.00172436545017372
0.002219685649260578
0.002694225143264374
0.0031636763005271455
0.003616503486050699
0.004083034776583198
0.004564146596761795
0.005034423979519124
0.005499734304075393
0.00598269072783285
0.006481872650164451
0.006989995717814865
0.007512118140827104
0.008027607341907503
0.008535114119315384
0.009048761031207999
0.00956367262170331
0.010117355308602853
0.010714791689138019
0.011334623242568604
0.011987798353425817
0.012655788892582863
0.013337165063128292
0.014051001876138253
0.014793749414767285
0.015533291035904642
0.016269585551966205
0.01701600793751404
0.0177647318314277
0.01853982838900576
0.019343064592949
0.02015613660060208
0.0209845657517736
0.021702527299380155
0.022295161661450444
0.022825334879186848
0.023255973454313194
0.023654886630221757
0.02402487505807309
0.02429802555668279
0.02448627609844367
0.024686782963376102
0.024897418404416897
0.025077370530014097
0.025249049346225395
0.02533476988790756
0.025327761870673916
0.02528375817919367
0.025183856105156947
0.025107458644159506
0.02506729278885005
0.025011253690652088
0.02496265845224539
0.024886875586699095
0.024779596701423674
0.024678655856409392
0.02457684045252929
0.024393437644650906
0.02412644913161387
0.023809883778415617
0.023423111734578856
0.023022576732905635
0.022611778298327754
0.02214521519256918
0.021635096581132062
