step, usd->oil, oil->usd
Band: 0
Linear p-values:
1, 0.017106102682405765, 5.675254467079593e-18
2, 0.5971779593216021, 8.962963514393994e-05
3, 0.941194012228048, 0.009462950955762776
4, 0.9728262064065805, 0.009558209664738207
5, 0.9716720239497202, 0.014324973997155911
6, 0.9750713391223672, 0.003335802214291279
Nonlinear p-values:
1, 0.90482, 0.29936
2, 0.90138, 0.83674
3, 0.89257, 0.85034
4, 0.87962, 0.8578
5, 0.86069, 0.88203
6, 0.85219, 0.90161
Band: 1
Linear p-values:
1, 9.235926287896288e-15, 4.776799990290261e-15
2, 0.255764702121304, 0.001361274991875142
3, 0.8837502601821257, 0.0425356341478397
4, 0.8236732105519526, 0.024653370001141883
5, 0.9012411986085073, 0.07010159094671535
6, 0.8635577322116125, 0.044993022429364364
Nonlinear p-values:
1, 0.10854, 0.55983
2, 0.12261, 0.35854
3, 0.13594, 0.22878
4, 0.13226, 0.125
5, 0.16154, 0.09607
6, 0.20077, 0.06867
Band: 2
Linear p-values:
1, 0.9254554326473485, 0.7480227516251065
2, 0.22089703620792395, 0.06264061086209118
3, 0.6685755638889639, 0.4006945185993023
4, 0.6914831457832877, 0.4008769151744869
5, 0.8269946846913857, 0.5441957729469129
6, 0.19858509599785937, 0.03473789849015002
Nonlinear p-values:
1, 0.4315, 0.03774
2, 0.54351, 0.05727
3, 0.63264, 0.04062
4, 0.69107, 0.02595
5, 0.84445, 0.00849
6, 0.86083, 0.00331
Band: 3
Linear p-values:
1, 0.4850705318588088, 0.3573527293126275
2, 0.7337452636848697, 0.9621405386192311
3, 0.8843818213639995, 0.9856696377903974
4, 0.9143242490659295, 0.9941511080701801
5, 0.9046988006924394, 0.9986534479574731
6, 0.7197046427035783, 0.9966456745379437
Nonlinear p-values:
1, 0.87052, 0.06999
2, 0.97558, 0.2467
3, 0.76277, 0.32081
4, 0.26742, 0.30848
5, 0.08302, 0.30805
6, 0.09805, 0.40159
Band: 4
Linear p-values:
1, 0.2381265020728554, 0.24130433641373028
2, 0.6565171535809009, 0.5354095925120601
3, 0.6940608420333031, 0.5844145854011723
4, 0.8234679861475189, 0.6576202143320953
5, 0.7871193442479569, 0.46730760361993473
6, 0.7854289170248562, 0.43288456599213554
Nonlinear p-values:
1, 1.0, 1.0
2, 1.0, 0.99999
3, 0.99804, 0.9073
4, 0.99412, 0.89197
5, 0.99202, 0.91212
6, 0.98967, 0.83451
Band: 5
Linear p-values:
1, 0.34293624092533226, 0.09605384633114109
2, 0.4254300241737866, 0.06181737752895788
3, 0.5234494273642081, 0.06175989883802669
4, 0.7435999660958313, 0.12463953473518578
5, 0.8744997137722106, 0.21944986488308627
6, 0.8150858910239177, 0.33068658301037385
Nonlinear p-values:
1, 0.86036, 0.22099
2, 0.92056, 0.08682
3, 0.9049, 0.08287
4, 0.94935, 0.23504
5, 0.4819, 0.12258
6, 0.63556, 0.21127
Band: 6
Linear p-values:
1, 0.3272455352714301, 0.41294201926261065
2, 0.22087432657708111, 0.27289806247248805
3, 0.4238102664873906, 0.533347534595414
4, 0.19976498430908876, 0.670369399976948
5, 0.024298746157084227, 0.4126613855128479
6, 0.06462225851071574, 0.8015108914628638
Nonlinear p-values:
1, 0.18268, 0.35885
2, 0.40664, 0.76904
3, 0.48736, 0.55645
4, 0.65547, 0.71564
5, 0.63863, 0.07744
6, 0.65459, 0.28381
