-0.0091475986223667
-0.010231992355542308
-0.011329947341269214
-0.012437270380483353
-0.013607364065073482
-0.014825598993319087
-0.01573269777919812
-0.016298134949942998
-0.016679872058561838
-0.016775223789365835
-0.016803263281393293
-0.016770916468196947
-0.01647518696756977
-0.01595590820837915
-0.015452039003204854
-0.0149542243704396
-0.014368983228039225
-0.013750274524064247
-0.012896429496019761
-0.011790790863109574
-0.010574266494211747
-0.009197726596976616
-0.007926184265599488
-0.006797688947127278
-0.005649029583666355
-0.00455724606555188
-0.003397656726937633
-0.002157297438571108
-0.0009664754470796033
0.0002002491194575405
0.0015917708683895267
0.0032122325781819613
0.004958432552685607
0.006893154625089249
0.008837727849627388
0.010780787245335299
0.012863710465678345
0.015047296694840473
0.016775974613061347
0.018009367848635063
0.018980183008138415
0.019531573151303296
0.02001679782929572
0.020446235265184458
0.02050107206023559
0.02024636882187275
0.020030733321382044
0.019838129663658294
0.019536973260703912
0.019205433466262512
0.01854295313526992
0.017525499924286623
0.016361207251944957
0.014977010917511033
0.013804204756718244
0.01290283649880246
0.012012747205224416
0.011259124034864607
0.01043513061312504
0.009520601696557902
0.008729637206729219
0.008020466183996726
0.006998200886590748
0.005657549409538138
0.004161750243457032
0.002411807168277337
0.000693986798243321
-0.0009731224259918605
-0.0028142610657355864
-0.004766149051748084
-0.006328579960641531
-0.007476213662341933
-0.008398780022074769
-0.008958019344771351
-0.009495589047688806
-0.010019900622022754
-0.010235531202896813
-0.010206425213001163
-0.01021132305200302
-0.010232836757445784
-0.010173681829552762
-0.010095121460524962
-0.00974500469549399
-0.009104206625839235
-0.008343523354273276
-0.007401658014642886
-0.006703168250097703
-0.006303863557140172
-0.005955824650586531
-0.005781731541672889
-0.005571169652962547
-0.005305416667660985
-0.00519831298459437
-0.0052077640223244445
-0.0049606137907935435
-0.004453616211875265
-0.003839716539319882
-0.003026111843673544
-0.0022872927426192155
-0.001641372225697374
-0.0008751121462043029
-4.9684320939146224e-05
0.0006019328457752913
0.0010799005421722801
0.0014499234351255112
0.0016506373299863637
0.0018671164231337989
0.002101865696141086
0.0022076727654680365
0.0022199476425698245
0.0022291700578377428
0.002223636217550802
0.0021812271763187343
0.002120020869704934
0.0019427204477385166
0.0016428734963387455
0.0012812755067316667
0.0008340211373401508
0.0005407729109011255
0.00042933627974053466
0.0003677673617494754
0.00042452545945523566
0.0004732648472060676
0.0005042628990522197
0.0006412973702849286
0.0008592431665282116
0.0009629566488624548
0.0009523232837179826
0.0009054693303718206
0.000774431626185084
0.0007065106930795969
0.0007114409606513508
0.0006766370384739669
0.0006352083780754444
0.0006058747950888437
0.0005782876354486207
0.0005674583045920821
0.0005758081237975568
0.000565793684171445
0.0005386697406576491
0.0005149186505445339
0.00048693593698298884
0.00048191428791257524
0.0005041234456500297
0.0005352935918390194
0.00058326350634052
0.0006385315407778762
0.0006996578140598621
0.0007782534248956966
0.0008723854444471108
0.0009240980153928359
0.0009295166544163526
0.000914887377438889
0.0008643428021964036
0.0008142526062574072
0.0007665006434707762
0.0006889576807181818
0.0005888713886153143
0.0005023894773123533
0.00042843311290661075
0.000354211145463871
0.0002882730052688604
0.00020062631868233077
8.941939255733917e-05
-2.357926416089525e-05
-0.0001452117157832125
-0.0002526181065849708
-0.00034132167865649825
-0.00042709771935070295
-0.0005029139237167239
-0.0005768563964523338
-0.0006499694478714318
-0.0007118341778271267
-0.0007639203275136505
-0.0008303183830259195
-0.00091146933960946
-0.0009965212791298581
-0.0010914393731363016
-0.0011792691849827474
-0.0012586414711566415
-0.0013428406484835309
-0.0014279678642196087
-0.0015185518194896727
-0.001616501437222662
-0.0017168640706972497
-0.0018213106776253903
-0.0019302783496538548
-0.002043462506738518
-0.0021622253145039284
-0.002286732841972012
-0.002408475231633292
-0.0025270396633053655
-0.002646727335596053
-0.0027653641528958516
-0.0028883007084597265
-0.003016036297501977
-0.0031441180343565805
-0.003273774433959206
-0.003369515543512102
-0.0034271618768281576
-0.003464170270528053
-0.0034700471082033326
-0.003464069031230702
-0.0034469438534304917
-0.0033993674712445724
-0.003324685503218251
-0.0032502007633163302
-0.0031752449008076097
-0.0030882929279508267
-0.0029955961444697145
-0.0028751720139843745
-0.0027250569470234766
-0.00256090993278201
-0.0023773391578064116
-0.002198058479113527
-0.0020267393781590224
-0.00184798219203051
-0.0016687050736537668
-0.0014782951987698774
-0.0012754514816999342
-0.001071545929501701
-0.0008643458674987521
-0.0006300512642083447
-0.00036807165438358094
-8.833918498083354e-05
0.0002152447907443995
0.000526013634760494
0.0008429689404011578
0.001179569855284337
0.001532233947591348
0.0018405846299388011
0.0021000966044161505
0.0023366086440212747
0.002533084805327801
0.0027275653477766616
0.0029212953466694574
0.003079853625736872
0.003210302863622511
0.0033513468120368326
0.0035013914136643033
0.0036457987474095496
0.0037933433655613514
0.003911064409206366
0.003996390874656836
0.0040723798490717575
0.004131088653500453
0.004218552402614565
0.004341334262557092
0.004471618451085648
0.004622843362699996
0.004773226197490732
0.0049206822094103675
0.00508803533473348
0.005270948839228458
0.00542709347404137
0.005555950433448415
0.005675174972023926
0.005774205668800356
0.005883791568987181
0.006006006781409853
0.0061168195755414816
0.006223085782688763
0.006267271974758921
0.006240715107925041
0.006175136444548465
0.0060530239783256725
0.005901459192547054
0.005721748731576459
0.00548410352034917
0.005192999725640487
0.0048983747522401595
0.00459961889358142
0.004274556485152062
0.003934782320557591
0.003541710325326755
0.0030917281291071553
0.002612863137319616
0.0020956408815121534
0.0015708237194100117
0.0010438765810476176
0.0004928789954637577
-7.31082565832499e-05
-0.0006663739038427973
-0.001288917647139498
-0.0019267216785182817
-0.0025825167043910286
-0.0032907694565142507
-0.004052741749647543
-0.004853842697638917
-0.005703091739364759
-0.00657725447089472
-0.0074750452886689755
-0.00841579458081009
-0.009394651005214767
-0.010146547410150598
-0.010646800746611663
-0.011016246399644294
-0.011178607672223945
-0.011290795297571437
-0.011358244567445544
-0.01123300248762999
-0.010943481631143377
-0.010673367626427285
-0.010416486510335408
-0.010099620296392501
-0.009764585380714997
-0.009258894737080643
-0.008569863032325887
-0.0078050057316431855
-0.006927269743524368
-0.006124446155764076
-0.0054243318590843454
-0.004709632411911455
-0.004035143174549646
-0.003314207256307649
-0.0025375064884715407
-0.001796744444753815
-0.0010742387828280404
-0.00019038489660552868
0.0008580731992584364
0.0019962141619785444
0.0032694179899980503
0.004549419114686952
0.005828013379482516
0.007206981040006229
0.00865819818152667
0.009785390212440726
0.010559923937202642
0.011147710697046197
0.01143695551216152
0.011679897899055021
0.01188400094618262
0.011821849747251098
0.011539962585487928
0.011286597132324851
0.011050337708443417
0.010737650542299745
0.010404231897878164
0.009836016317905606
0.009015951775829333
0.008092328691054008
0.007013151756728179
0.006085751796012466
0.0053529541704943435
0.004629464135876606
0.004004520609752434
0.003330807782710767
0.002594009286082859
0.0019467120038878843
0.0013592050638177452
0.0005502474877149247
-0.00048387637457162936
-0.0016268401823669669
-0.002949110463442146
-0.00424671306156777
-0.005506355991981615
-0.006888080452332134
-0.008346757556074159
-0.009483418067377522
-0.010275574801443877
-0.01087823982242021
-0.011180462831821562
-0.011449941453141703
-0.011693434554102117
-0.011676883307616999
-0.011450098981873153
-0.011242124123597345
-0.011039545731790668
-0.010760501255780047
-0.010455506268356882
-0.009919737704312415
-0.00913732479956299
-0.00824759680817043
-0.007200666104873559
-0.006328077137212191
-0.005673888312906051
-0.005042853014867674
-0.004530783622584116
-0.003974378914553779
-0.003358689058819588
-0.002850100339694614
-0.002415775700816396
-0.0017613159240616465
-0.0008837128375880165
9.630221947524897e-05
0.0012521766527239726
0.0023683023304808056
0.0034306206752708324
0.004607258561199987
0.005850353210752732
0.006811793272689569
0.007475001884273043
0.007969095047410339
0.008197979646433403
0.00840196638674731
0.008586470634128762
0.00854464202688678
0.008321321150840376
0.008106103086593793
0.007886256082092525
0.007596257211458774
0.0072773894944089595
0.006756017878108091
0.00601883464674535
0.005182486768843263
0.004204544570807665
0.0033862653735598517
0.0027665937806795817
0.00217023680481195
0.0016839845077183855
0.0011572304945139578
0.0005765523608444662
9.396208827769798e-05
-0.000320836945300318
-0.0009312158628001077
-0.0017395052890985232
-0.00263831278618485
-0.0036932447789732327
-0.004710513822106922
-0.0056775489389907655
-0.0067450843895152926
-0.007870080730503094
-0.008697812339651473
-0.009208958150664765
-0.009539060963023819
-0.009589489084645762
-0.009600038622865029
-0.009576302137493818
-0.009309165015476574
-0.008843074598798734
-0.008378659939723972
-0.0079034732447068
-0.007346101145503671
-0.006750461838393172
-0.005935537033511241
-0.004887121381764082
-0.003727543281092309
-0.0024124943880859465
-0.0012421108546759013
-0.00025570410088001944
0.0007230068141445176
0.0016075254835108876
0.0025468263173735856
0.0035545916984985855
0.0044799774115566165
0.005353103905036674
0.006439416332606024
0.007741698116983314
0.009151599089908454
0.010735459491173986
0.012298898021999837
0.013829453058319821
0.015478923220945988
0.01720430803015829
0.01850736327136132
0.019354321352514713
0.01994802017322834
0.020148226533063432
0.02027740033959339
0.02034414372637193
0.020060022336263025
0.019484328456279405
0.018920540110103846
0.018353133040659345
0.017668973096656816
0.016935485703847824
0.015887272287159318
0.014502995037460182
0.01296479073682982
0.011207832128799796
0.00963060096905349
0.008287291163222292
0.006939324955467543
0.005701939645705879
0.004381452520135722
0.002959166854874262
0.0016336265153068345
0.00036553188323488973
-0.0012062658896005373
-0.0030864760104628093
-0.005126721624896777
-0.007417610966449808
-0.009696838523190948
-0.011947643644845247
-0.01437598170206076
-0.016924022369568286
-0.01893727367964059
-0.0203724332403304
-0.021495261728226835
-0.022122018210791045
-0.022678245146011255
-0.023175567265013894
-0.023234817282281904
-0.022934609662116096
-0.02267149476801348
-0.022425215583117088
-0.022048991442954524
-0.021631102765109093
-0.02082456589554345
-0.01960187616515654
-0.01820147248869241
-0.016538861216779104
-0.015138478909041062
-0.014071790121721259
-0.013025675840635138
-0.01215200606623381
-0.011196097743293477
-0.0101337362078373
-0.009226504753425457
-0.008423005590702116
-0.007249307786842716
-0.005699636896974432
-0.003969110500121688
-0.0019391054695312437
4.5411716492622586e-05
0.0019620770321088334
0.004081059090219484
0.006326024165085709
0.008117677265344493
0.009427672213162899
0.0104734947142674
0.01109522414185075
0.011690840340290975
0.012269851977866087
0.012489149827095708
0.012423210935237915
0.012391345139839988
0.012373010672296559
0.01225747920421997
0.012114705195698862
0.011654302752488799
0.010854249068985068
0.009910643688941862
0.008752807397376314
0.00787721119222383
0.007348685924653476
0.006878013886803266
0.006608526396369606
0.006293289165504035
0.005910420022716114
0.00571026141691852
0.005643371392685791
0.005274767378269302
0.004600751009459813
0.0037993228755358625
0.0027623061836947204
0.0018099202934425808
0.0009632300158899806
-2.6471487535000324e-05
-0.0010878492447106238
