-0.00120651674325971
-0.001813282350282457
-0.0024193700106847167
-0.003020310219923619
-0.0036710032637204677
-0.004356163351586173
-0.004900637963024054
-0.005292887256753315
-0.005604222824489064
-0.0057855286543673085
-0.005950695400696396
-0.006102922373860285
-0.006140833854259746
-0.0060855335624123525
-0.0060431933443111105
-0.006008465184782746
-0.005942149794867779
-0.005867939157303258
-0.0056930777794493076
-0.0054102798807607105
-0.005083408632287696
-0.004689932323588052
-0.004369465470989868
-0.004141121735508283
-0.003921560936403035
-0.003751264178157384
-0.00356260438584701
-0.003349191000827986
-0.0031806575054548827
-0.00304340344923338
-0.002811255451896667
-0.0024827241345967066
-0.002109859289848251
-0.0016611220766625768
-0.001228425665271187
-0.0008177868836971235
-0.000357316359691357
0.00013260149658169196
0.0005642507041598508
0.0009368817454280526
0.0012772212865200432
0.0015620301988325774
0.001859124612170164
0.00216969954468139
0.00243917425805947
0.0026805816230066836
0.0029311460096598236
0.0031868642769907586
0.003437757007450858
0.003691563594713359
0.003910230416949083
0.0040912688686854815
0.004259140078580447
0.004404615545740185
0.004614225817876026
0.004898366924102936
0.0052090419699998974
0.005571107441669651
0.0059396509466199555
0.006311229848277666
0.006730379825584741
0.007188256453445739
0.007613595011001537
0.008006360229213387
0.008395387098534353
0.008763210155026483
0.009163561821668319
0.00960010510795149
0.010031854273394137
0.010470960912360239
0.010764576271756343
0.010892560206158678
0.010935138924196845
0.010846732552061153
0.010705143351859452
0.010513979812370722
0.010192410234877464
0.009753917706416836
0.009323078352418081
0.008897878495972435
0.008424788976303397
0.00793274464783976
0.0073239908671557845
0.006589847943302442
0.005801104365737161
0.004933983998068648
0.0040770305703320105
0.0032452712767750934
0.002378529543982978
0.0015029454707772148
0.0005816366840173993
-0.0003904870578925506
-0.001372024492885399
-0.0023707690023848506
-0.003480629286430781
-0.004704327679513633
-0.006001994980167121
-0.007397802026001429
-0.008826980829330373
-0.01028558268048842
-0.011826349289095504
-0.013435386549642903
-0.014696292151361706
-0.015572905745239816
-0.016250680394448373
-0.016610543602304004
-0.01690447827075245
-0.0171409102708111
-0.017085584435054108
-0.01678445726782585
-0.016517970229566758
-0.01627582394952395
-0.015948020918243534
-0.01559820871860889
-0.014991257120535423
-0.014107910164056589
-0.013113266621728114
-0.011950256452716027
-0.010921380044958512
-0.010070688587317321
-0.009211307293954854
-0.008431422063539749
-0.007589938822228364
-0.006672193856936278
-0.005826672634860108
-0.005024742239495579
-0.003980984384950939
-0.0026907008473875346
-0.0012727587117585934
0.00034473055355609665
0.0019568953130977562
0.003550494140440343
0.005287435875357408
0.007122626163656942
0.008573678238868433
0.00961006495978422
0.010426098909012776
0.01088687292780012
0.011308676120850961
0.011700268771440243
0.011781581727052933
0.011611371151013737
0.011478140437154338
0.011366873882789993
0.011172029292299938
0.010957875016995848
0.010471083719395837
0.009691914241703249
0.008794422709136631
0.007717104332595697
0.006847964164760395
0.006239817560706028
0.005661935471243976
0.00522678849447037
0.004745803621310626
0.004201372132761999
0.0037873395681122914
0.0034658504351956208
0.0028879198875620734
0.0020496454711071694
0.0010949087205707022
-6.341989325199017e-05
-0.0011706441472447392
-0.0022100274915751042
-0.003380482904050969
-0.004625445097035121
-0.005576190136053569
-0.006217575709464873
-0.006682252141586992
-0.006869121282649112
-0.007037785712067803
-0.00719385019993172
-0.007116505194770699
-0.006854448146487768
-0.006600844177375563
-0.0063416185751639185
-0.006012052617285965
-0.005653925820153635
-0.00508745672238234
-0.004299152109705506
-0.0034089598303814767
-0.002372981503566829
-0.0015170790951582285
-0.0008828102902061243
-0.0002821361136986026
0.0001911351743366598
0.0007010794079699182
0.001261960759505266
0.0017087711807091538
0.00207440818841195
0.00264076379273792
0.003409948641928077
0.004267211601995485
0.005282595307264003
0.00624783902379479
0.007149336168702141
0.008148569445286484
0.00919915602421373
0.01000456729854261
0.010552535494873836
0.010948905711715369
0.011112196322711886
0.011251312479990224
0.011370435594447935
0.011291591331228399
0.011053744241416143
0.010811740115832065
0.010553968872099511
0.010228273647701767
0.00986792732096106
0.009328152491763948
0.008597847282198638
0.007773124109255405
0.006818430608115353
0.0059985287931829025
0.005346865800269945
0.00471057676940882
0.00416569576658576
0.0035782893890615288
0.0029365603954383634
0.0023745861655114094
0.001865336848936985
0.001179769217370406
0.0003159890941092024
-0.0006331458015313054
-0.0017247017254313764
-0.0027897407579170314
-0.0038174393149776856
-0.004939139134830577
-0.00611738456278845
-0.007087836743239731
-0.007838299084894789
-0.008466037531103079
-0.008898175442762888
-0.009318163098095814
-0.009730064309472649
-0.009976422026889439
-0.010091495350725324
-0.010218295419563839
-0.010347064838453032
-0.010428672116696546
-0.010494219329861191
-0.010412307415185233
-0.01017290801939627
-0.009864176455452537
-0.00945400950479572
-0.009173988297526569
-0.009053927314713918
-0.008959486397520752
-0.00895737817502905
-0.00893154750595489
-0.00887175449973653
-0.008895014595940021
-0.008978020216511395
-0.008918997790795772
-0.008716264730082067
-0.008452072251008923
-0.008076209814489943
-0.0077373657571973
-0.007445221496699076
-0.007084266801728263
-0.006687566060342841
-0.006325535741948558
-0.005992299159640428
-0.005678232686934403
-0.005400283444981549
-0.005089994345011371
-0.0047470124780087004
-0.0044202075367352645
-0.004095969713841557
-0.003765007888246248
-0.003432306810023926
-0.0030934875808662577
-0.00274770804217469
-0.00241479841051361
-0.0020953195157582443
-0.0017793591581996464
-0.0014717452253812568
-0.0010802739188555531
-0.0005954511605916012
-6.459070192372915e-05
0.0005385149589267182
0.0011627312586405477
0.0018048959247856822
0.002513920607252179
0.0032798865700322272
0.004034116753886255
0.004777470913602763
0.005537016486006531
0.006296293561761075
0.00710912547572251
0.007979303052261116
0.008866863606100433
0.009784208711032303
0.010513385978061972
0.011027989706651548
0.011439128175848313
0.01168256139768223
0.01187399089957652
0.012018665195073651
0.01199992843542235
0.011838292934771694
0.011704988749174416
0.011596831692877818
0.011441777439219978
0.011279608226221293
0.01097468345487255
0.010515358690309302
0.009999679590618824
0.009394847799305174
0.008833186166779753
0.00833659814230483
0.007817431126014468
0.007314794151154825
0.006772370329793476
0.006183068421811761
0.0056095869911522486
0.0050403241990367425
0.004339050003034178
0.0035024006424906784
0.002588300492540537
0.0015620150448042468
0.0005187007484586877
-0.0005355513456482248
-0.0016773154688376891
-0.0028858835963911054
-0.0038617349262221675
-0.004583445779440325
-0.005177015641736516
-0.005558156521229103
-0.005917705716595677
-0.006261621203162721
-0.006418292781799878
-0.006423151926922643
-0.006464056939139593
-0.006532649093212453
-0.006558538746950194
-0.006584081667389988
-0.006447814788233314
-0.00613712999740871
-0.00576434199017463
-0.005290440627184947
-0.004945940570357182
-0.004763271008607081
-0.004603625386677505
-0.004534130740495614
-0.004444881123621778
-0.004325372342191617
-0.0042900796693763465
-0.004317028682813251
-0.004195412025408227
-0.003922652317331507
-0.0035863371282770875
-0.0031338200902969317
-0.0027183279999155622
-0.0023500771345434015
-0.001909240833967495
-0.0014299062961706187
-0.001047760385036435
-0.0007630409635935046
-0.0005362769779532233
-0.0004032014010119995
-0.0002569699907702186
-9.589482142201514e-05
-5.158182711863021e-06
3.5785910634135905e-05
8.106440801325771e-05
0.00012413068674902878
0.00015146660079686238
0.00017408742283309
0.00013486112046480386
3.0093213985979758e-05
-0.00010407506127724423
-0.00028156300057636234
-0.0003661199421321886
-0.0003416838567541572
-0.0002834244633412286
-0.0001523082871483348
-1.9650708097593923e-05
0.0001091058043248028
0.0003042450740005492
0.0005516722885271413
0.000740086996812537
0.0008694749479177388
0.0009846391351420564
0.0010582887254118483
0.0011744811892039097
0.0013388809573429872
0.0014873719146516707
0.0016389276358930785
0.0017502552696638106
0.0018099807723004106
0.0018520281883233829
0.0018621213264181865
0.0018498825024218474
0.0018171604474086034
0.001745818496584789
0.001637088827283958
0.0015453649482891345
0.0014719418528638662
0.0013905998124986334
0.0013147054348960304
0.0012069879487663921
0.0010639331981624216
0.0009147620449128508
0.0007506296355602858
0.0005757303971746306
0.00039349323678932927
0.00019531933818952218
-1.6950108585929587e-05
-0.00023950947797596588
-0.00047317322229863
-0.0007181874496987734
-0.0009738889325769435
-0.0012558842440343197
-0.0015655080874226554
-0.0018948965002373384
-0.0022483520681164707
-0.002617253458356148
-0.003001020874344767
-0.0034077347661708376
-0.0038356737951594872
-0.004135377549827933
-0.0042927219097591025
-0.004376628503113577
-0.004344098067572614
-0.004282961322969786
-0.0041964339513209355
-0.004001476163965175
-0.00371405378719237
-0.0034385117115604703
-0.0031715318589085884
-0.0028714884212040956
-0.0025622321212146384
-0.0021575789820734003
-0.0016504223411894531
-0.0011017734468133135
-0.0004907613521630368
7.946755943026064e-05
0.0005933985541470966
0.0011157999999959266
0.0016164932571831366
0.0021425620745374
0.0026991100759331745
0.0032359169643048267
0.0037625541114807526
0.004378323562121086
0.005085041642156888
0.005841109734467018
0.006671599829492568
0.007505674392966144
0.008338746740201887
0.009227010822314186
0.010154901536230235
0.010852235591357964
0.01129788997430066
0.011607435082683498
0.011704153576663389
0.01175665832192879
0.011770023508408773
0.011590250170994958
0.011248187547364365
0.010917625142380875
0.01059104615137652
0.010201719839848538
0.009788698373790334
0.009203468963967395
0.008433938250445007
0.007583272430950087
0.00661529691358469
0.005734653838593297
0.0049701818751674886
0.004197211954990234
0.003475145616401204
0.002706591525342333
0.001881731258941036
0.0011016966167528726
0.00034668875224730145
-0.000572871485216585
-0.001659850062415977
-0.002835846359355985
-0.004148557374419584
-0.00546123955661486
-0.006765142862214937
-0.00816809048956011
-0.009639995707645739
-0.010811658528243876
-0.01165778448344263
-0.012330138761491558
-0.012724884995482884
-0.013080107355392999
-0.013402533213507086
-0.013479075535353047
-0.0133536999796159
-0.013253062971883656
-0.013166058036954769
-0.013008211703643448
-0.012830147519160626
-0.01243471105514503
-0.011806255595559083
-0.011080713589226649
-0.010210133379646463
-0.009486488751917323
-0.008949925896118264
-0.008425465799448048
-0.007997755916666112
-0.00752573839374152
-0.006995895089270235
-0.006553600728320626
-0.006170402957806495
-0.005581168241802586
-0.0047825686780408405
-0.003883973403996285
-0.002819000743944642
-0.001780380562029851
-0.0007806418800787773
0.0003312479589491201
0.0015126367166670616
0.002466308945390165
0.0031791697227860384
0.0037603727092029404
0.004128283870165893
0.004490144844643426
0.0048507696739117
0.00503309775294505
0.005076074476475261
0.0051390566341983045
0.0052111731594605745
0.005238383405255201
0.005255453350269103
0.005115823147200295
0.004808564162299337
0.004432197876944167
0.003951086988415662
0.0036242560086059794
0.0034851973397846763
0.0033840016091794753
0.003395418284968665
0.0033899218444808795
0.0033562678997349897
0.0034254323781520413
0.003571559859352601
0.003569548774783056
0.0034177352284873058
0.0032081414699298544
0.002884907171272964
0.0026142878851523215
0.002407294923022749
0.0021351409418018316
0.0018349540283289808
