0.17119989345315983
-0.23976319515047745
0.29922021910990854
-0.33303013278847804
0.3361866311339291
-0.3982992213423131
0.2993426521460966
0.0772892888312051
-0.11181612043268128
-0.2993935611645348
0.3099960057628985
0.1214621593586793
-0.22704452815387616
0.032792711898389476
0.08096974483030953
-0.1386880004396056
0.13688131848542825
-0.07861365773096539
0.0507510585308709
-0.024371471342111647
0.028902364980998047
-0.11557348593566981
0.06642541559797381
0.11811017084297717
-0.16209611424142711
0.15350843250849727
-0.025191186741314302
-0.29571689078968827
0.3198806246882164
-0.06751875767552187
-0.050894495859847344
0.11224616733932934
-0.043511695258697386
-0.18397514047449437
0.200009170412185
-0.07365248482757632
-0.08448205488933574
0.35416275111820056
-0.3695814735581006
0.12039627456250995
-0.05574199664485562
0.11543968959108639
-0.21446173347462427
0.3880307023006251
-0.37617839057075836
0.21079087030290422
-0.04306676953639771
-0.09766797814899067
0.20179629897824924
-0.33676213410299244
0.26403216908679666
0.012845393364833549
-0.17711284902928703
0.20599288024568962
-0.2376197963813595
0.34302817670139785
-0.24814623753224602
-0.059360501581480804
0.19882599694104405
-0.18300008104378668
0.16899183158277165
-0.1598287597940523
0.13603268858221682
-0.1045576649405623
0.07069338436853909
-0.025337727597076035
0.006723858141214751
-0.03370837805232454
0.025646134184969634
0.04250857989929209
-0.025522608961080745
-0.09116544868341851
0.14551790805654077
-0.07645016982789754
0.10640859065739855
-0.3143096700902029
0.2366195720721199
0.10187130979308504
-0.29452337713205584
0.37760176917587146
-0.33132994335266364
0.19775989939194852
-0.027703531960903305
-0.17769945851874935
0.2818480517212202
-0.33206607177316755
0.2810496103274068
-0.11163330551998486
0.043760397390939704
-0.0825829429192002
0.07719972572685917
-0.019360441107318604
0.0021682577309826054
-0.009375494966407397
0.0015111581270280602
-0.033226065658546605
-0.050424478182083635
0.24630067423010654
-0.2942777336961252
0.28603963920529024
-0.1308592799893664
-0.24049909699054176
0.33676582516112635
-0.10156525155639692
0.06575770752757464
-0.29291815556886897
0.259989999550799
0.04251084928998891
-0.17368884724702738
0.15423876003769418
-0.14465069907774974
0.1016193784974308
-0.11910101021263049
0.2513753506456597
-0.1990551503304616
-0.03536528876031138
0.14754891804194958
-0.1758575559594994
0.15247318133493298
-0.03213351002971341
0.023800885935568956
-0.17531688179164023
0.15662057759722192
0.06265572979652415
-0.13450590335077178
0.027684795992214996
-0.040166514276325435
0.17970620293161213
-0.20162126311911183
0.15704197654851895
-0.06757743196771522
-0.11649040932722286
0.11825108302150922
0.051931992533022
-0.13174778155525793
0.15010403407835402
-0.10923305141101372
-0.0012365116882159105
0.06078906320683933
-0.05290076269551856
0.09568517508653304
-0.16830803022092197
0.19897337010445715
-0.260652693944529
0.1635042665115573
0.13088388695368178
-0.21754883143857837
0.0805697569365644
-0.03637898449880245
0.09240708784345775
-0.054062829737046916
-0.037369168167709375
0.16883695276555744
-0.3349054930638799
0.3926574810506039
-0.413409422020409
0.28734773097381366
-0.002082659780993368
-0.1180287534218481
0.10282239054159459
-0.055605489340407724
-0.028884771030320815
0.0704760440564999
-0.07576275827063657
0.08342895755520886
-0.06943289761422772
0.09022360116425522
-0.15617453985174334
0.1339908129237265
-0.05958851228953732
-0.05194567691091397
0.21421574677917238
-0.2734743703090643
0.2523371815163224
-0.21126937689678058
0.14062461713546653
-0.1254352041598365
0.12269918800532195
-0.13701414745962343
0.27350782348860175
-0.17546206509535317
-0.22863548775075324
0.2832863308457136
-0.01871940646805348
-0.12002297052578693
0.2024171343482531
-0.14921283917465256
-0.07864129548277879
0.12735885286591198
0.015790228873763655
-0.05943684852092811
-0.01663379818356449
0.026198234545080582
0.07358597018824556
-0.06436133559052942
-0.10858573747967153
0.10414478355123263
0.09423771718783727
-0.12874221530621155
0.0251731044758699
0.08059117801901523
-0.1772152639460582
0.24321586012421476
-0.2933284105365358
0.25750823815063545
-0.18218682610662207
0.054399017878239066
0.14534167497905545
-0.20226952009077684
0.1470922718301379
-0.06718244534166122
-0.04723302848737228
0.10090663491308574
-0.0819053099476055
0.08040147673103774
-0.11961817853117437
0.06988864177016887
0.02655796172793132
-0.11005102215973084
0.2733405016744954
-0.2056521959368852
-0.13084459609637702
0.213314973964091
-0.051841031484096536
-0.05374878272849301
0.06597081159967193
-0.12464826694834762
0.2929229404280395
-0.2633300463405255
0.0017076621898602096
0.08916565408466552
0.01677642750058041
0.0011259238091441024
-0.15301239252894913
0.20679180042942338
-0.16900543856768563
0.15137260728792837
-0.1307388617633048
0.13064206522266936
-0.1867275443426396
0.13669280408389034
0.026915939439731265
-0.10064924115848142
0.0956585405056034
-0.08579742899561636
0.09936548458587541
-0.10374372846077934
0.02429537061754954
-0.12215671843038395
0.4172126007409594
-0.4998663545163967
0.41645240592696686
-0.29480012453461235
0.129103791038431
-0.059042987427086836
0.02537747666530933
-0.06910513714584131
0.23574667715977218
-0.1997401734175475
0.004011611632930928
0.1439243231099917
-0.3246663961468787
0.3025246773492168
-0.04776427157155058
0.0016937228421974948
-0.11923752942115755
0.21100739845662903
-0.3577990654741276
0.3143991409427341
-0.019462828394696347
-0.029263193652992694
-0.19621538690788898
0.24125088003367254
-0.08608330103019132
0.03362393711304511
-0.10612733786754036
0.07808460660569533
0.05753157857620081
-0.13034745382915763
0.10461363656853795
-0.12935596257233933
0.27232134517067946
-0.22027133405535346
-0.06570697755343222
0.15845479436093862
-0.008761055399434316
0.0004678510886001949
-0.20291435203248961
0.16306036497960447
0.1426261197259531
-0.2517257664620187
0.17348082071640103
-0.14541715224493446
0.1496311417299363
-0.16789024866821106
0.20286619735515907
-0.1895344729677294
0.14319931590606783
-0.05926977132736287
-0.020403706061195376
0.113197115297772
-0.2889764268086684
0.24841513242526123
-0.003376257959430029
-0.10242154383280122
0.12514749624132676
-0.03310207416222518
-0.16544374629792927
0.2722098364065827
-0.30783457205306675
0.26355292598864205
-0.20084736848769325
0.08867965800811334
0.17754504223686393
-0.16811972867651492
-0.19732895022368768
0.22970777407116144
0.09732887052556638
-0.19419208379936825
0.043272927375653775
0.014024062296609095
0.04907236245669231
0.011366677051870751
-0.18532508459758754
0.3124277291835131
-0.3678112612107181
0.415677046857048
-0.5135976519982834
0.4305963626022466
-0.17832805048232298
0.02907061217624994
0.05495567363596542
-0.05722938470458843
-0.03394022594805928
0.05938319921391619
0.012710521827337059
-0.03442451819322212
-0.09622557483328521
0.0186473319656589
0.35344789937809146
-0.3407280991773547
-0.00466268202980695
0.2171116025010063
-0.38879653774402184
0.31284888588276805
-0.01721287496768298
-0.13330421455961167
0.24480388567753997
-0.14469320168522692
-0.22038216792600615
0.29814376235304607
-0.10484486822424657
0.0048286827182767575
0.03131039310395144
-0.020936497734769598
-0.04457234677823032
0.04648406491208398
-0.0021164652629268484
-0.04777430919601531
0.11352224067782467
-0.132827596833627
0.07249944260064294
-0.04055700180484091
0.15334017148417722
-0.032650679251825604
-0.4190837728972982
0.4480236604440926
-0.0696551491072483
-0.11536236168808818
0.1568664198730574
-0.11827332498555025
0.0020482651574741315
0.0357794527308644
-0.03649061913887401
-0.03289645341050731
0.1873714558258353
-0.23865724124985044
0.17873878912577548
-0.14018124000346202
0.16048092151505736
-0.08734111437437252
-0.08555236190821897
0.15150019593320688
-0.13776715102076853
0.08561503600809414
-0.004965613111356369
-0.04033876595676883
0.06255666027155217
-0.01663251758853416
-0.047284729805391834
0.16537239892520328
-0.3713073911904329
0.4004728264940405
-0.2791202113577789
0.17254723568054642
-0.07069501527315017
0.02926955229645243
-0.03382378957270528
0.051541651431728654
-0.1184987754032519
0.13479264892240897
-0.022201708002650478
0.09840445471292072
-0.4022589500869355
0.45822834613454705
-0.27538499179242343
0.13952808977740833
-0.10277819040053168
-0.0022938577539842932
0.24238703465121977
-0.23893673357299106
-0.03237020186744037
0.1598478672530573
-0.05747539386278173
0.11570111727905225
-0.4679258557420864
0.40470433756968655
0.14193613034561567
-0.3036928490605651
0.04950498445972512
-0.00022857196228093322
0.17253977422168076
-0.18610070701506187
0.09084365327065083
0.0028591967005277205
-0.174105650961354
0.12987477561768543
0.16075154988626156
-0.24816500499434127
0.11776732232834386
-0.06581676909116124
0.14345782448007988
-0.09613876627537093
-0.13701558216695145
0.16049309624443203
0.04811304882349895
-0.07145774965217344
-0.029624702506491865
0.13016241161132375
-0.3261348782821558
0.25871351710215823
0.11503900196738612
-0.24267762471118007
0.07394312330831995
-0.04938762481418091
0.27308090083476233
-0.20505431036016764
-0.22799635760211634
0.307697270379158
-0.038736239811031165
-0.056388357162916035
0.02354444528536972
0.050975688895407906
-0.19524961005707012
0.22354430062085956
-0.11721954142650706
0.07127961466401166
-0.15272130605584083
0.10320281786963731
0.1728642857597119
-0.15458028757568912
-0.19871811921002575
0.267585592243923
-0.08470073364473571
-0.04489974342809765
0.11792376613386185
-0.12145568939900359
0.14729395020383354
-0.014375779638059203
-0.35311574434549786
0.40605006718577336
-0.15494935838038676
0.062238832710922704
-0.05225471699120731
0.1367863906400394
-0.3760055388644753
0.37198145979142516
-0.13597680931547024
0.010993741291642226
0.03742509287536286
-0.028550831713906995
-0.059772745382192696
0.07350044229736176
0.02789415191531453
-0.036304051862489244
-0.10702852635004848
0.06206081859523368
0.17113366578531947
-0.24859995384100297
0.23215063191416968
-0.12816950656613563
-0.10063964764232738
0.16695742868314975
-0.03239218166842801
0.00024747310631006644
-0.14918410814897476
0.07631453152856132
0.2481259163757762
-0.3243711027139178
0.22189216289678892
-0.10637400488968651
-0.12933477277490898
0.09112898284988907
0.283809193920159
-0.34632926896159416
0.06806697464909695
0.04018309016587346
0.07407404535773156
-0.01669256330784687
-0.21732812499912746
0.27353491528578
-0.22998334742283955
0.08092776645103858
0.20449406697414574
-0.27884573351444997
0.1701492376348031
-0.052769171295140735
-0.03650775198390868
0.1270228297065443
-0.2768006299623788
0.21853294455684183
0.001199754254733315
-0.15848458263877951
0.3378357627611529
-0.2849423351144112
-0.007585573724397401
0.12860194159782537
-0.08936205483439881
0.03662906631565436
-0.015812988398132853
-0.07117594402684191
0.27244234860924416
-0.2913716081232136
0.13509518605574858
-0.08170507168773532
0.05507131420364181
-0.11907710962909296
0.3605089276976056
-0.3106477491877377
-0.043912660322978275
0.1962187272522278
-0.1384748738270833
0.11431421967204507
-0.1593310979640044
0.08057138021097444
0.10032707456678105
-0.22520216124306394
0.32203435436822536
-0.31089125696497333
0.2162004448361055
