0.035030930318964544
0.038167084368478744
-0.05238203248483614
-0.0049945257536038005
0.010919876265810285
0.03906530329231242
-0.0432225914253788
0.017744842635405374
0.013762469518096796
-0.07153414349583488
0.06747685200542422
0.010860721520473793
-0.03569600351296415
-0.004507390750063239
-0.005219644881328315
0.06287373723898786
-0.08695248422304268
0.0916488327533118
-0.07274890966226619
0.01881943616240051
-0.002361384437150198
0.040632775919357
-0.034532017822810575
-0.03588434656035048
0.03325542593490336
0.04831085955044298
-0.07602611016187782
0.04631957652671832
-0.03410753777630184
0.051673633005328554
-0.03379803474627701
-0.019046229958236134
0.03618316894027356
-0.041835033469298386
0.015410450516390464
0.06987884119539803
-0.06718302368319735
-0.032063803473158334
0.06167926243159387
-0.018709803331030967
-0.002737369727953797
-0.01769811169218829
-0.002202455744465443
0.08788749198263777
-0.08775970225171356
-0.015106995352505533
0.04412940677936073
0.02532060181387002
-0.024188871022214183
-0.0842374631921631
0.08063211175621199
0.06533147368811283
-0.0812346777226163
-0.035251087956958464
0.06424853369370759
-0.04993747872184756
0.0034973027501366428
0.14843643603736403
-0.11175105382010427
-0.16362759372487795
0.2083824245514516
-0.012885304480572714
-0.04728830353439068
0.006148151772293737
0.01705123356444019
-0.12207443787449843
0.049342263188009806
0.32637674293829155
-0.3075159641094228
-0.15104218271640568
0.24703335563357623
-0.033913261421947755
-0.13762622202116806
0.29461433234397255
-0.298025224397795
0.28384438685512614
-0.16683906712891455
-0.32015929260587206
0.14165829856066567
0.8422166968598505
-0.999507896651023
0.43064855316614825
-0.05086910765118695
-0.27816773084017277
0.2614460026267568
0.1511234571713323
-0.25907343165149144
0.04881152710401159
0.020610512289697177
0.07405493373815936
-0.07337472035073543
-0.050261483976062435
0.06658375083028066
0.047312479667435604
-0.06388951067077232
-0.027671928974686174
0.036622623952411094
0.014121716001152605
-0.05710178503728631
0.1261095031785409
-0.09667563765797374
-0.03775946092452326
0.09897894233262412
-0.08017583385094804
0.08015403505321944
-0.1217017430348124
0.10001584689941836
-0.0030981629858236534
-0.024528622862734266
-0.013788906536691445
0.026824491363078386
-0.02859967528461283
0.01516723995076864
0.03185001478160454
-0.02621173646592717
-0.04726109911790952
0.0627338854810518
-0.007491169759711428
0.007306210878438833
-0.06379635313282592
0.08033540440695253
-0.06871661350833277
0.04734835022650269
-0.009040658421508226
0.004721016345635858
-0.02791050221254884
0.04723669523587692
-0.06423211355740863
0.061127538644206315
-0.05672058012051201
0.028669935003571012
0.04666284431962435
-0.04752143749035827
-0.034739898494265904
0.05253519339730781
-0.01305255226666608
-0.011512009349449395
0.032693410624859684
-0.02969972308298303
-0.008307627491455884
0.012112635903373284
0.02752976112799852
-0.028208238928960887
-0.012252531600544578
0.025561599770516714
-0.016137322817187782
0.009376556877685774
0.0043970758088198525
-0.0003392792635723489
-0.02912175738748674
0.023463201146887328
0.007775561088080753
-0.0328809163184551
0.06364079725129379
-0.05297595596651382
0.0056409279864049235
0.027675048796221312
-0.05366901028569761
0.06125527404174837
-0.045120516079275204
0.041275590133683475
-0.06621921453024787
0.05854577164541084
0.007636089167188692
-0.001223642380320101
-0.09475697578926887
0.1062342076106864
-0.02888963399061366
-0.006691386056572664
-0.014584731255420202
0.002133945466715127
0.06443461636605119
-0.05977229096298674
-0.03475802678510849
0.06766621771227037
-0.008650013012934953
0.03928682602557423
-0.17125872116929236
0.20120627185456422
-0.16033006418045082
0.11163286584340096
0.007226072921636531
0.006470021494024248
-0.2257823015292226
0.2161180948326409
0.08492045465142861
-0.14392267578966308
-0.11812641390674251
0.13923184577834039
0.1805095111190872
-0.15991849246950657
-0.257719488851718
0.35307179490154983
-0.11696565493715874
0.03309208221094875
-0.10577472116834401
0.11619771374272497
-0.06444027703842403
0.05231796214813693
-0.04109763504373461
0.06006337435097128
-0.18462580397072967
0.11802514459930044
0.1711638805488342
-0.23512514709493004
0.11382458426251821
-0.008030913819884427
-0.11784550990703704
0.12117742941402872
-0.01157506617609667
-0.04709199607663711
0.0812268508339342
-0.06653118612581159
-0.01830015521136338
0.02990051870065471
0.04927544037245386
-0.057884165496184
-0.020898962152537746
0.034043625620624914
0.035564880677796874
-0.03886676955246107
-0.03481125382333292
0.047159575153360445
-0.004339651130776714
-0.013916895511231422
0.029085351466102416
-0.008151847262312169
-0.06919799296122306
0.07615405720784225
0.005964464086651508
-0.02539906225646976
-0.04866365331371784
0.03680408524874537
0.0937166391113594
-0.10398898115523433
-0.025182678344744774
0.05194022444741179
0.031975815086992584
-0.05370276569766177
0.007318801589867542
0.0027498459474578187
0.025969700696789295
-0.02705519596187371
0.012814044587314742
0.005145756054718266
-0.04787366141964863
0.03392930099969607
0.04222158665768422
-0.06330053230504606
0.03660354628778051
-0.010371950474028037
-0.017531109662097484
0.03588164998662631
-0.03602299590037674
0.04409392352351625
-0.07946965356902544
0.06466947310052826
0.014348389024265516
-0.032886285116092616
-0.01670493441442074
0.023164765098783503
0.01361289625314624
-0.022644994239110868
0.020574680397487468
-0.004384185775169759
-0.0527188004113399
0.03893768629145676
0.06418505004530661
-0.08474467514503285
0.010417685980596798
0.007084364811332818
0.04505636667366041
-0.04206152498204736
-0.020854335632471244
0.043528875198492516
-0.020056796212144193
0.013213147197620411
-0.04126113287193616
0.02544551675234789
0.048876026171694543
-0.057606918201802984
0.0033060331909029305
0.021243847930616722
-0.018022175864573397
0.004381729411699975
-0.0018639767545848645
-0.028304732246105906
0.11237148322064652
-0.1068280614142574
0.007017213573826526
0.029474577492975766
-0.014936986690232912
0.00146313933114031
0.027375827649427285
-0.015122300994010188
-0.04796112312259622
0.06364504711317971
-0.02720734327045425
0.018508901790340503
-0.04019546903514788
0.040538499664997694
-0.021076073001307594
0.006731383417089211
0.0004042458261745074
-0.007613302738153214
0.018713175855927293
-0.015039210139259782
0.001411548161247173
0.010250358716648625
-0.027701482828339754
0.022430378848513982
0.005823800643541696
-0.017943982509893933
0.01704061950774129
-0.011772427260730377
0.003931222703256008
0.0013587678515202188
-0.009342879546447028
0.004696498612244152
0.011575988016176745
-0.01519101142976527
0.018482741440443113
-0.0035771109890139
-0.04086374256906395
0.041180043168921106
0.0017895439275913243
-0.021701482035071083
0.022545494133116083
-0.017382146878704412
0.007257938571685787
0.0005146982810586044
-0.006029937540545076
0.007332567173625327
-0.00880014526738198
0.0034378989714934204
0.013918472764060054
-0.015465230192113924
-0.0039588439750633505
0.006378682012602773
0.014919752420476924
-0.015112138478515339
-0.012660384996077679
0.01489599623118805
0.01318458712243491
-0.018368249075691796
-0.002668001337263166
0.007260139084291564
0.008385194938294592
-0.00997366654202895
-0.007936130340468878
0.009055417224867239
0.011815641896587339
-0.011631288901056726
-0.010865691164905066
0.018553787742347345
-0.01303501141471562
0.009437954963611285
-0.005966438728874905
0.006690673413552161
-0.010014361174278223
0.010574757936698587
-0.012737096376306344
0.003957426013260168
0.016033976503843507
-0.02676216657403983
0.026875198014082884
-0.027029628074713184
0.030630362871528524
-0.020502227516089568
0.006012780582156088
0.010495057657766503
-0.04701246507409186
0.03651516745649642
0.03341574693493219
-0.05049571159697482
0.004925973402366293
-0.0012363460788339144
0.044206334341098726
-0.04984755986074712
0.02456094641662926
-0.003906068605248016
-0.016659183042087165
0.016592656384936275
-0.005365448817846776
-0.009603728849881261
0.046311153919278696
-0.039161366903749883
-0.02394079384018246
0.029597785093628374
0.01809639392696566
-0.03950993474784353
0.05470962918117477
-0.04176279699404126
-0.025088144095475752
0.016993753926091766
0.08435352287776213
-0.10642956907983016
0.026886279530586307
-0.013983341622114506
0.10196248471063558
-0.08338742606640372
-0.06265039601971611
0.09628826091605101
-0.013605965717986168
-0.01577459782702353
-0.012819002606733205
0.013870357740190173
0.013424696188708937
-0.016198361137381923
0.014199727853437183
0.004987365629575538
-0.07466668002960344
0.05481338977633731
0.07003783224441539
-0.09821734537030867
0.03143613311428633
0.006141001115711888
-0.006031646731571352
0.023047671879536387
-0.06848576329167609
0.06883343605169645
-0.02562132373794895
0.004422684811063775
0.0038553399212252902
-0.0020662304991572126
-0.02648804468486548
0.020551285815624837
0.0443503259116675
-0.039966036269650965
-0.05450665722780623
0.06296193651137166
0.01677558828142876
-0.039333404349541905
0.018650263064494875
0.010352833472310575
-0.06103441953517747
0.07150055992320085
-0.02898449569621114
0.02724670684162471
-0.08126070324447515
0.0831768731585921
-0.018205191425062786
0.006514621702087989
-0.06493518764087806
0.06642283115735147
0.01276463541796468
-0.024219473811024364
-0.070851669090033
0.06184035803021644
0.09512055902879415
-0.09932757111042917
-0.07253107432317822
0.10473281880310582
-0.008582840093001646
-0.03462925533039739
0.05822054310950031
-0.022990298374627825
-0.08500847817442357
0.10103994375263925
-0.04555386737761617
-0.010871143530469923
0.08070440474470839
-0.08755823095854656
0.056390405604648766
-0.01515230446023751
-0.07418153536028167
0.05858060569696962
0.07949407830236349
-0.11363138333044878
0.039080177402064556
-0.008668439989084748
0.03651171169082766
-0.024102132204020663
-0.04764403340227773
0.05811331758286657
0.020492250500453824
-0.026837300415005774
-0.0838650606902719
0.06802915665792013
0.10836167758301658
-0.12779091282497246
-0.012398214649399997
0.06879292888591962
-0.04400713422677846
0.02918716409817358
-0.038089521228829915
0.020363337477399768
0.03439217286410665
-0.03548402881318602
-0.004269741279625807
0.03681856134777138
-0.08529488091837747
0.07863648578313749
0.0074093532156658155
-0.01997221499631525
-0.07057772782191875
0.06477511061539985
0.056723053197569054
-0.07481757635272039
-0.00362481369633973
0.04040422912864631
-0.05331924303058882
0.03415728113416372
0.027672072396928083
-0.04553449687840268
0.011546428209948332
-0.010976515160317907
0.04526258176822293
-0.04983135807248372
0.03876051316307909
-0.014460348415835572
-0.03657278737055155
0.037661220615726354
0.011303967047395214
-0.03395150777823723
0.029885831751544228
-0.026469555159572913
0.034873889895001495
-0.023630171912727975
-0.02354386466264918
0.024403772816362707
0.03426151278779672
-0.03851420730466559
-0.01808352218527738
0.033854019376366944
-0.007361688491768707
0.002074815328448839
-0.015920264396860114
0.02444357038356951
-0.029364988380505476
0.028664356771103273
-0.022994102800023064
0.01789898320017847
-0.0133677551659114
0.00946215942900573
-0.007720812889374344
0.006354895695745457
0.0031776762169694094
-9.74076685354491e-06
-0.03186786523437612
0.023084902733779115
0.033876897037147954
-0.038242337730400214
0.008570241547754532
0.024858686700910675
-0.08800886728494353
0.07377141216082034
0.021790375229737792
-0.0573778604234761
0.042404270013486914
