0.06418175420500406
0.031084889684433976
-0.0011903823394788598
-0.055621518590469064
-0.05154763634680077
0.02138226254357887
0.031857351974265244
-0.006147467666762383
-0.004848080238628585
0.016374154534960685
0.013691163850117696
-0.003175210183680481
-0.01746385954514626
-0.03510048911615137
-0.010984395456108567
0.061299721685384334
0.04072301229580068
-0.07118319254667554
-0.05009740657655349
0.08864679073099263
0.059825235186637
-0.11162043348272498
-0.07933906607750515
0.12576693775074643
0.09947932054044313
-0.11905300063804275
-0.10149227635572715
0.10367894858975493
0.07821589043975528
-0.12653276091711618
-0.1191375168804313
0.050331556933905605
0.1195156327616308
0.14510329194230895
0.05357637557840549
-0.20625773145919185
-0.16987996822363596
0.1632949933728227
0.1674572704431244
-0.09342274802247867
-0.13524931815126004
-0.04736941173415068
-0.0033463543597948443
0.06684267492394401
0.09648416730325579
0.06581217992012303
0.015382297797206117
-0.07741199120994588
-0.09416790875029252
-0.02511516551427473
0.027348041314367456
0.09045398577689419
0.04637341810089891
-0.12978790635864662
-0.10393432638420534
0.11229895305821525
0.11016666314454086
-0.0663925399205336
-0.0865275722479715
-0.006408279497934868
0.0524409377760953
0.14037868462435213
0.07990833668450537
-0.15521894877210787
-0.1620236060226824
0.03848997740281036
0.07571000047755468
0.011432541799361713
0.0077555462304465484
0.01159826622188767
-0.0015124490238536334
-0.016020094343533884
-0.018935299492638873
-0.009360861730125729
-0.0014809985963594734
0.008118168963805813
0.01713269305639351
0.02333173154912776
0.013332363405113125
-0.016005019215126856
-0.018742168337507543
0.004199107081481475
0.021780460129777274
0.043033401636013185
-0.015614298246721642
-0.16636985217241462
-0.11283090494678043
0.1455032659034946
0.17478823937368787
0.013302456068271334
-0.06030834313720293
-0.11730375275185922
-0.05377666273978969
0.1803130904564733
0.13448592755523534
-0.18319466837842574
-0.16651949055399706
0.1273446147211188
0.13052075521118095
-0.07749228892804723
-0.08687355448430745
0.027848364814531807
0.04540021227742884
0.019208108615656163
0.008092727410960893
-0.01696832143826363
0.002875937780925264
0.07610135180370588
-0.01279429458508717
-0.26597238784594773
-0.17280294793148504
0.25793199808395656
0.29245063919872616
-0.00653244764262856
-0.08872093717920856
-0.06810635412312158
-0.0821695312121031
-0.05270214216665992
0.0012202906672618926
0.07839971949055044
0.07786829977531096
-0.013207609478136012
-0.04216185131278474
-0.029000082699862362
-0.0014708922813110245
0.06842808277734758
0.046571729591107065
-0.07358525249898727
-0.07589750802855351
0.021784563483097652
0.02442938732856198
-0.03784002051551184
0.0030514009136872384
0.12601062146994677
0.06540499416544748
-0.16956720667075917
-0.12681235546018474
0.16990751584637712
0.14117727565181137
-0.15885358197608315
-0.13414168337925542
0.1437924253304398
0.12635162468377975
-0.11390114649877908
-0.11201684395636682
0.06394685877198651
0.06932294789683989
-0.036315622690752204
-0.03424933533661044
0.03212044925927755
0.029512658552330363
-0.016402071585069816
-0.022161455809418237
-0.003946974414276137
0.009824063102083638
0.03160946226544884
0.005895910674848806
-0.07464765767794362
-0.045668820441887116
0.09055681874574595
0.07586001083572567
-0.07182852034275497
-0.06241183039503653
0.07161473730438453
0.04861794799218221
-0.09665898287623127
-0.07032608017121493
0.09712317006536864
0.08742702622883819
-0.06546158320447015
-0.06505374618336761
0.047783002573947304
0.03504091190459087
-0.06628982886507125
-0.05452223809861494
0.043503228102434406
0.06873193286714836
0.0478063849282027
0.014874464919030512
-0.05724077099101379
-0.07670883950159725
-0.03876532145758438
0.0006266364191679359
0.0629538988142058
0.07134374685791621
0.014646549926484082
-0.008992182426421469
-0.016421687862765145
-0.04738337169727791
-0.08853751286967433
-0.043759434306833336
0.09252131512224618
0.10702193577827772
0.008565156239643094
-0.029362203194970883
-0.04349079282063668
-0.032552020253095795
0.031745736892733835
0.04697114194044337
0.017382955763768027
-0.024161449175044643
-0.09930579204427119
-0.048064916709743874
0.14310469225759684
0.0985218146601707
-0.1688407720535158
-0.14242887974277166
0.1334819544464668
0.14838604963396074
-0.029903684459387778
-0.0674788618635349
-0.036647574142215915
-0.013524060089000221
0.049676757982344805
0.028053765993777846
-0.08869003137223777
-0.04052541509623351
0.16057404157985924
0.10721413948672684
-0.17684198057882414
-0.14691855102004092
0.15168084132048446
0.14403319233080372
-0.10087440793174657
-0.1113356811452378
0.03706318066322287
0.055230711710215916
0.005899082958381872
-0.02166401142658783
-0.06712708160722754
-0.05371077788621867
0.031809944273738275
0.082285344452186
0.11395894894958877
0.04238972917246701
-0.16132211302100666
-0.13399542869131345
0.12231166395092498
0.12810047521261275
-0.06652989367502862
-0.08550667959887226
0.0037460654698257385
0.02807560985626515
0.039086441929608945
0.00794868818784195
-0.09058503308708613
-0.0721800145144558
0.06201841909848325
0.08991182724509306
0.03857397429978573
-0.0065374639478019666
-0.0835887300444551
-0.04692183290615224
0.12192494830929232
0.11296082670968438
-0.05605697230051278
-0.12404753779646878
-0.1401860518046476
-0.04992361642550877
0.19841983830550566
0.17401362146730245
-0.12496171623310548
-0.14171080947804549
0.061468268271613766
0.0805530174351682
-0.005345346215879568
-0.02490441242515697
-0.031659127854503914
-0.01785564603150956
0.0385067985403295
0.02737680529219772
-0.050311451129963415
-0.027587847931851515
0.0833835971960726
0.06520522827510776
-0.06452015566512007
-0.0803269792300084
-0.010559051808050954
0.024313182046407353
0.05983001952584136
0.0363974172262186
-0.06697306618705597
-0.045689879968815
0.09424018504360049
0.0493691723352871
-0.15849250913548513
-0.11308345980467971
0.15541701126542837
0.1494652835019732
-0.0815011938587279
-0.09834996655235706
0.031248950065710115
0.041902546599734
-0.0067467442988693215
-0.019495493601249282
-0.03014627560584955
-0.007509417228297685
0.061817292457228494
0.02876348531365215
-0.10717002537355469
-0.05053959504519553
0.18754769442896194
0.13126307842964283
-0.19178740062742247
-0.17736145309863086
0.1183881890845469
0.1257097408638868
-0.07516584396349901
-0.07176097704337267
0.06160708153777523
0.05084840485306311
-0.055147365296116725
-0.04498790716297174
0.050603722230531084
0.039008572558722206
-0.05552803853252952
-0.03685143779157666
0.07356854134320764
0.05436699955208864
-0.07330357949128952
-0.06389312904457595
0.056804556010159823
0.05321121083900942
-0.043725014600592166
-0.04248979016233931
0.026958804037327793
0.025069964468869613
-0.024418083572615306
-0.012741621388414405
0.04427832390053605
0.03158677155304514
-0.040056520826981
-0.044871722334148316
0.003196736944982942
0.01465069277218102
0.008130804009240988
0.007037586144652454
-0.00135568029606891
-0.0004156099803461736
0.011738254519348642
0.01212380433964654
0.003532094184010192
0.018947416832150985
0.056991333841030466
-0.022913215628791613
-0.2266339574547871
-0.13446395918910745
0.2539229083008972
0.2376286555669494
-0.13774849183895116
-0.16516176905821495
0.05742046543741416
0.07179790553618355
-0.0244766643589155
-0.03443448690685422
-0.015303324422631085
0.009492212338273444
0.06468566191012588
0.04175614482235244
-0.06556880270800941
-0.06243536382255816
0.03830774964702274
0.05951139323648421
0.03002713650381207
-0.02242317560374867
-0.12885417605746563
-0.06136702710399507
0.1949172486915671
0.12592423519164686
-0.25022193500585416
-0.1984324454340263
0.22365880495774693
0.21587272540793645
-0.129825624989449
-0.1498538407094509
0.0492525121690613
0.08179717022279394
0.037840598445847806
0.011314986237245705
-0.049925890558512896
-0.059285142256042186
-0.00707704878962065
0.020156719798569554
0.040944471017032406
0.015786565829035468
-0.07266521738198756
-0.05816982777248926
0.056253265522828645
0.07917723006714254
0.03504784959854511
0.0004542811304073433
-0.05665699511865322
-0.06742826072896715
-0.02042726856382695
0.0006055021595549751
0.011427043949256378
0.045818693660407285
0.09326131103290597
0.036977486095414965
-0.13084382435554578
-0.10665964445675695
0.10305182063080587
0.10179467122146435
-0.07008177634017869
-0.0682437441480411
0.05415565152071591
0.057730240643012215
-0.013952558469167509
-0.04891902565800051
-0.08044483471774566
-0.04516380598988989
0.07790731867004018
0.10203458355098348
0.03622307736750978
-0.014327461129688785
-0.08511037497489421
-0.06928570338047388
0.05384825561101948
0.0522243602001702
-0.05787647576003075
-0.02714867654211957
0.11515750213910952
0.07717172936428501
-0.11709319271867953
-0.1137957062594617
0.053897058274995246
0.06375674424967985
-0.035859943058523185
-0.02024361511638366
0.06932821191559232
0.040847475383514464
-0.08368312609628312
-0.06993534617874189
0.06295719638510729
0.05254043096005207
-0.07231659377522319
-0.03666322621649913
0.1297062755941278
0.09079096139561088
-0.12647052223899125
-0.12515881692924286
0.05524766138760784
0.07132571796194684
-0.02212103787526995
-0.01986860229103807
0.032236268960154205
0.02177828629828398
-0.028826917137117415
-0.03113453111374673
0.0030756637421550524
0.009410814743415393
0.0003851866529517758
0.008573719328948303
0.02584747064598909
0.014355993426240887
-0.02471232135009394
-0.03202270687361163
-0.011789862979536435
0.005350135858322428
0.030552128703241335
0.028173863695435716
-0.007885905027742522
-0.006443666347047638
0.026854942978465163
-0.01087947892499421
-0.11375430739714915
-0.07261353477871708
0.10828793427690725
0.11803345629953113
-0.018818227866012217
-0.05287739707159047
-0.03194838406954043
-0.0018791382341644888
0.07648899333540544
0.06478808552352187
-0.04396095498383242
-0.08644016891636357
-0.08686288176840846
-0.025630954337387813
0.13099132132873906
0.113881332516077
-0.08103344752966679
-0.0838793060899634
0.0670923018225925
0.04909660551264859
-0.08925785400753261
-0.05935141867126215
0.1038703200187966
0.08171001285608524
-0.09530519044070397
-0.07847790679598526
0.09441730219766449
0.05814946662894803
-0.14712329256331255
-0.11992269436841523
0.09970860691701681
0.14836543135255073
0.08036075736075347
0.011574965812717941
-0.11895040033755602
-0.1237712926457784
0.016669697195485132
0.06189032100683628
0.04810971121460359
0.01724352304272244
-0.07234908457151526
-0.05260130313043485
0.08347038243995866
0.05918124521299441
-0.10469852905235416
-0.08665544877365629
0.08089630284117869
0.09898048331455193
0.009551808623246366
-0.014393509080112391
-0.01654483747809761
-0.0369051807629967
-0.054013505761256124
-0.011857181289647094
0.09432921474275358
0.05776422179960926
-0.1234066654026518
-0.10211583668237792
0.09847153260167758
0.1108834547486979
-0.018567500151610464
-0.04702993809822738
-0.027321229192240393
-0.007732754641081567
0.046948669979588464
0.037200292528120175
-0.04312537783417162
-0.045090500090267625
0.01680944847544205
0.024052230597746974
-0.0022997270996361254
-0.006518734756005257
-0.00479624790635017
-0.006059530643619607
-0.003848389286213096
0.003717358738248212
0.01726469695440153
0.006706424187208179
-0.02987178708483166
-0.007644310229605759
0.07261057603806817
0.056981057316790394
-0.04709361570116351
-0.08270260919224466
-0.07269630989306357
