0.1333195249893747
0.015386186601432277
-0.033742778272169136
-0.06255359314555271
-0.05904461159291393
0.009458359684406779
0.025066746912109993
-0.004579809555373154
0.013909719921139839
0.06291286691905697
0.037577615020323224
-0.05636968838577798
-0.07088524555452609
-0.017711075998296095
0.021002132955183783
0.07192618145138459
0.04034842460646136
-0.09187098716687982
-0.05813692350852155
0.1332836033293912
0.07642757157706058
-0.20119807883444743
-0.1398615103803278
0.21939093023111322
0.17921617124317302
-0.1971725447543439
-0.17787832996867128
0.1508295957745375
0.14587984422081604
-0.09974484812195457
-0.10491354837613708
0.04842706380682553
0.08057630625651324
0.055354998030437086
0.026857580008427594
-0.04524025855568047
-0.09933161260786254
-0.1339514854356468
-0.06378918687826896
0.13621229454490152
0.1725203598752502
0.053229226708108555
-0.026154265467584613
-0.12214228662640726
-0.09565413948747392
0.09065323829035209
0.10502176930753233
-0.02895360281728302
-0.06568942256774218
-0.057868911237727826
-0.014365913480377829
0.10388854369295193
0.06428891422935488
-0.1397395486918485
-0.11934956612169785
0.09823025119736854
0.1301942687998312
0.03047113270367186
-0.021086820594092188
-0.08392946504881485
-0.06329122417507277
0.06964768804309729
0.07118779927544885
-0.04344900900057604
-0.052586910282201804
0.008183692701828778
0.02040032306531181
0.014503550685338481
0.003130918293544227
-0.02994928992507162
-0.025007885922790286
0.019793736889560324
0.026576256019307926
0.004393494499514994
-0.011464048257804995
-0.03397908474279585
-0.006443251320596437
0.07989982974056775
0.05548293686402167
-0.07683084360464391
-0.07795952294212069
0.031138141235247208
0.04973986561235878
0.012482026518910958
-0.01024224047725233
-0.048746961365034765
-0.02734091736255838
0.06583293711977524
0.04256112718556868
-0.08991221614432915
-0.07760571590239752
0.057462107586080426
0.08748793306577472
0.048100542583985426
0.005984768251095163
-0.0766404717173831
-0.0722270435705075
0.03116569798838758
0.04634252457309967
-0.005085354897174416
-0.020008636200767614
-0.027491604508632562
-0.017446499615306053
0.0245292600718348
0.04969522425633829
0.06274376506122038
0.039906446419837475
-0.031607689208333734
-0.08965159061439658
-0.1415802671661296
-0.05961284807409207
0.18206703171193037
0.16413714104123964
-0.10630576810016591
-0.1316843384466018
0.026734262186077717
0.07006371974553974
0.07261058579628932
0.026007525695412672
-0.1149535229139007
-0.09844620105133443
0.07673580504669243
0.07204874930140984
-0.07804916987902123
-0.03701782684975794
0.15445026309801368
0.11148474324911928
-0.13267412634400416
-0.15540435835421348
-0.004165436227501362
0.04366513863150078
0.0526428046232219
0.04405502857379172
-0.023141779660302977
-0.03525033321489987
0.0049695884917648125
0.019965241614847345
0.030210862630269168
0.02695951061122826
-0.000910771714490085
-0.04226076189384178
-0.10380086165156913
-0.049599352991032616
0.13312381782004373
0.11053881110691188
-0.10657491679338647
-0.10931613646873949
0.05742185903853285
0.08692726988727376
0.03731459238737232
0.003168672005258293
-0.06080008718360734
-0.0689906801298523
-0.009195627441512068
0.014413736734965259
0.020025140340501082
0.03921439581954436
0.05692166927063108
0.025100956524961728
-0.06008122201835488
-0.0798853994832065
-0.038456875938550995
-0.004369891505617905
0.04611094023221025
0.06595229608939707
0.04440813604984676
0.004116131878231335
-0.07083449886513477
-0.059275295942559675
0.04805222427656869
0.059516149575265805
-0.006043675394906183
-0.035627541246040687
-0.06023121356933075
-0.02608284704239929
0.08726412497021198
0.07086950524601553
-0.07144202548190659
-0.06965812284121485
0.04847895214709076
0.04743279158163945
-0.036885072994639535
-0.04760628929199241
-0.015502198122054297
0.026742436454975094
0.10390385273057501
0.048303686260986294
-0.15377799674696147
-0.10376439618361696
0.18561210930735317
0.15203697708319477
-0.15836784416307687
-0.16120384338907445
0.07153954294340109
0.09350739989751199
-0.01611920881684654
-0.026657754466598127
0.0021766651289145387
0.002775392162382513
0.0025249756388532967
-0.010292822389419769
-0.04299177223412166
-0.039841208657919853
-0.0013059166539545718
0.06448968667151624
0.1717533995254101
0.09277697194859139
-0.19007696070312016
-0.19951879515505255
0.04024821008194277
0.09238929068343651
0.031317265625501675
0.019727721667975165
-0.006941110665069489
-0.010717779263017807
0.024581881937676416
-0.0024330709071612748
-0.08527851001260528
-0.05206513510528849
0.09087842866118842
0.074503746829229
-0.08393847031037663
-0.09198976395946117
0.014469150251757623
0.08232126352488124
0.15823904807238126
0.08186702398370595
-0.18131747397104891
-0.18640155895541824
0.04985037101725228
0.09334282935897413
0.013147203184118373
-0.00807104704473324
-0.03475335611264403
-0.031546187423028754
0.02289433491320822
0.0517220370205405
0.06616082272744532
0.041938247275456815
-0.03763434981648517
-0.08847993430446102
-0.11776026034560096
-0.03995041752106861
0.17250393899790373
0.13255289046866656
-0.1602476027882609
-0.15539585813892404
0.09612770299078695
0.14237602534882698
0.06227861834235436
0.0036145570347476024
-0.10261159701989389
-0.11536463907224771
-0.01436039077401472
0.016673923476540026
0.0068155068250142
0.05347191223751094
0.13260746248034966
0.05355125276293748
-0.18834778926720339
-0.14151689029558853
0.18323862222471304
0.16423516385322778
-0.14212218314380398
-0.15597120821808313
0.039518184601762735
0.06256549148274172
-0.008178548301333646
0.011215540221529392
0.0735318596138036
0.04317426743301745
-0.06548966811793719
-0.08579374027503289
-0.03262702952446728
0.006999892504378805
0.06308918539952549
0.05649989553409583
-0.02891470242230122
-0.03585779312443875
0.021814840171680623
0.023003708614130924
-0.009242508322711875
0.001679265401174675
0.04216503439357763
-0.016118850070733593
-0.17157532848471863
-0.10928839178604992
0.16741399986871033
0.19480178740738005
0.011726050988249621
-0.04472767050401337
-0.048043158672941184
-0.07764807729962374
-0.08720924680204215
-0.021845498658122638
0.1248390862407409
0.12167007013488117
-0.033961451951162236
-0.052488475668347814
0.029801971611092045
-0.008151354876917096
-0.12862659503735005
-0.07548046245468527
0.1354373398307366
0.1272412567322387
-0.07425800252177893
-0.09643489002803261
0.007251973722136688
0.0556280473424234
0.10535204463368837
0.06091075707755816
-0.10853401544827278
-0.13338512822322932
-0.02768822539686172
0.020754233779271068
0.05886768222605097
0.06826506172789626
0.02044797965300983
-0.011554527258065347
-0.03948236925247508
-0.03601999011564112
0.014139492998796022
0.03666812635970527
0.039773651007624276
-0.006193396332606402
-0.1197661063697421
-0.06299278668422173
0.17010315293778744
0.1191883542353365
-0.19376238350938876
-0.15491503516545777
0.1824892355787655
0.1591439975746637
-0.1498435224235074
-0.14493925075248898
0.09086409333131125
0.11437509559478988
0.004407323006614384
-0.03496496396234948
-0.06602333254102141
-0.04126694898961309
0.06958859574744769
0.04257526314691109
-0.11761790326282391
-0.05139971418338832
0.21943472162830327
0.1446787920798476
-0.24356586859055007
-0.2021627205522708
0.2082239319836112
0.19714905943412023
-0.1412464301773016
-0.16062125897207757
0.03454860750181607
0.06880932053662243
0.029710163880268377
0.01004463048025471
-0.040912770373278916
-0.02496308992643014
0.06914871316762389
0.03486441698765026
-0.1174236542445013
-0.07927938848443841
0.12950160623178072
0.10388931544606218
-0.12202969421229568
-0.11072969535553168
0.08764829858354714
0.10290545071192642
-0.0072634653026380416
-0.030819625380152565
-0.019266751567207863
-0.02786529619346039
-0.029496792811656073
-0.012961958794333369
0.02047577666181242
0.047422460643884945
0.06914103112311802
0.025878769323877913
-0.09442009526224869
-0.09409428274394786
0.02360936204802152
0.03512634529302683
-0.029470981241758745
0.014191586253791872
0.1393313804579748
0.08323490900077492
-0.1432706520723543
-0.14622545588138
0.04611147206455522
0.0798531266541973
0.01355288102741874
-0.011090386139237074
-0.04674502153507215
-0.03659416971318217
0.03764527581700846
0.04931664513358975
0.009338193456122757
-0.017598414422343528
-0.05332331974682851
-0.020466875663515526
0.09514772495987732
0.059865507995641935
-0.12156226629816451
-0.09209878618555443
0.12277298055941632
0.09767446988817752
-0.1252614974469541
-0.08987518505301571
0.15422528578712358
0.1260254964312568
-0.12228091076244407
-0.1394118402509465
0.013531826610069459
0.0480755022931412
0.02877001211522578
0.028843441321319517
0.008853042807663806
-0.006399582025793811
-0.01333000379426381
-0.0257885535567527
-0.03800822988003197
-0.01812510947033201
0.036706325033113614
0.0594172708076047
0.05393774389515599
0.019725337552042827
-0.059732057073351504
-0.08632917330949107
-0.05935678214877533
-0.022020676581537797
0.04841847030921026
0.09096879180724973
0.10022451969454294
0.022799530462638974
-0.16596094413457446
-0.12207951171604335
0.16055246167007817
0.14301831402494597
-0.1312369688087236
-0.12970988759919005
0.07617703308054238
0.08213635764716762
-0.04268936306858321
-0.04721619371524163
0.017051330429975108
0.020353745061733104
-0.006371295786528014
0.007306254550763672
0.047483335656513116
0.03900202252691122
-0.012607830251983528
-0.06541628712577377
-0.1336926144559796
-0.06669560759849905
0.15497810926490088
0.15801296650490876
-0.04328856614027341
-0.07725915554336091
-0.0013957146507442724
0.004735468902171044
-0.005142907471441819
0.007661802149377169
0.0247166306637678
-0.005339376871249312
-0.08497216252995757
-0.057400366317247285
0.07684058340552018
0.0960477829276292
0.02099630117458722
-0.0133384510750448
-0.04347903955857772
-0.054680710075988966
-0.027407750117612567
0.004737632882407763
0.05189790834259727
0.055238434410078634
0.005953172897519287
-0.004350361372668937
0.01268434069699911
-0.03446782545737733
-0.13655594419388833
-0.07934576604652381
0.13826031853999937
0.14677926801118268
-0.03062566364027162
-0.07680039486427948
-0.049565511702202386
0.0019525739539891524
0.1298221235126218
0.08859375335715365
-0.1337520372601794
-0.1398402464247626
0.037865211732400275
0.06201150590301185
-0.00963648463452308
0.010974380547590513
0.07994566703571403
0.046180920950853
-0.0754587935795257
-0.09788098119763954
-0.037789640301327615
0.0008320761244779537
0.05096129111406639
0.07729413071291125
0.06504451357924174
0.01639497415400516
-0.0852569235878472
-0.09806133154376839
-0.016953797240071653
0.019731929892413513
0.03970394173276058
0.058045961763019335
0.05351119770477225
0.017191682399396373
-0.05843813003835595
-0.08861332853984842
-0.07237913844057964
-0.02704602936525094
0.06959908465399492
0.11108703461842895
0.09431190359754235
0.024856782539944482
-0.12734292455668492
-0.12616200251451093
0.03698193641493502
0.07389278694579124
0.024706656581224066
-0.012152722969397307
-0.08417557517153434
-0.054906685297051755
0.09209153874583663
0.10197733981801338
-0.005982361982242339
-0.021429983781840873
0.017488470608596176
-0.0369940770604286
-0.16190232659002662
-0.09067599509914878
0.17398775896867005
0.1776186472278998
-0.052211126157400825
-0.09353513407067107
-0.014904394335604192
0.008156535478440896
0.03821300094024995
0.030792769662879672
-0.0354279891343517
-0.041972192851070185
0.0015865769916592817
