-0.4291739156599047
0.3160114567727752
-0.35590534644794014
0.3731888981491136
-0.746880962305611
1.48711512296347
-1.8116380061316664
1.70190766892665
-1.4604798290457601
1.441463624771529
-0.7962908395249826
-0.766807445624642
1.0711334314266834
-0.18662729990049007
-0.1454796077892264
0.2055102440866418
0.16729924401026167
-1.091600028659629
1.2611644269176205
-0.7230165530966184
0.25177511543378567
-0.03919624498389468
-0.3507558858617239
1.3455298270226679
-1.28791469233831
-0.15226536982495548
0.17611858198729108
1.2291764919124681
-1.825199589434483
1.6732869033929632
-1.52429555098328
1.3228148286811547
-1.0825807516673818
1.0600214581471223
-0.5726874224138176
-0.6291214066016422
0.9005342622961661
-0.08258767512613024
-0.0321644853818133
-0.6962285855961644
0.7813483728778242
-0.09271897001880847
-0.07119337971779825
-0.35133488289589754
0.23935624338791153
0.07326592800034656
-0.5680327278977588
1.6471658050365083
-1.2589002827548095
-0.27842544672409086
1.313233499048528
-2.5368805084149315
2.0756315672610754
0.4317890325470555
-1.139313175668387
-0.1822493821056161
0.42007890850820184
0.7300228136324974
-0.6903111566887302
-0.5267661661225551
0.8361230221253583
-0.7361847628632505
-0.010646996720657123
1.738998205702623
-1.8777162004476566
0.6025344628132306
0.2679004352470404
-0.9837321852985164
1.0855460551394627
-0.5248924385230127
0.4957221795758258
-0.7780362621239401
1.178840691266159
-1.8787482868043974
1.7822803992572744
-0.9850102453030734
0.32677753604522275
0.1252279550805313
-0.422159587767293
0.8864670093948372
-0.6550392366327077
-0.5776206769396508
0.7586607311260433
0.31230157086177046
-0.37199512750328606
-0.48619738615243885
0.850802874445415
-1.073242049237558
0.6732101393837618
0.6468118092403492
-0.8809034494982906
-0.13204646151617133
0.29005666658982177
0.5324755099081397
-0.7638268140484341
0.232949262936028
-0.2939245443836302
1.0510583248257461
-1.1772505822050086
0.7300974094396674
-0.466160472064704
0.29116648281549234
-0.3160266570201715
0.5918828888434369
-0.6428947503219808
0.4414062183295908
-0.40433341339075063
0.5066952456603977
-0.5444456080233674
0.5384691152620076
-0.4213115837953359
0.25921797404900904
-0.013720521488009932
-0.2968035618289302
0.42765969140179605
-0.5738706632276913
0.4067409303578594
0.33768280212684765
-0.3405590924017628
-0.597060583845299
0.6363423941580627
0.1562938260013632
-0.4965708983809905
0.6062518239726469
-0.26716063981983235
-0.5088832101905079
0.8660675733776273
-0.8647758808418995
0.5982030313928858
-0.4069743841531964
-0.1285470533817809
1.5664504708879252
-1.448566377135718
-0.48642186029256934
0.8010452162287626
0.3988343086151554
-1.147048429888262
1.3829295296016624
-1.4897464737372308
1.9788505997372026
-1.5768231529369368
-0.4612213856929249
0.4219371440026439
2.2336139947723845
-2.390757483868351
0.07972168367453136
0.9287540465836331
-0.861217931874286
0.49862111589070196
-0.046416587263272635
-0.303658009020954
1.0916103020366865
-0.6165517642340139
-1.4737258867164105
1.9635570584517201
-0.565826878358721
0.22456889912274786
-1.3845222173283251
1.1000078758246221
0.995093175871663
-1.5559825228733173
0.19682363373138673
-0.156803717553851
1.8947211243229847
-1.9812766638202817
0.020973529086456777
0.3680031958213327
1.283764989844749
-1.3642569348437186
-0.596623614301109
0.672539274019937
1.2899562179118855
-1.8449899917443917
1.1148048802326762
-0.6896265414984696
0.39517831350968774
-0.42275718245315685
0.8647635289949731
-0.8277062499672492
0.4022044965535433
-0.10002347003641443
-0.3176400683146341
0.25679053578391664
0.44309669760509846
-0.3667652134553568
-0.3593492071528348
0.8776577954616958
-1.3330946055776312
1.2716065038770399
-0.8376549556026027
0.48952545789688773
0.19403546411430836
-0.09696490429055099
-1.3073837191309154
1.0647439789430755
0.9798427547227573
-1.4938475824436361
0.8348205999422005
-0.10921873843137989
-1.0430334087676296
1.0237009527472862
0.17466264880437166
-0.6351820466016161
0.5601120188144446
-0.28909885896341164
-0.3072039292044077
0.3756440202284938
0.11758195619404734
-0.3262997049041705
0.274622314131844
-0.4053673780111842
0.34536755001094893
-0.686573893582203
1.976402986810696
-1.5506135169708124
-0.5551536174456456
1.402324711802543
-1.504769760607327
0.82462044038592
0.9775826108937332
-1.384784339974756
0.29380789876683666
-0.03378441752676792
0.6812155248980735
-0.8712340136032137
0.5303056871813406
-0.5954561318101875
0.9769491058072918
-1.2258592662536776
1.499254968546758
-1.3226186940326388
0.6982315942345172
-0.38295281410361
0.20575982023732148
-0.20028355191708058
0.6377171114191369
-0.36624637287129147
-0.740205320267467
1.0226477304596575
-0.5697902271422453
0.27861453251150115
-0.02804587222562442
0.03310658150786121
-0.40401934660548466
0.4469044217384134
0.08333200207467628
-0.08585375927125208
-0.7086019406674494
0.4532533988154256
0.71096240150857
-1.3702478104745632
1.9143702896330015
-1.610527472519557
0.1981474890560423
0.19144234727481577
0.7780510526513961
-0.7946917397338205
-0.6351983152502836
0.4931588446788388
1.4042049091292623
-1.790554702109306
0.8399814724947167
-0.022321848338722444
-0.4954947521073725
0.8861108475516288
-1.6699602977152468
1.1647030723133267
0.8302667290794907
-1.4030756407288452
0.7592515484853628
-0.31178365538074365
-0.234242960974624
0.09520429657021501
0.9092358486781802
-1.1044740709858945
0.30995288137023225
-0.10831918412437345
0.7469296305465389
-0.4717097625644037
-0.5457424099385394
1.0464955019280429
-1.538994521145128
0.8520721391657934
1.0840347535555288
-1.8483238909592943
1.6772716432304722
-1.253255706233769
0.4137241324052252
-0.0303995092262878
0.41248837990661674
-0.08459913897887625
-1.2670854569786463
1.3749708575305697
-0.16390592730798897
-0.27483545139524873
-0.12375951442483325
0.22771137443545889
0.17387622705781133
-0.021871403279447352
-0.7809953924482628
0.8735417641415012
-0.40232687478905116
-0.06628154674014368
0.6455211865287133
-0.8347783196779701
0.3665477981423834
-0.26034732858703247
1.1926723259896252
-0.5113253127913133
-2.0816808028653204
2.5041717070162735
-1.3337352977527839
0.04404479597085151
1.9074718490069118
-1.8782874652059738
0.009788163720782173
1.0462806788613594
-1.5182831556703897
1.3994313677233003
-0.7598123740776568
0.2832754871996968
0.09302519602930917
-0.2445900664856613
0.15861324852472808
-0.09384457131664173
0.2747226616958389
-0.15563878266345224
-0.573676423537997
0.2675152902706425
0.9773250694549234
-1.5813155671578725
1.9568876729299234
-1.574805963610223
-0.018449578089828
0.3260600716823904
1.1871544425969116
-0.9387016948980599
-1.2892336444556625
1.8061284889194165
-0.7837683246570885
-0.011481146592382278
0.4963598264541693
-0.824277489667928
1.309311276577412
-0.9658798604857469
-0.23844573724061802
0.7473980609862333
-0.6235774983110676
0.3786441729654796
-0.30115626607690493
-0.079734839839297
1.2521998778945718
-1.0603211607630005
-0.7176550430215044
1.0890744109553456
-0.13193941881480922
-0.43017944363980687
0.5660348135300504
-0.6520477703497303
0.9393886396628106
-0.7061943101876577
-0.27777612875793883
0.4127113274328993
0.4679754741621936
-0.6385322351496583
-0.019345843792831635
0.01023003007819892
0.4892336416256787
-0.7879080295512534
1.3758409738893376
-0.9456222752039078
-0.8931891096970663
1.1629821422064557
0.3836767554326985
-0.8063546305106362
-0.16813834463962915
0.03288979531899632
1.258333373713718
-1.7108857904325308
1.3762748714640682
-0.9998887188037677
0.8624152469645799
-0.34398660667931913
-0.8006833757138224
0.8289920297892105
0.15419776677392055
-0.8419571271199531
1.2789198440496488
-1.475701700385269
1.4589309913755475
-1.322456236395621
1.109918520470968
-0.7866798174092606
0.391924813314682
-0.01613468041560879
-0.3524984238170192
0.5865468588024431
-0.6679177997014424
0.689504714663248
-0.8505377221189295
0.6904093745948597
0.05116584345336525
0.023056038138803372
-0.9746974522185473
1.2028420557073196
-0.9288532213693858
0.5406833498454059
0.1520082164462706
-0.09384274868159717
-0.5783582277727318
1.0516138064087543
-1.484489366141279
1.3483627581085782
-0.7481840854717374
0.2539568859215133
0.2843067210872364
-0.39499885045765976
0.0906242852861008
-0.06735894271002041
0.23733426040030722
-0.5903586690672504
0.9921245152558865
-1.404025637367967
1.8395114100943535
-1.7172694128055448
1.5849183373692801
-0.6817848049897948
-1.5463103602466803
1.7574015513072294
0.13056329866352878
-0.7160963745127114
0.21546941565833258
0.25695665310715493
-0.788469663921896
0.7980950121494446
-0.5412260522138821
0.05452948136571265
0.8547004215447971
-0.8680864223890054
0.1723583449102674
0.3988597998779396
-1.1089964064412938
1.0828381140915004
-0.20164262902324667
-0.04217867190083265
-0.40061945146795214
0.44886292350636947
-0.16949252206153026
0.05877279396775435
0.2521103794281685
-0.05816744964082601
-1.2556183883188061
0.9372238918239995
1.4384293098805787
-1.8332710117602746
0.09309634974765968
0.508547644380985
0.23856437251684934
-0.20912445450009093
-0.9100212167234546
0.9752018424892939
0.1393220927673698
-0.2622518835254032
-0.5185415937830942
1.1576270282081127
-1.532629919388853
1.9154532419592714
-2.5930166775304944
2.4968269076140426
-1.3217173930783632
1.0343113128725758
-2.044325224933598
1.755053739010138
0.10049423072264407
-0.5622157892510445
-0.3322224223809702
0.5929503476461244
-0.40324369461480425
-0.024862224919939543
0.6239842119859417
-0.8955816977073799
1.2078771329280027
-0.7777295447179461
-0.5301142005056423
0.7869197653008316
-0.3294787832079172
-0.2504876052225611
1.483844481600903
-1.363963300185871
-0.44226413675279036
0.6088978619922668
0.7267516655867673
-1.3861390901748267
1.6835123043130997
-1.301194212164478
0.17152703008094983
0.36290557835184567
-0.11463626505708732
0.11447849557308018
-0.8707975589356935
0.3327888757279932
1.6685574111891202
-2.1754395699264744
1.5032966590791714
-0.7476660014469412
-0.3958140718895201
0.6321151224129687
0.3148685880812545
-0.36721939685740695
-0.7313218548952095
0.7183192300667364
0.4278791548191233
-0.9238656199044405
0.7518555719249587
-0.6551483639661304
0.7792513867868451
-0.5271370227514892
-0.311506278867116
0.6459166813556205
-0.02625952877587842
0.45340711967823183
-2.3061642660194073
2.4699018514609645
-1.000152112863599
0.28160688684143315
-0.2764148257474742
0.4468939264806024
-0.4149282241251
0.957484985676891
-2.401146457041517
2.4333025730082225
-1.1600535923115498
0.4079803076096709
0.011521331963033052
-0.025236195136944663
-0.4777183364218094
0.5883931217092259
-0.21535424841211134
0.27204332293156047
-0.7618178828708174
1.0347347154922402
-0.9840846108090837
1.056969516262315
-1.3751191117788522
1.1137627219636124
-0.4769397187694771
-0.17883647113142678
1.067299859275102
-1.1533268070013796
0.46633945027479623
