-0.012908461612534188
-0.04278094914986695
-0.04712405772995241
-0.023139966521417477
0.010644448322695623
0.06355727521024644
0.07772075278471229
0.04742510277772361
0.008279371298204526
-0.05512687034854477
-0.08417020987953064
-0.07187145711425724
-0.05926863852633273
-0.030856608565067063
-0.013598262336862527
-0.012625619926485745
-0.002115874863341473
0.01080579035494859
0.03296367261572447
0.06800978393951569
0.10729735363263473
0.15360728253363054
0.147073652762153
0.08086095381492651
-0.014410391600580347
-0.1561656580763306
-0.209070252665417
-0.16085038962148915
-0.09160698768880383
0.03460684361546146
0.0980432991332465
0.08495568496872215
0.08334585305972302
0.062467879501956786
0.024865976693760863
-0.022660500622778315
-0.10656837235961761
-0.22640304697124605
-0.24756913187667812
-0.1630678508103144
-0.03773505583481573
0.16355384350970925
0.26582416034122464
0.2532184252297824
0.23977163675878002
0.18067168771865474
0.11002082902208153
0.0370556540447603
-0.09220762645243956
-0.2705453611518527
-0.3217441116047862
-0.23827635890271517
-0.10012205563240294
0.13858118113086307
0.2349841097060077
0.16813978549332165
0.09402297259972242
-0.0493250629034821
-0.11940007593272725
-0.0940469192121679
-0.09252873834324027
-0.07732977071332842
-0.06386415352660516
-0.06478426314185791
-0.04271725164463978
-0.0036339096145370526
0.04828296241608149
0.11910735621345632
0.20686978897584934
0.3133828194138864
0.29442501523116726
0.1359117127046787
-0.09182273449995286
-0.42997634455707406
-0.5157181752874681
-0.3161006371226918
-0.04043964309955614
0.4084750973906629
0.5561317495271235
0.35188353661062705
0.10511931380590896
-0.3099411976191754
-0.4725305075915811
-0.3265483738072244
-0.17809400861987837
0.08565960123939825
0.1987778025107842
0.11488423167057117
0.054421410935347886
-0.055837381368635655
-0.08281467462123719
0.0051764903316691676
0.0847316439883204
0.1952118247574554
0.20342009558814178
0.08490879104498389
-0.06459383993783825
-0.28476014552345225
-0.3291807646368402
-0.1693691468149439
0.04314280624486459
0.3763554186388984
0.47351735250242377
0.29546049860492835
0.07050830762117824
-0.2972011353840353
-0.4409741483888059
-0.31544286929725496
-0.17655812655740644
0.07374372371197167
0.19563973494668788
0.1506059621324025
0.13508348375559145
0.08450493216436664
0.027946707378495354
-0.015047344899808055
-0.1113011267188156
-0.2513537511222843
-0.27314055920337094
-0.17244495781896463
-0.019959736110193717
0.22537594942703018
0.32796412657021357
0.26732069141094394
0.19124199254688995
0.0390062699479648
-0.04796865426187651
-0.049208653299542396
-0.0831205378587922
-0.11330723943223701
-0.12427851165468672
-0.12598064845170764
-0.09695490867767356
-0.034642281806499794
0.00591869356641372
0.02608900564744591
0.0556656526099704
0.08315834652999833
0.09093956618400531
0.07906927352697485
0.04712397088706469
-0.010382959005365696
-0.03350535817677894
-0.019318210822791577
-0.002144195565397937
0.03272866242515044
0.030529766062792604
-0.015488820511550204
-0.06722597165124454
-0.13930774767959506
-0.13788636197517543
-0.05125771632372957
0.06412642792036757
0.2348042398207464
0.2680502840846308
0.14385301777437687
-0.02318914875496874
-0.28557777541020085
-0.35374844122112575
-0.19658791864800823
0.003052436983597635
0.32297228221298435
0.4040941940216497
0.20392786498692114
-0.04084994896094413
-0.4273383481149878
-0.5443187925772162
-0.34035377068575134
-0.09306362472009017
0.30928933021143085
0.4808094384063508
0.36993183431045357
0.2550542221163689
0.03222870520060521
-0.09864156551240458
-0.10048106146482294
-0.15578753524414876
-0.21086206924668038
-0.19193423684003955
-0.11031258405903445
0.042051522914544434
0.28271703388397723
0.3493379969842626
0.22666454423441545
0.05635410246349577
-0.22855191459800825
-0.3435243930038496
-0.25839825328383975
-0.16546542056085398
0.009482655963121318
0.09820086974402685
0.0730995237848152
0.07606305943943555
0.06214177543370445
0.056513982183018716
0.07469788616697047
0.06844171099052172
0.0466301279544479
0.027507998670918205
0.0051883701569515085
-0.02260159141037158
-0.05392268059418856
-0.07094124133981376
-0.07162450153839364
-0.0635161326664775
-0.04113751613527738
-0.020597325629667786
-0.0024532822470315504
0.02639090972681183
0.06269492611118327
0.07103019370019661
0.04955287220815366
0.012862447340694583
-0.048685048414505425
-0.0778355171059455
-0.0701822058274987
-0.06177595777617974
-0.03818459231123328
-0.0009719122302914588
0.048014228153901176
0.1217212567776218
0.22065284622954282
0.2184944718725003
0.1060814535040981
-0.0554997993902858
-0.3006262860465965
-0.3673288850616152
-0.2315215178805236
-0.047979308714573614
0.25306626532387005
0.34877739521735746
0.20337229409033414
0.03006153461003666
-0.2570389910468957
-0.3386481197398799
-0.17267450727955067
0.01697866438383515
0.3169536504920374
0.40403537737174555
0.23344841991712434
0.03147681377735288
-0.2908769645910398
-0.3966400315420066
-0.24041921529694024
-0.057781576466023526
0.24342117651994577
0.3570845817564584
0.24021212918534077
0.11634731747540189
-0.09771805720002669
-0.21253727654878946
-0.1952879518406235
-0.20603493928891978
-0.19317743917386704
-0.14271374359693295
-0.06719904322316447
0.06931402359079625
0.2696693503742573
0.3299825582992418
0.24040365001030117
0.10217193094190102
-0.1370164167090133
-0.23390269691625343
-0.16531016249650596
-0.09219819940025893
0.04796922342818269
0.10990858378134974
0.07021112197177896
0.04981403168284539
0.009905200195643787
-0.013238678512694085
-0.005144866996710144
-0.014414632547060515
-0.02939750367224681
-0.03166038951888495
-0.02563964745842045
-0.010787123823616261
0.01613414746481953
0.024200968398329057
0.012026330048177861
-0.002997653373247422
-0.02840417951533306
-0.035917646094342365
-0.022105254080466274
-0.006589230497786224
0.018159954011567236
0.01950659907932041
-0.006964943006567954
-0.03952954505102817
-0.08728503558714984
-0.0729342465084448
0.01218623586698585
0.12379996623130166
0.28357208837190984
0.30527001249631697
0.1700494378296226
-0.01494065503305836
-0.3007042779667778
-0.3989292654782583
-0.27981481121516444
-0.12474735808231323
0.14319235385135462
0.25299227194926127
0.17107555032711094
0.0919137223832827
-0.056170345130476834
-0.1197466990166362
-0.07085188541607253
-0.041891061560833054
0.009231663330505005
0.029500068152024106
0.0015812905435201566
-0.015114395060438858
-0.03730442096142557
-0.030807170839843193
0.014242473187137882
0.0679102942701647
0.14156850865588688
0.14660338699438552
0.07242993720635393
-0.028927182097043088
-0.18250385687732246
-0.22393752764639102
-0.13647064847333382
-0.0201444273548036
0.1692918690082096
0.23391002750726778
0.15126039158567017
0.05339215598707068
-0.11243636507523849
-0.17859318039306785
-0.12186580011234896
-0.06639341545477202
0.032919108910872845
0.08457756409455514
0.07110106415942424
0.07357689339064465
0.06677027426208942
0.038074271131401334
-0.00624104032001814
-0.0809359423991214
-0.18865371782613927
-0.1985983862438706
-0.10266978462669886
0.03408340165061825
0.24618288080416564
0.29989282572703213
0.1729544659367179
0.0063564000879946835
-0.26211404526267523
-0.3448676978981068
-0.20922792538575535
-0.044909532546124536
0.22507109897530886
0.32171915863351735
0.20846705106639113
0.08295889962483777
-0.1300996751602012
-0.2121192571238495
-0.1297393831968922
-0.05005841637843742
0.08665278011533822
0.13768497822140735
0.07703855330061526
0.02228824072329375
-0.06660825258517519
-0.09640504960754852
-0.04853024392166904
-0.0005713885573722269
0.07441295806860977
0.08912747790436935
0.02902506029446476
-0.04179847804517348
-0.14830993706087992
-0.17778519987896266
-0.11553599610516148
-0.03643442953535039
0.09068718734895075
0.15105163462998505
0.1302770912853204
0.10977851223842447
0.05894531618314489
0.01193976151409865
-0.02298550557422911
-0.0879548139775414
-0.17441486023036698
-0.16652560794171176
-0.0589314085509772
0.09960362409345479
0.3400284867749589
0.39878623865909035
0.2529563510118196
0.055166020072442916
-0.2645130606003053
-0.40470651090784415
-0.3324823205354681
-0.25128497655552806
-0.08188335023307512
0.03088865388461903
0.061711990119308745
0.14620628691078177
0.2468754169977265
0.2552677098514185
0.17574335367497484
0.030552228354423974
-0.20769974685148818
-0.2821579808547439
-0.17556089762367205
-0.03525705623294221
0.20427963976047114
0.26865188486873776
0.12641532177935366
-0.03693012010734954
-0.29424325309499455
-0.3656718285979912
-0.2133340611069176
-0.03093350826234754
0.25840979839152606
0.3731454829735547
0.27550344029418417
0.16461670562202332
-0.03606388127173314
-0.12856826757460055
-0.08201133999404804
-0.05530021928730099
0.0048792883581352175
0.010071142575715189
-0.061612867895764103
-0.12458242512834328
-0.2048914466044405
-0.20131502423745745
-0.09527196032248474
0.04414703443703886
0.24764675679677453
0.31775601122464553
0.23311927802658758
0.11481419917560748
-0.09090102037613494
-0.17809995855785393
-0.12322859144290389
-0.07080122617862068
0.033079418567991625
0.06266404016622686
-0.003738327446965039
-0.06179075306209333
-0.1459477603078448
-0.16574023040540137
-0.10321330568280784
-0.029339347703725205
0.08262957684019503
0.15350882784033248
0.17130450901401909
0.196914353672301
0.20876661409383107
0.16728901452424066
0.0726496743712247
-0.0749410431480699
-0.28746724376945704
-0.35534802122596515
-0.26377904220359893
-0.12432131567155877
0.11827093555733326
0.2182542868349192
0.15120436256109887
0.08207273657107525
-0.052539484956229905
-0.09465219763296463
-0.018978525193613913
0.04695353367272525
0.14587353097713177
0.17127784684521
0.10193554780849612
0.02316407463840062
-0.09629720034244128
-0.1606193261493665
-0.15479244892684196
-0.15123706067000717
-0.12338230469646823
-0.07993391775567009
-0.02627430252379631
0.06459680969296043
0.1911670880745443
0.22618165254518216
0.1630117783759636
0.06219745776661434
-0.10960494048099947
-0.17755144614760324
-0.1259712825742114
-0.06734181261124263
0.0432481511666043
0.08983956633852948
0.05525540273676863
0.032036211030616234
-0.01057719306690561
-0.033592889154964396
-0.025351090796764515
-0.029363203202151196
-0.03392647075570633
-0.01879247602218145
0.013118605905758635
0.06175504993846082
0.1316688360780571
0.13944161099239286
0.07893429452520281
-0.006226296671533779
-0.13826000608366917
-0.1929330382298025
-0.15816533808285946
-0.11237950033770107
-0.022903311048035835
0.02400170854617555
0.016630254903410704
0.023798498356252234
0.023200127767524236
0.04862977285362814
0.10962463307771068
0.17243146099808973
0.2474766218560081
0.2404581149516602
0.13857877444831218
-0.005153911047906617
-0.21857674759357454
-0.32320926523419624
-0.30226404262674955
-0.2658498332186168
-0.1669005769652155
-0.07987378589044242
-0.015729362690868897
0.10167343385761898
0.2551832703165355
0.3031304599504598
0.24202200834303064
0.1271620092124316
-0.07830983979277721
-0.17682743296011869
-0.15371250235812225
-0.1362214457749209
-0.07531322275260056
-0.01788389775001499
0.02415899098417047
0.11352398434052469
0.2389650091659668
0.2516422690772999
0.14687821827932682
-0.01200190790398013
-0.2634496338612413
-0.34542026295208617
-0.2353088472288004
-0.09141854633540761
0.15464506715435009
