-0.014227325171044965
-0.014722011996247236
-0.01523039984722171
-0.015753282908229686
-0.016282565783901054
-0.01682070259532675
-0.017246603315277827
-0.017546967501681342
-0.017780202639937466
-0.01791085364620251
-0.018006364139853633
-0.01806924021890525
-0.01803325016228191
-0.01791030882779333
-0.0177903163533771
-0.01767084341944701
-0.017514624352553868
-0.01734222405997837
-0.017080644553872364
-0.016723527343447352
-0.01632275249138753
-0.01586048649807493
-0.015416669430585632
-0.015003630686975416
-0.014569769439047465
-0.014138427866443232
-0.01367376831072995
-0.013171495735505101
-0.012670033028856624
-0.012161898356536555
-0.011567563296960714
-0.010885163829078177
-0.010147933420012408
-0.009335559115630757
-0.008503941681575169
-0.0076564939860302075
-0.006748246103978605
-0.005791274613722615
-0.004880111834097643
-0.00401890812851903
-0.0031715717647921074
-0.002363848952408422
-0.0015300701390589262
-0.0006682184611964832
0.0001659496289899395
0.000985096763413585
0.001841560112967789
0.002732388700683864
0.0036401057384150043
0.004576504655963542
0.005494718383771151
0.006391606907593171
0.007299516895009409
0.008207372234380702
0.00919559561645638
0.010275084411604326
0.011399575440871754
0.01259258989352767
0.01381483973700296
0.015063209471754054
0.016378420619165515
0.017752940267652468
0.019117014634726454
0.020470456253014906
0.021842414816920556
0.02321585495542063
0.024642826925560777
0.026127147232579993
0.02762912249320824
0.02916067241046477
0.030474088216561664
0.03153970329982716
0.03248202732542173
0.03322796408858242
0.03391013733913465
0.03453409866944848
0.0349664576988508
0.035230520367841696
0.035518926927770596
0.035827606238785344
0.03607539900255601
0.0363067824880573
0.03636809944541917
0.03624592899454524
0.036050645284433656
0.035744863842634686
0.03548371756771256
0.03529222149559732
0.035068231771614305
0.03485733309025382
0.034592168958423514
0.03426428002067093
0.033947454744429555
0.03362765118249812
0.03314650557887907
0.032500034638104636
0.03175502740648842
0.03087098252522857
0.029958501360199112
0.029024435834219913
0.027979546588185467
0.02684774261659057
0.025833967630109377
0.024948215415656925
0.02411070547180556
0.02337756043830655
0.02260856080547613
0.021799344663907077
0.021070104448055852
0.020393941064000408
0.019654738106477207
0.018858743728913035
0.01804562246355332
0.017189185216400633
0.016392532393921216
0.015662762425840762
0.014928563384441339
0.014214382732808256
0.0133495884452308
0.012310867051128497
0.011197159751929132
0.009958576400132679
0.008678044023022108
0.007362348306340739
0.005925382579115817
0.004383139458055911
0.0028849889078956786
0.001431565865677846
-3.953322013014969e-05
-0.0014917004094278162
-0.0030359104792723815
-0.004680197194327745
-0.0063395956415512305
-0.008039412761289656
-0.009515008595192751
-0.010730093633359514
-0.011826786314673399
-0.012725888303324887
-0.013559150936755502
-0.014333194514967795
-0.014909313902733583
-0.015310351888478242
-0.015758046668351424
-0.016249615166983648
-0.016689223102437655
-0.01712871937079668
-0.017395932288515933
-0.017475679002454773
-0.017493572293752417
-0.017407932751537254
-0.017369106374182593
-0.017403362903040915
-0.01740770936078877
-0.01742681722021747
-0.01739950580216846
-0.017317249934194312
-0.01725002553776307
-0.0171850524586114
-0.016960918847206654
-0.016572973961044797
-0.01609032255872505
-0.015471523308812133
-0.01482782696281427
-0.014166235588271433
-0.013396335015257003
-0.012542138012457443
-0.011844287240208801
-0.011316187312838677
-0.010861353413610346
-0.010546160823629889
-0.010209599242480643
-0.00984648155829658
-0.009596699303082093
-0.009429545310813406
-0.009203887715114125
-0.008926720197179973
-0.008647669426767795
-0.008334799028372914
-0.008111754184514429
-0.007987301184494708
-0.007875510766534049
-0.007805780316378393
-0.00758410865989604
-0.007183573127437128
-0.006717940639944436
-0.006130455786744492
-0.005514510612257017
-0.004878048577410405
-0.004123651446236076
-0.003269429935045938
-0.002487517686000992
-0.001778978457917865
-0.0010718120213760642
-0.0004083710911696659
0.00033851479124668264
0.0011779444034048982
0.0020121003776148753
0.0028698565855200297
0.0036121781499138528
0.004214179468238621
0.004761732265691775
0.005211778550100638
0.005621012838348568
0.005993675884989784
0.006261582976250374
0.0064340698887757775
0.006647422701134728
0.006902047252598745
0.007136106439740125
0.007382156520148272
0.007539659345608747
0.007599493084565841
0.007637161799028987
0.007628507722580795
0.007633474281545274
0.007665230632054804
0.00767711237278306
0.007687544056199393
0.00767760003246995
0.0076433458173532694
0.007610542832606052
0.007575133204090284
0.007461747104629675
0.0072673634239338565
0.007025465356159289
0.006716430693131144
0.00639014372075457
0.006049808858224513
0.005653874684613566
0.005212993499885475
0.004881581105730019
0.004670089555105495
0.0045132546280057485
0.004454159726785031
0.004393541123465277
0.0043279121559832165
0.004345579690205356
0.00442775971893379
0.004478223328083631
0.004500982873962581
0.004531346504768469
0.004547357986980622
0.00463131025649797
0.0047892483008156635
0.004963382248452839
0.005173303912558979
0.005301657244329949
0.005331590873345273
0.005333310300546889
0.005272386213407448
0.00520413270181353
0.005133541162541766
0.005002211692623826
0.004820924735152485
0.004696396379352897
0.004629594195263735
0.004575663331529851
0.004560993538556722
0.0045074421579210985
0.004409468956408521
0.004327568956395709
0.004244085740130131
0.004168930155577578
0.004109780549283162
0.004049332213238198
0.003992153291714878
0.003946858461840642
0.003912434968301946
0.003889069777399015
0.003878833106361797
0.0038521148615809023
0.003807053846503297
0.003759687201487277
0.00370238677895467
0.0036525369299855812
0.0036119930460061455
0.0035658363821971296
0.003518119028839378
0.0034834635468429364
0.003461583226617323
0.0034485154772086286
0.003447980370940693
0.003448256351240058
0.0034491329524038127
0.003459720310476716
0.003477716577101273
0.00349929047694213
0.0035252826877298607
0.003556099285348336
0.003591080074004649
0.0036351448518365
0.0036885761606944545
0.0037485358696536107
0.0038162437812447342
0.0038514357567596327
0.0038498792751986027
0.003831438913926643
0.00378449795740652
0.0037316280115790835
0.003673909003947723
0.0035895444141025913
0.003482708891784508
0.0033832937838654425
0.003290687412502878
0.0031928197081666893
0.003096683015362256
0.0029783677561722936
0.002835984213334449
0.002686871030500695
0.0025253445145792426
0.002376186605407603
0.0022434871918739934
0.002111264235813834
0.0019869009991690914
0.00185981404362028
0.0017288263286455443
0.0016058228319880024
0.001488724071584223
0.001352788460498195
0.0011975657037209574
0.0010336978948415688
0.0008549821255758938
0.0006790033984647102
0.0005070009400291769
0.0003250933557542597
0.00013720998388720248
-2.299855267192644e-05
-0.00015366750900345954
-0.00026776266586667105
-0.0003559274124188467
-0.0004407718296007132
-0.0005228409986630893
-0.0005823710855422573
-0.0006235556932814204
-0.000665395625680575
-0.000706715078928951
-0.0007407413006954018
-0.0007716336670146016
-0.0007822686020483143
-0.0007713003413029285
-0.0007503041088587112
-0.0007150879629470103
-0.0006932198943227108
-0.0006883343849510748
-0.0006841404406308734
-0.0006885805523532382
-0.0006880335306692613
-0.0006812209179157567
-0.000681956663281008
-0.0006874749152460451
-0.0006732510628565589
-0.0006390025510805772
-0.0005947393839901969
-0.0005343185988147031
-0.0004756445517016955
-0.0004198537957425758
-0.00035292661350591175
-0.0002788119587879791
-0.00021361442736780336
-0.0001573603577848407
-0.00010526876637217298
-6.156534417153763e-05
-1.3561104250718943e-05
3.8980978704186524e-05
8.597852288509462e-05
0.00012989678324877116
0.0001773509572137102
0.00022760839435938436
0.0002790165729111066
0.0003329580639846956
0.00038259157814626653
0.00042750383378873313
0.00047209985935894606
0.0005147403688503366
0.0005717447722009689
0.0006450755482666542
0.0007257772184733713
0.0008185532779421653
0.0009149278149635123
0.0010142871037123733
0.0011250647719507109
0.0012456157498592071
0.001362648608012953
0.0014761963890282655
0.0015916653398407564
0.0017058237301010458
0.0018287693399090727
0.001961217631467556
0.002095529493489616
0.0022340128174272145
0.0023518020139790337
0.0024455422397470215
0.002528548165746569
0.00259340242408133
0.002652575538817723
0.002706704326937887
0.002742745745611247
0.0027628801712141775
0.0027877916453824397
0.0028172203970638268
0.0028422723268524412
0.002867790836959912
0.002877706457602863
0.0028706186479645697
0.0028582631545734974
0.002836760707930486
0.0028201533604924256
0.0028109042212284023
0.0027994131312616584
0.0027898603792591422
0.0027765513313936273
0.002758702185435684
0.002742853102113996
0.0027278238497774757
0.0026985728282774638
0.0026546786582593096
0.0026025979707329635
0.002538478028758312
0.0024727065802465855
0.0024059487302626973
0.0023297843655006242
0.0022464651052556987
0.002177644585719839
0.0021245025912486125
0.0020784274152260904
0.0020453880296297687
0.0020108388120881524
0.0019743235205700893
0.0019484576035964864
0.0019304704797317627
0.0019077862829922835
0.0018810510231777944
0.0018546698184866905
0.0018258065966737123
0.0018055318085813056
0.0017946338359533507
0.001785444023603785
0.0017806000738671377
0.0017625692531719145
0.0017289346621643035
0.0016899690918234591
0.0016405507732592118
0.001589150683136587
0.0015364923968776074
0.0014737677437148618
0.00140262526597128
0.0013385942992180796
0.0012817740379233633
0.0012256841335583735
0.0011741495960739378
0.0011157006658993945
0.0010495235724015512
0.0009844490162471075
0.0009178778171672327
0.0008434120753057807
0.0007613525042244939
0.000672813856811402
0.0005761667033156606
0.000477142596978071
0.0003757289610674957
0.00026760179030790377
0.00015384293168704366
3.574609882530099e-05
-8.715301145903141e-05
-0.00021483507871336772
-0.000347149965339939
-0.0004862102419151786
-0.0006321636641001622
-0.0007839356834197356
-0.0009420861320170582
-0.001099038989332217
-0.0012540388679792658
-0.0014111418377575882
-0.001568233468482222
-0.0017295467450124174
-0.0018954153801600932
-0.002061878457651863
-0.0022298096867890914
-0.002405098644742592
-0.002587753240912375
-0.0027755230633291156
-0.0029698745884939506
-0.0031663460004559057
-0.0033646830112132845
-0.003568328580333496
-0.003776306936120384
-0.003988338861169905
-0.004204793963944216
-0.0044251261198133465
-0.004649366643438022
-0.0048785418269988706
-0.005112638853544888
-0.005351206123997734
-0.005594479401728852
-0.005841502676967906
-0.006092184640386627
-0.00634717513454824
-0.006606231431305884
-0.006869809889668238
-0.00713799728108039
-0.007410377736349347
-0.007687074888686917
-0.007969785455553664
-0.008258641836970065
-0.008552949768794463
-0.008853195317349245
-0.009158342035698546
-0.00946837164633527
-0.009784250032830063
-0.010105797582459372
-0.010432056299381176
-0.010763095453583966
-0.011099290227436987
-0.011440441540389713
-0.011787420863266623
-0.012140312869065783
-0.01249854887213309
-0.012862354123633768
-0.013175262813560242
-0.013431435545105461
-0.01365745731670214
-0.013836892568680632
-0.01400196152333534
-0.014153801652801225
-0.014261255812464926
-0.014330055009979916
-0.014400941869224384
-0.014472684080755893
-0.014528610633941392
-0.014578004255566088
-0.0145874458480327
-0.014554052949287041
-0.014501458363091647
-0.014421495767121383
-0.014352550760217533
-0.01430041887824096
-0.014240627382190962
-0.014184363188294843
-0.01411416191835537
-0.014028002435236026
-0.013944449173616291
-0.013859872006500695
-0.013736668812365418
-0.013574017490091558
-0.013387583299630764
-0.01316778658372417
-0.012941192980235395
-0.012709433312238009
-0.012451214451850228
-0.012172292028855709
