0.04246575266663191
0.0665057009484295
-0.09535318329952579
0.10339165415922685
-0.04575499698020189
-0.16955250184376233
0.13535837062311512
0.1938490667630655
-0.23363738938570597
0.07547385299895568
0.06317483734291526
-0.346422029972883
0.2025570160467587
0.4158740402941765
-0.6094333074689674
0.43201649422666977
-0.27903702329523516
0.11330468388111717
-0.0555034798312647
0.11706260846393686
-0.0919004698933409
0.01748581297014333
0.05723514768261295
-0.1859387681382547
0.14082943271094542
0.058391498493823565
-0.16900158058310907
0.23998833390627822
-0.18931115593125378
0.025120643723182685
0.05772263070526649
-0.1009738278302607
0.06642036552916464
0.07159047817338625
-0.09976644400653835
0.008535049464559928
0.01490733605610877
0.040614443255161094
-0.053513693917179195
0.0002959263271903687
-0.010377450824411483
0.10024066835317173
-0.10397637360688587
0.029424428791671814
0.018952215003151245
-0.04632969096384869
0.04986720714252948
-0.046044209175215775
0.023684685399939003
0.03444455796760729
-0.029634509361903774
-0.03262244986358823
0.06338487181838248
-0.0780449803618177
0.05897811556797588
-0.00252489093762355
-0.022888844667022352
0.015439959717958373
-0.016733410080338955
0.02812500133033411
-0.023487289958330212
0.01273432664919603
0.008728595291046574
-0.04784213216422603
0.052092948123995404
-0.030108821968021837
0.008231794765407124
0.012884206361726224
-0.0059542259408432215
0.016988098120607486
0.026256546080086474
-0.20650515015266763
0.18001272862727138
0.14290524243727887
-0.17047246014601924
-0.1652475767098684
0.19009122050175511
0.0977183957018639
-0.19846856066467158
0.15443082467931152
-0.0727611444756982
-0.06780771903954122
0.11512761029342686
-0.05489732776751129
0.04327613429181622
-0.1073309752152549
0.0865533236793726
0.03539691374039737
-0.07267744346679181
0.009307812944932886
0.0027968243402054114
0.07843579679461508
-0.06125289377921876
-0.09305639188917328
0.08247141709103566
0.07343926588649387
-0.15838951068926096
0.2176289021518206
-0.17088556028559515
0.005592845740398096
0.06310331296255497
-0.02911226774912678
0.025132105851582723
-0.07143606365900608
0.059369477549716713
0.02864891300832174
-0.046155871952193075
-0.014826275816755441
0.02061492968524014
0.021777455140784215
-0.04716911971668103
0.06774352705317403
-0.05893647738441895
0.013013439838095041
0.0019036303434839471
0.01416142890926978
-0.005368346971768872
-0.007771753902524012
0.042789400964284026
-0.12257248074580013
0.12193222815839767
-0.035991289739171844
0.001645491320812965
-0.02158955782055708
0.024979032957389763
0.0015900772118149853
0.001955458111290822
-0.052287448930851986
0.04704371061863671
0.021584671148003852
-0.0409511702111319
0.010231638205047366
-0.0002577393816590313
0.010787498629605742
-0.012726586903526339
0.010224101320839438
-0.006171666279020639
-0.00867854545485152
0.004456029526490641
0.034928083047339506
-0.03623961391282202
-0.020934998145633057
0.01307349619853077
0.07270286687907654
-0.09303132487889346
0.04299763966640535
-0.030707756171200223
0.058093661537249194
-0.06526646428473583
0.04503736897131128
-0.037022636517066186
0.06458652946953969
-0.04412029275561133
-0.04872438535590167
0.0518936316302614
0.04249548194011586
-0.0755362450185632
0.0273611762948122
-0.01265424570080219
0.10477739999335031
-0.05071578951125291
-0.20349948814231103
0.18549018888578211
0.0519627379019763
-0.24176725972542784
0.4381280130241613
-0.4394205854954267
0.25433315605337037
-0.1295560712576094
0.0813557881299469
-0.02514241657233513
-0.08764789168939145
0.07436937009815545
0.09532236040003399
-0.12267680214612169
-0.009705914664717138
0.05436490031456589
0.022349539091462076
-0.004645483412861603
-0.13970476146935462
0.14732641101914112
-0.011624755888123159
-0.04481550971390463
0.008711371755750798
-0.005300755600855288
0.07638138516626243
-0.050012085041494125
-0.11168920250354038
0.12041059526920464
0.027367636229904783
-0.08163036176531167
0.0559049855703747
-0.027342768199395972
-0.006666275097740882
0.02078831705613644
-0.015837104857088176
0.006424864939450212
-0.0067114923423262016
-0.010574148257494444
0.06956661184236825
-0.06453233519743798
-0.027322711510729503
0.037787196559630434
0.05042519616395418
-0.0601046440147403
-0.013491246037247044
0.03380427487595397
-0.0031213216424598273
-0.018454332119094162
0.01741994253499097
-0.03037778610084183
0.08613529754290074
-0.0677400290961316
-0.04366457844902098
0.06458966991299236
0.006882507079295459
-0.030829120740722235
0.016906689068126535
-0.007164145315749718
-0.01996018492090454
0.005186329281496484
0.07287052721830155
-0.07323646362030864
-0.010252405711971446
0.036647525102559184
-0.009390573567212858
-0.004052531515307475
0.008704544918141448
-0.008745021543468331
-0.007463052376758559
0.0025577052754983134
0.03956298767641258
-0.032238793152370084
-0.03186933640068833
0.04874538508404792
-0.018243480535229784
0.004091169662018196
-0.011466386132049367
0.0077235632856830425
0.01787254183478565
-0.014538625847539562
-0.026511821881286833
0.03150660012092488
0.005276216893088409
-0.01439737734885707
-0.007389565973577336
0.006527501196263985
0.010148534147725676
-0.023261623906995984
0.04539596057230377
-0.034376032330465996
-0.013658191964187784
0.030148779679716898
-0.01769915608300954
0.00989283999869516
-0.006814565337660805
0.005551013840522594
-0.00427977452190482
0.007732090289413771
-0.017989687282671227
0.02428878731200475
-0.016305327499911537
0.0239195238237529
-0.06211777327698918
0.053940720681606845
0.00803978752308538
-0.027876421749960294
0.0010334783105655897
0.0025574870759384524
0.022728513781433257
-0.024101542289557545
-0.0010899652453871186
0.007880821962825949
0.002591749662736886
-0.005637324341232347
0.0077814474966130635
-0.0029201729161201957
-0.02207560262654002
0.01733246685388832
0.03107476391104934
-0.03076954149303871
-0.02414525450945217
0.038092071786654746
-0.011832757313283147
-0.00023877567802449627
-0.0025351714218202533
0.002235895581428406
0.005086410976816433
-0.0029859302742305215
-0.01153470087249876
0.011978131698729041
-0.00022805671725685843
-0.0069768735385597426
0.01069514963854646
-0.007115626196478738
0.002878966615158274
0.009383620088899636
-0.03549671091462684
0.03680701228994818
-0.01614619381682308
0.00371111311108425
0.006783102495428446
-0.004743708715496451
-0.01709392202254677
0.019387570502878752
0.008160588856286755
-0.006536850347698355
-0.037739876344791395
0.04138376089987286
0.01037951436450511
-0.010145707866720664
-0.04921403542028173
0.060812415115542175
-0.027076305592040988
0.008245977757448678
-0.0007392254183927909
-0.002028455365963431
-0.0025039673546153733
-0.0014393288072018316
0.012472736726658325
-0.01757409508902776
0.022421192910239213
-0.015831848443786753
-0.005328981569561554
0.010618400955598527
0.0014941580616921646
-0.006465355136625836
-0.0011683545857015974
-0.003099084763208385
0.025640956678902267
-0.02536997012286633
0.00041168187667016236
0.007782875056147625
0.0015415620511933766
-0.00563507361009551
0.0004737080222612627
-0.005050980422077827
0.02066656622016561
-0.02235094290013707
0.016399745841238968
-0.005073813372322291
-0.019354673919568192
0.020684136844777906
0.007765581692931305
-0.0128238847317486
-0.012838443508375898
0.011416716231158577
0.01937938456769492
-0.026816331783295184
0.01565037679410187
-0.0052512721540661595
-0.013775847671365174
0.014425625691768402
0.015026582532175507
-0.0081133893092541
-0.03955143552467459
0.052216635076548334
-0.03419131754300196
0.02112666703967783
-0.006875787674254967
0.005644161296909513
-0.02085078198086474
0.018014920839124118
0.00023494245750489869
-0.015113700808843087
0.022373694258846735
-0.025435591624654384
0.040981463978872326
-0.02003484791682856
-0.04533164563502184
0.061392959134913
-0.02961436645122282
0.008275833441968534
-0.005588268459870626
-0.009349887958778396
0.04830727365910973
-0.04690202946017159
0.004494495896810372
0.010259663854935349
-0.00852783324426285
-0.0016776840326750038
0.04018240617061465
-0.033595560440254815
-0.04083108706089574
0.041795416847912034
0.04560024804877815
-0.05877344687606423
-0.0054638273585769365
0.0276027517549472
-0.009808655720120355
0.0037198666105967278
-0.004065968038646669
0.008934855570994608
-0.026865802292124173
0.02380428385904694
0.008587024699698569
-0.010398606966182526
-0.017953944983701585
0.024690860750927454
-0.015671737377216922
-0.0044042959439840445
0.03003631383625263
-0.05302835894414
0.07473577953533186
-0.07143414780457356
0.06986220260469891
-0.03347662457992484
-0.06367124359882452
0.05976926143855507
0.042425388727970595
-0.09698452663005065
0.10250603949835413
-0.10211309504715567
0.11660764346289221
-0.08409299104919322
-0.002567522126143574
0.028758779213129783
-0.014767347005258813
-0.009287924590070296
0.06713225540953693
-0.049144609047411886
-0.04343923571889119
0.08923262054965311
-0.08331526147243593
0.06604118040077962
-0.0968912601794391
0.03634061616497253
0.19883475664484293
-0.18511837063804834
-0.1299177732718109
0.19183335096907464
0.022579288078410253
-0.0897988466211133
-0.07356614448153036
0.09411498276987298
0.23544365118181615
-0.09778390522168073
-0.7375045994609106
0.7968614538715567
0.1186235644789044
-0.26722067215033485
-0.493807251693183
0.5234948232640277
0.15467112011384437
-0.4613024730439673
0.5001748349356496
-0.38190179512808636
0.04944832001167862
0.05705238968450982
0.09192026773408887
-0.06925017090281829
-0.10916136247715894
0.2066552616275343
-0.267216993829719
0.23651853949946483
-0.0846423568139424
0.046091909013446355
-0.13841191009325554
0.13179655588904676
-0.03609306712481296
-0.017521757306696965
0.05607404122789608
-0.03834758766752926
-0.03974542742872256
0.051680414830937896
-0.039195270834024756
-0.010763175792874986
0.1640387601062453
-0.14097051597178972
-0.10460764044378881
0.14516306026752415
0.03965697611767984
-0.08973448816173113
-0.009769659781608108
0.0254224161410619
0.05039611910573703
-0.06190139141668017
0.02043291775182738
0.009451248185616223
-0.04809885565483585
0.039593533730561035
0.029146122757677057
-0.039239621882152485
-0.013445501794733677
0.03109058470937306
-0.009050712841918437
0.006617128717781293
-0.0282480911219999
0.0261545300331395
-0.0030656557381152742
-0.012423624142786182
0.024811210075836376
-0.026685858185590113
0.012165056994117959
-0.010959187315103399
0.029046154509626085
-0.022403678241840586
-0.008781880785521341
0.028683742198713457
-0.029800846992761906
0.036910641084699956
-0.06791606781515121
0.05229349283270428
0.02003518630269772
-0.039341485844504545
0.003337460837572751
0.007256048839836503
0.007915481758767808
-0.009857224019970513
0.0017946537312714156
0.0076055340562215384
-0.016263410408461156
0.017485861986039974
-0.02718255510128261
0.01057352590780683
0.04757675167771161
-0.04610932862594321
-0.010194075398516064
0.03691624262192008
-0.05097257769987539
0.03279875951001393
0.022986608603320746
-0.03634255291911695
0.01752906895040971
0.004459455381778159
-0.037693286675424466
0.03870579637821392
-0.014547488884312103
-0.0021737002890660387
0.025174852033501165
-0.014245901998854225
-0.03559215147264477
0.05060899059331895
-0.03087117799604324
0.020121405420836833
-0.023796315663039327
0.015993844281126872
0.009047014012803403
-0.010521896195805432
-0.010117922884641034
0.01608973408711618
-0.03332524296031997
0.028704773598860228
0.06640230997196182
-0.01825397728187238
-0.23539759354626988
0.23785119215330489
0.01045449253478295
-0.11700070323296334
0.10759975845890139
