-0.010550057867568885
-0.009828688462898702
-0.009129475367372464
-0.008463267181828552
-0.007699440274999761
-0.006874726746554639
-0.006174814793865561
-0.005603595460668753
-0.005099844784638512
-0.004713299021052949
-0.004305480638239365
-0.0038734934169226943
-0.0035308992443304097
-0.0032511477265365664
-0.00294762326845186
-0.002628015453121885
-0.002317940592876887
-0.001998883647603121
-0.0017552770911140197
-0.0015927970737685372
-0.0014559035109309242
-0.0013649683690228039
-0.001145678549754168
-0.0007763795844679994
-0.00035503521999638994
0.00016861999928663207
0.0007055559905564764
0.0012487710139926357
0.0018874794542644304
0.002604189273707939
0.003252810412035319
0.003833052875292804
0.0044044735943742355
0.004931220166617513
0.005522878600890577
0.006186987341915013
0.006839756790141264
0.007505977243728959
0.008090291993071184
0.008573848613896498
0.009019125719654438
0.009396172515816344
0.009739835046592834
0.010053290889066042
0.010291354270171351
0.010459591208275202
0.010657172175916513
0.010884940341928703
0.011097138886493696
0.01131763558288126
0.011474670916316319
0.011561664376337343
0.011633102208833845
0.01167179216279728
0.011710745118044937
0.01175854714195205
0.01178658771740431
0.011805295317411466
0.011806993891299333
0.01178920400760679
0.011764990781357452
0.01173260969402901
0.011644975363705254
0.011499800052364317
0.01131847360866962
0.011088594165611788
0.010840372278743505
0.010575744024142648
0.010269024800620575
0.009926585748595229
0.009579139146700224
0.00922635840872912
0.008857908147956879
0.008481453362953313
0.008072539000992807
0.007630102936260186
0.007172802512564894
0.006695439583316122
0.006184877368285654
0.005641987924502686
0.005069405863431859
0.004463972657387513
0.003838147044572493
0.0031921897524462453
0.0025172092508615332
0.0018157913396606145
0.0010604437023490406
0.00024732710671173633
-0.0006089600010655771
-0.0015167037425131396
-0.002462636188044552
-0.0034461958021321532
-0.004481699103523024
-0.005566955834866222
-0.006680131618402833
-0.007821723156710347
-0.009001343818513462
-0.010214035972277524
-0.011477128783171994
-0.012792300128844237
-0.014147240502538237
-0.015546276676680227
-0.016631268849867334
-0.017364442328927386
-0.017916710554637845
-0.01818377824508651
-0.01836834719928597
-0.01847804259669003
-0.018316148336154393
-0.01791887301423846
-0.01754853529257924
-0.017197912554997162
-0.016759484911076292
-0.01629337362668174
-0.015585971183600934
-0.014619062898182444
-0.013544590098294049
-0.012310602279074184
-0.011158144536067878
-0.010124216351540101
-0.00905485144979122
-0.0080205840510639
-0.006912893684631874
-0.005719316358408696
-0.004556289983147306
-0.0034014700990798344
-0.002017795880073049
-0.0004002374242048017
0.0013518593336675011
0.003298716510684174
0.005272670979969989
0.007263153037188584
0.009404181682599612
0.011659224681468967
0.013442320737721836
0.014709458122075225
0.01570970574591464
0.016277418712597157
0.016781838657832844
0.01723439735181212
0.017300398460890053
0.017047950641771198
0.016850344008490167
0.016691411219704994
0.016429473186099882
0.016148654670215628
0.015529490905627465
0.01454655999453931
0.013422180938835475
0.01207892308223361
0.01096456243827852
0.010142271414005382
0.009340940950264366
0.008690839474617618
0.007978881646610498
0.00718422667108719
0.006528735051219258
0.005969528778810999
0.005094477841030085
0.003898031768883193
0.00255118929744492
0.0009507140716383159
-0.0006048402579626833
-0.00209587213493636
-0.0037566581970452104
-0.005521067764295802
-0.00693818270821731
-0.007988740930056503
-0.008837334358601543
-0.00936028815816659
-0.009873190315956853
-0.010383309664613524
-0.010621643303560526
-0.01064755569782018
-0.010700625845147358
-0.010764187198837913
-0.0107575334795529
-0.010732841075613859
-0.010468958720830075
-0.00994945712591835
-0.009322745309998796
-0.008535044189151263
-0.007979894468685031
-0.00770803981568453
-0.007491990124092652
-0.007445277266328156
-0.007370843045551989
-0.007251624617799783
-0.007286711147319667
-0.007436764932381894
-0.0073603847220052
-0.007055100481513563
-0.006660397458809567
-0.0060915713666223935
-0.005600902369339867
-0.005205093221638079
-0.004708775740108651
-0.004168294096903037
-0.0037112410914374246
-0.0033288065347273858
-0.0030012844345500837
-0.00276003334075012
-0.002484826394005979
-0.0021752358401413833
-0.0019187959081162949
-0.0016919632198295013
-0.0014735569249902884
-0.0012725235659472212
-0.001084130487316481
-0.0009059638449435828
-0.0007766801144461362
-0.0006979644870965899
-0.0006500040413227824
-0.0006424617294877778
-0.0005138145452218898
-0.00024746311554875347
7.254625168814008e-05
0.0004919304506158149
0.0009211413519980201
0.0013542042815912227
0.0018763992114571092
0.002470060230104749
0.0030130379879832222
0.0035063502941472327
0.0039978054337466516
0.004457800589512639
0.0049810775299769594
0.005573973002604651
0.006165355857011495
0.006776754153942932
0.007257407643440738
0.0075843989680505495
0.007843935763274286
0.007990487532068024
0.008093770651205274
0.008158140924958927
0.008106923158272052
0.007952186768699718
0.007827933315443436
0.00773351428764794
0.007610106511959001
0.007489459545816319
0.0072700359656586765
0.006942948612117197
0.006583475006116878
0.0061672502640262
0.0057672518970680224
0.005397819750154807
0.005005973173375964
0.004613803862925639
0.004194879650574328
0.003744865544948417
0.0032965445153337273
0.0028444143467027355
0.002304354124773566
0.0016735709954948331
0.0009889026788274492
0.00022867925486273253
-0.0005500977768379846
-0.0013437070551400605
-0.002198847635236687
-0.0031031983825966732
-0.00383117896972357
-0.004365481825890463
-0.004803357018500744
-0.0050810483970571306
-0.0053396380571487925
-0.005583790944073662
-0.005685294299262461
-0.005670285520319783
-0.005684020187611325
-0.005720577416225265
-0.005724735094897255
-0.00572941296599538
-0.0056111478668576355
-0.0053602316002996295
-0.005063044376688681
-0.004689794360357579
-0.0044088697080277486
-0.004244415005009495
-0.004094072473616004
-0.004006978825005701
-0.003903793134975771
-0.0037767482084257275
-0.003709091153199098
-0.0036849473144378165
-0.0035485014515354665
-0.0032976745529185304
-0.002997432298913661
-0.002608802878711458
-0.0022446213632476225
-0.001912417659371008
-0.0015237520986740942
-0.0011037001051841886
-0.000750511575866268
-0.00046411908693994123
-0.00021617984234008944
-3.247372204555652e-05
0.00016481998801890808
0.0003769683027651664
0.000542197082891939
0.0006755316003447487
0.000815568953057495
0.0009575674983017742
0.001092181298636469
0.0012272707849052197
0.0013218680579104964
0.0013733974419371463
0.0014077711468933477
0.0014150478015831872
0.0014941543141216425
0.0016567594806731372
0.0018484470242439096
0.0020975858809714003
0.0023524019789997507
0.0026090060641952694
0.002918482186422777
0.0032706404898736104
0.0035849425513160512
0.00386144901759216
0.004132631395988593
0.00437878789176909
0.004660878597620334
0.0049830603359134265
0.005298947915748644
0.0056223449874141405
0.0058500580740925455
0.005966507242044357
0.006029927500319802
0.0060090922179801285
0.005952157434073122
0.005861902296378895
0.005685480981386831
0.005431121708391784
0.005189802839345045
0.004960873882516615
0.004704292358689632
0.004441484988550669
0.0041030709265495475
0.00368285779879583
0.003231960120574669
0.002733615438820305
0.0022400883359554656
0.0017612631095538132
0.0012596191910179762
0.0007508333194518129
0.00021519757658746382
-0.0003504543163419453
-0.0009224581878747796
-0.001504995662479043
-0.0021574260048313632
-0.00288174634808912
-0.003652248862151805
-0.004484283037246522
-0.005337609156299026
-0.0062097143751813026
-0.007133671079231908
-0.00810085966366532
-0.008834872467045967
-0.009311511392847785
-0.00965431614306454
-0.00978420794098199
-0.009867969409290753
-0.00991123535502427
-0.009758714202508168
-0.009440819437114263
-0.009144274333157449
-0.00886230776101163
-0.008521570177570582
-0.008164468670912127
-0.007634672105332143
-0.006919371956545785
-0.006128423844239914
-0.0052238932866435555
-0.004405219264252563
-0.0037015462142603933
-0.002989436089817511
-0.002327049863254973
-0.0016215808556685524
-0.0008633346705613876
-0.0001501157911856242
0.000536916369238549
0.0013863546531598634
0.0024013453684369073
0.003503300336050354
0.004739736164710457
0.005975381924062801
0.00720149650848343
0.008525035193357709
0.009916232127638168
0.010990877416259497
0.01172207136213786
0.012268840465493498
0.012522981209611452
0.012730947769513662
0.01289980299191549
0.012808288086763212
0.01250186778167076
0.012218116921456882
0.011945629178927084
0.01159545229634836
0.01122071194185248
0.010615377530747209
0.00976304460576914
0.008805962244210881
0.007694020050859653
0.006728326543123952
0.005950475408087314
0.005179502062630655
0.004502728554054673
0.0037750926821734036
0.002982575763886815
0.002274903658944975
0.0016227852772171946
0.0007518657226287332
-0.00034141194203751284
-0.0015438074001254609
-0.0029240618319124026
-0.0042829967484899235
-0.005607688823191473
-0.007054374245386387
-0.008579009678870679
-0.009782935577782984
-0.010643264516961163
-0.011315636143915678
-0.011689073364342951
-0.0120301988959483
-0.012345803456061028
-0.012402313403924205
-0.012249305116795138
-0.01211706246979236
-0.01199230394173294
-0.011792393047932597
-0.011568178366147711
-0.011114244638551886
-0.010414638846886478
-0.009609262614833742
-0.008648089388524613
-0.007861371322906057
-0.007293111473272488
-0.0067485738361602035
-0.006323222596901336
-0.005854625587553416
-0.005327864643648785
-0.004908584211371441
-0.004564116894040791
-0.004000707942460427
-0.003215305479896738
-0.0023284348167892724
-0.0012667911439926097
-0.00024539239890216107
0.0007217421131079065
0.0018023379225213184
0.0029486724681027326
0.0038592875895704926
0.004522377611561201
0.005045363619746156
0.0053457442280897905
0.005637057693473136
0.005923844408582707
0.006025109472511138
0.005980965031805523
0.005947717354827188
0.0059137297331129345
0.005827114077051544
0.005721618541733742
0.005451100306241897
0.005004662243163459
0.004479629611153761
0.0038403302017160066
0.003355850260491828
0.0030603635782205448
0.002799056050256947
0.002649383991346328
0.0024755445782727228
0.0022658455069114727
0.002156721591780499
0.002120986096981187
0.001926675365751761
0.0015721717829494223
0.0011518698073705244
0.0006081920096798851
0.00011277065929562944
-0.0003231407263324053
-0.0008324585961985869
-0.0013769112922826668
-0.0017891705632369255
-0.0020669821699451033
-0.002261479553623554
-0.0023279048180244333
-0.002394221017250865
-0.0024623239483780764
-0.0024281313448350794
-0.0023158759967177775
-0.002197906364429963
-0.002066357767632095
-0.0019007840068005195
-0.001716020525331942
-0.0014381705409734818
-0.0010619871418129374
-0.0006345839442738631
-0.0001377549220924694
0.0002630208563869893
0.0005481087784991783
0.0008099769697374128
0.0010013266843199088
0.0012084880821374277
0.0014384271062772354
0.0016061796131399244
0.001729033212845851
0.0019442871914335958
0.0022524016502805727
0.0025982854585987467
0.0030158704227910144
0.0034023387160303773
0.0037510147065690823
0.00414099358646423
0.004549305666864796
0.00485192748726626
0.005044890501516775
0.005169832580762496
0.00519290179140978
0.005204151989214513
0.005205052349934852
0.005120020184833083
0.004965837691515852
0.004803163997009997
0.0046266631188656366
0.004416779455332533
0.004186257982013429
0.0038764501843838286
0.0034828527573741194
0.0030436663910849058
0.0025443763094504996
0.0021013034801964665
0.0017286598730464732
0.00136005002162597
0.0010287330339828688
0.000674885100818772
0.00029333142608021926
-5.671269642661578e-05
-0.0003873682466470725
-0.0007977409848294143
-0.0012885592181937397
-0.0018199733586648113
-0.002416677072122826
-0.003005299377236999
-0.003581218012352453
-0.004201421982434333
-0.00484967909842019
