0.00019169383123433087
0.00018206736268164804
0.00017181284483735538
0.00016087831886933934
0.00014981033173193663
0.00013844559734948705
0.00012876253692453566
0.0001210227098465277
0.00011418225783621421
0.00010883081272840222
0.0001039624897124744
9.952902179232756e-05
9.657513778001949e-05
9.492558051066516e-05
9.295559295649995e-05
9.068905363942198e-05
8.882322221447797e-05
8.697929863507305e-05
8.642757917503065e-05
8.727961907046189e-05
8.861215455826937e-05
9.073296870304364e-05
9.248643233259612e-05
9.367507234234121e-05
9.50811636179919e-05
9.636233343798155e-05
9.799787653502042e-05
0.00010005238947795142
0.0001019844302327531
0.00010389391475945014
0.00010700313107342794
0.00011134584594328489
0.00011640072897570777
0.00012248111286925533
0.000128741056445558
0.00013512738704940454
0.0001423258550002211
0.00015015364714337514
0.00015685880574084677
0.00016234680328006584
0.00016731442025628233
0.0001712792191124989
0.00017542012856495783
0.00017977461015535425
0.00018332175162077082
0.0001862866093962651
0.00018968712070353274
0.00019347153741984175
0.000197284331177016
0.0002013555169237617
0.00020478984367336737
0.00020752415718989784
0.00021017956111417287
0.00021254321965286064
0.00021603936881101795
0.00022086468074894488
0.00022618620661302152
0.00023242042141445365
0.00023887966873572036
0.0002455059051873077
0.00025301518377609025
0.00026127421320623195
0.00026902355427517975
0.0002762559020681982
0.000283497639340137
0.00029043908058377926
0.00029801178833845966
0.00030628246413157633
0.0003145351504549414
0.00032298147187599
0.00032938253207552554
0.0003334306482280596
0.0003363255068163303
0.00033739630889607295
0.0003377569162707173
0.0003374620427064732
0.0003353372090485391
0.00033157457314559577
0.0003280471756464958
0.0003247302042810105
0.0003208126077706806
0.00031673142031872546
0.0003110298869451034
0.00030357848450778235
0.00029543787171880414
0.00028625449330029845
0.00027730233104507384
0.0002688026799723584
0.00025988169343779785
0.0002509170252181449
0.00024138786659384803
0.00023122085822125673
0.00022100866560607847
0.00021064161608146445
0.0001987510403396475
0.00018529651695188996
0.00017086222562571972
0.00015509596423761557
0.00013893943824251712
0.00012245084685502867
0.00010486294358120102
8.6378116295006e-05
6.90371745980463e-05
5.295289442005471e-05
3.730530036896402e-05
2.2656548436368684e-05
7.639579109551497e-06
-7.790713428274819e-06
-2.2448481226135474e-05
-3.659531135219859e-05
-5.1430276620207094e-05
-6.689515643202215e-05
-8.256968039480234e-05
-9.87260395912882e-05
-0.0001143159148752525
-0.00012926597780236435
-0.00014430666351628556
-0.00015918955564015957
-0.000175561855547457
-0.00019365311798814113
-0.00021249906222599844
-0.0002325823566823824
-0.0002531116988717827
-0.000274020772333847
-0.0002961372491945842
-0.00031930855665351275
-0.0003420751033416424
-0.0003644289403870026
-0.0003869821440594586
-0.0004093764053847705
-0.00043269192277259333
-0.0004570069930792882
-0.0004814926599558675
-0.0005063950207020627
-0.0005271022348725308
-0.0005430508405199401
-0.0005565752468316711
-0.0005663109905229335
-0.0005747043624422604
-0.0005818583966240273
-0.0005852964841357632
-0.0005854464627443203
-0.0005859266305661692
-0.0005866629020641208
-0.0005861234047440145
-0.0005851436723653363
-0.0005808445833088629
-0.0005729728589219107
-0.0005635979063545795
-0.000552018442748403
-0.0005410941183997604
-0.0005312886217092335
-0.0005207090103574975
-0.0005101954438720297
-0.00049851181322315
-0.0004854999682700336
-0.00047251643779204727
-0.00045930228087779707
-0.0004429199570517933
-0.00042329296915090094
-0.0004016600072908826
-0.0003772683598031367
-0.0003521642166196556
-0.0003264731241633963
-0.0002985401158092929
-0.00026880625987179115
-0.0002411509218748056
-0.00021576613384247732
-0.00019113265181615736
-0.00016831298453022354
-0.00014465961611466837
-0.00012008834546476776
-9.687060977551761e-05
-7.449781275530016e-05
-5.0757366408377145e-05
-2.5765256191928987e-05
-2.789603100304877e-07
2.620194989491968e-05
5.171990695368789e-05
7.614084018364947e-05
0.00010082225224703234
0.00012530086917849161
0.0001527941863031897
0.0001837440966203807
0.00021628408576483617
0.0002513560111106858
0.0002874005284193262
0.0003242906347779135
0.0003636495269670237
0.00040517741143197004
0.000446054711985659
0.0004862700700292465
0.0005270037223737776
0.0005675653288673404
0.0006100504641610551
0.0006546119169191329
0.0006996467150507088
0.0007456335490301464
0.0007848799530011425
0.0008164241602027578
0.0008442109030298931
0.0008659601633637006
0.0008857035076700652
0.0009036187263806332
0.0009155960570527634
0.0009223407980127569
0.0009299737362398912
0.0009383815707310927
0.0009449637757726962
0.0009511388217143479
0.0009520644697815063
0.0009473160299680136
0.0009403877320813954
0.0009301028894083796
0.000921148330861639
0.000914296793834492
0.0009064273023524246
0.0008989209586170937
0.0008897772241870333
0.0008787372462253708
0.0008680169286827617
0.0008571986343302413
0.0008414288357687385
0.000820579935445079
0.000796707063775126
0.0007685672167859183
0.0007395366360397091
0.0007098249953857364
0.0006767017407339635
0.0006408960483657181
0.000608973648737769
0.0005812693172308852
0.0005552013868798035
0.0005325718317222848
0.0005089203589322891
0.00048410622344362606
0.0004619687559900488
0.0004416536017432211
0.0004193969697693644
0.00039539554266355574
0.0003709471908368846
0.0003452017506761624
0.00032148533745613323
0.0003000288424611753
0.00027852730721392215
0.0002577698146566722
0.00023234548557931416
0.00020151094765472963
0.00016841444030189632
0.00013147331906091883
9.330867505998676e-05
5.413729396111934e-05
1.1232753670783624e-05
-3.489890910133621e-05
-7.950119475984545e-05
-0.0001225513314587725
-0.00016603784975081185
-0.00020879384875624257
-0.00025434750269869987
-0.0003029536532364087
-0.0003519077378409261
-0.0004020135224669326
-0.00044504092072989733
-0.00047985366802553206
-0.0005108828161282628
-0.0005356629069888232
-0.0005582754598512595
-0.0005789261445212561
-0.0005933060969432379
-0.0006021215154054201
-0.0006122901953146687
-0.0006237267737823346
-0.0006334364834987757
-0.000643036938879089
-0.0006471610893024163
-0.0006453344110946429
-0.0006414733516926916
-0.0006342780894482941
-0.0006284043101120134
-0.0006246675566501218
-0.0006198709870047862
-0.0006153979005904779
-0.0006093581312261091
-0.0006014861107606385
-0.0005939460070461368
-0.0005863421140922228
-0.0005736623108560966
-0.0005557603505522041
-0.0005347819764339009
-0.0005094393611526085
-0.00048318323436552155
-0.0004562299532113506
-0.0004257722803610788
-0.0003925541602452347
-0.000364102891850776
-0.000340839428727546
-0.00031973998541508426
-0.0003028808039908622
-0.00028522941522452134
-0.00026662244906314636
-0.0002514334046056307
-0.00023870199215238406
-0.00022400442183678166
-0.00020755794267269265
-0.00019091889994999695
-0.00017308530685981042
-0.00015792842186463654
-0.00014572216798848178
-0.0001337738201988738
-0.00012300314760205696
-0.00010734917002032767
-8.596925354618122e-05
-6.241809363760894e-05
-3.492177600057257e-05
-6.395178070740578e-06
2.2914221549420548e-05
5.604971585974267e-05
9.244670115002278e-05
0.00012672565480150648
0.00015885381860640535
0.00019108290464267509
0.00022208980741363402
0.0002558495024266546
0.0002926471576238581
0.00032942636533905183
0.0003670902191917439
0.00039848151911340396
0.0004225337037371448
0.0004432458703343828
0.00045845361948719423
0.00047153871390379505
0.00048268844149287383
0.00048821663119225154
0.0004887004944697322
0.0004904163013812253
0.0004933130568664352
0.0004946327734499224
0.0004958510064441618
0.0004921655008517458
0.00048314690067512487
0.0004723253665457674
0.000458539099771881
0.00044558814136108355
0.0004341723138592564
0.0004216062745531995
0.00040902611233830895
0.0003949586593277051
0.00037917855015683326
0.0003634233850196247
0.0003473821741498479
0.0003268159994364734
0.0003015886141492468
0.00027352857476529307
0.00024154207121176218
0.00020851798950165365
0.0001746369242568462
0.00013753278599336439
9.782572599252699e-05
6.244883271788417e-05
3.1813494187596554e-05
3.0877741279715334e-06
-2.1810304050059286e-05
-4.746367020917631e-05
-7.402624111951999e-05
-9.748987548746241e-05
-0.00011872815475683322
-0.00014189411102767611
-0.00016679530724202166
-0.00019195262196666565
-0.0002183101419642527
-0.00024226300743463214
-0.00026355451468409514
-0.0002847023383893718
-0.0003048506361411148
-0.00032948930965298595
-0.00035939031963299424
-0.00039131741894168405
-0.0004268796116452885
-0.0004634544581319562
-0.0005008166758730457
-0.0005417163564047381
-0.0005856458872823178
-0.0006277003521100643
-0.0006678470575813079
-0.0007081438434356648
-0.0007473835460149392
-0.0007891833763126242
-0.0008338033786406911
-0.00087845934667007
-0.0009239729594308335
-0.0009625256671744708
-0.0009930116622767946
-0.0010196798570497622
-0.001040179773100929
-0.0010583347208037047
-0.0010743396368526417
-0.001084117555483056
-0.0010883252238657961
-0.0010936116222385636
-0.0010999001229098102
-0.0011042957755481313
-0.0011083537101481916
-0.001106931124017605
-0.0010995693627125908
-0.001090024465813055
-0.0010770492314487218
-0.0010650010397390028
-0.001054650437218558
-0.0010429804478334628
-0.0010312858974764459
-0.0010178130077666168
-0.0010023082147066107
-0.0009867879117920488
-0.0009708822478618115
-0.0009498540320988421
-0.0009235591292490431
-0.0008940257530861747
-0.0008600335550365473
-0.0008248316310018617
-0.0007886211714696475
-0.0007487500112804772
-0.0007059159049213255
-0.0006674312759751532
-0.000633711453485726
-0.0006017993606083577
-0.0005737124501129734
-0.0005445767248494898
-0.0005142300657957896
-0.0004869131890957874
-0.00046169463542265234
-0.00043424505106964107
-0.00040477062908328247
-0.00037479803648271407
-0.00034334376382473097
-0.00031418179945704485
-0.0002875777521791797
-0.000260899195066105
-0.00023504090471350523
-0.00020414162565764518
-0.00016738157326031213
-0.00012820050883196777
-8.488063957549824e-05
-4.0231396317196266e-05
5.509803196279774e-06
5.5284847198792275e-05
0.00010855145328082032
0.00016010027141570454
0.0002099007849759028
0.00026013825899524786
0.00030953282719090155
0.0003619350967382094
0.00041762354398427163
0.00047364027941299236
0.000530861795235642
0.000579352188573794
0.0006177710601136272
0.0006513985294666487
0.000677264571910376
0.0007003664839420435
0.0007209453998855976
0.0007337702107093767
0.0007397062942552394
0.0007469895081952998
0.0007555036696180283
0.0007616965751819366
0.0007674882329739989
0.0007664542991251295
0.0007580259765047388
0.000746874639050369
0.0007314414940110975
0.000717469224305102
0.0007059451574084691
0.0006929575017953445
0.0006802071863732554
0.0006653253097692493
0.0006479853719316334
0.0006308691629650772
0.0006134797180868289
0.0005896984864083636
0.0005593500954857587
0.0005250432761030781
0.00048520597359779646
0.0004440598413018624
0.000401867121688969
0.00035519575032293263
0.0003049548782851971
0.00026011884532640213
0.0002211784734694993
0.0001845428336086748
0.0001526834743264652
0.00011957681451604983
8.502692047706666e-05
5.425466978941588e-05
2.6108366465536307e-05
-4.661504789466173e-06
-3.779546218415405e-05
-7.145655565398089e-05
-0.00010683441729583404
-0.00013932888970510178
-0.00016861732508515116
-0.00019789978916248574
-0.0002260849487532359
-0.00026044068289635976
-0.0003019761919106434
-0.00034643919435911906
-0.00039595772661142446
-0.0004470332683920039
-0.0004993720583345741
-0.0005566271150671983
-0.0006181226386779194
-0.0006774248294246272
-0.0007344980345095967
-0.0007920369161515434
-0.0008484612235005604
-0.0009085319355375575
-0.0009725926848871795
-0.0010369881539000218
-0.0011028019641580898
-0.0011598583204532247
-0.0012067174681086056
-0.0012489220634510502
-0.001283414621104586
-0.001315167575965477
-0.0013444387546255622
-0.0013659272462902571
-0.0013804897614220055
-0.0013967956497657847
-0.0014147495771181708
-0.001430580162101197
-0.0014463180410745834
-0.0014552667860871231
-0.001456832116941275
-0.0014559118342657381
-0.0014508846231784298
-0.0014474020034544038
-0.001446468654352288
-0.0014441711393235544
-0.0014421916454955813
-0.0014382655828149716
-0.0014320668354614121
-0.0014262100814753428
-0.0014202200890299406
-0.001407948625251227
-0.0013892108344455787
-0.0013666447484735771
-0.0013386685869988214
-0.0013095024781766495
-0.0012794107502397648
-0.0012449533048995403
-0.0012070387803251243
