0.010258876215000117
0.009678443076713526
0.008607004115618157
0.006995788998729924
0.005303767223457201
0.0033849214634507803
0.001893758072293455
0.0009409734293756619
0.0001094975112139445
-0.0004034392052751236
-0.0008741554990297823
-0.0013306005204451595
-0.001456625263648165
-0.001304128217020125
-0.0015251221395490271
-0.0021288505256661767
-0.002830567629972741
-0.0037916664444541445
-0.004544042118371994
-0.005052046648571101
-0.005680231474281706
-0.0063217996566623
-0.0068001738724626955
-0.007136971636938801
-0.007337484863114386
-0.007360103254993968
-0.007390278767057324
-0.007425848555918385
-0.007337473107695498
-0.00716075463171665
-0.006881879625398865
-0.006483321681918413
-0.005993564956532378
-0.005403305243247918
-0.0046798314845876215
-0.003821660482781198
-0.002834197590784366
-0.0017075421254833104
-0.000816251392469263
-0.0001946816925747683
0.000343041988062077
0.0006917614315073554
0.0010692019106159413
0.0014884003226550873
0.0017473741116395694
0.001889054197646988
0.002184484379556722
0.0026299445543301403
0.0031217728830208956
0.0037252440279939487
0.004226230393336175
0.004610647122713538
0.00503775037496462
0.0054587890008495205
0.005702574381325248
0.005767742372674246
0.005698451782448805
0.005448168656111341
0.005151646246969137
0.004808549250397696
0.004308783769178394
0.003676515887174517
0.002976685390644551
0.002198836659970966
0.0013246493129852707
0.00036561696261723243
-0.0007520218888750622
-0.0020349285756693434
-0.003440048537505562
-0.004986928042358713
-0.0060470207527525376
-0.006554996822498094
-0.006822124970770295
-0.006667628680693659
-0.006446108008122686
-0.00617533863670259
-0.005514965061536723
-0.004531325109086192
-0.0036954584667857606
-0.0029989524299378375
-0.0022528114942789116
-0.0015680731096859692
-0.0005700872895530706
0.0007698256481430381
0.0021780631683164264
0.003742889719646586
0.004825118272041659
0.005333805820268577
0.005635287660752696
0.005540021155462997
0.005355537190277609
0.005104047873319241
0.004460148678586765
0.003480629371572241
0.002731592884124303
0.0022133672841237687
0.0016845664089084381
0.0012820686209942822
0.0005815660586682473
-0.0004503002325559665
-0.001492977809345946
-0.0026453192809330283
-0.0034739559944679337
-0.003902203657006535
-0.004206552209783345
-0.004254610881996972
-0.0042237921466049405
-0.004130943551413126
-0.003766689019410993
-0.0031628018524990117
-0.0027567164449276613
-0.0025535756341967543
-0.0023588991432138967
-0.0022798668704730797
-0.0020009050489215737
-0.0014962984969699889
-0.0010094022293777852
-0.00046693646842270377
-1.0527518579423262e-05
0.0003199052113666956
0.0006447446752813622
0.000917226068104733
0.0011642227575998404
0.0013937888139613664
0.0015494879141203525
0.0016354976064883637
0.0018507621061440676
0.0022026684423253474
0.002596573977224135
0.0030829929294696958
0.0035306152074206
0.003928505054279611
0.004383722475650864
0.004866510556739228
0.005107337237907947
0.00509104032602209
0.004922660527463779
0.004527326316876419
0.004084520914811148
0.0035988082826397517
0.0029128485721271464
0.0020599927402267263
0.0011909119675590778
0.00029617528413086936
-0.0006778546104935971
-0.00169824458892697
-0.0029008476711971194
-0.004296356278686162
-0.005793017290757654
-0.007424108493317022
-0.008457499795913799
-0.008811544878822408
-0.008855499347605789
-0.008376801559436497
-0.0077773010242144286
-0.007077037191373409
-0.005882423242573608
-0.00426741140380913
-0.0027945785931997548
-0.0014544371295476272
-1.6837545517799676e-05
0.0013859838341813242
0.003199179137874311
0.0054581973454109365
0.007838292461316792
0.010445142715225883
0.01219915739847175
0.012959947360785814
0.013313631603517062
0.012942253499572799
0.01239578687072801
0.01170758665203976
0.010314139055504223
0.008316235296697673
0.006618657253851911
0.00521535606243472
0.0037254653017736415
0.002364972703699034
0.00044022508524134223
-0.0021041923314286085
-0.0047524140731579935
-0.007667743791063035
-0.009774552148251882
-0.010912987840258638
-0.011709916455465126
-0.01184423843763779
-0.01182102169390776
-0.011677750160782766
-0.01087039995949334
-0.009491372079819364
-0.008518623631251906
-0.007954514004822432
-0.007377916533895286
-0.007025627338401156
-0.0061692156776326865
-0.004750639080646981
-0.0033216610785021428
-0.0017123682953509554
-0.0004638365636746999
0.00031291795952244133
0.0009978965986268211
0.0014228141486927817
0.0017761199546677225
0.0020828058712615578
0.0020955305092961152
0.0018482516051438688
0.0019484438019791894
0.002409714718041344
0.0029567890053705166
0.0037411947578309423
0.0043397583535580864
0.004718689777161972
0.005212437353676962
0.005724325259762998
0.006030420583624458
0.006144873321928144
0.006102769565478848
0.005848477985429275
0.005587510079054548
0.005319791879179312
0.004893409883361874
0.004347820537453065
0.003712187579611836
0.0029693652823217197
0.002129365425037675
0.0011934420565291076
9.764008458906957e-05
-0.0011618863018930663
-0.00255561280671846
-0.004100590617758697
-0.005169346397570278
-0.0056989066293050405
-0.005998567343163078
-0.005888879317997443
-0.005726720998589191
-0.005530414174733124
-0.004960215056031469
-0.004083536576225667
-0.0033619835538422236
-0.0027869821591184943
-0.002175360462289669
-0.0016360642004261778
-0.0008009876471580238
0.0003574407699116568
0.0015702746181323857
0.0029238846274732317
0.0038497564424269815
0.004264397610755546
0.00449939847991642
0.0043856425719423974
0.004190626876087364
0.003934681052258321
0.003330915063225882
0.002428710077466061
0.0017404264299258154
0.0012673608051406613
0.0007898553557782443
0.0004321491583299919
-0.00018728751895284165
-0.0010984745510444678
-0.0020120328806961124
-0.003016691524134477
-0.003719634239769384
-0.0040511749119838385
-0.004261059804518359
-0.004229055484210476
-0.004115920975774732
-0.003936537412142053
-0.0035007264174471545
-0.0028369998558211043
-0.0023412854134339887
-0.0020178924949643233
-0.001690350586918388
-0.0014554155948428974
-0.0010268065880593923
-0.0003808960341668934
0.00026216447931593526
0.0009691084055285006
0.0015218111022551085
0.001875163480676151
0.002180707933810836
0.002370150172160358
0.002519742611289662
0.0026388518383274676
0.002626820218040379
0.0024968941955497456
0.002494254314985355
0.002623864956816608
0.002773848829663706
0.003004961793531001
0.003145356284127659
0.00318081528801968
0.003246150483171907
0.0033016808780323248
0.0032568092049162817
0.0031167712063155974
0.0028949416444883237
0.00256842412681914
0.0022195147808550977
0.0018476215159863047
0.0013910301634109464
0.0008651009066157205
0.0002806871539502238
-0.0003696861085992196
-0.0010823545063842754
-0.0018574506005542871
-0.0027210767190485796
-0.0036753103487979564
-0.0047089846656752565
-0.005829469057556595
-0.006544431255155243
-0.006804358412694564
-0.006846589838048611
-0.00652944028594732
-0.006134632916749649
-0.005674710105904839
-0.0048805242791328165
-0.0038040971476506016
-0.002803955847138932
-0.0018716914932822978
-0.000863594627946471
0.0001368785636154617
0.0014191960250304028
0.0030062864549368863
0.004689448993698429
0.0065377036628604356
0.007772374630270501
0.008295141024329905
0.008523631826288885
0.008229331596946242
0.007814875249163512
0.00730409718885557
0.00628852987750055
0.004842244849542021
0.0036076466853835584
0.002579529552083157
0.0014891882852877446
0.0004897486359607412
-0.0009136288924589393
-0.0027602207309879857
-0.004682853307557741
-0.006798008729516777
-0.008215523721681588
-0.008808934127397108
-0.009082896464987346
-0.008772686909496712
-0.008309076773627576
-0.00772128286848804
-0.0065533640867823815
-0.004883808496511848
-0.0034975771106244996
-0.0023935766142172315
-0.001235846575152506
-0.00021315936833703273
0.001266051244806845
0.00324937923848583
0.00529247307982872
0.007534129479582085
0.009050769886868764
0.009703933434153034
0.010030054974449542
0.009752485175954966
0.009303589560379596
0.008714316978261246
0.0075166044956399445
0.005788579278585756
0.004370570376527011
0.003263654402177885
0.00210420206142722
0.0010949024819994766
-0.0003918594123563432
-0.002407118786507661
-0.004477287108367787
-0.006749594319785041
-0.008341410841803945
-0.009115250928439206
-0.009594562950642725
-0.009513800759834289
-0.009275441643371655
-0.008910089612869663
-0.007974669578540186
-0.0065418041302264755
-0.005434996248156827
-0.00465745028223071
-0.0038505694071427517
-0.0032137973837914626
-0.002137173845416866
-0.0005711405813780078
0.0010215617168034376
0.0027836302041577585
0.004026780280697384
0.004633922653357579
0.005033747635122055
0.0050169392741522476
0.004876369227889227
0.00463776586667606
0.003963901164970099
0.002907328378868717
0.0021474377986416735
0.0016906445803321645
0.0012367786836608142
0.0009517483230701413
0.0003414412613792114
-0.0006343525533012159
-0.0015964719289818352
-0.0026599053822077214
-0.003327557006649351
-0.003509247406756804
-0.0035227012956552664
-0.0032149273115431904
-0.0027864374498670244
-0.0022556630160732683
-0.001382211413988931
-0.00020110386376712442
0.0007793990003981195
0.0015536462791918154
0.0023495783136539953
0.0030431366947198525
0.00400139311457859
0.005255107196522574
0.006522212824969363
0.007888563077564009
0.008757719667643462
0.00903948414773179
0.009076662047068864
0.008689603583605545
0.008157832410764282
0.0074997486427717435
0.00641115308972888
0.004941436557637451
0.003632898407808157
0.0024849744379459825
0.0012612334404644625
9.153204893485665e-05
-0.0014316092130476875
-0.0033424718658477633
-0.005335845860534895
-0.007508287867577451
-0.00904693384836656
-0.009839077628427478
-0.010338294671065427
-0.010303233996594307
-0.010134610906969387
-0.009858171413862811
-0.009054069834953764
-0.007795167448315952
-0.006789758699315088
-0.006035623333426703
-0.0052306389937534625
-0.0045446364721907695
-0.0034407330768956475
-0.0018756081906117648
-0.00025099852358567725
0.0015593615106017295
0.0028931741591499693
0.003643492578046706
0.0042155260723548
0.0044098659036080085
0.004519175351330833
0.004568686350231528
0.0042311623032734265
0.0035602989992335253
0.0031925219339482315
0.003133257569395405
0.0031050303739988045
0.0032635114729736283
0.0031437867915987423
0.0027091388115521595
0.002316411381055824
0.001858036785190902
0.0014830983076722301
0.0012440816031304897
0.0009919035259065073
0.0007780578619805241
0.0005972405914304453
0.0004388357903737071
0.00035290849904936247
0.0003394370677599349
0.00015082762654291526
-0.00022485067943381888
-0.0006668512485509565
-0.0012390593838055085
-0.0017847368291277913
-0.0022908371479397243
-0.002888734394584318
-0.0035434470293729966
-0.003961134771315048
-0.00412788229379054
-0.004157154554204843
-0.003968593764471537
-0.0037623233053022615
-0.003544325005679034
-0.003142772456024384
-0.002595876202509079
-0.0020625853515505387
-0.0015330909071982627
-0.0009536580532557975
-0.0003595417277244739
0.0003928995323622816
0.0013138803845941683
0.0023054445244246272
0.003402038438826355
0.004170144299833626
0.004557755509591737
0.0047949281203816495
0.004755561788880263
0.004668215172094516
0.004546687546849911
0.004162960870294401
0.0035597989764364593
0.0030859409849275064
0.00273829477848879
0.002373180124841886
0.0020739148388201406
0.001570923501983247
0.0008434988421873013
9.188376372097536e-05
-0.0007469672203098084
-0.0013514965937795143
-0.0016693001404205143
-0.0018983096844685078
-0.0019416382974794882
-0.001939747872260508
-0.001904994428835552
-0.0016792591851561493
-0.001288289609027708
-0.0010412627405283154
-0.0009408660938245244
-0.0008520541392855052
-0.0008504405565655486
-0.0007104405533604324
-0.00041417088635632053
-0.0001348217224571749
0.00017983103005587387
0.00037872086939118614
0.00042828543075242633
0.000437701468008428
0.000359057575542054
0.00024000779432220543
8.723768314753346e-05
-0.0001670947716300702
-0.0005149854057342013
-0.0007797198145480829
-0.0009572816042721609
-0.0011294174042935795
-0.001252272646158243
-0.0014484428453502274
-0.0017282996554441915
-0.001995268407547664
-0.0022777234152471224
