0.12061030585167154
-0.09896884430501673
0.21700807865116611
-0.5512934075988047
0.5704296236805461
-0.2603031834995676
0.11175075158258715
-0.15774766475106855
0.10747120917379133
0.07818222245243803
-0.09054267018167574
-0.03903406824496644
0.10962054551539449
-0.19546086717925965
0.11641911956651689
0.18070814037041633
-0.26409139465579706
0.09243528207846542
-0.09799561908418097
0.2776175416293992
-0.32886558217608036
0.271643670522702
-0.15176900908136415
0.05099985906213826
0.12172294587345328
-0.49418174751409627
0.49440596593309544
-0.047674307447014036
-0.028451074552786577
-0.26067047324239884
0.3486462214900594
-0.3048008917422917
0.1869243437698988
0.06632107600696241
-0.10487458347679061
-0.07310606344967399
0.10557980135366857
-0.062484221194287926
-0.04627396285104608
0.29811227175779464
-0.2964217634717202
0.0036056256048195845
0.08741028083364243
0.05167858416449074
-0.05725754227250185
-0.12280132080544254
0.15810974027999522
0.010256341772118364
0.044634558669431806
-0.32032166749237506
0.46157460685335805
-0.43057753249169906
0.4012795726238659
-0.5223228974271181
0.3030492133133985
0.316346686578612
-0.49120245307779303
0.3056791722210891
-0.13134233603588133
-0.15276187520079468
0.15736907194408273
0.23967135203427276
-0.23203211091851014
-0.27427038596354014
0.3667236242324485
0.010637704521570021
-0.08264593085939752
-0.19877890819090283
0.2655124906329132
-0.037480536209526696
0.04790125945969528
-0.3518527074000955
0.34813537596746574
-0.0890525916556542
-0.10390875806559739
0.2986326547356467
-0.28805112382774156
0.07656942655602704
0.026979652595217497
-0.022921718785200874
-0.006323257521197365
-0.02749336451152775
-0.0607864394692445
0.4126557445466282
-0.3771041048215361
-0.15986157279849977
0.2302706612992882
0.20441820849103748
-0.30225652433419975
0.07967088533360654
0.051449216063825146
-0.08667398355665079
0.12667816923366756
-0.17653320438674613
0.1636964989131407
-0.1464390907660293
0.06199728909830679
0.15648863851536368
-0.14478653512751227
-0.11038254649018249
0.21555009952296658
-0.13889975141149946
0.12234251437633194
-0.2530994435271549
0.15884789540316768
0.2025319302635459
-0.2911866232156179
0.15035296548943372
-0.05601710810731533
-0.08857601599112473
0.0539674876724503
0.2814613911972431
-0.2552049407186589
-0.21421371844276677
0.285154071801494
0.04242784109697016
-0.16818247151974597
0.10093882716302532
-0.03037975411166885
0.0337368249147204
0.07188390687545944
-0.36035683716726513
0.33298748758280877
-0.02914734126444453
-0.17972816677562325
0.3267734506985959
-0.33644607584569036
0.2341961568815935
-0.11504083286215919
-0.027098337099155233
0.1290039384115445
-0.16047547228929043
0.22381414479971315
-0.34272141564085074
0.3191967205571944
-0.1823169058925251
0.022970902972911437
0.11573869565448795
-0.23770311677405628
0.424855035622436
-0.3550908128370477
0.03262518841823142
0.13493671189337264
-0.18554542796969434
0.18552023775414977
-0.08003615123297303
0.0767798913064395
-0.26461374907738205
0.1986314381582616
0.16426750276062835
-0.2568558839571369
0.07917728547342903
0.01118360307261594
0.009130735782805533
0.03572371268620074
-0.16137862835111255
0.18764403723635592
-0.11915136733206892
0.06933747576511323
-0.031500189759125025
-0.016870623622103408
0.00844758519255813
-0.07966554378471855
0.32796121604023515
-0.26663993452994356
-0.11103201187624907
0.2555767679463071
-0.2297013449629511
0.13454877166690163
0.04870756313251757
-0.09083805071386672
0.0205215231153272
0.06662545355333041
-0.18751343204757961
0.2453251643694009
-0.21176745194409208
0.23711366449641147
-0.33931114166080967
0.320339538068335
-0.21485768408609246
0.09298026157258919
0.06965967792190002
-0.12440102029410242
0.07983825219030427
-0.06401194743000142
0.05130502319501272
-0.06431597202110714
0.1830696129792953
-0.16288342167591413
-0.10261011759282569
0.025983887888122385
0.4137108905358747
-0.5768365486133059
0.48054351880386115
-0.3960000410080926
0.34232874463641416
-0.24496757082115622
0.08793022626169911
0.0060575485355455925
-0.005224988826165213
0.07573159507151012
-0.21957063013166825
0.2483995012986796
-0.2244747788187904
0.09733614632373616
0.13217574672734392
-0.20867675028196347
0.23486896314036448
-0.106788965960776
-0.26125342361785026
0.28895170589160324
0.00983640105557354
-0.13533507013691973
0.14811609119292332
-0.06056148928212471
-0.13683332528110984
0.20945489959280242
-0.18222145597860573
0.1297744304277937
-0.01923390629348088
-0.03320220712675387
-0.04565936639386734
-0.046001517735539225
0.34847320390421477
-0.402830280838333
0.2438288537398049
-0.11915866684454608
-0.01099810108852877
0.034808263022083175
0.060226180871946845
-0.0630607081552964
-0.009116058792835703
0.06384943134638395
-0.13456150944186712
0.13642048916950753
-0.005979640451106105
0.006909587100752856
-0.23308050227158075
0.17960657232887994
0.20535237182732502
-0.2974935647798837
0.09375036382633872
-0.013225643048405865
0.06010542883195343
-0.06377349209361886
0.009122673080056461
-0.007051924729214558
0.04083635346315722
-0.038226963614638954
0.07095095667263988
0.035998943600601664
-0.30579313424645266
0.36186712582677527
-0.2642033146187772
0.11551755298769588
0.10843313488909812
-0.17682628017317623
0.12365698641331914
-0.05919987324023199
-0.06751553978875638
0.07885930365333041
0.0653314712798631
-0.03158734660636575
-0.14843360395139057
0.26467404830991526
-0.3723248864199122
0.32523264481952596
-0.112891023728579
0.0017715572839260407
-0.02271721726312177
-0.012395382131836927
0.162532919115788
-0.13117290347506552
-0.09457725508166269
0.16350134025144558
-0.11380777735682156
0.0498927212734864
0.0729269558611784
-0.07349695860592612
-0.093630535651197
0.11880066249054644
0.048397464102444825
-0.03292983339233628
-0.18230591291250103
0.23986516214187528
-0.1740878005509792
0.11205890885269866
-0.024043933941747364
0.04921072274654082
-0.1690393002302515
0.2670184936849914
-0.32601924283862604
0.3446498403400704
-0.40188104521657814
0.28538046883185136
0.057378104309657355
-0.16445287950164486
0.011921154706371957
-0.003886778498208901
0.14626722728497207
-0.1926533455378632
0.14920032502194325
-0.11498500415758135
0.08904756196458416
-0.05430946503246809
0.039010495921736554
0.005257662947275991
-0.11584386762684774
0.0977288689920736
0.044195863441973286
-0.1139673269805073
0.11986918287334464
-0.0931148232242489
0.07266379510592554
-0.004814554838021916
-0.15550166014939845
0.15696699664097394
-0.007461875451848808
-0.047927675487460054
0.060538838651829206
0.0060946106177800444
-0.1888264685080722
0.21753441425813833
-0.08620255690003979
0.03764473366443102
-0.07017615105129475
0.07352415427450455
-0.06745512880387039
0.05183580890808619
0.00747013188675146
0.030441938664770733
-0.1588818455986612
0.2093604376571654
-0.2357179044933839
0.17345475169225186
0.019752363197328426
-0.038232359394594226
-0.09203461429699751
0.15157837934895513
-0.197874292138094
0.10526376597501438
0.14566684358345075
-0.27169011120678843
0.22998336943456607
-0.274878361008977
0.440938264454027
-0.40316691402122457
0.21643397257021296
-0.012971607936248644
-0.215931407445602
0.28991608099491895
-0.3047659416588063
0.18041543213149364
0.18912259173370527
-0.22917709951897697
-0.12856119709946542
0.1566284381468605
0.14221536720790942
-0.25662361108142007
0.22874871331059665
-0.15071944890904704
0.021860376209778765
0.03118674528712126
-0.06272909250755318
0.021682351407864977
0.1554561757464542
-0.13255845796615476
-0.12124484906853183
0.19632667276246293
-0.07725609947886591
0.05716939176942555
-0.126064146559325
0.1327604544057355
-0.1325276371687965
0.03558634016988548
0.1745612377820563
-0.22431634425579286
0.17648715410637858
-0.07755914575274596
-0.16403199334928156
0.1687960212311992
0.143900411849904
-0.1494727162400499
-0.17970155189797005
0.27079535876292615
-0.12676717169046414
0.04375990431070927
-0.060018228169034085
0.006118064391393653
0.15647999737338283
-0.1482603767878869
-0.013257628337933688
0.12076284486349718
-0.19340876564145987
0.20801620590084105
-0.15160474413161645
0.12136511818458537
-0.15333287278946503
0.09632886592351808
0.07345826354891594
-0.12169152250618098
0.06162427880424289
-0.04609919592000296
0.020004015249659127
-0.07671503445427194
0.2757831662002514
-0.27347302320117844
0.02220289366552909
0.05150015532003759
0.10297815665832352
-0.056749040039770555
-0.1890459041668876
0.29203341138324296
-0.2958429840375918
0.23707191352415652
-0.09271779449804754
0.05348907351563286
-0.10727489119578575
0.12108871363589807
-0.12990756720154714
0.06542819318663896
0.054866052588669306
-0.10213874253994973
0.1662310653208078
-0.05736233191202643
-0.27192948714705667
0.3325899283221909
-0.14310075780273773
0.013771030980999611
0.052233567284185774
-0.10972639984359746
0.1560171858855975
-0.15740210152689976
0.16145730683484324
-0.07410709159227051
-0.10345209243691562
0.15304597487453947
-0.17624201977262036
0.05854882051694815
0.29840142510836676
-0.291991284701788
-0.08383499801893944
0.23789334081343627
-0.21619270378927236
0.1723742150479073
-0.052835276164542866
0.06732639159567734
-0.25674703185918696
0.27103700793874697
-0.10488014211928087
0.04693206540321833
-0.0738843810493203
0.10210115242898969
-0.16952117178565956
0.15084272095209045
-0.02083244686805451
0.01336025990018401
-0.11912455333366952
0.17936724081958705
-0.2064383832847419
0.19828520687167625
-0.16734764993371934
0.14326144087640527
-0.06399735507291637
0.07231200456844315
-0.27016084009712305
0.18239111529533186
0.2231648117247308
-0.337843004663233
0.19780953392641193
-0.06774052676115436
-0.05480633027508597
0.13641756115088455
-0.15676389728352677
0.16127742237309325
-0.25260288437512574
0.14502434167613185
0.23399618650288984
-0.25272435342310234
-0.003502985433930947
0.19295364922516248
-0.4687451737140349
0.3465313983116382
0.20665937265386156
-0.39236508853495483
0.2623192245805357
-0.12001461428541108
-0.02472094645917114
0.11478119105339817
-0.17500002488048824
0.13251829949266672
-0.03822258112920576
-0.0863250915678898
0.3007356666946601
-0.31676727720063785
0.09647358304468828
-0.026554867410980662
0.15835202734876516
-0.11537117315892095
-0.1314355294371099
0.2063988670943209
-0.08349176422426258
0.043544882154402234
-0.1674494523903272
0.10606896572160143
0.20697334495908384
-0.2175809955653649
-0.055348433108931894
0.20449338817023152
-0.2671748294703735
0.254045239410432
-0.13799007546793413
0.0941161857277409
-0.17742570444241296
0.11982511127675406
0.10574485888945105
-0.14075628762236583
0.042193912327902906
0.06927268255704014
-0.246109199357798
0.21822190002847985
-0.01469608701230636
-0.1325177431638802
0.2546843058897088
-0.2677845554048137
0.18367786877424655
-0.12310465024310481
0.0698261548965573
-0.05000344141902091
0.09295260494316378
-0.0804665891568853
-0.0410755199631523
0.019252572403719012
0.17205571741556092
-0.19040619045320062
0.0713568807963683
0.029680981261825
-0.16794403838143313
0.1637200585378931
-0.0036827368829576504
-0.014078479248924778
-0.05936800414948011
0.1614548631274846
-0.35048125028741495
0.3538193147641845
-0.1422976479498258
0.08049583581608423
-0.18250401817595802
0.18119675607978494
-0.08216924304971701
