-0.2424920878593724
0.13455532323378758
0.21222196703772483
0.09726636816144377
-0.11639543099380452
-0.5475502912742203
-0.312261571991693
0.6439840388828759
0.5944841460136358
-0.36471441872669225
-0.3852234736021952
0.2957540579550114
0.2425008777775651
-0.30472194312880313
-0.18821602181521221
0.43424298166468484
0.1499748493871544
-0.9403553555128976
-0.6789770595411975
0.8097777738593555
0.9892331010306565
0.13776774526788338
-0.1787286595021581
-0.35816229411121625
-0.4188820392331871
-0.13730941882731637
0.10355766542055732
0.36835594396758875
0.20881053830168522
-0.4815921452721372
-0.4275340357019236
0.31863368625012967
0.48277343384001914
0.25700607286165944
0.04575497513248966
-0.3598828323789508
-0.39503111751216186
0.0016829674419099423
0.13767139684259155
0.12561923613807696
0.03643366905570575
-0.24992956176977343
-0.2606909840208661
0.009437780749394956
0.329567869061341
0.8061535899261377
0.4620920720876501
-0.8070523529271842
-0.9144791342552293
0.025635606893509227
0.38565409880540835
0.5139575823331725
0.19388399305166581
-0.8603624277031139
-0.6153085355841429
0.9305561866786328
0.7718525572625011
-0.8421847233496802
-0.7592337486236007
0.6436784614308466
0.7221384009734458
-0.11464498255120331
-0.18830541229197084
0.14757533185411176
-0.1433187414862241
-0.8793159776342465
-0.49114786148119016
0.979130659278509
0.9393818902223023
-0.45228587405205506
-0.6247272940420929
0.04724436400140125
0.18484709523724696
0.16147707141062276
0.03351486879359329
-0.3845904471130853
-0.1450181350568576
0.7769708715895746
0.5539630594522175
-0.7304789413297158
-0.7838568104176962
0.1655764949480974
0.3190639497809045
0.008706048576111942
0.05047225340614042
0.20228487185102398
0.05579929993605782
-0.3247326681070474
-0.22979997317611173
0.32450092942647
0.27718550543125153
-0.28799481010832345
-0.2144673034146176
0.3659855789550608
0.34993864849232126
-0.12280163886406824
-0.3445713403972282
-0.4786258852067944
-0.19684932561811597
0.646519305264097
0.5153788317426522
-0.5806476268589457
-0.6071217016178635
0.22631973150305446
0.524908573991586
0.5970980668908988
0.26356060415315524
-0.7194453701516513
-0.7534675761249262
0.15085647192757487
0.36888503274490947
0.16485446327995518
0.007176870832045011
-0.3618145250123597
-0.28771975268449385
0.29351846512533636
0.4093997457911469
0.16821772526738435
0.022720364852826396
-0.1887955662487672
-0.2923235623650328
-0.23009364381652642
-0.010010692583113004
0.4414711833146638
0.28458111393349766
-0.5247358725329206
-0.4514877082064461
0.4048282906564923
0.44880916859007436
-0.11160872943014272
-0.20371007691306164
-0.050948775504211924
0.03942004134571631
0.21904131983205197
0.1969708147674388
-0.0667869904089196
-0.26544932395008186
-0.4649520200560449
-0.1983786313864684
0.6290108642756977
0.5220078124108178
-0.4912115366067371
-0.4925134901820208
0.3162081365830234
0.3994292594632895
0.023733620925078323
-0.05884627670894918
-0.059224277474043165
-0.174906896467807
-0.32312983885620006
-0.16427825471817972
0.3186589877104284
0.40995910227198146
0.14480277882113235
-0.0706226620529687
-0.37458928668490526
-0.30466937258807336
0.22352382544291388
0.18597322425934087
-0.35113691035669853
-0.07306790455143262
0.9096592271409938
0.5968324777627317
-0.9083285015781712
-0.9071092761707409
0.3705280340603433
0.5242561554944127
-0.061776243842594586
-0.16705864959008843
-0.13130466357848752
-0.10930251025780244
0.04957679247317091
0.21031512613119327
0.3858421516729444
0.1588592724342937
-0.5371878873960522
-0.47287763505657804
0.3238223358617206
0.3234854077404172
-0.3051847381840117
-0.16374814177333594
0.5573051998639507
0.38694128705124875
-0.534546277780303
-0.5122272891974521
0.28664006798511177
0.33434207195733795
-0.13948348083218484
-0.20516551174723827
-0.07261886567284036
-0.0755705915551915
-0.09653808739147814
0.15893329730340752
0.6848113057265772
0.3560099614482409
-0.8586498344792698
-0.693705074694401
0.7501202537665078
0.7441199971962067
-0.41546031956236057
-0.6113839218110116
-0.22743972933577136
0.03105802561539215
0.48063354696703536
0.39575001162390117
-0.33341000206437854
-0.3369625394514161
0.2743403375264493
0.23473083675974477
-0.2697205902923617
-0.20311627196393098
0.28685190762939167
0.19736266333959165
-0.3596669929878633
-0.29595687311792224
0.27601996538879536
0.2973677010784666
-0.09438746791368934
-0.18452275312299407
-0.12347830711945745
0.05892999290933878
0.4808064101951724
0.28502180435728375
-0.5645812797013926
-0.5312962771570982
0.2872367933579388
0.2887272460285325
-0.3176936538154876
-0.14197462520752516
0.6239275998439863
0.36799904111072557
-0.7853098318797282
-0.5341197001718045
0.9681040173955561
0.785661517679839
-0.8192056915702749
-0.9064503720973932
0.144901483168216
0.30025942397239214
-0.028532397430078765
0.15539781277653464
0.6009309706829119
0.314957096516167
-0.6491654763146932
-0.6605199844104742
0.18884560463345812
0.35379797182441264
0.08310688290617174
-0.042893588382099015
-0.26059509191110714
-0.19958867673754438
0.21779422316218178
0.28666638889839086
0.07188255744455235
-0.03680223439561751
-0.15659518911586995
-0.14250238718489217
0.06595485470937136
0.1322737573962781
0.09162396651813715
-0.02120501168905401
-0.27426006380364765
-0.13354675218692605
0.4284748352119311
0.24453854490741195
-0.6430161420731388
-0.48376136593084135
0.60019847623433
0.6013130322746211
-0.2633432451745167
-0.3229314021438765
0.14912786845463374
0.13709807575139588
-0.14046372743756524
-0.08682694904956863
0.1863504616032009
0.015792563340825218
-0.5528777609149479
-0.4476047319105876
0.2766388388156609
0.6282669023896296
0.7769239353060086
0.2722135394709925
-1.1163725178539632
-0.9514942928941658
0.7676222207975323
0.8125626055275194
-0.47489288723634987
-0.5107252992664043
0.2596760871918785
0.2900115969333906
-0.091754261365069
-0.15224348917297875
-0.08350849667603327
-0.0372255127851676
0.08243097534384847
0.13372775500434095
0.10531314340476856
0.021073030205873637
-0.1583897665891803
-0.11501310489650571
0.16765554935697077
0.16269058549934187
-0.08728276824276379
-0.19176878446372186
-0.23343245999810247
-0.14996127742455825
0.12949886449310333
0.31679853927149954
0.4363792629009147
0.13926432968202757
-0.6741616094572612
-0.5224300397878593
0.5932890583542274
0.5541012196011104
-0.4474433889334711
-0.43111440849893146
0.32183133242845235
0.3604599807527078
-0.0602071153949343
-0.2169471147097478
-0.3101369276928223
-0.12782294239521233
0.45229527178906787
0.31396244636589576
-0.5376817300742931
-0.5248689969532271
0.2099874275615927
0.4693011435015823
0.49175174341047534
0.12385148934314645
-0.8568274653200043
-0.5397993425447632
1.1126168983772047
0.9391963081702253
-0.8378505892246914
-1.0556018970067178
-0.14749392413694237
0.21409459782237783
0.5079862004648121
0.5001443089161643
-0.0498666228545534
-0.16112441119439871
0.08653392312278035
-0.1593665969129397
-0.7677866095997223
-0.4198263502988499
0.8520141132173802
0.8390532835253002
-0.32829783754440106
-0.49218307519891913
0.022336427081350085
0.0873610109067629
0.013186822871256712
0.008950839395317545
-0.0584422872589425
0.02308512839423237
0.27243970605018303
0.22518426263084354
-0.10228801886989178
-0.31282451445274606
-0.48571041266321174
-0.1999981314709869
0.6546710367239835
0.528382484837093
-0.5609298116950334
-0.5948726466223012
0.21449907984022637
0.460390907374362
0.44451696113459627
0.15011945323734188
-0.6571406146691615
-0.555061517472586
0.4782691972992965
0.5331245973511429
-0.1860861419108769
-0.3340372870918484
-0.19079122582784327
0.022055909214267637
0.5090495388396974
0.2789797364956543
-0.7286139948100453
-0.5098633000163891
0.8381517062298328
0.604712948039276
-0.9847901268214391
-0.8213230853844141
0.778218311307614
0.8763174416848797
-0.12694065805570778
-0.32741363384405014
-0.14016585464764666
-0.12072145955140562
-0.010022076336020105
0.032403587400738405
-0.03716377832178278
0.006521533571223474
0.12884118241097992
0.01870434980999422
-0.31443062524512794
-0.04839621275332644
0.8179022502402563
0.6189816818610494
-0.5847175951079882
-0.8229686813365028
-0.32601185839930336
0.14773540256529455
0.9447872176052649
0.5052855334396679
-1.3572054685529022
-1.0367519150658844
1.3095120744755955
1.1831560172419862
-0.9647316197616271
-1.007821346884492
0.4657896388284156
0.7345846638385125
0.3621797910301714
0.06802887804711538
-0.543443505858854
-0.5738579845702937
0.07154984292502624
0.23965253784845617
0.09981466455928416
0.04259585214288557
-0.11457338888504283
-0.17745286625206116
-0.11273983250251511
0.16676881832093884
0.735174578346302
0.4114295840984186
-0.857757719286422
-0.8286349119928363
0.37120352831108594
0.46518197868245437
-0.22635280209361247
-0.10165088342859453
0.5418777353588174
0.34897672911609867
-0.5250712242050309
-0.5584008951427722
0.10004902644934388
0.20637732258761218
-0.01801272890883057
0.04505547575348018
0.22942701202785773
0.07494068003484664
-0.3768035750697159
-0.22143635076624815
0.5210295597527258
0.4264593246996372
-0.4073471814995837
-0.45302678942749297
0.10168704426909597
0.2523101920305332
0.2216628057805432
-0.016889839978995812
-0.6296376685446696
-0.3822654368154155
0.7602085675448593
0.6542680263199152
-0.5619044744050109
-0.5273848414031974
0.47949859895298313
0.3615734255436585
-0.5866137787500819
-0.4692106815292792
0.47536148929327326
0.5120588113680593
-0.12790674060220447
-0.2424463381920618
-0.07401509894576663
-0.013004702136534752
0.1102258185815347
0.07891364592935798
-0.15325084096265798
-0.06798507797407576
0.3085971212299479
0.22035381089623746
-0.2820693548557156
-0.3333759287894192
-0.029091855854800956
0.020860775578939617
-0.055530733014188406
0.1188621441148362
0.4802322357989748
0.17880510601271318
-0.7975183530912477
-0.47097180256934806
1.1136217281439602
0.840610449125146
-1.081595814188952
-1.0048416957220874
0.6885101098334759
0.7090711432217437
-0.4660609128881961
-0.4345374509609923
0.3819867409659207
0.3094097927046887
-0.3686987832203061
-0.2759129487549405
0.4017980292729563
0.3217180544987954
-0.3609692453756672
-0.2787645949320984
0.41209447851719305
0.3884675996726812
-0.18390147604342658
-0.42506430151718066
-0.5285566845743191
-0.24103806392113974
0.6078453718189017
0.6973161010922745
0.05080193562425951
-0.17850074972530947
-0.22148285319959818
-0.2456651903108457
-0.07515484613880505
0.07844244117807925
0.23601327446597675
0.09664511813533842
-0.4100372229102225
-0.31548508632996747
0.3563423587009865
0.480007925147786
0.1946726569508387
0.052939428700436594
-0.12599562146905702
-0.42401779728976585
-0.7911374461112968
-0.39064547410901856
0.8607874742577095
0.932876019335056
-0.09864122498556416
-0.39849984664381943
-0.30073702677416475
-0.09245483798511551
0.524990204899077
0.44592333797658695
-0.3691034271194418
-0.5633510760865054
-0.316331398057942
-0.05651720368861002
0.44867678529702293
0.49154115235477613
0.003336306442613824
-0.18276943551048938
-0.20820144601083154
-0.132131407393367
0.18942834461178887
