-0.010722447086937502
0.01723006287982668
0.014546386021017146
-0.014166812549297324
-0.014450565403190058
0.006709190412914704
0.008537231834846221
-0.0016473364171238232
-0.004261242135586523
-0.004882827250290919
-0.002913203033420256
0.004362160755341454
0.0067037710922422614
0.00451737287730555
0.0030855932121040207
0.00043387051438668086
-0.0021685718715654216
-0.004215563530687271
0.0036546746667214776
0.022959936186475797
-0.00474927728798374
-0.08197214471903992
-0.05584579031371589
0.07159979764553538
0.09038263445163372
0.020530257540054803
-0.014288504038529942
-0.04896463367351635
-0.04468516885121249
0.018284979868146947
0.03156730846177104
0.0045530142954406895
-0.009412918013165798
-0.029001371487552264
-0.019173221530562758
0.028437364508957386
0.03392545367132281
0.0028154843794127834
-0.00788943734471661
-0.011218445174935665
-0.012363361400627397
-0.003032615774544531
0.004254398831888665
0.010881128709338888
0.006110741533413221
-0.013506120002566582
-0.011694468706936892
0.010361680838212943
0.010427255084844059
-0.006495343645350465
-0.008593489049795929
-0.0016509720166516437
0.007186503487746497
0.023045775534744975
0.015121928598216901
-0.01910393552994828
-0.02655460674634253
-0.011615576159495346
0.0011795422097576906
0.021589061246854408
0.016108589551787962
-0.020234230004119225
-0.02239325634497579
0.004533920482988251
0.019458019680302193
0.0332743650121716
0.016783597752346644
-0.03857556005424091
-0.03817350909318507
0.015151227863317372
0.023648944252310594
0.0018112770779782489
-0.008840679975428353
-0.023340419886946382
-0.016184698466870144
0.01900053356879427
0.029491683416330607
0.0199652861958543
0.0045641009965111615
-0.027097128974556968
-0.03081372695033429
-0.003773199504128203
0.009060363334456685
0.016594895322390103
0.015796124668501985
-0.0010614210352802135
-0.0030685330048539896
0.008108166064456404
-0.008333624637908087
-0.049222338562638655
-0.028309189748662447
0.05356106976399413
0.054693825053068475
-0.015618567740448694
-0.024858888281397026
0.006095236062418136
0.0017379919270636567
-0.01998001601558645
-0.008147169523565695
0.03055723099758228
0.015393837660379507
-0.050638970697578625
-0.0392050394022063
0.041641892053833944
0.051994323186872256
0.009024486580148004
-0.008288577450990887
-0.02166901507322163
-0.02852468542830089
-0.018016632459835383
-0.002588091188329706
0.022390344755371452
0.03410133247532378
0.02984188803623849
0.011042013093554485
-0.029885384707961104
-0.04810008279966932
-0.043036664788095626
-0.015656702512505588
0.04650253629673904
0.06133205278575596
0.027244214801903872
-0.005327807420540981
-0.05457595081550376
-0.04437744664843634
0.036813020295672995
0.03969235794219923
-0.02398922064215464
-0.024797166342671765
0.015909361506956987
0.015004294641177782
-0.01137311339405927
-0.011697481438051839
0.004220566216809661
0.0043538799362077135
-0.004982057093321364
0.0032881732261790505
0.026110966582224813
0.018940817174398508
-0.016657439050934787
-0.03223996074694556
-0.03457384211375762
-0.01157456654171692
0.04781413201616514
0.046679010198103596
-0.015568337903794312
-0.022604225421049114
0.010510737475768396
0.0012674473543345883
-0.034787328209565996
-0.018595473115399445
0.04299139714188768
0.03545777379573342
-0.03398172896912634
-0.03248853338556077
0.025261628274311793
0.022261183112536963
-0.024279316596851886
-0.023982825419226157
0.008745788023776048
0.020313368183120982
0.02315164712231411
0.008747928837793566
-0.03239190788812462
-0.025637906971985057
0.029458938859798445
0.030827078060026717
-0.011269239041571438
-0.027399169880368543
-0.03319650189319152
-0.01484795642196062
0.04011567803455837
0.04227291966388385
-0.007310193882105146
-0.017527003455039592
-0.0029219630271051285
-0.0004022435088240847
0.0035639694135374527
0.007890372473530414
0.009152593592691013
-0.011628766486451586
-0.05804281690221481
-0.0388529018232891
0.04779940453194769
0.06860071237436564
0.036337061362363886
0.0020489745691362558
-0.05905787658864995
-0.057155245758016913
0.017779041539292804
0.03171941126002968
0.0006638193590003616
-0.0026300222641787016
0.0012863999733922732
-0.001855955821330143
-0.0040854378760637414
0.001119582719761752
0.014025686659203302
0.009123644947079523
-0.013862656375341478
-0.018058664920391026
-0.006975387031734756
-0.0016924802536197553
0.00395714470359736
0.016971996657406913
0.035510423316831984
0.017085964952907713
-0.04147651172822004
-0.04745421277235228
-0.005126097642135176
0.008751842991639947
0.009723087292326125
0.029150565343219224
0.05738250885328093
0.03133374194819427
-0.05147422047819062
-0.0785623831448463
-0.057920904679473445
-0.015698894131373032
0.07231786069369814
0.09045050683808999
0.03289368205641801
-0.007588689738096897
-0.05612056724203817
-0.06579820728076961
-0.020347686147275168
0.006964476599513391
0.0298902430652893
0.041232625534556346
0.028274118232293734
-4.514460435875315e-05
-0.05144601251919131
-0.035481499264119275
0.05467958877367334
0.05141817443336458
-0.033586453222592294
-0.05122479423141823
-0.026230082503313316
-0.0044756338266368784
0.03760813400617468
0.042198121842641614
0.002769025434864528
-0.01251636249889453
-0.015512330788635346
-0.01171271133096832
0.0103916628132537
0.015755245659204366
0.005247192761131012
-0.012220950952062038
-0.04454530285709322
-0.02758755073441617
0.043292508804588056
0.049617090285981345
-0.0005197645774182799
-0.016501952020946363
-0.0174333864961925
-0.009680086382833833
0.02101857076485591
0.022457688565574948
-0.005268906190756381
-0.02213119823322864
-0.037955100691833464
-0.017472569865902628
0.048584704140213895
0.04440130387567547
-0.02720880404999464
-0.030755204106522622
0.017226082302747393
0.018860445442619323
-0.007191127694535685
-0.004709513168020271
0.014497452908679643
-0.0025126320407804054
-0.05128249872055037
-0.03565317943195985
0.04140926856437116
0.04743511678005318
-0.005702316004233598
-0.022413324963617202
-0.02341236108680426
0.01898753579927967
0.12320368292279735
0.09089622274324702
-0.08102641341243874
-0.16729107973439278
-0.20130712916742247
-0.09774340004515265
0.19622885867941156
0.27617063867958047
0.1530010585288508
0.004586921956829044
-0.255646378949595
-0.23941520136937125
0.0943065093009161
0.14256618759026263
-0.028277918794456694
-0.02717250896112279
0.056597459398805436
0.03381985663248224
-0.053068351807369005
-0.045445130923211056
0.039994254442630196
0.04918136967826427
0.003218793290083049
-0.03561456392764063
-0.09289319849270723
-0.048287710904733244
0.11445622215563907
0.10466244768484927
-0.06571408833534516
-0.07609519597182933
0.03247961655179392
0.03603016956319234
-0.021356746277145258
-0.024348286916627264
-0.0006959167163105805
0.014366010815774663
0.03578920955438401
0.01721164970663778
-0.0487794276962657
-0.03649620144467643
0.050443137175477666
0.04371789883842265
-0.04111695062151458
-0.048603392197750825
-0.0012884111557354024
0.006242312929751411
-0.004248248219152437
0.024749844137293555
0.0839775978910119
0.04728605181486504
-0.08644402580200161
-0.09860585918018581
-0.003176661629990991
0.027107001490337852
0.027812618029905367
0.03446422620526174
0.021867450220606186
-0.004133762245401386
-0.0456981038709605
-0.03924819292204374
0.02101057084452373
0.016801408806981777
-0.042996107768240255
-0.0028293200139011803
0.12543941924260335
0.07885560918531857
-0.13233493322067688
-0.12236241533511096
0.07995823092983681
0.09502084259632025
-0.023911551145727766
-0.05958191502947066
-0.06714439090400182
-0.03056124258964872
0.08380394619394886
0.09846096972093468
0.016289719853931774
-0.009794945900918325
-0.010691289525276872
-0.06018636837209736
-0.14043639633297605
-0.06962096823623164
0.15901589487169523
0.16784258839912197
-0.02629366470106018
-0.06778562071190344
-0.016125370233839628
-0.019978544151750467
-0.027971287537670905
-0.001878761955664957
0.04706142218411395
0.029008053864425124
-0.0586012668499177
-0.05395822238302324
0.032392393464576806
0.05314713832059444
0.03243726511448934
0.0035427797346984894
-0.05818626646371095
-0.03936501920342231
0.06807163157605922
0.06495343589251305
-0.033923450755325144
-0.06501808846260174
-0.05860138201362694
-0.01979757537009576
0.08019375269053203
0.07571859407961079
-0.036679255890749565
-0.05348051002497672
-0.0008879420478008513
0.01914346845205894
0.03815112911614317
0.02023801263676661
-0.05013169808302243
-0.044322232140937286
0.03341964871442662
0.035355407154886914
-0.020746001466817068
-0.015183451975343168
0.03282749660006711
0.026975732672291947
-0.019189734704153496
-0.04288641297108879
-0.0578464201977089
-0.03453001630950216
0.04052001473425119
0.08250321938058645
0.09802722821265791
0.03608244302392384
-0.1280005397883535
-0.12590718084644548
0.04189450928346502
0.07353578410916153
0.011868528754116932
0.019080279920227143
0.05153830070406765
0.026514914545997526
-0.0418873693897108
-0.12244698951797278
-0.22913883899275864
-0.1802866781611165
0.044253071514550324
0.31899143306364913
0.6928602995473381
0.3138286650918335
-0.9121994122435676
-0.7806554673486144
0.6447695605360634
0.6682783253111911
-0.40936456441836866
-0.43891694766298195
0.21264619266025567
0.23285078841532092
-0.10549235333678308
-0.12875451487131842
0.002656036901979993
-0.00275117210153433
-0.06480503495370593
0.0677531331147239
0.3772994852076979
0.2267112568379156
-0.3854179094639749
-0.41420314630401905
0.06743136725403527
0.1797682939634139
0.08393747861074963
0.04179370505268784
-0.07813461480226475
-0.0806200282706134
0.060373841066866864
0.06546464481013639
-0.03049589401844632
-0.036864306087183205
0.008624860127715892
0.011372282296675305
-0.004756984632427423
-0.0028950022765930382
0.006070953483467192
0.011739657990684799
0.018279057069691143
0.02118103594720066
0.018937876478255445
-0.033353004764524366
-0.14224726046394617
-0.07800562030174152
0.16660531352230382
0.15361668084473654
-0.0937324638503339
-0.10695180181015272
0.05281442656287011
0.05339054669781455
-0.04169651872633013
-0.027696086068665263
0.05663251013666847
0.03837184045304808
-0.06197945158609176
-0.030833626155991428
0.11515828856286452
0.04402786298953935
-0.22698694910672332
-0.16299377549585745
0.20693477153018056
0.1868672900995179
-0.16045434894053154
-0.19550991552873695
-0.013398836262139805
0.16788072313210098
0.4540736745416227
0.26502915054204057
-0.4642332234169963
-0.5364904452092181
-0.02357565616872294
0.1554643582513251
0.19817576157175645
0.186675831023133
-0.01922922480885282
-0.09266588252192064
-0.04780533420612167
-0.0685704199180183
-0.09665883428880483
-0.050996011521574174
0.057729365403973956
0.1763585583680011
0.3187661667913083
0.17865786753101015
-0.28299574986210185
-0.4239731128392799
-0.285778599490737
-0.055311588343057216
0.4030177741323535
0.4307509664898048
-0.016935245439568716
-0.15912593737660816
-0.11962004138299209
-0.11355602180830518
-0.016516391251951725
0.0423455126731444
0.05460338631731182
0.05958013828958416
0.025982832471034285
-0.0038850053499874717
-0.03286468048899324
-0.05091250690912387
-0.04817854233105446
-0.013241820029976786
0.06337990227124349
0.06582796575599545
-0.008755729584820817
-0.028857842879323477
-0.014661026843103053
-0.009754194626281174
0.00665413266004217
0.010275824374203246
-0.0026964235700503146
-0.0016929145041445562
0.008399375781860991
0.005328519592669316
-0.007576249579509432
-0.013155203726222814
-0.014215000997782962
-0.00960702131798836
0.004156723663006601
0.02385496508140702
0.051338799538910615
0.025883711407297158
-0.058448899031928674
-0.06105528898579246
0.012187741401207495
