-0.013936907671613628
0.07132750013480496
0.04795027223296055
-0.07602595272659375
-0.0796939571856172
0.015944321066337495
0.02265692801632454
-0.02852278141862433
0.022505291033161446
0.15611036023127836
0.09227730193649182
-0.1626390317183158
-0.17783453264090662
0.015145300425242734
0.05674279718443301
0.01319101930949531
0.036947698522965255
0.07908875770196033
0.02950353016829509
-0.10519783728776409
-0.07846146404226453
0.105698312995007
0.10621823496956415
-0.04477687502300557
-0.10110502451828172
-0.11503769356701393
-0.051169445353548386
0.1349216607707859
0.14756527575909317
-0.010802023360277675
-0.06242308932993651
-0.05828003830923012
-0.027007958202472128
0.07745727482566368
0.05989024561084182
-0.08391606539253461
-0.07263329541204108
0.06760896110511003
0.05915900731741432
-0.06267950914920097
-0.03860827811498711
0.09904885972853324
0.07571986556859071
-0.0808745240904453
-0.1005373962387962
-0.018215933226012202
0.005816201606013708
0.012259277545966127
0.04225220566706302
0.07664010957488837
0.015797846690569762
-0.14803243791374474
-0.0751810719489863
0.23604065364286012
0.1819208177976525
-0.2037179648970489
-0.2194943929241474
0.05667025401743349
0.11258216434635533
0.04953782522189272
-0.005053666242883578
-0.12768051740992614
-0.08045522158187123
0.157912486145741
0.1331899436176253
-0.1259701627103486
-0.11173342754776544
0.11797401844946197
0.07893495296384838
-0.16784386255181485
-0.1278287602519938
0.14607596980930249
0.16031704567416508
-0.024441322200264407
-0.05149415243907752
0.009482027621231924
-0.02299050727760234
-0.10440006040156147
-0.042589370938430786
0.15345472568571572
0.11365830665964274
-0.14920347961919556
-0.12539108514724048
0.14054356630740247
0.10862910815150786
-0.1584343310701042
-0.13582236903105047
0.11260740608947238
0.14472943594918528
0.028836008032271727
-0.019244431820695754
-0.0654047663024079
-0.07703368269013829
-0.024623188210105347
0.007085711333711755
0.03232395189517642
0.04831455660162646
0.04045562604746793
0.0027772461391601345
-0.07378799138606319
-0.047097058497868556
0.08996194068330887
0.0798886268060793
-0.06027826403352687
-0.08421475735225632
-0.028810942056185913
0.006179348542325808
0.05938432309856634
0.05427513092206357
-0.024695899157888918
-0.034611851600324824
0.010663115192166835
0.007901018329773095
-0.022024089636651787
-0.017646026488391066
0.009649667815947425
0.01597813648282218
0.008544641326643697
-0.0052338173277233216
-0.03332816877288313
0.004125123790294018
0.1132141066435308
0.07928244497850483
-0.09423868143171231
-0.13759222444589306
-0.08103636541583759
-0.02321970586264907
0.084334666947251
0.13172396689086982
0.10619768086832798
0.020967865727819113
-0.15850124440935376
-0.1371148482208694
0.09892728228645212
0.12202783635353608
-0.022700766842215312
-0.07262279933964165
-0.09438258293225592
-0.046965583179515484
0.1116467650870598
0.11084891277942444
-0.04479980988288247
-0.07110141144910362
-0.010238344105644477
0.02781114693325086
0.08766297208876402
0.06076731915823229
-0.07141826841687327
-0.10488437983583562
-0.05762884094339207
-0.0015721958809644448
0.10203763041752771
0.09124705528434342
-0.049531005295450244
-0.0611844930499963
0.030384041921612072
0.020119279835962622
-0.055833575958481894
-0.042648473966860306
0.03746804727697025
0.05107902354391038
0.016912311344948396
-0.01328337521683489
-0.061982337901714056
-0.02904792547396978
0.09839842225159634
0.07128508382319412
-0.10160209839190293
-0.0822067682603257
0.09994775639701216
0.09628245486890834
-0.05061200125759341
-0.09000525974420763
-0.07101496901395245
-0.02272008446252367
0.0962209102677585
0.09857552682634933
-0.021772832915628378
-0.04893126294393998
-0.014827164700704321
-0.005503509136109791
0.012301349099886878
0.015171917175206077
-0.005955758162593532
-0.008219234351242185
0.0025803922846485226
0.009632466357331086
0.019514149585279757
-0.0007663697577360419
-0.05584001340473988
-0.028992382877926725
0.08018952016460619
0.05259014944099699
-0.10155599194122367
-0.07979538797681954
0.09334652418927092
0.09013688403036223
-0.05176579495553175
-0.05882059566584014
0.02547194537894328
0.026531354676466962
-0.01989706048064832
-0.021107781361891075
0.0018162811797950355
0.01628977730189812
0.03460438153197731
0.013415960328533426
-0.05484429356793667
-0.04281582276352087
0.04669122755746844
0.03465780266595812
-0.06353905681885544
-0.03212822624473022
0.10948370995396185
0.07398799387827922
-0.11797475966746544
-0.09996792848270114
0.09594792105844788
0.09402303952698812
-0.05888303429212637
-0.07099098502188
0.007496945226167885
0.028818924013822137
0.0332019503521115
0.008083035303864677
-0.06867945539496179
-0.0402370876237523
0.09525024644894117
0.07405288936907391
-0.08691137318606758
-0.06236297033485547
0.11687476195865865
0.057600038018151306
-0.20614382754608815
-0.1474246214383976
0.19560804376104915
0.1881248653511553
-0.10748151905193434
-0.1364461704799326
0.013944299061498877
0.06804020721810136
0.10629833662088498
0.05358373476107998
-0.13335002215482086
-0.12016745234050134
0.08548820631074283
0.09484996128669741
-0.04458726297198076
-0.06826828288800572
-0.031366381514126115
-0.020324958459475816
0.0009458832674005993
0.060003229093735656
0.15346112683177376
0.07186427343156894
-0.19888160755552137
-0.16876783917460875
0.14564718812448155
0.15277112535933074
-0.0808188391136067
-0.09848017165657535
0.017918561613586056
0.04130803462850299
0.032881621515234084
-0.004155771905702385
-0.10208603012654753
-0.07516069022452533
0.08104282162695882
0.1076003753277452
0.031044071978569943
-0.017546826563570896
-0.08203374596377584
-0.05344813584459705
0.09242975477481831
0.08694622840674675
-0.055164612341309184
-0.08136688242204994
-0.03156984672336763
0.006426917303172666
0.07239804209527531
0.04595737774608183
-0.08908609969748436
-0.0773358477358255
0.066295182417519
0.08455844646832693
0.01342369399887691
-0.008518343338635513
-0.019392362026709662
-0.03473557687888432
-0.037329085960080166
-0.000734137844776604
0.0814755684257014
0.03912029712110687
-0.13343730776201665
-0.10119360538049706
0.11963878405394063
0.1257921435914919
-0.039700988061359944
-0.06483439064620782
-0.006907246931033331
0.010286167567930627
0.030894615509358056
0.022573730375697026
-0.030215454847352517
-0.037694455366385486
-0.0065339862769925134
0.005054394533758598
0.011763564658844684
0.022375737692391654
0.02952581161404797
0.011105771008494476
-0.03621920315105403
-0.04537388578583579
-0.017901380442193523
-0.0018536548487631166
0.015620138616547194
0.0424408345313533
0.07319212507104912
0.039523897678001754
-0.06587352602365365
-0.08912499667240655
-0.03799831681307214
0.008418430631201198
0.08041631983499975
0.05251124872021421
-0.09349719681785995
-0.0892556559980637
0.04864314260601891
0.09074621585486765
0.0784713252715475
0.026513792195665617
-0.10517070846501525
-0.10365889504245046
0.03615786167999695
0.06082683571279991
0.005106449627543755
-0.016396087248207198
-0.042978375354238235
-0.03208404613188342
0.032027769525777496
0.058450736737495984
0.05694465556484125
0.023616736678016413
-0.06116392320561179
-0.07952915306295516
-0.031186650588507545
0.004420911891760863
0.0514698412385774
0.046285181931948145
-0.02618760648606068
-0.04314582015776145
-0.017298999430052347
0.027800316739923416
0.11626172145594268
0.07785034736494693
-0.09840250988578429
-0.13169416891043279
-0.04605892322585958
0.020875496970367422
0.11956201790428633
0.08259263891073476
-0.11823178806515633
-0.09879908859036672
0.11966855075129815
0.0935457163930252
-0.12839759032367792
-0.10470775539374691
0.11235223883131129
0.10367927854563094
-0.07749774491303496
-0.08189958301218679
0.036722588523035095
0.04841677577836021
-0.000638791616708105
-0.017409051193138944
-0.033009032334214386
-0.007282481706234438
0.07440045854513223
0.05570844335298504
-0.06126406542702761
-0.06982620810479881
0.009276779056803477
0.0410266829145101
0.057815980939201116
0.005807341559271354
-0.1409249741763497
-0.08406938977086768
0.17866945482015392
0.1337840518817565
-0.18771852433321676
-0.1599188363104027
0.15524012073616678
0.15503367921344913
-0.08076154150029757
-0.09363555014702803
0.03705044551912531
0.0398208113983013
-0.026140419843907334
-0.01883365388541903
0.03024848885735856
0.02415670844990959
-0.022462620537419327
-0.008294707319273656
0.05677647238132225
0.0037316181602225712
-0.16134744787000602
-0.1033093859292999
0.16790772138491625
0.16875574391501771
-0.06183703847867789
-0.0902412676749892
0.014173001819417625
0.010118596040638233
-0.043278728224890636
-0.02883875653921704
0.028292523066654616
0.04640052172063471
0.03834907892116339
0.011931888048529585
-0.04880906163001148
-0.04705711108740994
0.020831546304936284
0.039926909149802584
0.026923042142719487
-0.012931817764416183
-0.10167359531502979
-0.059872152614360345
0.12061500120789462
0.09927424371202141
-0.10494132293759922
-0.10189070388024866
0.06417378573029288
0.09200398722785318
0.03575167423452312
0.0038527408882655647
-0.04825344837910617
-0.07490941894307533
-0.06389719358915645
-0.02204643209466051
0.06767607152891109
0.09593827194583958
0.059845758932338754
0.006839106625238433
-0.08975918462376355
-0.09075021910494808
0.01616400192709113
0.044834702539406
0.02096616266634452
0.010431186033297065
-0.017022692896399252
-0.013634198852541121
0.02793405847059341
0.012021678550234218
-0.05501638380083169
-0.033454912434917806
0.06819491298197959
0.05378956703452677
-0.06219635249635431
-0.05289569158135911
0.05784270925582283
0.039964612433178136
-0.0794561032913427
-0.06494959638644356
0.057481092821751754
0.07921600440824549
0.03130131541203671
0.005394797679419424
-0.031125578437415185
-0.05159315670869466
-0.044708805678081685
-0.0002399122306462856
0.09529670794102449
0.04616384856777755
-0.15670368889158345
-0.12394084711384522
0.1250299729795811
0.15254873199563712
0.0113807671467568
-0.03877008626184419
-0.06483843129026669
-0.05206676330744066
0.03822419957968037
0.052832390970809405
-0.0008874791781631811
-0.018078924017726004
-0.024984274894287912
-0.0006844269802314337
0.07178223678430128
0.01665949598778698
-0.1698041444153992
-0.11462829717660934
0.16987809779680635
0.17397498186897933
-0.05728989653961572
-0.08625074259930782
0.014165938067546877
0.010464863830358906
-0.03803987183046295
-0.0208089396238198
0.03845939410498371
0.026563729638551487
-0.047903062645873455
-0.048629676671539335
0.010445642738549475
0.05503257097182553
0.10819754138282833
0.06191192882275953
-0.10328535368528222
-0.12493677923366259
-0.01639290981302404
0.04085330286044511
0.093292171523458
0.04122278471702824
-0.1506678930857245
-0.11643594279761289
0.13559457781043105
0.14448282691899755
-0.04085498138895408
-0.0711184131894431
-0.012240263844831251
0.002558116110281148
0.022271569690920732
0.012788513348023348
-0.041891703856494676
-0.027136608290131897
0.05240482909958485
0.031166812523506136
-0.07909868627340824
-0.03656189323497983
0.14367758680501055
0.1065875359055636
-0.12455706209068544
-0.13163637334765874
0.04129707911734807
0.07603434638798988
0.033148809464922095
-0.01795024331011699
-0.12693036405309419
-0.08612451748641711
0.11978775866116535
0.13273533232955906
-0.019386040781154773
-0.06101534997783902
-0.047697336051534714
-0.007877507556141854
0.1024801490676051
0.07559895344238104
-0.09533339205789872
-0.10514629438016058
0.01738201397098065
