0.005336848048857397
0.007525692131276912
0.009716034773022058
0.011892740747941104
0.014242282139724241
0.016712795543329835
0.018635242136290867
0.01996283044916941
0.020972491721562073
0.021475835548858093
0.02190216123601519
0.02226380393978567
0.02217545577913956
0.021716345140843078
0.021300306617260414
0.020907521219978378
0.02038310016364724
0.019819619643093894
0.018858275535215196
0.017470540408346162
0.0159042193115836
0.014072078532038169
0.0124991100515614
0.011257855206931941
0.01003293524104481
0.008976631562618152
0.007836045597532077
0.006586796142886349
0.005489985420784126
0.004494591033739855
0.0031224486489978944
0.0013674194552886496
-0.0005730709357233612
-0.0028187870890680304
-0.005022474630407659
-0.007161553851580814
-0.009508308161269439
-0.011985908714836476
-0.013975476117451124
-0.015444891103899376
-0.01662983330485777
-0.017358967384609666
-0.018053464732985823
-0.01872364509075252
-0.019004394551685636
-0.01897437338117336
-0.0189804076338891
-0.019001033469807672
-0.018914492934800357
-0.018796996511243662
-0.01833534742425262
-0.017505604103973012
-0.016519939776441266
-0.01530211933514582
-0.014375697999389807
-0.013809549920282788
-0.013297361942095616
-0.012990359679243502
-0.012629197961978419
-0.012190606220130214
-0.01193808364927459
-0.011819629651929996
-0.011374076195941682
-0.010597200029418042
-0.009677911460060699
-0.008501388403281573
-0.0074064475614480756
-0.006415316568492044
-0.005264453280470716
-0.004029244094864125
-0.0030110087244540453
-0.0022107946567244833
-0.001540867045910447
-0.0010808515346953961
-0.0005941510179825634
-7.724323786778696e-05
0.0002806242045979826
0.0005247390378304177
0.0007768138306326465
0.0010222392389420277
0.0012298482478873367
0.001424352871228555
0.001477666397564213
0.00138127703081502
0.0012161219472718143
0.0009508558483777263
0.0008908881123034545
0.0010721081131553917
0.0013258023350051096
0.001739371088217186
0.00215270711611593
0.002553464671388456
0.0030991450886478523
0.003757991668929927
0.00428007388301555
0.004665202418608335
0.005013794774988854
0.005264453934933232
0.005605660760078234
0.006049981164573449
0.006453381329436044
0.006858291383943695
0.007219734520510722
0.007517423146984924
0.007802881084943446
0.008059166281242022
0.008277788915286355
0.00846174383720308
0.008599126023404496
0.008687255404290644
0.008810549920091027
0.008972965904102636
0.009130878765627917
0.009305630412290109
0.009444324076898814
0.009541622033307181
0.009641195316440209
0.009730626502129079
0.009783385744640525
0.00980167469238221
0.009788869960200048
0.009738555710105748
0.009675521198587887
0.009599708068174392
0.009493100331899205
0.009360474387947015
0.009201683142130178
0.009014375180720945
0.008801524616579466
0.00856227491100095
0.008291119911543281
0.007987731123111425
0.007653683741322933
0.00728736737882023
0.0069509621793552336
0.00665037708292939
0.006354872712311554
0.006082037173170501
0.005795986248131679
0.00549469957722168
0.005211790633549615
0.004940302106908499
0.004634900002203415
0.004296293596967867
0.0039420816582918655
0.0035614332817356237
0.0031903010447473542
0.0028311816020569697
0.002457525386512951
0.002077618476272386
0.001653838992933141
0.0011797017261831783
0.000678977376251334
0.0001402333331083852
-0.0004209706258866711
-0.0010031783465247251
-0.0016245716164051257
-0.0022823491413893364
-0.0029396281120257937
-0.0035960517444386156
-0.004267945923651633
-0.004946304440077999
-0.005657883733045246
-0.006404868186731857
-0.0071667090048419735
-0.007949634089849448
-0.008613364329584157
-0.009141344271245456
-0.009603764326119717
-0.009959312342563063
-0.010283698450893348
-0.010580097308555133
-0.010772781665013052
-0.010875121567517276
-0.010995911094030896
-0.011132860670959978
-0.011240324419145372
-0.011343455498031547
-0.011355429920453845
-0.011268736704065726
-0.011145798956616205
-0.010965540697870209
-0.01081770680625048
-0.010716693401675354
-0.010603884909713208
-0.010505683594997635
-0.010382930540777944
-0.010230859897507062
-0.010092337136720444
-0.00995927755491159
-0.009740834525749607
-0.009434860725506743
-0.009079728185285924
-0.008652286140875522
-0.008216258393569863
-0.0077756740966435384
-0.007279339860082368
-0.006741108823223762
-0.006248085220297816
-0.005802949264260223
-0.005374348016026803
-0.004985673376190639
-0.0045740462025875145
-0.0041376568328419135
-0.0037286638639686194
-0.0033348275737210458
-0.002911556526343694
-0.002461839663975553
-0.001999549152583501
-0.0015147361422926723
-0.0010486006612224197
-0.0006037412325854921
-0.00015206404456153105
0.0002967319571615689
0.0008196632142281629
0.0014268929111829257
0.0020748241868467137
0.0027859410430759227
0.003522064437188127
0.004280316234709771
0.005099954243171601
0.00597369388791695
0.006836104105754076
0.007687184010431755
0.008554184834769284
0.009421207173669531
0.010337461477598182
0.011306595442410323
0.012291306488715298
0.013302919151159906
0.01408961363491697
0.01462162414817759
0.015025007412783394
0.015225588410319617
0.0153589899594229
0.015430886819415268
0.015305455521612263
0.015006614130696719
0.014729147986074184
0.014468878471256016
0.01414402298040228
0.013799563687062918
0.013279929391124587
0.012571610242033111
0.011786343035702312
0.010886318728162037
0.010030177467576085
0.009243431599781316
0.008421988600033634
0.007612481294488848
0.006745878336896702
0.005813621576285333
0.0048912966536726055
0.003964568284780446
0.0028721332875527063
0.0016100384929372898
0.0002463462609617935
-0.0012601352156197765
-0.002796542877316726
-0.004355826937235563
-0.006028886674131628
-0.007791267926240619
-0.009174195261484762
-0.010140664271492891
-0.010893345315058502
-0.011299267947510521
-0.011649924296533732
-0.011954675196685695
-0.011947212860304236
-0.011681180141401756
-0.01146109380263877
-0.01127456106050821
-0.011004769517289707
-0.010720583710383253
-0.010163425235086055
-0.009312590499320343
-0.008348738030112561
-0.007209230989717077
-0.0062458504042559575
-0.0055088466473682115
-0.00478387829316627
-0.004173418406246727
-0.0035113361860298923
-0.002781113597604611
-0.0021565296573589584
-0.0016041258850009556
-0.0007975145571111316
0.0002679562766802981
0.001456567390946424
0.0028501698596797025
0.004212930112891855
0.005529368610999325
0.006984849792577597
0.008527183318904005
0.009662015780466939
0.0103600230821865
0.010815895637055054
0.010891765437050501
0.010916125855718245
0.01089746612050198
0.01054691486051209
0.009925457593019996
0.009321302974931509
0.008718192876671263
0.008011978131966063
0.00726638168907929
0.006225306238563468
0.004868748364898768
0.0033714004706397274
0.001670870967535333
0.0001722549296341156
-0.0010702123957772563
-0.002296218703577964
-0.003388648729194275
-0.004546177466576692
-0.005787254134755573
-0.006909008443588789
-0.00795146864917999
-0.00927641089428433
-0.010887798554735163
-0.012637138636107907
-0.014614811666442655
-0.016556455401434637
-0.01844490070740633
-0.020486648985706783
-0.022623105271118018
-0.024241874798878866
-0.025303686705208533
-0.02605375391060902
-0.026320302788262855
-0.026504393192178323
-0.02661637213908429
-0.026300028310634358
-0.025629287702883575
-0.024969671477615862
-0.02430144052667163
-0.023489956096554045
-0.02261611710357037
-0.021357629280751817
-0.019688751849285216
-0.01782976946884306
-0.01570191748659383
-0.01380146832680463
-0.012195239601386037
-0.01058758880377581
-0.00912189137516775
-0.007555566507604911
-0.005865493027326633
-0.004299498059364054
-0.002808398304197668
-0.0009453401082509404
0.0012952124155676775
0.0037299998922863853
0.006471026555172459
0.009193054658498888
0.011875293955425848
0.014772765711533865
0.01781370872487711
0.020284622747445406
0.022141775512791922
0.023668761126487903
0.024666222568464923
0.025605537059610984
0.026499127502907376
0.026931022413038512
0.02698865226789862
0.027093525283523323
0.02722268592789081
0.027222721421548822
0.027187102567667727
0.026743276307629106
0.025862080321901716
0.024798387045016138
0.023461509461675592
0.022434988011099062
0.021797375838199087
0.021202864950432235
0.020820311137278964
0.020364315215913423
0.01980833754232396
0.019444419288646816
0.019215129969756668
0.018597994828042155
0.017587245741952976
0.016397653550097594
0.014898716194680596
0.013472063471324304
0.012142575926873879
0.01061216538619683
0.008965473288496662
0.007572081579615636
0.006435766274552061
0.005443084064751245
0.004692159912762489
0.003898451442370902
0.003056960325722437
0.0023973359569283825
0.0018649984064734954
0.0013012235575351279
0.0007227857676704454
0.00017295360005832562
-0.0003813224455329144
-0.0007785839264938817
-0.0010081422640070728
-0.0011739348715560257
-0.001236757305704206
-0.0015604874109301104
-0.002188907327477814
-0.0029198373132542322
-0.003857787104287479
-0.0048140233244639685
-0.005773979679367339
-0.006924820614383759
-0.008229326916354114
-0.009387165560280278
-0.010398069119211081
-0.011383535110390154
-0.012269890719735528
-0.013283341929804349
-0.014439250780598477
-0.01556489966260263
-0.016711387053306166
-0.017612429173089895
-0.018221978884653708
-0.018701377546497373
-0.018968565304140338
-0.01913514471321045
-0.019208977814209244
-0.019058390135663184
-0.018701868240933166
-0.018393431790857114
-0.01813316686705883
-0.017806403241054803
-0.017473549536260152
-0.01694571089650369
-0.01620570908614124
-0.015394624114611554
-0.014466929564437927
-0.01353715527586477
-0.012629940716514923
-0.011656446092011252
-0.010651638056801353
-0.009578433144537261
-0.008429149874069192
-0.007253118768264457
-0.006042234315354431
-0.004653643476255834
-0.003081514811965584
-0.001388867393333375
0.0004616147602613398
0.002375509830061105
0.004346957932359529
0.006454878971851842
0.008679263194477463
0.01046420171444815
0.011762947840611302
0.012822505890002077
0.01348465542764227
0.014088433856741127
0.014645692982958975
0.014843517952445644
0.014744361109489715
0.014719672084029616
0.01475600226447597
0.014709220489847633
0.014663972828501445
0.01430888925908771
0.01361911508425807
0.012813943919529584
0.011818253656172086
0.011035200332011177
0.010523856952578885
0.01003628318072506
0.00969037399598228
0.009298742448170978
0.008842451638712716
0.008519730091888965
0.008292998448921346
0.007783588663499351
0.006985869796465074
0.006058279380284233
0.004905879920159979
0.00380154993584566
0.002763451241690328
0.0015769909796077815
0.0003026786071037505
-0.0007585284306578958
-0.00160054997312984
-0.00232180045417497
-0.002841669239618276
-0.0033850084679771233
-0.003956336332590885
-0.004371330847915148
-0.004673012220032218
-0.005000045307363436
-0.005339701055412483
-0.005651181305765649
-0.005963933917666844
-0.006141861890146455
-0.0061757126151395355
-0.006154565925150919
-0.0060454612249995
-0.006130377686310715
-0.006444123575047154
-0.006828099846716369
-0.007363479324461746
-0.007905858264947425
-0.00844374532502103
-0.009121419878261861
-0.009910373632204698
-0.010574309874394741
-0.011112622744510912
-0.011621364167633711
-0.012042427123002408
-0.012552841575608249
-0.013164626442620982
-0.01374216034694179
-0.014325364020212408
-0.014730065311977552
-0.014922554363069274
-0.015017632960476854
-0.014958024686059737
-0.014816978128322228
-0.01460004451680536
-0.01421750371042212
-0.013681215485007843
-0.013172724517494242
-0.01269254922619062
-0.012157797531358162
-0.011611744474907653
-0.010920604609483617
-0.01007204148637749
-0.009166384764727961
-0.008171357981481608
-0.007160528984994682
-0.006150660505246638
-0.005082348516687885
-0.0039782071942986
-0.002816344589525465
-0.00159149921318856
-0.00033447851377314727
0.0009596528446426917
0.0023871115738360194
0.003952209474111622
0.005612259405839117
0.007392565147156965
0.009230389472723874
0.011121920876071525
0.013120144958507152
0.015211893192500419
