0.01966098602063229
0.032417807686795586
-0.12292721905247402
0.3396615563902394
-0.31063228403879445
-0.009984112353780897
0.08277464441952681
0.10934671978321271
-0.17600949203615837
0.08460524133850021
-0.09931025979573384
0.257112772395673
-0.2781716804262324
0.11173101627431241
-0.08338687978651632
0.26562004071683304
-0.21539388946356436
-0.09407745398735862
0.1855535430845447
-0.07247457373591012
-0.005837799506096238
0.0263946880600843
-0.06980620014372713
0.17247974900449456
-0.15032752140866631
-0.004706589641894916
0.08755484690165077
-0.04646242027929304
0.07485400322183743
-0.2679544716105699
0.17801997953941817
0.2009634165976395
-0.3419202750100953
0.31500242670960993
-0.1980514178347511
-0.0436322732708879
0.12257458160152206
-0.012131910402697472
-0.017123807783979178
-0.11146477221885806
0.06243731314632123
0.25200108389803694
-0.26781278224942157
-0.0783444194112663
0.14359052090175076
0.10466303312073999
-0.13931083047783258
-0.042341739359356916
0.1259621474483702
-0.10857555859339363
0.12100437502664646
-0.16367221762107614
0.17485494326457576
-0.16859535161350586
0.1481823348976081
-0.06675943344494464
0.055708815174085574
-0.1920829767533451
0.10141272544290561
0.1988808274469499
-0.31043845576528145
0.3674385767876571
-0.191579862833889
-0.27992621549523566
0.36602181308459575
-0.12878218630234464
-0.08234769200937798
0.28072277049034083
-0.33250010998401264
0.3214039435700695
-0.18166611714981706
-0.13357496679186678
0.20379399613281757
-0.0471604474698179
-0.05317593880356961
0.09082226716775602
-0.10968784240881768
0.15965795001966226
-0.10547518753336915
-0.08312608342621511
0.11579327873151637
-0.002161992246608735
-0.06470498552838622
0.0748729643969644
-0.07148278811683625
0.1369595793649726
-0.07113027249657167
-0.23881648116938545
0.20633169278941146
0.227370967946302
-0.3306239258160901
0.0749822209718051
0.01321072345644799
0.12164946515004846
-0.07852870640892907
-0.18063375282352595
0.2325278581819405
-0.08253242030991505
0.00985245573615518
-0.018449466368699995
0.02110426364943412
0.006836021372289302
0.030084460833106223
-0.13624845490921303
0.17982744124682254
-0.16149603630737824
0.1428553737496698
-0.12985484540892042
0.08423475976434197
-0.042552371524543955
-0.024375954194612737
0.1767546236082885
-0.14895253795002997
-0.0443708579297156
0.10438788403601863
-0.13340431240550543
-0.005810955322092727
0.3942010145915744
-0.4617811154418945
0.1524476970113309
-0.06534948522976711
0.2745711427431784
-0.2151229059837837
-0.14375831508302972
0.26854545372818556
-0.1591266231829178
0.11876161568890044
-0.1606648584969318
0.14924671046196483
-0.06714473667977751
0.041979069129686235
-0.1008310769854009
0.08834255604000414
0.04612570443587328
-0.054673568541975366
-0.11399184989253827
0.08434376174681872
0.1433196969299659
-0.24813638902172983
0.23664964523982282
-0.20934074472480346
0.1833432812757121
-0.10309017644255414
0.012677817239950713
0.08327529100691808
-0.2628778099273543
0.21511132722264872
0.07861219820582109
-0.19060971937521454
0.10658055100593111
-0.06877763247308873
0.13714125480285935
-0.05527710325482388
-0.2081863606316118
0.2843009347743418
-0.15900739959220578
0.1059925612045819
-0.13683846951905615
0.06519346105379856
0.03329735749559721
-0.19056937778702318
0.4808398136909817
-0.4682160384766652
0.17682235636148733
0.016333550784651304
-0.12242588669381152
0.17103554018695907
-0.16225459603749914
0.11406013196409318
-0.09232324953106008
-0.036604635143078726
0.3120036521303947
-0.36569281210185234
0.2266057507529911
-0.1168337061896292
4.1057821583423415e-06
0.032473686729709135
0.044532539022336684
-0.01858638469014935
-0.12067683678481239
0.18628171042099662
-0.16911300058404294
0.1918052521411883
-0.26264542073735286
0.2935020943253151
-0.24692089985898874
0.2511966285085451
-0.36509050620438893
0.2839693409783469
-0.03713572560039061
-0.0983305726529035
0.21766353953012402
-0.13234717081797656
-0.20488625017844586
0.2879453374184219
-0.1272916506052143
0.06499003312224175
-0.04373969027790525
0.07406052454407305
-0.26420318627171097
0.2016769420732502
0.20746956401881042
-0.23814191076259433
-0.12559005836690174
0.25091029585885133
-0.1374274219775467
0.0664488603546568
-0.08834636735569232
0.0005926564789614248
0.22330911731284364
-0.27295836493240677
0.16596876442527125
-0.07176229953604651
0.008565499827684106
0.053870520250758516
-0.1531203573775598
0.14222016297333243
0.011703102215366405
-0.06433284783519133
-0.04654941522509066
-0.0014982939943494079
0.2733730828324253
-0.3015956604673751
0.06045136836168674
-0.007371886183366235
0.12635895940497033
-0.1860251257380724
0.21428798706883415
-0.18211554288594725
0.09052481861887696
-0.05463122601357565
0.031149852322182266
-0.05643587529943618
0.2098076340243331
-0.17757935708470185
-0.13159998464269537
0.14493491039504938
0.20068301197048724
-0.24493877822533874
-0.032357026024513375
0.1243446380487179
-0.02457132340777888
0.0033673797602455898
-0.0639970345571478
0.07572634060018874
-0.05076662265004474
0.025693811882797235
0.01061846988768637
-0.00645307046625925
-0.04413375134348915
0.07196403277170971
-0.06793111429955712
0.10026304439562975
-0.1494843998030806
0.18930198166947895
-0.27100774602025823
0.23806176761616057
-0.045329050273030906
0.021053411118122138
-0.18691191424101047
0.21849512550227135
-0.11120438280541203
0.06815538739452184
-0.10391336577893716
0.10187894833825334
-0.038593129190242076
0.05862214215146261
-0.1480867144069412
0.1910861508304704
-0.23357288922181962
0.18118887902552377
0.0023263189861615075
-0.05024842951023767
-0.06930116059994539
0.06843716192644023
0.07624441545557699
-0.09810467010068352
-0.0029466449243616896
0.042139873141196625
-0.04057044755873104
0.03176545515995112
0.03503152794736497
-0.0012086650248665648
-0.17811522053211093
0.1718584352787499
0.014183939832919316
-0.10867291598620343
0.1229060609994857
-0.10518392373199201
0.10183668830732495
-0.05917700965253603
-0.13205076715526604
0.08078121347669742
0.3082567644016203
-0.30975228426263707
-0.08117239481044439
0.2467864146202007
-0.20249382764035678
0.15832117531879364
-0.12979805885518875
0.06324662885737685
0.04137790691874156
-0.11025659629791182
0.1356352732025764
-0.1582922065188657
0.1916542807157919
-0.15858394522934893
0.1035575282433327
-0.02675375760483928
-0.1598646741941966
0.13175746786303244
0.1884349306963988
-0.21890177107404774
-0.08880314506787333
0.15178475757626006
0.05685604633881244
-0.0968258841824122
-0.03578712919046528
0.07422880006453193
-0.0280015925180832
-0.010785075272634564
0.040145470461473605
-0.0630921279305351
0.08539240090741124
-0.08631811727537729
0.0709562939707449
-0.05699461808374004
0.04517397147841186
-0.05355262762277185
0.0337448255929219
-0.06927328449063598
0.22601448669179597
-0.17037060250495825
-0.11725995497752333
0.24899022075642163
-0.17047213861167554
0.18442491603980674
-0.4112797546760844
0.3124773416831218
0.177212477920273
-0.29769115652948797
0.0558669546703051
0.05377336689892622
-0.01583287948193005
0.0030481258662150706
-0.10842115159209664
0.04283231286151756
0.30356512366357613
-0.2755036486418423
-0.15862452261861398
0.2982461455507953
-0.172804314196987
0.10188242661478913
-0.024786611828924495
0.03850911902684363
-0.2285813815878261
0.1798864786920319
0.17107094250886526
-0.24612862360770366
-0.001732722814886914
0.050594800263731546
0.17132789482390656
-0.17758161094323663
-0.14309308167966348
0.1458524101423029
0.26237585749582165
-0.25643835432982154
-0.14337205166885042
0.3324798259188338
-0.38247127561956634
0.29859207719977876
-0.07293596878542091
-0.020993775974102596
0.009860108526602799
0.03406915345226436
-0.09854485986455362
0.13431943717233127
-0.17589968011556734
0.12533277741595816
0.003502201170457818
-0.07661662357250268
0.11448491894494851
-0.06856007353154403
-0.0206318149102255
0.13727132164722045
-0.32664090992375283
0.3614813162797299
-0.22170272804446686
0.1918083639106504
-0.2775013200126276
0.2899095910340539
-0.2376472941153671
0.19599437875201575
-0.1453271339089272
0.120701835695709
-0.17029121864228106
0.12062879514028822
0.07194651151460639
-0.08275110394468786
-0.08341191387253535
0.15885711106838615
-0.16112606517288636
0.13459960589574396
-0.08550257310177703
0.05218028940314595
-0.0054647791037895355
0.010199648213969523
-0.081807883436485
0.057048693917330515
0.038234211877248875
-0.1399560820549743
0.25909029330222294
-0.3039676396182443
0.2795652117493758
-0.24710898755056332
0.21490597974913603
-0.15920649476789933
0.09315457625479648
-0.027597207170205213
-0.032900624313217504
0.04565930498735496
-0.06628079902863335
-0.008146002736471517
0.2426807510403742
-0.2818447519643662
0.049443517220455084
-0.0518308934401448
0.3532319557075589
-0.3698358148102662
0.07887050085175762
0.03604418874190671
0.05848266675370947
-0.03997286500429852
-0.11471608986626591
0.11569019001632574
0.0022568910937230194
-0.11966527488110307
0.24520633856147683
-0.2711950822181545
0.2582386150548824
-0.1671992995460392
-0.08503914036743096
0.11266705957275203
0.1653831228300117
-0.1513943431271027
-0.18209828116177573
0.2626593041811066
-0.14349084874892468
0.03991143878226114
0.14381681809637914
-0.11671634738940376
-0.20716542155870993
0.21173681205755351
0.14107738495401317
-0.24726738376592278
0.07386812210707114
-0.03642981479873673
0.1868702436186396
-0.15520747828831322
-0.09076810756531262
0.1706678349408834
-0.05009612217734869
0.049750097702192436
-0.1902706518857384
0.1815386713039294
-0.07288281775125886
-0.0495888999451046
0.22509488890123006
-0.22631557098216293
0.07463513304501064
0.052138230578842815
-0.14305714587449378
0.20108164344223234
-0.27687547901416854
0.2321977324699298
-0.03795848113124803
-0.014602854094524751
-0.06848795567377464
0.09124634133301474
-0.04038714423671976
-0.020407681481936356
0.0075210434920559965
-0.15730315555881783
0.4953570163207418
-0.576187710615043
0.45455612423751257
-0.2691573679890129
0.048032254871205854
0.10839647250569917
-0.28056410740884236
0.2436384643597143
0.012395399261272172
-0.0897679486461951
0.04018667401151109
0.05455586588126245
-0.22695101503244167
0.2542085805812169
-0.15210586654735792
0.09342219394577737
-0.032937526485800395
0.049611171421143435
-0.17858813533074736
0.15167428403334168
-0.010169687708273617
-0.09045891300462659
0.24693280593074116
-0.18371835291616637
-0.16676973974655346
0.22336771719053441
0.02425555662875284
-0.09480395619519502
0.02782848471962772
0.035468278436218206
-0.14565466975622077
0.11912393432896123
0.09439943992637367
-0.15979679154125015
-0.011221905656611207
-0.05034018282607238
0.4197101599992594
-0.4621094116440232
0.15005515845752046
-0.03840799785480715
0.1374094240923009
-0.12029760753720331
0.015271606721883532
0.07847592947398524
-0.16212260966618702
0.15268923100447235
-0.15092693474379082
0.0011773799269569826
0.3844745516236284
-0.4119384783375115
0.07834590019041654
0.07364440315392308
-0.07972426526351141
0.08882204053604591
-0.02614392169808793
0.10465518192524656
-0.39463592436621714
0.41097592863575916
-0.14041287513367648
0.042227065780766494
-0.09122070630288948
0.11530950470793493
-0.16111443027643882
0.11381649634590389
0.0665976845106917
-0.0932549010651586
-0.04960427077117065
