0.02474216009463296
0.030573764040782766
0.037272922114822186
0.04489933693078029
0.052953023278284175
0.06160487015014696
0.06678265494366754
0.06802706412106202
0.06737725462006287
0.06364580193911336
0.05906558115983949
0.053740533237177646
0.04547365590580848
0.03467031494076169
0.024460384524572304
0.014785225620293215
0.004355061535313943
-0.0060989966641680216
-0.019064564508954517
-0.03474550264163393
-0.051337573530592887
-0.06943606343599323
-0.08202986333750124
-0.08823968494088476
-0.09180601394590499
-0.09067149343659524
-0.0884797241900702
-0.08544200851110549
-0.07787051947680679
-0.06643442550799711
-0.056899914628441926
-0.049216574164827435
-0.040973928215887856
-0.03354466605578638
-0.022478154215901137
-0.007420147336222401
0.008331923576347516
0.025826993569008194
0.038260221628035586
0.04462000717716231
0.0488861013269337
0.04902908767610913
0.04823949190620987
0.04675899992894086
0.041152278193232174
0.032005904440404596
0.0255195220819749
0.02171251195066376
0.017918763876857518
0.015642346967821397
0.010274363024277637
0.0014506514225281087
-0.007330442482253942
-0.01714121536060166
-0.023536575366595678
-0.02570519064108043
-0.026524141425328576
-0.024628271480857986
-0.021787884655132043
-0.018176984379394148
-0.011664003947147209
-0.002562967636748963
0.004554667956439419
0.0096296597561189
0.014707444836343394
0.018666959763568247
0.024791533169236143
0.033351244995294245
0.04180940965411456
0.05092913551070526
0.056725581917577705
0.058524095327305174
0.05875155583621868
0.05618940571537721
0.05255387104495056
0.047976898994844516
0.04048167214038484
0.030365719260573815
0.021505300526354115
0.01392020250165233
0.0058849852818720245
-0.0016647783348352563
-0.01158205592070314
-0.02411040159742601
-0.037088210610646884
-0.051189785388326525
-0.0610433725245634
-0.06588499081946643
-0.06873622002430424
-0.06799532857674224
-0.06627573920904588
-0.06374605639208646
-0.0576400460114314
-0.0484291367450862
-0.04085698859963455
-0.03491192073667524
-0.028557353017451607
-0.02293039450394154
-0.014444788603915064
-0.002807649850011141
0.009296462370562959
0.022712746810293366
0.03236428506047428
0.03747036888211087
0.04104541114342792
0.04156803448267065
0.04136937479973956
0.040632027569278195
0.03680918293696672
0.0303272831594004
0.02591290171354577
0.023589185533483624
0.02130967208577621
0.020223450475780124
0.01683714010816762
0.010873075736217154
0.0049911857228779
-0.001620958731417534
-0.0066656669737789375
-0.009635825692636522
-0.012210084481788813
-0.01366433439883802
-0.014724628467210671
-0.015500646367777537
-0.014968372277933751
-0.01325547640041509
-0.013064414925570898
-0.014463737953535652
-0.016212595753890318
-0.018986910274985534
-0.020925128960029012
-0.021875942829711024
-0.023318679650239097
-0.024827801023388968
-0.02552709571554623
-0.025492014926587092
-0.024826355937746444
-0.02331827671003186
-0.021811236178553975
-0.02030384266224053
-0.018189005384304537
-0.015630485929219753
-0.012671035268741335
-0.009237956541315725
-0.0054124816407306155
-0.0011810452308118888
0.00366744225845008
0.009142984739854072
0.01516456407679402
0.021789430843762548
0.02674467916475219
0.029806722869971748
0.03209368930590775
0.03295769871453848
0.03369809618981328
0.034382731050573725
0.03378082333224286
0.03213935341448203
0.031116875832937756
0.030682566644340985
0.03018268070068845
0.03000932329172577
0.02883910472177427
0.026574489763114804
0.024183539640222275
0.021356785268154176
0.01888080632209325
0.016927348657372717
0.014893618843621607
0.013022107966250087
0.011072486019240489
0.008996990986887164
0.007131885791226757
0.00542822768514232
0.002948126552918411
-0.0003406658288612286
-0.004017292479226357
-0.008322376555426851
-0.012626758489878591
-0.016886247226088544
-0.02161619308421009
-0.02667887952157549
-0.03039438394886167
-0.03265388945876294
-0.03414967731987155
-0.03441299441784867
-0.03453478309433127
-0.03454933260572481
-0.03348915596346722
-0.031558928078588296
-0.029775080324797042
-0.028088937767462786
-0.026129346383543785
-0.02412510519340647
-0.021193201470875982
-0.0172668018901706
-0.01295828396708733
-0.00805519518966654
-0.004197006760460703
-0.001600144945409654
0.0006704160156802126
0.0021369998423336417
0.003616404963600562
0.0051728103606933406
0.005970664534319026
0.00616789742843962
0.007184125007599544
0.009023926427995457
0.011098512170341397
0.013755690205011953
0.0159359288737391
0.017563451919744344
0.019448223274534892
0.02134894714405726
0.022503598279903617
0.02292002120904617
0.022778838378725325
0.021878088394078413
0.020841560473960095
0.01966934489752496
0.017866443490371604
0.015547786341790595
0.012955725640463378
0.010041796099177323
0.006754276056268882
0.003133524016605326
-0.0011196064714295317
-0.006029638721808574
-0.011427055114351057
-0.017390517919060457
-0.021550898014533755
-0.023662739577694353
-0.02490384470875676
-0.02459397474116376
-0.024068592819763125
-0.02339655740756562
-0.021297605175326043
-0.018022849758666686
-0.015347241110072005
-0.013240448058170958
-0.010992275535728511
-0.009022165851346966
-0.005921133935192873
-0.0015826004784091302
0.0029620315410674156
0.008043641634682202
0.011796449504320098
0.013932470396803018
0.015576125218220382
0.016170334916612378
0.016561411427482197
0.01682116381459692
0.016022935822091938
0.014324264485710931
0.013466510523831708
0.01346192132023036
0.013559509857309655
0.014185069400550606
0.014059801306657245
0.013084655580724618
0.012239655840625722
0.011229768325579433
0.010239707242450522
0.009390789069385869
0.008379387947372563
0.0072817262463091125
0.006213144624149212
0.005149329427595965
0.004103313855490206
0.0030984590030073305
0.001619600223970157
-0.0003704250907531811
-0.0026069067428326357
-0.005227343141202111
-0.007935504093891564
-0.010706714013216791
-0.01380597679234385
-0.017169659000963698
-0.01948271171430343
-0.02064674365430552
-0.021236456017763715
-0.020882779878500603
-0.020407097080562073
-0.019840274484158024
-0.01843991141951892
-0.016360809658662014
-0.014443545891384349
-0.01265593217977103
-0.010683110120595163
-0.008717413592436522
-0.006048410901055373
-0.0026227980489833486
0.0010583025458895205
0.005164306613926264
0.008053295443663818
0.009514656446268003
0.010448583855884479
0.010374465064447141
0.010129441173174485
0.009768599366182193
0.008439728055630605
0.006299432823806511
0.00472252684231383
0.003703127021311852
0.0026678367578938517
0.0019474428216690878
0.0004942426483361592
-0.0017721901119188263
-0.004066620766347775
-0.00663300475866933
-0.008197006512149317
-0.008549849018786226
-0.00847008124805144
-0.00757223880381611
-0.006412680651139575
-0.005037793114415457
-0.0028183483863846188
0.00014550695587203203
0.002632822204227194
0.0046353189633725105
0.006689167750121641
0.008497465062806079
0.01095546184575138
0.01413611501066314
0.01735620470881755
0.020824686917386453
0.022961385137432348
0.02353437593783864
0.023438181948438157
0.022198604580861668
0.020569711286620763
0.01859912396142282
0.015475994150968394
0.011333900634024122
0.007580020250998484
0.004209936900732561
0.0006132859306307329
-0.0028740880003228306
-0.0073163716770767405
-0.012803114273780735
-0.018540525934120373
-0.024781279595221084
-0.02892111349045897
-0.030617349120209286
-0.03128058761933678
-0.030141097814097975
-0.028522496717479747
-0.026502265611683545
-0.022718162639119698
-0.01741033884873864
-0.012772802100379975
-0.008789485523254783
-0.004531928197022281
-0.000522381529106187
0.0049236217697553476
0.01194300018461208
0.019286352986385317
0.027352032680572368
0.0329286275010886
0.0355683228321185
0.03707648007264537
0.036500291466847516
0.035413003718557406
0.03391936517835702
0.030367503548971695
0.02504496745690856
0.020760133359249637
0.01750714941780586
0.01408886805916282
0.01118036567653401
0.00665958031936023
0.0003567523893129771
-0.006135758883952225
-0.013315553513805138
-0.01873638986075081
-0.021991047622031704
-0.0245983869381667
-0.02581863809643352
-0.026706811418792376
-0.027357251321349217
-0.02657056275151384
-0.024539247235431424
-0.023654042856957724
-0.023938448960840245
-0.024343740744516586
-0.02545539385630481
-0.02553524736964572
-0.02444497261883135
-0.02352165923415563
-0.022363011000756706
-0.02103310310636259
-0.019678093422780547
-0.01797124220287313
-0.015961758804119097
-0.013912587495659108
-0.011793855090389143
-0.009520202737660799
-0.007141888071029195
-0.004083908372372887
-0.0002904039191826078
0.003930134261384952
0.008736923156957354
0.013833007060496474
0.019194591766337567
0.025109129285104562
0.03151659486473911
0.03586174484384825
0.03792693353143472
0.038873961846774586
0.0379781765694253
0.03678265445097593
0.03534908001695001
0.03225246235582143
0.027781167968670466
0.023660727094296397
0.019836008090930026
0.015640727517535456
0.011472542815867797
0.005900968448716409
-0.0011840258700699068
-0.008764294517906338
-0.01718108786085524
-0.023171921755629144
-0.026314842042171348
-0.028401421506130255
-0.028475217649622696
-0.028194718869328415
-0.027668693187702396
-0.025204178474147878
-0.02111054963474515
-0.018132649082174417
-0.016259183104457228
-0.014342567014433474
-0.013043042859772012
-0.01027017833535429
-0.005862672744819763
-0.0013871302449109542
0.0036436786138045463
0.007383446161374814
0.009487630766774885
0.01118489409727086
0.011909289274064101
0.01237335532330831
0.012656736704563987
0.011889259622320967
0.010200781002892317
0.009529964880795615
0.00990979754149342
0.010474907366777543
0.011705258670501059
0.012225402327077799
0.01192607767927952
0.011882060819397997
0.01177760617991472
0.011459708944405962
0.011029241730018765
0.010328210228084047
0.009340404628208022
0.008399166052822859
0.007489846357807018
0.006434826419488107
0.005300304332090604
0.003773370645719462
0.001809034282782012
-0.0003986507761043789
-0.0029401698152163587
-0.005691318758868809
-0.008638511602580477
-0.011924128672927069
-0.01552437068800719
-0.01797503396345045
-0.019151178569441454
-0.019727492858400694
-0.019290017506555082
-0.018718403081080432
-0.018050760352052785
-0.0164753500344509
-0.014158261347307896
-0.012091550294638407
-0.010245925946485303
-0.008240215791672076
-0.006304624994028077
-0.0036218762608615776
-0.0001307836036294069
0.0035831816009105374
0.0077135015422874
0.010646695785194657
0.012165487660283022
0.01317384843835342
0.013196844233919716
0.01303525969319151
0.012744432338800297
0.01149490321554774
0.009435817320674757
0.007953422906120866
0.007045157880137882
0.006127016072488186
0.005533453313661706
0.004216698811163896
0.002095586063433903
-4.130415346451858e-05
-0.0024378553757862403
-0.004155499767898365
-0.005019075065963922
-0.005649778420414086
-0.005759379172796279
-0.005711116651901246
-0.005544326747179176
-0.004815094651358559
-0.0035888776235261347
-0.002848325333102811
-0.0026091026395274157
-0.002431571606217067
-0.002558289461629366
-0.0022899907203763076
-0.0015703359680572988
-0.0009439125625348965
-0.00024949251546487454
0.00027891861989034583
0.0005588945890989691
0.0008176983879616806
0.0009734349742409067
0.0010366680028944266
0.0010217865251080879
0.0008469874089639184
0.0005112554993704476
0.0003982907320349428
0.0005247057944638527
0.0007012047568861069
0.001025449344934119
0.001250850415944192
0.0013553479946061193
0.0015420727176983606
0.0017546177292576328
0.0018624356857725776
0.0018759296730698762
0.001816203982229298
0.0016521201452807462
0.0015055157739006318
0.0013775757648046086
0.0011807579199785577
0.0009394989396752057
0.0006638904486636957
0.00034438655665145287
-7.938088277937116e-06
-0.0003934307248465838
-0.0008434817827762126
-0.0013588504329992389
-0.001925489493991938
-0.002551214427852436
