-0.0038551222184598053
-0.003940093831489678
-0.004031926016240506
-0.004131804825557351
-0.0042260382023894495
-0.004318552402133776
-0.004370065111163393
-0.004374982928366376
-0.0043544421686386595
-0.004296580993664111
-0.004220561953997921
-0.004127268697582671
-0.003996142886776319
-0.003830406356266848
-0.0036631772813284355
-0.0034939712774223674
-0.0033082608768476933
-0.0031137201355432307
-0.0028845425660862394
-0.0026183479787561807
-0.002333817642284468
-0.0020246251584224557
-0.0017126793429713017
-0.0014017621546114692
-0.001076598542518714
-0.000743632764897508
-0.00039388257400756763
-2.5984509039673156e-05
0.00034995372235795716
0.0007358945442573245
0.0011557570954294216
0.0016103477710941846
0.0020895597965263106
0.002599618001841764
0.003124249267183569
0.003662528566429629
0.00422789081347715
0.004816909212384373
0.0052909566029971
0.005637538576203154
0.005919256095184421
0.006096351606672639
0.006251745957526828
0.006388298835020419
0.006428378421461543
0.0063870749016625835
0.006359312288070883
0.006341805223656339
0.006297025650936039
0.006246579688205929
0.006111384154803611
0.005884935000676689
0.005622946841019995
0.005306237421674172
0.00503416265528808
0.004821351001609365
0.004606100051959815
0.004417412119119384
0.004209266968678503
0.00397681950254697
0.0037687166121028403
0.0035756168733450167
0.0033031298807163225
0.0029496461988966676
0.002554558308452817
0.0020940745833601814
0.0016358123825719062
0.0011841473436618214
0.0006855793352608241
0.00015498525173364238
-0.00027959326013697345
-0.0006113100031839816
-0.0008897440296507954
-0.0010794638062812307
-0.0012670549062818405
-0.0014548256109096838
-0.001567590588987676
-0.0016216051766940011
-0.0016897215273819497
-0.0017677083697562055
-0.001829922955130208
-0.0018925125321748427
-0.0018903091322374568
-0.001818420760613071
-0.0017213261483141123
-0.001583261307899178
-0.001510855269458702
-0.0015183545195565835
-0.0015432781652697132
-0.0016165295993689625
-0.001685717971483701
-0.0017461905762447129
-0.0018515587564838655
-0.001991400806660422
-0.0020715112883023085
-0.0020910862323930755
-0.0020889329671058493
-0.0020416612535652506
-0.0020185522148293837
-0.0020242544450237163
-0.002005016157412559
-0.0019763295606198784
-0.0019568828358701175
-0.0019425591070999276
-0.0019356085098985807
-0.0019398737417876924
-0.0019316981266475834
-0.001911280580877236
-0.0018936061137621188
-0.0018738661002104628
-0.001858114959352516
-0.0018484493374502173
-0.0018386979947835598
-0.0018308999957844863
-0.0018259286388508265
-0.0018234007197972116
-0.0018247581978960566
-0.0018302699051470635
-0.0018071564591528731
-0.00175258433477571
-0.0016823120180708907
-0.001587155532522226
-0.001486384918228369
-0.0013810393674915688
-0.0012533240879096467
-0.0011069874400930792
-0.0009643243900919825
-0.0008248197796044503
-0.0006800223105439054
-0.0005351996785525089
-0.00037230638819738893
-0.00019009305412600225
-1.71722147940539e-06
0.0001970030453452675
0.00035939604730519535
0.00047940657545916197
0.0005820031462315762
0.0006533922902106531
0.0007173643335088251
0.0007752321865526999
0.0008025239128741576
0.0008035136625631258
0.0008165803475509796
0.0008413023091381148
0.0008614237222333757
0.000886001796832122
0.0008852977759282074
0.0008568332480400618
0.0008224734723904736
0.0007751234622788552
0.0007406989362971193
0.0007238452790086976
0.0007069669963317164
0.0006978514645304533
0.0006861791727525901
0.0006706033252432056
0.0006632235533990033
0.0006619783358607482
0.0006392746430475886
0.0005944313724351458
0.0005394422810018631
0.000467312277233133
0.00039725122621980916
0.00033058263842981943
0.00025190910581216825
0.00016547170700156652
0.00010455618366499742
7.074579711870344e-05
5.1403637221855464e-05
5.567153157153054e-05
6.069097961206836e-05
6.584820928990649e-05
9.077185965458825e-05
0.000131135614968954
0.00016867209171597317
0.0002045157815046524
0.00024491350682475895
0.0002858279874604117
0.0003437947053854699
0.0004200189794787078
0.0005032581062363741
0.0005974986711277913
0.0006751462761364559
0.0007325334894878637
0.0007857499565004012
0.0008267968088165424
0.0008692649595085755
0.000914339554514249
0.0009481220910060478
0.0009733054055008841
0.0010140947947680206
0.0010706702739408651
0.0011330585318248356
0.0012072548246517892
0.0012754045652192117
0.0013362976654631405
0.0014037481659484408
0.001473751180225234
0.001521564917733779
0.0015461809770039234
0.0015563109901258986
0.0015451464110730465
0.0015301527505375487
0.001511643898479282
0.001474728470756336
0.0014226426909363767
0.0013680935599127183
0.0013100686528602567
0.0012442863083580182
0.0011734445614689209
0.0010855372985345325
0.0009796189050561867
0.0008635868498029093
0.0007344682841001857
0.0006143419770802784
0.0005059586166425542
0.00039654122023750373
0.0002924049837445957
0.00018231288069960554
6.524961181186983e-05
-4.7612347283106356e-05
-0.0001585661876902788
-0.0002867257154136287
-0.0004322764194035851
-0.0005875201107720338
-0.0007572416037353965
-0.0009273883242026928
-0.0010970901352319149
-0.0012773243954335412
-0.0014649997991817842
-0.0016196572648473119
-0.001738410912732306
-0.0018380255152082704
-0.0019070802843647434
-0.0019714564645064415
-0.0020318781136262907
-0.002065041581360303
-0.002075701567682379
-0.002089041080293422
-0.002103855151955521
-0.0021106576322428316
-0.002115073344480242
-0.0020952811471799766
-0.002049524452819294
-0.0019928585295568837
-0.0019199639733643054
-0.0018628171093149795
-0.001825821220679538
-0.00178975122822256
-0.001763871798245188
-0.001732747367383454
-0.001694878465229256
-0.0016661662509886755
-0.001643485123045996
-0.001597680282581735
-0.0015283631923211133
-0.0014475495987525298
-0.0013479261416126727
-0.0012506419937143131
-0.001157058393452723
-0.001050566383767068
-0.0009358336462486522
-0.0008371374205759062
-0.0007550386260468209
-0.0006814342715174009
-0.0006228404102365966
-0.0005612548966473559
-0.0004962920687505288
-0.00044276249001719563
-0.00039721657680556315
-0.0003481249065968235
-0.00029647343707436244
-0.0002457254090596726
-0.00019340422455797453
-0.00015065611672258138
-0.00011823350697717495
-8.877345090779713e-05
-6.496241938744215e-05
-2.4065602256100775e-05
3.675737333680662e-05
0.00010471045230358419
0.00018635536501807425
0.00027011030986321175
0.00035506387726049013
0.00045284485538088786
0.000561180823781537
0.0006609701050568502
0.0007521731869023162
0.0008425897510137428
0.0009275330456549943
0.0010213257071835754
0.00112495680628609
0.0012274760888099443
0.0013321258090526686
0.0014213814912597718
0.0014922598525647516
0.0015552958536609507
0.001605101811692962
0.0016491317021304712
0.001687900306081962
0.001712702596119607
0.0017247809086339899
0.0017407320626525347
0.0017605528090955426
0.0017767761913172638
0.0017933482342221497
0.0017979001478747774
0.0017893129536513542
0.0017768178692553064
0.0017574360470635788
0.0017389620440178878
0.0017230392872634626
0.0017037152830706131
0.0016833658142106675
0.0016593957234554023
0.0016312973965295883
0.0016024638826163228
0.0015723356577784541
0.0015313607753315265
0.0014791661231113875
0.0014199598993272187
0.0013512551537818121
0.001279402146496231
0.0012048003566470403
0.001122167317924478
0.0010328554774671247
0.0009558769027116408
0.0008924952797811926
0.0008346992927926395
0.0007877846208024466
0.0007394799200138837
0.0006893514525599135
0.0006482839933321336
0.0006139491540126539
0.0005745403846320339
0.0005305502529163618
0.00048628967325159547
0.00043906167897646596
0.0003989695132492462
0.0003667478334923564
0.0003352967595281535
0.0003070167671903351
0.0002673649522883829
0.0002142540689316651
0.0001563588048274923
8.940934680991555e-05
2.0264522161845522e-05
-5.046561631784422e-05
-0.00013002714937600078
-0.0002170888895601232
-0.00029846638333391154
-0.0003740494843897664
-0.00044938626010401723
-0.0005212223830934806
-0.0005992303114685276
-0.0006841020678935611
-0.0007683647289180536
-0.0008542094811911772
-0.000933137799673891
-0.0010034585432083408
-0.00107072228624316
-0.0011322508017078561
-0.00119115143364649
-0.0012476969946912033
-0.0012978448643022
-0.0013420836664763533
-0.0013892994446051059
-0.0014395631732636149
-0.001488761986044317
-0.0015390301226993219
-0.0015839277522600964
-0.0016228578781384698
-0.0016606996206920098
-0.001695904994636627
-0.0017316508066933538
-0.001768723463348631
-0.0018044466881254502
-0.0018398141562238075
-0.0018740030777893656
-0.0019067803366915764
-0.0019394346263468037
-0.0019717803629497473
-0.0019994280139512357
-0.00202217097222985
-0.002041986695875384
-0.002057720058503602
-0.002072205896682431
-0.0020856228363047825
-0.0020955679001262812
-0.00210263832553413
-0.002092992097727929
-0.0020648786776657703
-0.002025144771295808
-0.0019696382589410233
-0.0019056331309945534
-0.0018333516073712653
-0.0017452940108904304
-0.0016426661969746392
-0.0015362144929891245
-0.0014256375704454086
-0.0013062759734681867
-0.0011805505841863
-0.0010397615438453361
-0.0008830721364265141
-0.0007165983229404433
-0.00053816142373288
-0.0003566070544740074
-0.00017328161267031938
1.7731005387160095e-05
0.00021388879980607697
0.00041917925658473625
0.0006341619527858476
0.0008546539463975707
0.0010815463226333893
0.0013239716526825787
0.0015822296214775473
0.0018525848801267228
0.0021374286902248606
0.0024305005815624552
0.0027314851106981773
0.0030455663462869123
0.003371450446821575
0.003622178385064813
0.0037895022600306885
0.003913260604137549
0.003968378009107486
0.00400603845964328
0.0040280137508348175
0.003985843200020078
0.0038887648775979364
0.003797478196527341
0.003709976685383155
0.003601949108834656
0.0034872141470902646
0.003315481167174684
0.003082537605267588
0.0028238562914488854
0.0025272032303686794
0.002253976744224895
0.0020132839048243455
0.0017666719068316575
0.0015320507293121685
0.0012811279024395928
0.0010108297528408383
0.0007511029636985047
0.0004961581361079386
0.0001870828259903442
-0.0001772230911270122
-0.0005721943305123702
-0.0010127349120552607
-0.001456836429086142
-0.0019018294076970051
-0.0023810978235456865
-0.002885447787640277
-0.0032790191687602863
-0.003551833372734573
-0.0037610976933210873
-0.0038684457673138144
-0.003960006257351318
-0.004038364011087032
-0.004025686846280901
-0.0039378521162818205
-0.003860544498000024
-0.003789907671965544
-0.003693550051908997
-0.003590723222925054
-0.0034077508574298795
-0.003138758298048047
-0.00283486297819892
-0.0024781779988985657
-0.002173533870518521
-0.0019355997053276137
-0.001701063297076843
-0.001500380945233693
-0.0012834262684797862
-0.0010453107162660823
-0.0008380397213636571
-0.0006515069196225162
-0.0003895613114160033
-5.091683305075976e-05
0.00032461984034851067
0.0007611427201165895
0.0011889585541392251
0.0016035193361708308
0.0020595216544980494
0.002541544593278397
0.002914589277523366
0.003171111077725779
0.00336345638180362
0.003454101997908898
0.0035337603944668883
0.0036047164595674735
0.003587729196406458
0.0034996854928292906
0.003417881230858414
0.0033377630883685153
0.0032317575710309326
0.0031169060803563093
0.002924015876320002
0.002647733810270908
0.0023351079947429507
0.0019692871364012155
0.0016626042513070874
0.0014299729226978088
0.0012052811028501788
0.0010209901864476946
0.000821741978997342
0.0006024782145254226
0.00041958834580794205
0.00026194394728040656
2.9876109201155242e-05
-0.00027762330830300244
-0.0006196848311739587
-0.001021169183125627
-0.001409059860052264
-0.00177859291994595
-0.0021866912490961423
-0.002617142246766148
-0.002951418126125031
-0.0031838331949267627
-0.0033584048274393095
-0.0034424003279006775
-0.003517557345062985
-0.003585716415355665
-0.003576471162350501
-0.0035050652194161783
-0.0034361609741448474
-0.0033654272686701727
-0.003270479355330171
-0.00316539716914636
-0.002990994985204808
-0.0027427275544536656
-0.002460359241858068
-0.0021294228949605763
-0.0018523810301715776
-0.0016424833570692426
-0.0014400778734197117
-0.0012746806256107343
-0.0010950777344513663
-0.0008966947106103471
-0.0007312219365032085
-0.0005883511879198896
-0.0003784507006850188
-0.00010071631929392492
0.00020830807765451686
0.0005709566030008185
0.0009213004128202888
0.0012550690636479993
0.0016235611811982313
0.002012140242790513
