-0.00862739376455868
-0.008662405488942624
-0.008691184348866138
-0.00871302768449988
-0.008735478468159035
-0.008756304970848321
-0.00877580173273596
-0.0087948114998787
-0.008811579876069744
-0.008826386952680886
-0.008840822914878763
-0.008854757433338557
-0.00886767775130327
-0.008879916064410713
-0.008888435290722087
-0.008892962336851669
-0.00889519914245772
-0.00889432780104873
-0.008891940054634893
-0.008888198497001258
-0.008881614545144462
-0.008872536944218691
-0.00886349851590488
-0.008854548449487593
-0.008844721899853749
-0.008834674703455917
-0.008822581224277504
-0.008808358988540037
-0.008793482770232867
-0.008777574980326696
-0.008759445918422575
-0.008739168002940449
-0.00871705844863225
-0.008692839849298485
-0.008667600841081912
-0.00864138764969254
-0.008613433233584513
-0.008583977862114116
-0.008548986010673602
-0.0085079661208965
-0.008462979286553225
-0.008412835444775148
-0.008359654790654779
-0.008303532837261754
-0.008242319295692043
-0.008176387778663873
-0.008108861885818556
-0.008039676948868452
-0.007967514904809452
-0.007893097292345401
-0.00781393956501299
-0.0077298245003231455
-0.007642538889410877
-0.00755147845079725
-0.007458883309893919
-0.007365131027825428
-0.007268695881623836
-0.007170237247505561
-0.007068820380864589
-0.00696431417438769
-0.006857763645378637
-0.00674896949962786
-0.006635562400914093
-0.006517472148324508
-0.006395701174243554
-0.006269638298428466
-0.006140914798421237
-0.006009628196845059
-0.0058744468284605365
-0.005735719086423534
-0.005603916879918856
-0.005479947438645643
-0.0053591446471640235
-0.005244501500455362
-0.005129677031314689
-0.005014457346979325
-0.004904733044362206
-0.004799346005095098
-0.0046912411466606034
-0.004580675626071414
-0.004470413670097283
-0.00435885258457174
-0.004251904214649633
-0.004150050851671989
-0.00404913815482736
-0.003950599518668748
-0.0038468222995767616
-0.0037366963437624463
-0.0036249209220066293
-0.0035092753773435684
-0.0033933078005817592
-0.0032773850727570264
-0.0031577692996953045
-0.0030351789031502394
-0.002916792148108502
-0.0028027251608614633
-0.0026899856563173084
-0.0025803801056361398
-0.002468752401310292
-0.0023547674089515035
-0.0022424963026385215
-0.0021308025919089713
-0.00201274042737688
-0.0018880741910930502
-0.0017592636063217093
-0.0016244252505846885
-0.0014885438617027746
-0.0013517380412460854
-0.0012098318771834485
-0.0010637759340248651
-0.0009171049444081945
-0.0007695580110797438
-0.0006200026235488899
-0.0004692094633067527
-0.00031386888154637694
-0.00015374981913582743
8.929864792732659e-06
0.00017496734763985217
0.00033815696499589715
0.0004977026122428024
0.0006571455016982494
0.0008146906111946248
0.000973455969087871
0.0011336962812466636
0.0012922560372083827
0.0014497484726202603
0.001611478512269916
0.0017774678013329568
0.0019455405368818436
0.0021170025945449838
0.002287900996231644
0.002457963810652692
0.002630226100649618
0.0028037955077269317
0.002956543326307961
0.003086522415211422
0.0032034336691832005
0.0033009117364118266
0.003392333952706968
0.003478080713359269
0.0035456402362794583
0.0035974043025916846
0.003648118824295577
0.0036971707292271735
0.0037387091140840397
0.0037760318036965594
0.003796637803771234
0.0037994504693429168
0.003793136718488491
0.003774616831952283
0.0037601860764133604
0.0037521488677302824
0.0037403931417654065
0.0037296253245798095
0.003712117540793272
0.003687025767260384
0.0036623388476524827
0.003636444718839167
0.0035939376989327365
0.0035345165718482694
0.0034645079390472466
0.0033799921375925975
0.0032919495277064954
0.003201037066435962
0.003098485545167234
0.0029866692918897406
0.0028807629571393407
0.002781251040231247
0.0026826394905752147
0.0025890084048458
0.002489420768070671
0.002383557743027136
0.0022805023358941083
0.0021781249077327917
0.0020685339237826216
0.0019522377485336594
0.0018317125120880626
0.0017051896261394918
0.0015799145060551864
0.0014563427712644113
0.0013295141176166687
0.0012011305180653058
0.0010575841794969955
0.000897073548211989
0.0007272881101021196
0.000544249971012517
0.0003546984085993554
0.00015913422208150256
-4.9384903503440026e-05
-0.00026957895807318765
-0.0004898932483658426
-0.0007103343177160818
-0.0009357245962276136
-0.0011632615031789636
-0.0014016474439657413
-0.001651533893938191
-0.0019063363107935192
-0.002168062650315675
-0.002391344983471191
-0.0025708401788556443
-0.002729239870905103
-0.0028531883598281647
-0.0029671595519883123
-0.0030721799483601673
-0.0031437706040144987
-0.0031862536415431138
-0.00323468411589785
-0.0032883104567552482
-0.0033324306071154768
-0.0033751426314385957
-0.003388445377492617
-0.0033699132775132025
-0.0033396623785108097
-0.0032908914697421495
-0.003252240494532649
-0.0032283141610155545
-0.003200342894469118
-0.0031767483223379737
-0.0031450639958302004
-0.0031037523888760347
-0.0030664673040880913
-0.003030624867518099
-0.002967141411408851
-0.0028753120220557254
-0.0027674141981396897
-0.0026360259705642043
-0.002501512145050075
-0.002365150210494004
-0.0022105516272228906
-0.002042133803958137
-0.0018969626576391826
-0.0017768307527330752
-0.0016673876032992391
-0.0015787873688938763
-0.0014856314141550963
-0.0013871504399858875
-0.0013051130667902696
-0.0012346580095933413
-0.0011549063064508465
-0.0010670121390767065
-0.0009781044433251266
-0.0008834901948771999
-0.0008017742600055574
-0.0007342495161349477
-0.0006680859179227375
-0.0006077073861317035
-0.0005221729167158533
-0.0004072784380994367
-0.0002809699215652506
-0.0001342141163169091
1.790821628029108e-05
0.00017415206939951146
0.0003501312864563599
0.0005429247813253783
0.000725456490479853
0.000897599531509838
0.0010706384323819899
0.0012379267802234463
0.0014195626888258868
0.0016169863488029004
0.001814786709972495
0.0020175353954414374
0.0021907925995716467
0.0023293605503474104
0.0024526541132281715
0.0025502490494626147
0.0026382642406376352
0.002717624882874758
0.002770666547813374
0.00280014430478964
0.0028365245790276106
0.0028795981598623266
0.002915958910043088
0.002952787334981079
0.0029668599591166816
0.002956108433060506
0.0029376528631261498
0.002905886450724159
0.002878768855829932
0.0028596620271278245
0.00283579627795472
0.002812558635471477
0.002783095637030507
0.0027463439911198416
0.0027104842943082167
0.0026740759512566444
0.0026169224861211948
0.002538371098480553
0.0024471690606936926
0.002338108294815713
0.0022249368450248494
0.0021085251198226245
0.001977615490649577
0.001835165606896583
0.0017146159968603057
0.0016179752123414617
0.0015315672769263464
0.0014646540389872734
0.0013951815019739764
0.0013224150151066652
0.001265677614341291
0.0012207739603906068
0.001167641725665697
0.001107213991651332
0.001046660376616888
0.0009814258347654158
0.0009289251968767071
0.0008904087923188504
0.0008537245114432974
0.0008230140512678246
0.0007718906330208801
0.0006966463601539542
0.0006128640114747285
0.0005128156243752457
0.00040910778262875843
0.00030283466340113544
0.00018078798418387542
4.541586997739396e-05
-7.966481001265546e-05
-0.00019428459069043938
-0.00030834084618984464
-0.00041601297022396085
-0.0005346949971846448
-0.000665628385452147
-0.0007954047921853597
-0.0009279674948475262
-0.0010403178763872922
-0.0011286305463155547
-0.0012065003902730653
-0.0012668698679417325
-0.001319753838917513
-0.0013657985974880097
-0.001393470550763504
-0.0014044380103208117
-0.0014201971620826283
-0.0014407039748256846
-0.0014563146284943885
-0.0014721228416326858
-0.0014720110191966454
-0.0014545158813195692
-0.001431616114379882
-0.0013994196769984131
-0.0013688719166577473
-0.0013421752254819826
-0.0013111846732234635
-0.0012792116996356373
-0.0012423930960130808
-0.0012000345794995779
-0.0011569852920940923
-0.001112416177730537
-0.0010533177086776045
-0.000979207345841366
-0.0008957716198638463
-0.0007996302736710047
-0.0006994973432149452
-0.0005959161189295362
-0.0004816679228390408
-0.00035861042871614536
-0.0002509930766779971
-0.00016036984290524386
-7.661250784672826e-05
-6.457973114913715e-06
6.586956619070451e-05
0.0001409235270901435
0.00020478092626287359
0.00026044321174241187
0.0003228109117492364
0.0003912463669558555
0.0004603557056312888
0.0005335412236644813
0.0005980053554667347
0.0006528276867864372
0.0007069924388672042
0.0007574632040730549
0.0008229938036853492
0.0009062626831582587
0.0009961317710737866
0.0010981074022008333
0.0012033159934043444
0.0013109809752426332
0.0014304645409182859
0.0015600496143867073
0.0016828202869217206
0.0017986486509813616
0.0019146528870680867
0.0020266648494269394
0.002147122588930286
0.0022769215834456194
0.0024064715171433623
0.002538596031710386
0.0026507988447238926
0.002739723646899821
0.0028179254023416806
0.0028785965823211186
0.002932365991716146
0.0029798153439180783
0.003009350780526327
0.003022781434041287
0.0030398318201237426
0.0030603359723221212
0.0030756181780606804
0.0030903113680869005
0.003089312547289226
0.0030712662406522195
0.0030472646870138833
0.0030136497241703454
0.002982425982001217
0.0029557943769401365
0.0029252772083225723
0.0028944589582892686
0.0028586660470161667
0.0028171830156894194
0.0027755020834260807
0.002732633369779342
0.0026751992773796887
0.002602767218173022
0.0025210987296992934
0.002426739036051776
0.002328802053231252
0.0022278530862187905
0.0021164214558361894
0.0019964602852484384
0.0018899601551231637
0.0017982272388201597
0.001712266668633584
0.0016381609224225564
0.001561377044728534
0.0014814230805007046
0.0014110077905883829
0.001347358607352782
0.0012772814897924487
0.0012013822385121512
0.0011243590709722018
0.001043209516438233
0.0009693745998341693
0.0009036663778228928
0.0008380869094086359
0.0007753498845668224
0.0006980427677766863
0.0006037130169573054
0.0005026220701555681
0.0003896639009761345
0.000273148932423905
0.00015378836561868152
2.2858767198049637e-05
-0.00011803400478696408
-0.0002533343563638383
-0.0003829415149223744
-0.0005133871831088232
-0.0006408453286782788
-0.0007767924929823086
-0.0009220569059909994
-0.0010678104470105284
-0.0012166626653674364
-0.0013534792267970918
-0.0014757503761227216
-0.0015924404450520923
-0.0016989120449463014
-0.0018017678828908413
-0.0019014438863067253
-0.001990356314742783
-0.0020696134798674553
-0.0021533834699333635
-0.0022416477619914624
-0.0023280644817158303
-0.002415998753258988
-0.0024948460927636555
-0.002563652965279273
-0.002630318752404848
-0.002692290458384687
-0.0027567800917889097
-0.002825247711385037
-0.002892342559373861
-0.0029602538223207774
-0.0030264513261570353
-0.003090488217089761
-0.0031555646463443288
-0.0032211455480492513
-0.0032786778557369455
-0.003327853864404381
-0.0033724270501909936
-0.0034101825076937667
-0.0034468656288192913
-0.00348284414102243
-0.0035133768408356675
-0.003539696485502301
-0.0035777774734886717
-0.0036286530471236426
-0.0036856652999457504
-0.0037532595026742756
-0.0038210602266779137
-0.003888713217090797
-0.003965394473341387
-0.0040491381838050405
-0.004130144619973086
-0.0042088436465233785
-0.004288796510145679
-0.004367773382623716
-0.00445420958562125
-0.004548721176744955
-0.004645403495129443
-0.004746265644659723
-0.004838972228668646
-0.004921770095784424
-0.005002001573306389
-0.005076051973803848
-0.005149772696946313
-0.005223685066915377
-0.005291636172601305
-0.005354766433387354
-0.005424221771226636
-0.005500096511956498
-0.005577714802620688
-0.005659830662579959
-0.005738266220396982
-0.00581244208502767
-0.005888681692506068
-0.005965136344493687
-0.0060337913942886505
-0.006094516069331881
-0.006149728215913282
-0.006197267086961552
-0.006243209372741733
-0.006287620970298233
-0.006325513111089328
-0.006358016424760427
-0.006388522928436992
-0.006416629109985858
-0.006441350488038778
-0.006463359860687149
-0.006479127390827888
-0.006488378525612559
-0.006493316574366485
-0.006493051738850792
-0.006495320741396145
-0.006501018370607331
-0.00650577202477343
-0.0065117729943014796
-0.006514947552849151
-0.006514939766983315
-0.006515705353443057
-0.0065164056396658674
-0.006510566057420853
-0.006498135984072248
-0.006481674321788788
-0.006459559370627209
-0.006436588205843812
-0.006413045734450223
-0.006385190651356236
-0.00635407246101664
