-0.012354345840368725
0.05400911054741333
0.06803537140920982
0.019000478175222362
-0.03677972589069933
-0.12104811408990336
-0.1450014999064777
-0.09658336708342531
-0.03618734717082016
0.060776409846340654
0.11606038630983367
0.11923481943397372
0.12868202374620824
0.12362722408788449
0.08804653051474694
0.024352255599505303
-0.07740402400223385
-0.22232460836355486
-0.2467852548999565
-0.13953579559212675
0.01618221609476179
0.26391736279278605
0.3367124723217915
0.2090750936282315
0.04584770544640439
-0.22348249687231106
-0.3231715540930927
-0.2199480377632471
-0.10470868551720702
0.09604051675101061
0.18163252321519813
0.12126744558619601
0.07194546196565903
-0.02069297781153446
-0.06493013874561253
-0.03966970572904698
-0.033470181793635125
-0.02016722686233283
-0.006772059918995863
-0.002975048070766688
0.01584008276983944
0.04591565089011691
0.05387580775636485
0.040606900628377546
0.0190700024661851
-0.018437908443471276
-0.025198785078946663
0.0028822478502925483
0.03717198837940722
0.08981969268465297
0.08175410851415088
0.003915445898113923
-0.09614144209552097
-0.24032799666720905
-0.256748311082423
-0.12727212029120902
0.04775799778613329
0.3156032652990738
0.3761199909552731
0.19803284821344797
-0.035186734137775184
-0.4045780701261516
-0.5165951612440848
-0.3268808618487531
-0.09185947757232879
0.29412769282618184
0.46203125990577004
0.3641781056642177
0.2658140111266061
0.06830663478984808
-0.050391820032100326
-0.05594682224872509
-0.11565509681605257
-0.18173423591958632
-0.19515855728121748
-0.1679873049696109
-0.09040369300967037
0.05049354675281494
0.11451980881203606
0.09680489543558905
0.07670541553827816
0.020850700955714188
-0.01156213839527118
-0.011418065486903462
-0.034201256709376814
-0.06534050180023322
-0.0692752867856412
-0.049191955552496364
-0.011185216754119584
0.052953688861161134
0.08649515271909025
0.08642406516210256
0.08716393031125023
0.0749899861695286
0.05612769702412788
0.03291537708313038
-0.008935152180963876
-0.06844460843507696
-0.10696232238394715
-0.12385504162101454
-0.13764078256534223
-0.1389688076589493
-0.11321482620905292
-0.058710038100071464
0.025889628399106607
0.1462099838582412
0.20046175006688127
0.18183028419964076
0.14480679080613099
0.06279644493447975
0.007194031716311935
-0.014835445086448013
-0.06060648090232289
-0.11311242202614939
-0.123110415520159
-0.0915929852274762
-0.02889461135772704
0.07796141536752518
0.1262617365360026
0.10988804772093526
0.09000751266377943
0.041188337554296676
-0.01981556051136357
-0.08889391851104397
-0.19542855406063178
-0.3365660094421696
-0.34066177152280636
-0.19648023952728566
0.01564779433953075
0.34217975333203404
0.4715189562201328
0.37605363243744877
0.2452132684093059
-0.002590966393311972
-0.13258220353343403
-0.11521788534300788
-0.13181881165763226
-0.12204241340616098
-0.11182059738626347
-0.11895143048293931
-0.08245295628358508
-0.010703277114041112
0.023482073688082666
0.02413086067487632
0.020961218295092506
-0.0014980491583784662
0.005241176183713127
0.04587432638991835
0.08502381714470957
0.13462679752439666
0.1270000914959151
0.052269367538316944
-0.04840986244955369
-0.19488501361745372
-0.22151174452742073
-0.11146008176998895
0.03915197299616699
0.2756187940892421
0.35084384393525064
0.23901643490542201
0.09692136558950724
-0.14130916786142791
-0.2689815835180312
-0.25955942903346224
-0.2675600350724369
-0.23875719771993595
-0.16579842081579266
-0.05915772033352558
0.12281772591907943
0.38300014501651714
0.44239846676601785
0.2851454692506689
0.048807692639983864
-0.3396950929918191
-0.4711101721443435
-0.30710271017755714
-0.10592987618776076
0.23921919991324642
0.3791488069007409
0.2680949386340977
0.1619546928226331
-0.03215108546247577
-0.12290800873162638
-0.07386161180525493
-0.052950536655634386
-0.007233494813774204
-0.0011803653584861996
-0.056702385908385056
-0.10007291918578294
-0.1518635497551572
-0.14487891886021087
-0.06424540045630188
0.04143238060059457
0.19355222124987148
0.2413162076054191
0.16844550298733132
0.0657748179487866
-0.10798047128147392
-0.17282013003562655
-0.10901075458967835
-0.03804336368123419
0.08746475105072868
0.12739192028383942
0.06114003723115236
-0.005145215281965796
-0.10944339340071105
-0.135171878594096
-0.06314030183076065
0.019912630058877112
0.1469854829408647
0.17211621602979926
0.07563303959083244
-0.04521063631250061
-0.2310826247222134
-0.2780599077695741
-0.1619490063438372
-0.014452046137979548
0.22005071131271747
0.30490529003488664
0.21161376366648357
0.10023226094788959
-0.09289635507095628
-0.17346782886226306
-0.1141653785528135
-0.06123791920353598
0.037460448945876544
0.07281885117291749
0.02354619016982137
-0.015334673891524302
-0.07441848479923739
-0.09198830628009345
-0.053443821643936185
-0.013150895889433837
0.0475403239275819
0.07817599636555797
0.06960864958964531
0.061779027965448104
0.04027490043896885
0.017722850919447836
-0.002005220286945984
-0.037344462438241174
-0.08510239484025164
-0.08937210691878479
-0.04757553225227691
0.015931394620433012
0.1159539430815523
0.14427981817112093
0.0914955182128394
0.022121789280063038
-0.09226696531363728
-0.1426858186926965
-0.11644860744127429
-0.08960430274697927
-0.03345704957106718
0.0019821963286803263
0.007165848655395468
0.029879432954577834
0.056876445462928825
0.07662460696349542
0.09335786560002675
0.10228870999356336
0.10149225477806938
0.08566981473459502
0.05202890062867429
0.0009704750874696948
-0.07063291255123962
-0.12414017004892725
-0.15737349096694603
-0.19242501638468015
-0.21962258734407106
-0.1882165492512272
-0.09356868121172601
0.04893330639156938
0.2550430109073709
0.33250040435722544
0.26639415540543443
0.16325439315728446
-0.027707538628412468
-0.12260897102945015
-0.10226817309027855
-0.09836751831610953
-0.0642351963305215
-0.03605786551644791
-0.027027347594526928
0.018078163408109905
0.08940702939867635
0.11243779077361868
0.08877702187131904
0.04731216676443759
-0.029441055819937043
-0.08527002317513716
-0.11617691676818796
-0.1640140187222075
-0.21583256208966492
-0.2046934561064445
-0.1278869707500307
-0.007066278138475209
0.17647309664184316
0.27256973488634817
0.27048091251592754
0.25918416701230723
0.20041593427653703
0.12260624999633749
0.03134346947674208
-0.11980113057211647
-0.32619811336870963
-0.38045863691392284
-0.27137266232156954
-0.09607030030407193
0.20027850992765328
0.3099624404546945
0.20582749724279023
0.08266966722044672
-0.1388105147038783
-0.2170328199386506
-0.11892108559283153
-0.025526810282567952
0.12755088156678673
0.17448062013868337
0.08561701355853453
-0.007343630810706121
-0.15134565715808335
-0.1891303992641772
-0.09567676646044412
0.014940174320824999
0.18723749667335332
0.23248865478068023
0.1257833583083336
-0.00525265520978033
-0.21262427936405084
-0.26511750271889617
-0.13391003732348847
0.026899778073662332
0.2804064110805703
0.3578886673859204
0.22573649362169096
0.06523697056997857
-0.1966558863053085
-0.30967073438033504
-0.2403596633885962
-0.16980965229685974
-0.030683893344982373
0.05418170142236438
0.061248925247274884
0.1055297953411141
0.15405115976766198
0.13962847990402888
0.06774586507057745
-0.05603889520167454
-0.24840381026051764
-0.29826897062625923
-0.19160708823634376
-0.04428736080113406
0.19825426937345003
0.30515416589201977
0.25188553933755214
0.19491779473636853
0.07406647080647843
0.0013015749421684125
-0.003378563808479844
-0.043541913673110895
-0.08977771464031373
-0.12333218030812731
-0.15365630345099707
-0.16678758088210033
-0.16006129392479035
-0.11901237159545
-0.037147102807415996
0.08200600523140489
0.24597077100084697
0.2816299059720096
0.17476340651183828
0.01558275421396748
-0.24299064803720566
-0.3336436049227255
-0.2310402099437678
-0.10379040396850173
0.11807911195850099
0.2317667102535111
0.21013646594460272
0.20881843877253534
0.17464052336637456
0.12085429346054376
0.06094056640557477
-0.05513782395007089
-0.223568458400451
-0.2780256890914191
-0.21264210856605362
-0.10531817924417969
0.0861429402450763
0.17670698139901564
0.149794822788394
0.13016095602893846
0.07118630846973088
0.003568010816650675
-0.06186226407270214
-0.17818674392185982
-0.3382183104276623
-0.35080029432136295
-0.20656140964514336
0.007916890105665915
0.34306246067929613
0.473740701584878
0.371370291875062
0.2350092258242134
-0.020111150485603625
-0.14654924437618774
-0.11261399344660393
-0.10800045194735786
-0.0685934973979823
-0.05934566682434136
-0.10217198552577064
-0.1143252579034489
-0.11507223103202761
-0.09244568407488944
-0.033980297249388926
0.040286512614784414
0.13787499814287185
0.17537619563698692
0.14344193746221465
0.08914780886356838
-0.011062118349233166
-0.06482018127987554
-0.06326779320533664
-0.07157203105960956
-0.0665409931741122
-0.047258834402579816
-0.018291391378853654
0.03888095056916413
0.12488433562129386
0.14548773604030676
0.09633800606744933
0.0239397773843921
-0.09582808818470892
-0.1476502364791947
-0.12055891411999793
-0.09023818681154104
-0.026959524356539696
0.015078285377142437
0.026508959880762795
0.05798294469166079
0.09552386031033894
0.0938257487091472
0.054042535458412685
-0.013223461811393942
-0.1195847119109984
-0.14579513629785185
-0.08317400581979989
0.001007284587096962
0.13771772213699104
0.17972231050053467
0.11104241703992196
0.027981843621687826
-0.10856936265188052
-0.14955590707456062
-0.07564013088338216
0.009454052297873841
0.1461251326608327
0.1685483937141336
0.05446639768483356
-0.08350390762740707
-0.2911593836250178
-0.3374853320253012
-0.19423080273322346
-0.009934516441914124
0.27897401720177145
0.3831761769671106
0.26874777742774014
0.12781972120224355
-0.11747749606119753
-0.2245163635081344
-0.16035697924446718
-0.10654926239495248
0.0015384328924912816
0.059007834586532734
0.04247090868257657
0.05531141042846668
0.06835621564941544
0.059079193702549604
0.03647093404913267
-0.012056198529044854
-0.09033608815019609
-0.10843518625433757
-0.062403316937229086
0.0012659500285424525
0.10511105338037482
0.14054415619127564
0.0963718815635832
0.04325560182147989
-0.047363038867899734
-0.09930971842347398
-0.10170921766529799
-0.1148965777178162
-0.11880853312909816
-0.0954126975399868
-0.04784815197644654
0.03189260485717985
0.14882871764002253
0.18955801292918464
0.1473740116134864
0.08154127366316356
-0.03727006592935808
-0.09145495632125544
-0.0693067603943183
-0.052166641294597645
-0.010063755440291639
0.009028578044177482
-0.005031086309908177
-0.004882026454864168
-0.003522482862310128
0.0007297810976991483
0.013463921084658442
0.02382838292248481
0.03376822291525114
0.03118375976287321
0.013149570897176263
-0.012940488402583479
-0.05130115917313249
-0.055912625320206556
-0.022500657093775953
0.023111095332130124
0.09342781431930483
0.09656806848026224
0.023153484597314523
-0.07243980053790855
-0.21518270043896903
-0.2454756584254741
-0.1462986877440456
-0.014837060754334087
0.19226944524161324
0.27749727443653377
0.21874436934362088
0.14730550256389824
0.010632219802352393
-0.06150684897953129
-0.049882143109577504
-0.06075612158835533
-0.060085865079937816
-0.0608745079879376
-0.07399175939315186
-0.06587255009764399
-0.04134579426153433
-0.017141726360004078
0.01118639356126365
0.04863415918873744
0.093332996560749
0.09673748606247852
0.054392056840727857
-0.011611204378087594
-0.11525385963584263
