-0.0003350348261882258
0.00021423807204194132
-0.0008749021273318442
-0.003797177807442744
-0.007537300618607075
-0.012627020625547786
-0.014258905583828762
-0.011965323772335012
-0.008493381774417627
-0.002533981504514812
0.005442255812685299
0.015383811168674278
0.028704887972212902
0.04544976787398441
0.044283636127720336
0.023430370975555836
-0.00689868566709396
-0.05265284767929646
-0.06470676424228058
-0.038611996091560026
-0.003011035346872903
0.05520255333592412
0.07719684009824289
0.05655486524125604
0.032527671606328135
-0.010417686845249545
-0.0416661796661908
-0.05620152957105387
-0.08173109039293473
-0.11036566582907999
-0.10255849569081951
-0.05728719134207521
0.01300597504051395
0.11908848480700256
0.15876918289921355
0.1242244747806664
0.0739391918473461
-0.018722163058392673
-0.06570541509107965
-0.05707924073535779
-0.05761895056489159
-0.044833110092149187
-0.02846824895219966
-0.014427868691014494
0.020248084141699273
0.07285437223168996
0.08422154459305152
0.05289045475868203
0.005553157298660847
-0.07261049739431494
-0.0967642522406181
-0.059201920445030594
-0.012998139022694019
0.0639139489524161
0.09319738349918891
0.06482883482472993
0.03457055838984941
-0.018531272955535572
-0.04905832129375951
-0.04909290098114645
-0.05779768390105666
-0.06290136580089367
-0.05062611942406763
-0.023185178719846454
0.022953636549928207
0.09132402423905991
0.10594395856051199
0.06189768031731779
-0.0011894377118298988
-0.10321061367748485
-0.13759234177874383
-0.09381248992153751
-0.03971975420983691
0.05270708735207786
0.10265413235766016
0.09922099816356537
0.10456834260460425
0.09747925927891199
0.07329038023060568
0.03637027772831753
-0.028600939522301735
-0.1229937822866773
-0.15903802482836124
-0.13258087657456055
-0.08754347368731241
-0.0015010411620755937
0.04305543890967687
0.038285445077575274
0.042922085022639875
0.036412536443271734
0.036015117164866946
0.04791209931463367
0.0473850443086613
0.039315189841293514
0.027719245683735332
0.009139631922690123
-0.01505108225497382
-0.04533141790818402
-0.05984693142802485
-0.056394748997241104
-0.04618862638155041
-0.023013135693879635
-0.005488865167805325
0.004965637605949809
0.022977302143643435
0.044301106800938905
0.04895037778429158
0.036487825417286554
0.013203924379564387
-0.026309477236039592
-0.04412721340832543
-0.03768419400452353
-0.030071251701068797
-0.011804042029155686
0.0005103880316951505
0.004207464167320419
0.015100114047077277
0.02907038532152797
0.027122852997607874
0.009270364284167536
-0.01858135820734808
-0.06133921770768976
-0.053957420006808025
0.009119263032432346
0.09272536237556625
0.21444451554029065
0.24131864673602182
0.16007405955886483
0.04900407023497989
-0.12792009565056303
-0.23227357130897214
-0.2489873603239817
-0.2753269963308754
-0.27550638074988565
-0.2161124379716571
-0.09990862555735856
0.08744832480053907
0.3568850945728526
0.4477325203623719
0.34329092906974373
0.17935284296663426
-0.11230523026199851
-0.24313588269417882
-0.18499502126337947
-0.1345892536701384
-0.018247182413226558
0.04145905427586056
0.020002266221162135
0.03630937653329571
0.057611592902113685
0.05745045285190801
0.04667217376755894
0.012396973677377104
-0.049450122834958546
-0.07594356632933388
-0.06604731358075483
-0.05360050547133707
-0.024017382826447782
-0.004962854156045452
-0.0004179582112592711
0.01462020194626697
0.03335912001684112
0.042803230215656955
0.044576960444454305
0.039776626837756644
0.025480767802350184
0.011238172521247041
-0.0032519951971120096
-0.02532625414681888
-0.0533650438830367
-0.05757846254757416
-0.03604996188435423
-0.001943143324464264
0.05291769592255962
0.06989642318818948
0.04401307906976699
0.010505635585120358
-0.045924202957407366
-0.06507285579543179
-0.039805132419593915
-0.01168551002246493
0.03527470814773622
0.05215461126381527
0.03169717590806992
0.010494968345108604
-0.024822755845244692
-0.0383706656065561
-0.024141800503924785
-0.010371884765283071
0.012917932881531572
0.021485076881999285
0.01087504312686309
0.0009542205892668775
-0.015119786393389583
-0.019361067017573813
-0.00844845679331648
0.003367041299102835
0.021247251712527667
0.024064219479113944
0.008739183785719178
-0.010347703170986173
-0.039166111105753215
-0.04207895003111953
-0.014927345745758618
0.020269332069747566
0.07334652886523298
0.08536466354838358
0.04987616749585672
0.0033288140085915756
-0.07029703229948486
-0.09441780686196151
-0.060351582983205865
-0.018245673929960717
0.0524525879132937
0.08059226075172175
0.05689277787952684
0.03262458590024929
-0.01125715148456978
-0.04069861270050433
-0.04908996098962757
-0.06859743043145172
-0.09007808112502928
-0.08290685394311975
-0.047443094700469673
0.009142118842666073
0.09492382583338234
0.13225607417153817
0.11572240612702944
0.08974732870892203
0.034387819952368615
-6.536426516432544e-05
-0.007587508799904947
-0.02919720342097934
-0.05247944221860112
-0.06880789624539341
-0.08145219178503771
-0.0849227892233401
-0.0775266100411582
-0.05794107209977622
-0.02367371634599984
0.026747400283410584
0.09534449612075914
0.12495587461561217
0.11137901515261885
0.08430939599030268
0.028452488887617353
-0.005470339806279922
-0.012817981469417811
-0.03135152242455212
-0.04877505473388721
-0.059708172046264836
-0.06697168314959664
-0.063495869072995
-0.048085749700064746
-0.029098854984336862
-0.004858938140675409
0.030368269425339205
0.07583773766180926
0.08899182427723594
0.06671201264811401
0.029158701743024377
-0.035353271416454446
-0.06180387011965125
-0.04464863272786976
-0.025352880505056803
0.012693398777293478
0.02875126084889554
0.01671488387247764
0.009777631891353018
-0.0027990076644647784
-0.008098413126033464
-0.0018778999688324955
0.001101382779656617
0.004871971868425765
0.00448325165904663
-0.002223277169063491
-0.009615747657783594
-0.019549842896920477
-0.020249088552115786
-0.010077898405541214
0.003731038501943915
0.024586791609636102
0.030254714497358177
0.018435231668134548
0.0026978004160513177
-0.02295761433806446
-0.031800814299909684
-0.020798791423725416
-0.007810665425774771
0.01428323428154351
0.023743594166228465
0.01751916811482642
0.011947639269437631
0.0011949531208395097
-0.005120320533058474
-0.004889272617236135
-0.00753557436078281
-0.01039453149608131
-0.009435310211112427
-0.005271796256948572
0.002321079598122047
0.014270538880195692
0.017439303794447494
0.011038905935967099
0.002183777496899416
-0.012488919173633331
-0.017516547573630182
-0.011264449122492377
-0.003942432894429065
0.008517109204881707
0.013650563816248611
0.009703862927756128
0.006012125309411388
-0.000776041848601293
-0.005346140368958684
-0.006522539506846193
-0.009627388408939437
-0.013200199218385373
-0.012268836197287247
-0.006928582400011775
0.001634173798277933
0.014706009913865345
0.019219780314535567
0.014226797575072576
0.0071171642485194165
-0.005498741352774924
-0.011394996149996917
-0.00921535675395514
-0.007678559045263173
-0.003632198153616484
-0.0001023695723716781
0.002012095809375964
0.006749074170871681
0.013307035888178484
0.013582211897071648
0.007375559072954624
-0.002040092653520553
-0.016753272515097336
-0.020682178141369714
-0.012452999461429753
-0.001541286484845114
0.016279816866511997
0.02210014946789759
0.013787048429504626
0.003924672354032192
-0.012522317221595036
-0.019093257104802436
-0.013530929731145168
-0.007901720459349101
0.0022291908307464523
0.0068080291591971894
0.0040456388982866975
0.00242511369130177
-0.0008192322791213977
-0.0011442199696987776
0.002639628668504073
0.00611228403832119
0.01064539403766788
0.010785411218026423
0.005567147012609852
-0.0012948496830606257
-0.011436621811315247
-0.015493619111064269
-0.012436616995416427
-0.008166759760272613
-0.00015075722112881896
0.004319242177193534
0.0043281497749224325
0.005536414429658645
0.006074136398937252
0.006179220697725379
0.006356684196935951
0.004987131829576714
0.002172677429741364
0.0014010157482809058
0.002657988511692636
0.004296867167855545
0.007123893340210791
0.003476964376610851
-0.007435711497306091
-0.02134747970447068
-0.04038468868307621
-0.04141252495265644
-0.022101035764200288
0.0047632953098817096
0.045590135233146444
0.05899985702332478
0.04090639757454785
0.016598685849058995
-0.02497255017901939
-0.04153320909481182
-0.02812217969938463
-0.014309035485311063
0.011051639645443008
0.022482154797346467
0.015643636064797004
0.011927107404056256
0.004419975260156096
-7.4927230117474795e-06
0.0012150201802634216
-0.0008123869886689206
-0.0039291102295694325
-0.007666931871684988
-0.013125676666723228
-0.018830077800836266
-0.02502471690449941
-0.023617989880585104
-0.013552941231584972
0.0011111605674817557
0.022819654821589572
0.03401592219654993
0.0331965309512932
0.030983068291451175
0.022795093844614922
0.014001844948344465
0.005456306952937185
-0.009363080599874105
-0.029344471434663448
-0.038285881556119616
-0.035677089825540756
-0.028579521965666477
-0.01282940891867006
-0.001905955972854081
0.003219214799269737
0.012697474471856356
0.023427013784307744
0.027909003275645532
0.026407668106629367
0.02013519985607223
0.00711919680344073
-0.000602457316762717
-0.002563151468147491
-0.006418652148778533
-0.009402125189894578
-0.013139389544093816
-0.018347557237455143
-0.022099841729955116
-0.0248331275305275
-0.02102961612560468
-0.00958185647056986
0.006709942724850898
0.029718112536978838
0.03804090299444857
0.029808077356716867
0.016971344878390436
-0.0062278472404740945
-0.016777287654577294
-0.012323350516990772
-0.008858948575543868
-0.0004924563553927511
0.0038806802769921394
0.002323517756128697
0.003905425204299316
0.006228971898248714
0.008113453105705548
0.010526997083296633
0.012199486158911345
0.013110592993329622
0.004901246591926812
-0.013612591045819756
-0.03854447531577347
-0.07251728715863232
-0.07497414394053263
-0.042199784087044105
0.004183414243454523
0.07533386528531215
0.10126784017928964
0.07524655585288244
0.040361047864229095
-0.02193023452285052
-0.050601397529945746
-0.03815861685192169
-0.029474545482556784
-0.008614799080423209
0.004308320835572951
0.0040599026467922055
0.013307941317258303
0.02648679191688256
0.027837504960593465
0.01868662064685146
0.002258729657354923
-0.02503780231972181
-0.03637420944018794
-0.030071116593465893
-0.022062667670030397
-0.005664614886941611
0.00267499678736425
0.0006793650815392243
0.0017339136703232074
0.001607815574681305
0.0054609239444252155
0.015064399681984232
0.024636692201020084
0.0358467845755258
0.03231342683087097
0.011760736070782011
-0.01673257793501507
-0.05805206521854051
-0.06632411256346041
-0.037169246333401025
0.0032503354435784526
0.06739309034619516
0.08619312615585918
0.05250365716485379
0.009955663582982421
-0.059852053983644946
-0.08333229849491319
-0.05148543159918406
-0.014895688748427317
0.04617508732283223
0.06948588928922915
0.04610067635127922
0.022194747606499116
-0.019140823033818026
-0.04059229481421243
-0.035410642882360385
-0.0355015524446205
-0.03060245443122041
-0.021347999972913787
-0.010597033903350093
0.010429323226224915
0.04129811114817249
0.05153504694465208
0.040089471331159095
0.021409842508795237
-0.012190991357643838
-0.027504170314935725
-0.021487829392597965
-0.016595981954910258
-0.004435682844996753
0.0020885594074088283
0.0002715266938033992
0.003129730841615944
0.007223429057898071
0.007496583969081495
0.004996727284815127
-0.0005126746309079824
-0.010036164043681467
-0.011893872316649273
-0.00547471361084818
0.002779340860365779
0.015786475864602897
0.01924700335210485
0.011572992566386345
0.0019849923237116097
-0.013353754308654792
-0.019481886266357534
-0.014532147555309339
-0.0088740686268218
0.0015136501157616
