0.11930430289995393
-0.10070007824006375
-0.09919645267169673
0.0766339373739796
0.06577266656889341
-0.07697144473022458
-0.06630584160143077
0.054873331578510244
0.06008770918812538
-0.015826606850183726
-0.02698854545488762
-0.004067904205333151
0.0060899141540903465
0.023727496685997627
0.025097409334631886
0.004738329883282899
-0.02898510087579061
-0.08406225559250034
-0.036273643904932866
0.12470725798842916
0.09096468381008369
-0.1288007352286247
-0.10805744585345199
0.11609248801239183
0.09715188515484316
-0.1118556496406368
-0.0987917702410812
0.08195236437670583
0.10160251520296379
0.013437321079978758
-0.002743128663128735
0.007154241388645014
-0.048951824506451434
-0.1537945398026104
-0.06960334461704008
0.20998146089275257
0.16225159867669145
-0.19542402759304367
-0.17638556237791816
0.15350177987795607
0.1610739638456218
-0.06283790054057489
-0.07612615867400117
0.03773857351452112
0.012935568948664568
-0.0972090122935255
-0.05972653861408967
0.10131150947788056
0.10073545087649767
-0.03668085244501308
-0.04953454182162962
0.022045791182393568
0.00563765702057691
-0.06486865952767845
-0.03531554542499396
0.07924239571254263
0.06616112196446901
-0.060196808865580945
-0.0511687617367657
0.06664268606304824
0.04869394758776427
-0.0748894454230083
-0.05110660182430124
0.0933900473270021
0.04529410303874069
-0.17043219403916204
-0.1336970548755756
0.12379475704325836
0.17482458489479477
0.07641882460396972
-0.00834029988013103
-0.15153629907118446
-0.13277819762700088
0.0779137517486999
0.08804477708757037
-0.06713104399652928
-0.03300969865215072
0.13820717242534863
0.0946097050534897
-0.12862541812609232
-0.13149874114231136
0.04602984497260945
0.0763359831972351
0.01681852259517284
-0.018383869544129437
-0.07860020142650542
-0.0461359793346841
0.09767242751998458
0.09272449010049877
-0.046335964988812844
-0.04599219368024076
0.058100238198509936
0.011391537613615853
-0.15519556760019398
-0.09745220217321161
0.1645865083535894
0.15624780859444937
-0.08469968733291565
-0.1033505561356797
0.03448089636094803
0.042143550114197334
-0.01795865493251293
-0.02001341799564225
0.0010197396985487438
0.009350780202112741
0.019547772994382033
0.012897451624292174
-0.01587339126670596
-0.019278364388103677
-2.0451473052285794e-05
0.012604935646099566
0.027129320895874713
-0.002801937266399564
-0.0854429794138084
-0.05294129591740023
0.09465187307369415
0.09591803945259704
-0.029337757081588103
-0.03818040091385288
0.03229945599526593
-0.0032739774761516814
-0.11602419828815666
-0.06746676890764504
0.12966736201563286
0.11504447618105579
-0.08740663556885062
-0.09659732943961287
0.03860172320335365
0.06221761534390958
0.028115935078771567
0.005530705787955125
-0.041799113038217546
-0.04371999263164494
0.008222473183419652
0.025797349826652872
0.022771293193691495
-0.0014748761167449112
-0.06353396016000183
-0.039815824197903874
0.07339686770107277
0.06736140800194337
-0.0433554205970243
-0.039643284842825026
0.05092860570738692
0.0252876189819455
-0.09101033264516387
-0.05132030331198223
0.12604274604887533
0.08292718342521244
-0.15756014488844078
-0.11707598489001449
0.16540649535664737
0.13115998024225506
-0.16420302438190612
-0.13893622164741648
0.13991071624813847
0.13829535880363605
-0.07111773004802108
-0.07492505107212229
0.05785970046835582
0.025012377484817334
-0.1245365960650841
-0.08254947756597732
0.12258807022646942
0.1288148613213898
-0.02854181676459964
-0.051911809439163355
0.006533388501752375
-0.013787779575871167
-0.07399578854171092
-0.040213429083086456
0.07603292619791785
0.08056592416113609
-0.013802729724132365
-0.036342800317632463
-0.017216511862216167
-0.00464584085269935
0.02772250945906416
0.02715096093764681
-0.011683772613780143
-0.030823303672727814
-0.040930988000926254
-0.012107504880978025
0.06866916556814985
0.05299641773444291
-0.059070878138771626
-0.042074033394809675
0.08616218733540129
0.04388126390600019
-0.1447877035730726
-0.0890336723953846
0.18521275836892584
0.1309368905535193
-0.2121309358520697
-0.1672582888807581
0.203112206630886
0.1726099846663016
-0.17733406720872452
-0.1631943838165581
0.12503772930946375
0.14148236598998457
-0.025738032975105442
-0.04977080843609321
-0.004100841625696517
-0.016617382665115137
-0.04658234684572467
-0.021581896087421944
0.04978854993916711
0.052183564897894656
-0.008968691986021087
-0.02653925703197655
-0.019182267900086335
-0.0050582960248070595
0.033648886862778726
0.02734675940132521
-0.026923165720238746
-0.024301240346898265
0.0256010330909385
0.0359309713327255
0.02156867072396714
-0.029982119271600837
-0.13634580304138436
-0.0760580866835826
0.16080124509794805
0.14751739580258555
-0.09281204477972063
-0.10422871288029072
0.05403554476304219
0.052799247955835266
-0.04653645387588298
-0.03753507550832185
0.04093371877348726
0.036914570430564904
-0.026623666120470204
-0.021725771344657967
0.03343150779215013
0.013197493726467594
-0.06874988814886093
-0.047203619678342926
0.06653154437480795
0.06393465542956926
-0.03589648100662221
-0.0465239896226621
0.0030753250727475
0.021382548743390243
0.03566929646139177
0.019995817731678942
-0.03977954172100273
-0.03898896290964379
0.019048006170334083
0.034021533288114816
0.022446779536123514
-0.008824512952234147
-0.07798116772401835
-0.0377786810652063
0.11924858257150038
0.07591981191554059
-0.15565492403499714
-0.11853683733780565
0.152513757097993
0.1405004284895593
-0.09878101129712336
-0.10438715578343816
0.056211577307936376
0.04735180591253142
-0.0720276414874678
-0.07220274492796858
0.006750834380745016
0.08060873722986822
0.18504801995159284
0.09836513532920897
-0.20740063738752715
-0.21296818084545086
0.05856706580172653
0.10905391728189051
0.018539259008826425
-0.007961531994817505
-0.04460362511355158
-0.03969835210428545
0.03101878680127758
0.055035924006670685
0.0457105862534939
0.016115673960902445
-0.05525486125262339
-0.06489655144179626
-0.010136662514999418
0.011344198650707779
0.019084062584061773
0.02037213938489657
-0.0001975608471189473
-0.021479415744452335
-0.0471383281326859
0.01119516901816716
0.16575450990575505
0.10829816930052194
-0.16128462463692836
-0.18095123354305304
0.010822319666042845
0.059524097089361655
0.036426161897529306
0.04074031791745453
0.02203342539813537
-0.009024439817072856
-0.04896788232259276
-0.0332118355822135
0.04754350566124393
0.04226485124757398
-0.040999168517448455
-0.03897858238084779
0.02775002428726508
0.028159253851147332
-0.01676733842112198
-0.013727942021136471
0.02111819137392957
0.01759723467367418
-0.01357169200834972
-0.02382304104735471
-0.022488028234590736
-0.01788553976282048
-0.002066600023153837
0.025794005513172402
0.06755013730236743
0.01976684649487566
-0.12654794151540102
-0.06438445757912002
0.2037772151140587
0.15476708437016504
-0.18090510103894336
-0.18634004437013077
0.07237488885480341
0.11266327151316002
0.02174993862535581
-0.03548635006768595
-0.13084351043262718
-0.07455188775487137
0.1622727336754654
0.15262119407702585
-0.08101321651616657
-0.08151696262991782
0.0924420681150243
0.02966434612308228
-0.21627307459712233
-0.13383003559132328
0.24206680255256502
0.2096920593788929
-0.17703172576923965
-0.17640970814160903
0.12004985306229801
0.1244836680245241
-0.06510761154671328
-0.0698133994436849
0.03601768856986258
0.03339655238145592
-0.03173947873170952
-0.02685418206095893
0.022996121295363537
0.019289014539776387
-0.023086270714574347
-0.02420079141792697
0.0038531497408705677
0.02308618500919256
0.04581516651697812
0.026954408220075877
-0.04233332861352504
-0.04863780212686922
0.002583730155356942
0.02665392446486994
0.043176122491216995
-0.000763857978972129
-0.12345508596039234
-0.08231019676805103
0.1232566976700151
0.13189027164534758
-0.026008592280618827
-0.052037512108132324
0.0004388427205351817
-0.01061547512782081
-0.04508549962698139
-0.01455916132061424
0.07061350912973545
0.05072627230408493
-0.06989694246277976
-0.06128501848211596
0.05738808849667267
0.044180313805716485
-0.07198739396452775
-0.07218117533431198
0.013825011776330278
0.0780056996883361
0.1550534565178478
0.0750825424215351
-0.19130350087109801
-0.1893337296565688
0.06493924888622403
0.09576865902516767
-0.028652071458610935
-0.004170441013031111
0.1051159774862477
0.0674487463814502
-0.08906104320054199
-0.1056622233516466
-0.0076997714215417635
0.03996183389719542
0.07983150665358608
0.024451974215119084
-0.15838380853446687
-0.11060911903690315
0.1636667007678272
0.16516205113401217
-0.06081806599470123
-0.07469755900390113
0.05425365870973425
0.009348180402847675
-0.15602939266779095
-0.09500918320351343
0.16646783762162778
0.1463956313706535
-0.11980002613813308
-0.13612074667223006
0.03218234401768895
0.0927254083583314
0.11907199017395316
0.053156462180413214
-0.15412630574938793
-0.14105239259264082
0.08868755797405621
0.1111134287835862
-0.020230695634417914
-0.060879841843407105
-0.07432892496264903
-0.03250863039661291
0.10235002943115666
0.09944509574558684
-0.03848004176592681
-0.04585838504328473
0.04315300462596499
0.0034002034225517445
-0.13309285047466068
-0.07739937860717361
0.15370467535493998
0.1364253809614332
-0.09984178377262926
-0.10260209988589697
0.0717399258253397
0.06160759816018909
-0.07400256024920056
-0.060105202472432534
0.061149978377194485
0.06210561805602763
-0.024798775692861638
-0.0339268951807858
0.004421391311623976
0.0016459330109019846
-0.02066182690107357
-0.019087066138033276
-0.0031137197741958013
0.03552650023481379
0.10545694791216605
0.05536937484584071
-0.12350747907196885
-0.1353302576558538
0.0032691837121226392
0.024034814086848582
-0.027480817699909822
0.049286585353734286
0.22488748296535965
0.11596208529280728
-0.27534451634881413
-0.24031528724168713
0.18624512495827938
0.1960937778852599
-0.11475254999395276
-0.12456108553554156
0.05692212834712124
0.06403966740920948
-0.024478712190424207
-0.02473452068125128
0.019402035970865497
0.01454366807414279
-0.01869434192560948
-0.013615393038809674
0.02016811467046536
0.01093058619959913
-0.03452066456407542
-0.019745143868534133
0.04848825930803267
0.02564928049236942
-0.07961191413431655
-0.04032739097758331
0.13091233453556989
0.09049759856486551
-0.14000478684666218
-0.11496958361179559
0.1267297647935672
0.11853150874041225
-0.08366417940271523
-0.11106805758154731
-0.026606990209148335
0.011401662056724387
0.05687641606967927
0.07345327369621274
0.040800806817357496
0.021764235426286582
0.0034882214462066854
-0.06759103751980959
-0.18761113357911258
-0.0778459927615937
0.2769683279652527
0.1967689383530962
-0.30131255685386654
-0.26129358876251235
0.2347816554310517
0.25001605644822594
-0.08965286014370713
-0.1404086815420547
-0.030950370580750383
0.026786486790392933
0.12412100631922379
0.07310876089719993
-0.1589313405384105
-0.11718736372474753
0.17795408213942338
0.16136281017384715
-0.11057952935317773
-0.16359895682868936
-0.07631129070394312
-0.0011008880364113275
0.13724898540644168
0.1289916274868352
-0.050959942579832426
-0.06963514278141267
0.0375078953666142
0.0070201670959445135
-0.11611582712860406
-0.0648165270668524
0.13847382830197824
0.12754853885745254
-0.07103826431170024
-0.07266335015009774
0.07356818197133425
0.021023632371509202
-0.18478381021915435
-0.1260782972257637
0.16652920940753912
0.1870825273331249
-0.014577507886170892
-0.07202233103648287
-0.06255697258919006
-0.030694501205891997
0.08005584686275505
