-0.001176670137410818
0.02051350005042394
0.017834604023472665
-0.007301945720627188
-0.019689745607299913
-0.025736112380054608
-0.005286396425126414
0.05005125665692964
0.025565746148184725
-0.08040077343982918
-0.06160005160745434
0.0704343812345172
0.07875428760829863
-0.009782786846298706
-0.029584327520641288
-0.01533821837793591
-0.016901891879945473
-0.011467754395445848
-0.0028218724949720317
0.006061576794071444
0.026104331680255177
0.056720580123492
0.03174927237635404
-0.05302444807930255
-0.0713210117688432
-0.03114684552814113
0.00013904316792384382
0.04629422917124141
0.051833073063226834
0.005315726822207643
-0.02280368370845681
-0.04628166794281504
-0.021600935270276376
0.06712475870797094
0.04410031315546109
-0.08812462880982914
-0.0563047033027973
0.12051864014620588
0.09551089947205602
-0.10106114096870172
-0.10454400382998175
0.04161413489334821
0.06619211599913144
0.020256244868362326
-0.018154150890035678
-0.09002158146896237
-0.05019626815561152
0.11714605449791853
0.09217423238527628
-0.11014384230109793
-0.09813156756099717
0.08800357135858812
0.08829979948861898
-0.04657991013324876
-0.05130036393134425
0.02744097212436384
0.023773992304334357
-0.029188170300435246
-0.02238959886557057
0.025566800652929784
0.018779309333553484
-0.031094161718430678
-0.02797482210331777
0.016897005129217754
0.03435003836922945
0.038362634566550854
0.02056605894347529
-0.03186466308703413
-0.05354698605392318
-0.04677188799968153
-0.009082274805018619
0.07623339321539309
0.06480814226266482
-0.04810238442960803
-0.04927268417633694
0.04077880410613751
0.029070620492879572
-0.05632173109202532
-0.04488207909284052
0.04183285964847931
0.041505989636451565
-0.025703326882873266
-0.03966837387012852
-0.023086553349146915
0.03002266684738128
0.14198095416461315
0.0864930430054203
-0.1463683268923138
-0.1618524931396995
0.012508670266853162
0.05663058442133591
0.03222797875883769
0.03691851232484965
0.02482250680908336
-0.0002703681345505871
-0.033893109536210754
-0.05069452090185848
-0.0465640618872511
-0.005696428492033291
0.08320208131490506
0.10393671605801838
0.05561474225616045
0.04554441346997283
0.05216149892691052
-0.1464723798166334
-0.5554162976665669
-0.3207683831687991
0.5791814695488077
0.6381277474048995
-0.04710602434503266
-0.22931427400339735
-0.14677330518863838
-0.14307710134616602
-0.03490043728784999
0.04103658882038373
0.0677978538110689
0.08883285522997877
0.06900548599578982
0.006649050218589915
-0.10702853755828393
-0.0975017754954828
0.04609492441894791
0.06028621188030152
-0.027259762306311927
-0.023638420715395663
0.033319199657056625
0.015318191483302495
-0.05699542934489994
-0.01819745429622707
0.12275742112655044
0.08252364153470688
-0.12578097335226152
-0.1323400890569973
0.028436508054385055
0.052341613815168914
-0.007138334423041599
0.030596110493965784
0.12765479985401945
0.08246696186539969
-0.09416433703107285
-0.16361418429131627
-0.1534902281151067
-0.05266450071783739
0.19175027616837337
0.21312691091266098
0.005745341188726336
-0.06783275839943868
-0.0740431425478922
-0.06947528799754524
0.003676252834672784
0.03323712878488948
0.021686697288305395
0.020326881764980063
0.007020064979778758
-0.003246112939050715
-0.007038446264263085
-0.018037148720997164
-0.03250304537604574
-0.014910642748855523
0.03684673272032674
0.0411441993637891
0.0009267597216203592
-0.009984113989620678
-0.005128325850819997
-0.011559869791508802
-0.018925933431279688
-0.002702772123900856
0.03732057808039637
0.01785948473038843
-0.06217742879786422
-0.046678591067792964
0.05643110218619243
0.06171084127917167
-0.010671053806265053
-0.023040803564301732
-0.002149136818038988
-0.0072521464594848175
-0.02012831906990613
-0.008840363052523576
0.022425582950676117
0.01935667553061911
-0.01622095886576537
-0.02094298999113505
-0.0026858358853411326
0.01577237912467106
0.04546750310764888
0.027771101738195143
-0.043814371542089815
-0.05023104942810879
0.001118676911939381
0.022098686384813354
0.03254004441930911
0.010915423845224205
-0.05876414808332059
-0.03961228310161751
0.06821064696289987
0.054758634752087074
-0.06397647327616961
-0.05672460428969873
0.05049322923155979
0.04992530779512128
-0.028991870874191084
-0.03336057622963022
0.009825547968432366
0.015123870808836499
0.0026221837300146366
-0.003442728050306449
-0.014347891250762627
-0.0031435112942062504
0.03424089895295541
0.025091987025039852
-0.02870618930417152
-0.035370618220542674
-0.004605369936485138
0.008781914445948611
0.01946866289041346
0.014239401894719582
-0.015727971162302755
-0.01583805188429476
0.01146232110969525
0.011024753038418043
-0.00930172771164845
-0.010166684768672659
0.001362176724826454
0.006079477515690054
0.009385552251302486
0.0035056228468152485
-0.014997336964703475
-0.007219690905769519
0.026948480854042316
0.022836486259247554
-0.01538610826324004
-0.029432435661998952
-0.029075199810858283
-0.010472461693645145
0.03775252968515296
0.03920568417479972
-0.006858796062921334
-0.018033874879626367
-0.007185823641959818
-0.0057845490462897844
-0.001307085322896471
0.001243273311912908
-0.0009327771812782625
0.0067880095843688825
0.023485746316661362
0.014180099185078766
-0.021277656337372355
-0.028823949888043078
-0.012841294692257163
-0.000569586785969869
0.017858557974252797
0.021438295347662457
0.005786459809921219
-0.005504842299614342
-0.01795000784226192
-0.009473509469322718
0.02547339161492084
0.020983501285915782
-0.020618757048922413
-0.02494774445164097
-0.0012683839483573114
0.003997849938933748
0.001778243596874431
0.007431402360823376
0.015312061581039524
0.002305941995028839
-0.0323714630163962
-0.01606079704241852
0.05152076533206993
0.036029758366754344
-0.05583871673186172
-0.04754357075143347
0.04520330781955812
0.043239452373771324
-0.030968288257296767
-0.03023015797567843
0.02239788579405882
0.025509168022961236
-0.002128965515066837
-0.019839564953224517
-0.04226107915318967
-0.022292689755285762
0.04884773154299844
0.05054904074087491
-0.012045210105012602
-0.020807952239666062
0.005897502443430739
0.0006706205855020377
-0.02050037854151818
-0.006410695359973589
0.037562432322716915
0.014013670825126457
-0.0750394099865795
-0.056227015806293607
0.06185426774735066
0.0754030773676473
0.00730277373067819
-0.019682312219920624
-0.037474439680322096
-0.026348690376059015
0.033035869153046606
0.03288702482123229
-0.022790607380880967
-0.026867272334783844
0.004596609443098591
0.009303457434907167
0.0019404334596683154
0.001835905051864279
0.0011280228651229256
-0.0017182302492749326
-0.005242959167905398
4.4914960602590484e-05
0.015162369765329382
0.010567737407357027
-0.013468096475517539
-0.017434681666512086
-0.005357265886749258
0.001183487609072636
0.008774962007328104
0.012074937496455423
0.00804691450800651
0.00200766357268806
-0.008424098223101745
-0.011673798152321443
-0.006555245772464581
0.0002638285450733655
0.011913482465203665
0.00585273567735472
-0.020270716661653213
-0.018018492664704924
0.01006957617320907
0.025865744302702182
0.03748708081834798
0.020444022984243793
-0.033975386063602626
-0.05053875147770594
-0.03297270958770803
-0.004937029033039987
0.04972718014260354
0.04926979007246788
-0.012321474790143986
-0.02510009238491191
-0.0033849505329845483
-0.001939678362443234
-0.003978391392404993
-0.00029270485411767103
0.0036059956241830415
0.003999802618349579
0.0007199737011024422
-0.0014611747312586487
-0.0034459330864884835
0.002706541496566059
0.018631001979044593
0.014560724057672425
-0.009448101330619461
-0.02664367976624349
-0.0425217374369157
-0.022332851942879303
0.041878154116338225
0.05542203207195626
0.022591967352470932
-0.003011893673661294
-0.039640552130493334
-0.03991467265954121
0.005878370015202758
0.018921091833822307
0.009101633314638482
0.0062912775019898295
-0.0024758268897723517
-0.004488172800920841
0.003008584770461732
-0.002031302103426384
-0.017334001108853817
-0.009841937194151941
0.019082073879469405
0.024416656364887924
0.010135463812119985
0.0026811305820123605
-0.005660043459887307
-0.026281548623381952
-0.05714933828032691
-0.034133696800538384
0.046973039116236195
0.07075177286213406
0.04581906480507462
0.003406501642873072
-0.0805655725517613
-0.06443341663126209
0.061815382821500044
0.06150595903382073
-0.045350207811020345
-0.04777774030652329
0.02137012655115803
0.022738290330477175
-0.016605764353560093
-0.0027828774311608605
0.04867438344545848
0.03232170473556932
-0.043952874634047304
-0.05765144379313198
-0.02198275753462109
-0.001106457449331071
0.02559237638247061
0.04797396829159584
0.0581324954494942
0.023358910023287542
-0.06612083641842557
-0.08086248018559114
-0.022662850600923413
0.009901687945809881
0.04154971806357259
0.05092342807492138
0.022165716017266645
-0.0022063352456287866
-0.031719044835055075
-0.03816112883639849
-0.012855308035479041
0.008980471981496197
0.03615180985249372
0.021048558530211307
-0.045695511684292645
-0.036863049745929063
0.042337948417213105
0.043563175857636416
-0.016143387493869378
-0.018871518139563524
0.015351129463867666
0.003221492084024683
-0.041371766793739204
-0.025998399421487264
0.04246934347039665
0.03560533705348556
-0.03714165549646644
-0.04145005189819634
0.00552512011933178
0.03580393136988459
0.07074850138201812
0.037855948413818064
-0.07802654401698172
-0.08111532081712525
0.020728300705206967
0.04172371229021948
0.012531051124124854
-0.006015312339095939
-0.042683941025876214
-0.034025604617921736
0.028571693433392113
0.052973078092845516
0.05109576636518586
0.017986676582608413
-0.06553660956948536
-0.07478439622941047
-0.008704865886099047
0.01687163464722856
0.024744825534067347
0.041220495889354045
0.04954047213684575
0.023530275019097234
-0.04062825586281313
-0.07387396122411849
-0.07939487769969172
-0.02717443969870139
0.10327103931347732
0.11061448308459604
-0.005904417796078082
-0.03817045770233894
-0.0207730527966194
-0.03829550088064907
-0.06078123140346126
-0.030949426141797617
0.0488444887531319
0.08456236553219726
0.08264010163704263
0.02956579168332308
-0.09888895099866808
-0.10849179120503555
0.0034344272394789175
0.048591218447880495
0.06253700208238848
0.02453009729181143
-0.10002323767977926
-0.07000984278926355
0.11547123192848124
0.08760718692191592
-0.12495289194338009
-0.10439312374612926
0.10513503919004041
0.10946030770872467
-0.038557397523809246
-0.0472955387519617
0.030721959207231784
0.005931665665413368
-0.08683424807660023
-0.048668310283705336
0.10513597761283745
0.0863182473689597
-0.08607229714626478
-0.0811282742249578
0.0644470895772959
0.06092631951756726
-0.048672029325869046
-0.05005585874257432
0.020342013494688286
0.0352502581064371
0.02292805509186161
0.005133524240665045
-0.037182082530282504
-0.02816844292600636
0.036525900623544244
0.03698299938942161
-0.016241070102984388
-0.035512440997453966
-0.039255401382161145
-0.0183235778506611
0.04280401315127152
0.05132025365209732
0.008244689975500439
-0.012651255113720125
-0.028532979012962825
-0.019583366018991178
0.02720454898498351
0.02878285797051171
-0.011204625737159234
-0.024884191185623423
-0.02590747898805204
-0.010012033529913096
0.03467707720507889
0.033108799227879765
-0.015100673081909967
-0.021962834926321145
0.0008369615126094375
0.0059722670190062496
0.006590994774024751
0.0022876773581814607
-0.013304471067327656
-0.006855521031017122
0.02192501492339476
0.015944617251310658
-0.021443637655665256
-0.02058605856420685
0.011584751292683234
0.013061628979701
-0.006783305582528973
-0.00654861832155018
0.005645922277811253
0.004087586173686226
-0.00644727958651696
-0.0033431459122392174
0.010859960687591359
