0.007951399482814038
0.02807368617296663
0.031099438586509934
0.014997585362787513
-0.007280535666248923
-0.04205754522393256
-0.05227938624660051
-0.034195558619782816
-0.010894973458306098
0.027496373086776313
0.04551943837182239
0.03884648817673086
0.03276794357419509
0.017918330806287075
0.005639548405158071
-0.0013415623622290798
-0.016262004772567295
-0.03617581556199703
-0.03952814340407827
-0.026010796419042848
-0.0036887048672101463
0.03297049327821249
0.045746156297053045
0.0316095303497928
0.013657909465747773
-0.017934065272080146
-0.03221562160945771
-0.025259770707247872
-0.020058255915719213
-0.008500949073730274
0.0007138524700775566
0.005042338234084234
0.015302477280013023
0.029088106575281058
0.03178234358438127
0.023428308532907675
0.00915812473005696
-0.014689518558115506
-0.023418477417046606
-0.01513215487121145
-0.004819344507413199
0.013823488881227275
0.010567333543941706
-0.018224855552909047
-0.05298715535219447
-0.10197633475397262
-0.11524766003958033
-0.08704380952332127
-0.04805540255303311
0.015483564907950232
0.07458565645132824
0.12576725102609357
0.19503904772244404
0.27558697926207215
0.2541502833505142
0.12232645234267858
-0.07171423191982466
-0.3599155157558286
-0.4412749393626323
-0.28989185506817317
-0.07768241774099605
0.2754624236979856
0.4048741057621265
0.2716340596364779
0.11822667413364231
-0.15127568136000777
-0.2695857950360897
-0.1976183842005653
-0.1429016118558606
-0.033880721609866285
0.031628357882817315
0.02790474134368957
0.06041611468946174
0.1011800823643221
0.10589873437020336
0.08247849217731461
0.02972214620182532
-0.06170742744365684
-0.09717199473915042
-0.07222797429993451
-0.040445711352786726
0.021333837627057668
0.049897476960426006
0.03711225538946735
0.032237547996417495
0.019024339038262988
0.008856491482218929
0.007093149592474746
-0.004716241745549906
-0.02296593139852006
-0.02754544302095364
-0.019261500197843697
-0.00499180005924606
0.019907213095501832
0.03303577850681545
0.03276870575927258
0.0337535795063293
0.03049639501139388
0.009219663917037185
-0.03059082597538916
-0.08700650884639012
-0.16424270074590205
-0.1679612104414309
-0.09033803852172297
0.019901651519263066
0.18849495984811224
0.24689837484038146
0.1791232038200203
0.08791165266055298
-0.07141197736774305
-0.13555654595805142
-0.08508638056619708
-0.035822880262595544
0.05518361502836302
0.0763893163189693
0.0091873344000439
-0.05794788424158116
-0.15586026212911053
-0.1720363242702203
-0.08850420358959704
0.0159259213329603
0.17355964674354524
0.2239629950874757
0.14774910291657356
0.049030997060463676
-0.11608522434113387
-0.17826632835484313
-0.11678031448956065
-0.049823829278253885
0.06777983045019334
0.11658465759759332
0.07783334708720709
0.04614173326983712
-0.010903739816875965
-0.03826876952290735
-0.023075933011067532
-0.018224998226915944
-0.00785754549085805
-0.006617815157435716
-0.02122705793755172
-0.03178070779883086
-0.04344497753444317
-0.042919410785461666
-0.026502694395647272
-0.004762970854391778
0.026819209368604637
0.050159110584538806
0.06317624380078281
0.07868407735140635
0.09194581795975705
0.08057071888645918
0.04305400988261574
-0.014129159963174747
-0.09767428314007799
-0.13228484619960112
-0.1122805430344535
-0.07986091761667247
-0.01529955921570893
0.022692827833102086
0.027738073081149645
0.04490498915739809
0.059620136311508656
0.05745420145777546
0.04096925722689419
0.0054297890341245825
-0.05291160138127348
-0.07433910384595527
-0.05605491727924235
-0.03042897539857361
0.017394478260342367
0.043513287166783036
0.042922576416565106
0.04905787561298688
0.05086478326325454
0.040360331162953386
0.019574444249378743
-0.016605958853235257
-0.070299047719238
-0.08355357452718484
-0.052954639600948615
-0.008342321542701418
0.06533105902395794
0.09225145302368265
0.06497731358948332
0.03254916445436849
-0.024820835769388126
-0.05804425120300775
-0.05992889349243271
-0.07048477053821171
-0.07685760864325714
-0.06440502071154365
-0.03519001376152783
0.01432562598630301
0.08803142603853722
0.11628957550610358
0.09504888032504145
0.06140403134081319
-0.002508172277474178
-0.03594179013621103
-0.03260468574991955
-0.03680494320861683
-0.03328281712062886
-0.027134759400529382
-0.022331630052354508
-0.004138328224296329
0.02596833459872325
0.03657169309553897
0.02754971402597762
0.01322966693327223
-0.013871025487900953
-0.027007705411505895
-0.023678507259365048
-0.02292631434670735
-0.01812036847963615
-0.012463134429997207
-0.007733432787385667
0.002919388188133771
0.018591926379133258
0.02734385981835152
0.029272308223885626
0.02955764750400115
0.025394863887331805
0.019573233304357257
0.012238850850723309
-0.00036461261298860047
-0.017886461073082997
-0.02861115589661017
-0.032180600112615004
-0.0341709099631072
-0.03164670991121108
-0.020502834344051514
-0.00019153195678468684
0.029999184077296268
0.071742493290552
0.07372374849998296
0.031840402837323985
-0.027813027777288085
-0.11921928749992967
-0.14130634100932185
-0.08450857574066721
-0.009112343384296473
0.11186387140894787
0.15488880960432258
0.10615116668699094
0.047475381953578775
-0.054031726048060245
-0.09547453993297898
-0.06268622828321073
-0.03235557298052867
0.023076903818089464
0.04849273678535976
0.03305899602209638
0.02583968688639088
0.011500695186824405
0.004166460798677558
0.009820971678636197
0.009243884643360907
0.007129546986366132
-0.0065285601210715236
-0.03520364896068653
-0.07044685950531357
-0.11596266958094452
-0.11679311761685551
-0.06718195848985288
0.0034969898322559576
0.11076145427314497
0.15669647984292187
0.13209232220989187
0.09735839159156362
0.026685716319852382
-0.016401636421549504
-0.02354933434520736
-0.047113728778434436
-0.0710729437462787
-0.07290455821120703
-0.05546648498885978
-0.016808442348999524
0.04870020283703805
0.07235486484545213
0.050711063268136104
0.022040911840739707
-0.030709487169101317
-0.05861445405168775
-0.05577850385050362
-0.05978351189813763
-0.058184755663492016
-0.05425787268768322
-0.051521765038424976
-0.03843164063496696
-0.01615325186823416
0.028354292841907203
0.09884760727142826
0.18886560957392381
0.30349318743545306
0.2957815001088646
0.15186391413862552
-0.05398317560681129
-0.36304283005588894
-0.46203785975193556
-0.32205311912064166
-0.12874577061026302
0.201314464354999
0.33266506945100566
0.2275689826279527
0.11728032357513514
-0.08625868502044225
-0.17266964189889653
-0.10733492106816765
-0.06356668353869294
0.015549373051580087
0.05427238019319332
0.030203869398038985
0.02577064950592626
0.018037366542727445
0.008055532016058164
0.004962385685856152
-0.01049550767138754
-0.03584849556890451
-0.04235840292549901
-0.030643450139921726
-0.01231598858184798
0.01925754219835361
0.03887322319260738
0.04443167906006553
0.05353050929562093
0.060013229082936416
0.05225546843273819
0.030393165748666906
-0.005081220370696703
-0.057586041810815794
-0.08393069581996429
-0.08147460452532106
-0.0742079681364445
-0.05112623657660484
-0.02805909413725866
-0.006973088545197856
0.029202443675382696
0.07716528123397677
0.09484337198806343
0.08072469025565254
0.05273807760836938
-9.640037183682515e-05
-0.026328667766704433
-0.02196140257163142
-0.021326373129457028
-0.011738813107612638
-0.012887939885478572
-0.029020120256619358
-0.04054351828053391
-0.052807320825718373
-0.04793038646283932
-0.021818210983878657
0.01302998068244448
0.0624366625226099
0.07927699504912145
0.05870046959891865
0.028381913466338688
-0.02455824552419714
-0.04843801288551028
-0.03773714788697064
-0.02831714129423514
-0.006804388366957993
0.00787793942586542
0.011595799903826535
0.02443814683857616
0.041417767739665934
0.041842868218087505
0.02618875434620113
0.0004887351698457955
-0.04040342140196732
-0.05597934356252575
-0.04328888247566402
-0.02619721810937834
0.00565714671656062
0.022185060726402146
0.019634811704337014
0.021084190345170947
0.018798441464565715
0.012889789794245501
0.005264575471817725
-0.010409216837954871
-0.0340203962678997
-0.03858709525887286
-0.022958543560618123
-0.0001521416367692948
0.03672841364249218
0.04776442589883486
0.02917868337233978
0.005879341196584899
-0.03261339785465775
-0.04624801621947281
-0.030060075816851137
-0.011926780541527363
0.018875619090274895
0.03273277629494559
0.02511479581728034
0.01910365699338041
0.006671170422871758
-0.0014799635092661028
-0.0025552870758097984
-0.008316199423822045
-0.015744217630307793
-0.01680969008717283
-0.012137868724943528
-0.003169489746272699
0.011983606229591057
0.01767501981743533
0.012937896076706482
0.006919029061336011
-0.004297160698765396
-0.010177902897865007
-0.009348874088985649
-0.010093843598638094
-0.009704845249200502
-0.007568075268684087
-0.004338240136977579
0.0018789694237668858
0.011202019966824666
0.014414876119172415
0.011138166237191553
0.005958173230367628
-0.0034512164275238353
-0.008102344373083055
-0.007126675804002765
-0.006804110667786824
-0.004869541571968552
-0.001488362601855839
0.0028912296276591173
0.010209658145271642
0.020468795445791596
0.021628146895418067
0.012973562863827856
0.00032361263847537617
-0.01951020031872656
-0.028015209842720313
-0.023503756755370413
-0.01758052050299153
-0.005426969951956092
0.0018139200205021474
0.002563141338981494
0.006208760825124418
0.009909970704719778
0.012976121898213375
0.01627884707221942
0.01792509511424945
0.017892565205857632
0.014345865306898064
0.0065920055438061075
-0.0046394893845416235
-0.020185048827549793
-0.028443578682128576
-0.028525078498477126
-0.026832627737200247
-0.020299345837741203
-0.013898244647923047
-0.008148691778247518
0.0020376717887912363
0.015633362061643948
0.026418428785266405
0.03457122698775581
0.04244486504112523
0.04858984879898068
0.04111021439890809
0.018623603560130313
-0.014598705954459784
-0.06231176522340272
-0.0794020854602224
-0.06223218725854942
-0.03582807015397436
0.01180109944844883
0.03361346621168699
0.024747349268136407
0.018027380228811524
0.0014047337846193387
-0.001793431851004695
0.012953539620677867
0.02470537286860774
0.03987944651435499
0.04064750312819285
0.023163769529128474
0.0009825684478761232
-0.03140412847338391
-0.048307680697950356
-0.04659705566196151
-0.04337464157983902
-0.031656739570461584
-0.0182016707898022
-0.004379264205588992
0.019115562543253393
0.05088328733453021
0.05767759857565242
0.037827464533930745
0.006327099767374432
-0.04563095954284343
-0.06437896388378463
-0.04528345929316052
-0.021677582813382733
0.020311542957438034
0.04397314838522341
0.04429604526409249
0.050441657388556216
0.05288570715988358
0.04507748369554248
0.02886683302953795
-0.0003854874678432493
-0.044379108142963176
-0.06805203388607017
-0.06998194340640539
-0.06880037383366057
-0.055848938733839976
-0.035791809291550444
-0.009336018150092617
0.03322009452612693
0.09156077942967969
0.10570264012833203
0.07198249044236402
0.019306679993447536
-0.0682926433280572
-0.09974520367288414
-0.06683746495786627
-0.026967350612032287
0.04347366760777241
0.07170340532653198
0.04795919844672661
0.02665251427847188
-0.011530507308028213
-0.029081671380297564
-0.018329391253904245
-0.013010283289157633
-0.002580108465435669
0.001469608960836567
-0.00514841359608492
-0.00834431124916049
-0.01185401401788279
-0.011857634309853371
-0.006334400487960575
-0.00015208650962194654
0.008241297804926514
0.015179460081092038
0.019896573598058836
0.025569908949378575
0.03113186457759895
0.028545183051646248
0.01723043350647705
3.002189870657658e-05
-0.0253994000177621
-0.03985097377637609
-0.04191288746236384
-0.04294338805378247
-0.03802214226210875
