-5.370452979812113e-05
-1.9498365048231842e-05
1.6660212531944514e-05
5.493261337792382e-05
9.36195903173565e-05
0.00013322846258970528
0.0001667955575917181
0.00019342382103851134
0.00021673808084014814
0.0002346682133141753
0.00025080623750181033
0.00026531757853729245
0.00027450440460524705
0.00027899362095097066
0.0002844189467837821
0.00029068731105359285
0.0002953919907553236
0.00029984259917411536
0.00029960965292561255
0.0002943042006243613
0.0002871344280903025
0.0002770254562223752
0.0002681272135937108
0.00026113657918140593
0.00025326611666238563
0.0002457419516203716
0.00023681828879185335
0.00022626425506468164
0.0002160326470846203
0.00020575908985548568
0.00019109826087537388
0.00017193267360879265
0.00015010893648273243
0.00012451346988671304
9.816061097067399e-05
7.123852280207481e-05
4.130597994398754e-05
9.014025536151476e-06
-1.9579249265457562e-05
-4.4155647745754414e-05
-6.711204517029713e-05
-8.678300845193487e-05
-0.00010726378306008535
-0.0001286842980417516
-0.0001475086745654994
-0.00016452013264876825
-0.0001832167821796996
-0.00020341871525572896
-0.00022391172195287035
-0.00024548628604912894
-0.0002650594177281887
-0.0002824154716935696
-0.00029969260665606247
-0.0003161587746697921
-0.00033677095967365333
-0.00036221221753022614
-0.0003895909177124627
-0.0004203569164722878
-0.0004521134861476246
-0.00048466046629477464
-0.0005204927720028215
-0.0005591468976185219
-0.000596252121748996
-0.0006317854106765136
-0.0006675740754015456
-0.0007025447291687645
-0.0007399349575632715
-0.0007799777536236064
-0.0008201883108360361
-0.0008613032771092759
-0.0008966734748552381
-0.0009253477733891947
-0.0009509685531300201
-0.0009715354945848569
-0.0009902749902501726
-0.0010073570824995456
-0.0010193267799236548
-0.001026739183725674
-0.0010352940744459212
-0.0010449326149141796
-0.0010531702966009892
-0.0010613434936864608
-0.0010650591109415334
-0.0010639269426968195
-0.0010611641537238553
-0.0010557075202275125
-0.0010512109399430348
-0.001048329345074429
-0.0010445214597943312
-0.001040876106433275
-0.001035940110002744
-0.0010295015850769608
-0.0010232467357966506
-0.001016870408625624
-0.0010063759080137286
-0.000991641439538081
-0.0009743843013512412
-0.0009535757429477774
-0.0009319550954883763
-0.0009096940959611878
-0.0008845578135644514
-0.0008571358555359176
-0.0008336678800969668
-0.0008145128926238293
-0.0007971450025872864
-0.0007832877841195884
-0.0007687918163986301
-0.0007535204118285752
-0.0007410905712039087
-0.0007307110354403036
-0.0007186822938754755
-0.0007051814019022885
-0.0006915176656229376
-0.0006768518526369812
-0.0006644094257200673
-0.0006544194578269649
-0.0006446344367279838
-0.0006358205674528374
-0.0006229930638485054
-0.0006054554075057058
-0.0005861383231522731
-0.0005635820665884618
-0.0005401767452372365
-0.0005161265545377839
-0.0004889313733740995
-0.0004590541594440181
-0.0004309331094489528
-0.0004045966140172795
-0.00037818522239075226
-0.0003527909858589649
-0.00032513776467726994
-0.0002949904660189118
-0.0002648696853129243
-0.00023403129592976352
-0.00020572340452676012
-0.00018055274976967712
-0.00015646272256629093
-0.00013446530491360755
-0.00011329054330608188
-9.283543322351544e-05
-7.467197506873289e-05
-5.859326061705035e-05
-4.132591371316822e-05
-2.2851572310640355e-05
-4.66577835777032e-06
1.4016472768211199e-05
3.080144466938278e-05
4.547145355180922e-05
5.983380239051653e-05
7.331447096555087e-05
8.723308381667605e-05
0.00010189544972026312
0.00011624338490180427
0.0001306864421539287
0.0001448400202979801
0.00015861511077103584
0.00017256699574198136
0.00018661293499765594
0.00019903204273317415
0.00020975178912572363
0.00021954351416382048
0.0002279583271756354
0.00023612618073874233
0.00024412057149105748
0.0002509963056057098
0.00025699457915463975
0.0002658578807942423
0.00027784702396277877
0.0002913687869136798
0.0003074696717159696
0.00032375998099827915
0.00034015531793274727
0.0003587908310983613
0.0003792154266681562
0.00039907683939168317
0.0004184712030425475
0.00043826767010240303
0.0004579294174064519
0.0004794622627572656
0.0005030149240765659
0.0005271778214866181
0.0005524290937988056
0.0005759515994779656
0.0005973391863015445
0.0006182836158907674
0.0006379585047376163
0.0006576880518010877
0.0006775934994852634
0.000696275357260371
0.0007139924578850558
0.0007333179255310882
0.0007542769271214994
0.0007757880493940574
0.0007984886078822075
0.0008204982552044716
0.0008416844931276548
0.000863505696124321
0.0008855378451591791
0.0009036210962837857
0.0009174887610105578
0.0009287817168392561
0.0009363294399479294
0.0009428576554251677
0.0009484277226416568
0.0009506116244364033
0.000949905800093275
0.0009487512600359967
0.0009470035888570941
0.0009437584302764516
0.0009395484470824321
0.000932196121574275
0.0009215205857910143
0.0009089929643276343
0.0008940747234100192
0.0008801286635670093
0.000867598456151715
0.0008544710725578983
0.0008417116338469392
0.0008276604319645553
0.0008121523515135975
0.0007968637846462616
0.0007814515709317181
0.0007628798961381025
0.0007411035910519308
0.0007173548652566966
0.0006908667443633297
0.0006638360270532009
0.0006363952494054508
0.000606807732677581
0.0005755517459929445
0.0005449419427719578
0.0005150078957826455
0.00048499395740849544
0.00045551101971729856
0.0004247936794168461
0.00039279785609755544
0.00036094463433746215
0.000328887637795108
0.00029556267527570983
0.00026105957925136097
0.0002256721241698801
0.00018916709356308394
0.0001525778146590208
0.00011596424352387568
7.86355354036581e-05
4.083413913792635e-05
3.1521914240244245e-07
-4.320519889867368e-05
-8.848724314170974e-05
-0.00013618430388984926
-0.00018515735784528582
-0.0002353268005609562
-0.0002878489511391136
-0.0003425077219913961
-0.00039745171505288024
-0.0004526880792333702
-0.0005089832660143317
-0.0005658905515422503
-0.0006248185978794048
-0.0006858731183052804
-0.0007479953227577089
-0.0008115114321963703
-0.0008658748057253048
-0.0009098935394234145
-0.0009487401829479493
-0.0009793215627227464
-0.0010074355305969437
-0.0010333120194980711
-0.0010512179779564178
-0.0010621798090076932
-0.0010741663185873487
-0.0010869842454327909
-0.001097317230495312
-0.0011069980336275034
-0.0011096068721052916
-0.001104588321978264
-0.0010965308604083174
-0.0010838720561696929
-0.001073433009177764
-0.0010662873179350183
-0.0010580058488729072
-0.0010505880658261747
-0.001041018607091366
-0.0010289334280370024
-0.0010176003309364248
-0.0010063935055078476
-0.0009884697659440053
-0.0009636684545454963
-0.0009348653577535837
-0.0009003149440364072
-0.0008648228684448934
-0.0008286881949056159
-0.0007880483530298989
-0.0007439451517979418
-0.0007047309587661806
-0.0006707890701216336
-0.0006389169522427439
-0.000611396298944304
-0.0005824594645492578
-0.0005519326689152748
-0.0005247351436290776
-0.0004997598955455094
-0.0004723565234235725
-0.0004427880086044913
-0.00041262402959740184
-0.00038081968843898097
-0.0003515363974104802
-0.00032505931865186086
-0.00029852160179715144
-0.0002729109855547492
-0.00024117996596476076
-0.0002023747639145806
-0.00016056632481455864
-0.00011369665738893957
-6.520929144105536e-05
-1.5383919044486982e-05
3.93420186580285e-05
9.830365047084626e-05
0.00015536279116370465
0.00021049570091229435
0.000266261259760117
0.00032115552715017274
0.00037974514140653526
0.0004423596827868307
0.0005055048349436418
0.0005702217290047839
0.0006246938195159385
0.0006673327855936521
0.0007044197068147813
0.0007324258012898962
0.0007573028568140096
0.0007793411778017005
0.0007923206745479106
0.0007972752276199456
0.0008039909575414408
0.0008123319748239056
0.0008180839300898735
0.0008235304013073777
0.0008210410634260034
0.0008099435474086538
0.0007957907751080428
0.0007767337849273425
0.0007595867816814165
0.0007455246107508361
0.0007299082350001875
0.0007147581408875107
0.0006972697461374616
0.0006770584218493958
0.0006573068685499894
0.0006374289167191565
0.000610167403179205
0.0005753168294037244
0.0005359758765152797
0.0004902819870196511
0.0004432465396643786
0.00039518354181067495
0.0003420237576988557
0.00028484861739602757
0.00023422603449938607
0.00019073262095963009
0.0001501492431850422
0.00011538701406851808
7.934925150241419e-05
4.1807851008793614e-05
8.914252504391932e-06
-2.0686841371447422e-05
-5.316162175359135e-05
-8.820132026473471e-05
-0.00012364802316616787
-0.00016089692460085115
-0.0001945362126969398
-0.00022418456060464703
-0.00025360149780517
-0.0002815014066504246
-0.00031644731897072855
-0.0003596253023111571
-0.0004060237929943678
-0.00045814820473822135
-0.0005118711765894663
-0.0005668444288975816
-0.0006273716081966399
-0.0006926536126261535
-0.000755110058084206
-0.0008146970954398006
-0.0008745858832470412
-0.0009329129837251372
-0.0009952848739024052
-0.0010621040963054486
-0.0011290626437353369
-0.0011974348883695622
-0.0012550717283091688
-0.0013002585616151286
-0.0013395972219193285
-0.0013694372895043513
-0.0013957255885961323
-0.0014187667767275578
-0.001432225837850442
-0.0014371260202478578
-0.0014437919978597385
-0.0014521056477058356
-0.001457575323588943
-0.001462616895673675
-0.0014592456090477615
-0.0014467510335001033
-0.0014309669700162471
-0.0014099582451935157
-0.0013904887430202144
-0.0013737560617531996
-0.0013550787148684416
-0.001336467703570104
-0.0013152035395421879
-0.001290894072565332
-0.001266669707268229
-0.00124195805414783
-0.0012094079891102492
-0.001168797173997113
-0.0011232751706114913
-0.0010709493102086702
-0.0010168637241879008
-0.0009613321271359704
-0.0009002396407694783
-0.0008346706398335148
-0.0007759258964038239
-0.000724646309148485
-0.0006762670996448651
-0.0006339063426883459
-0.000590029340051312
-0.0005443868612447472
-0.0005035345240236841
-0.0004660331384111272
-0.0004252005927816896
-0.00038135719956960013
-0.00033685916525000444
-0.00029018959396733397
-0.000247177826712737
-0.00020823495555524367
-0.0001692975384611733
-0.00013174850392494433
-8.652670093887101e-05
-3.236633957394166e-05
2.5414355132821158e-05
8.9470063492927e-05
0.00015545474717049433
0.00022300032591301535
0.00029665468193960123
0.0003755780357818082
0.0004517173784529266
0.0005250246678422633
0.0005988761812911495
0.0006712926490763571
0.0007482252626759668
0.0008301033750463558
0.0009123538102165115
0.000996330382302903
0.0010668020184671399
0.0011217089842897857
0.001169151985490898
0.0012045764789154832
0.0012356325210563352
0.0012626893446525303
0.0012777309682595736
0.0012820810131598669
0.0012883768520414876
0.0012964407879731098
0.0013008187376871002
0.0013044566029717472
0.0012974988158333126
0.0012790717444008672
0.0012563416590841256
0.0012269166382203776
0.0011995839881294443
0.0011758556464400345
0.001149740205782701
0.001123840149268403
0.0010945332527368139
0.0010613185060983552
0.0010282974468896443
0.0009947093376667976
0.0009511817757229984
0.0008974445725079425
0.000837493303466394
0.0007689189820719688
0.0006981852106126912
0.0006256926437561665
0.0005461841078947166
0.0004610507295313625
0.00038406561619662547
0.0003159824148339355
0.0002512863778396344
0.00019377028512414886
0.00013419082988402336
7.224621500165129e-05
1.5947611633336475e-05
-3.647295888660768e-05
-9.307746361421003e-05
-0.00015346893236023093
-0.00021482653616424372
-0.0002789781247879901
-0.0003388621808841622
-0.00039398416764480966
-0.00044925842001051895
-0.000503010390208892
-0.0005663909280756984
-0.0006409496365839773
-0.0007201629509361278
-0.0008072965899762171
-0.0008969851478755761
-0.0009887787886341131
-0.0010882823176675527
-0.001194460053432841
-0.001297440860011101
-0.0013971707783992653
-0.0014977856432987933
-0.00159686156857467
-0.0017017043311999705
-0.0018128420967202861
-0.001924667167899752
-0.0020388430578802247
-0.0021379051454689536
-0.002219454543967698
-0.002292862237553196
-0.002352898214993847
-0.002408252500695013
-0.0024593571422648836
-0.0024970549246156513
-0.00252284870979984
-0.0025513689138586407
-0.0025824277184561474
-0.0026096953538847605
-0.002636589576653138
-0.0026517428621731128
-0.0026541487631373847
-0.00265209338040027
-0.002642821554649121
-0.0026362737608653466
-0.0026341817342022808
-0.002629733342291488
-0.0026258789739222847
-0.0026185637742714594
-0.002607220328126329
-0.0025964748856219834
-0.002585477394665494
-0.002563554492814908
-0.002530395393492418
-0.002490563173969627
-0.00244131477314502
-0.0023900014438092104
-0.0023370821244307186
-0.002276575953563116
-0.0022100666361109553
