0.002522580778160863
0.0025385129896844175
0.0025582964340485517
0.0025828500898082227
0.002601351951811771
0.0026168803248968835
0.002626596718684166
0.0026289687746142818
0.002627485185903481
0.002620975831783599
0.0026084234491261745
0.0025899648822520233
0.002564944984542065
0.0025330349601281246
0.002500156569735458
0.0024665541978452477
0.0024290187188975563
0.002389006516825726
0.0023427696761562805
0.0022898633685941986
0.002233294951093163
0.0021721350962265076
0.002104384267584401
0.0020301304333722
0.001949587737248502
0.0018622243026188846
0.0017697598388095965
0.0016721321755562362
0.0015679776096921517
0.001457578632453398
0.0013408978026173033
0.001217706680722428
0.001088141761466664
0.0009520892914403207
0.0008090716094306123
0.0006590024824003011
0.0005019519530082047
0.000337738720205381
0.00015895855250575865
-3.523838387712907e-05
-0.00024160432776050602
-0.0004623766405503383
-0.0006934329959043269
-0.0009347524484048098
-0.001190515487690294
-0.00146008610764657
-0.001738323724076822
-0.002025509121862874
-0.002323902919686642
-0.002632425546750578
-0.0029555244043413943
-0.003293689107170311
-0.0036439799377749106
-0.004007572432884344
-0.004379143196920073
-0.0047580119716726646
-0.00514768594092632
-0.005546697739628175
-0.005957696282186377
-0.006381070637461994
-0.006814275003339424
-0.007257945380645373
-0.007717402272708355
-0.008192859259411295
-0.008682269923558526
-0.00918706834598593
-0.009703657444710103
-0.010231920193190244
-0.010774925510741329
-0.011331978681153761
-0.01171053049006656
-0.011891221512371897
-0.011963666481262306
-0.011871960910215496
-0.01172719230318112
-0.01153317838603656
-0.011183222464658447
-0.01069713405235355
-0.010212095885366469
-0.009723748477527334
-0.009176290909848488
-0.008600916447603413
-0.007884560823566488
-0.007017510880144458
-0.006079528445945561
-0.005042977536732094
-0.004040904889055955
-0.0030931886539984064
-0.0021155174908923827
-0.0011466299495391272
-0.00012555771256500493
0.0009546356916561973
0.002029409345803303
0.0031114100462789635
0.004330004377196373
0.005687921273784645
0.007131348156261214
0.008693201956491172
0.010281858066507736
0.011891677473954127
0.013595970015919974
0.015374857375499604
0.016752207864957677
0.01768799655691636
0.018391343249436
0.01872636397424936
0.0189842037706676
0.019174197710352246
0.01902721951480654
0.0185963757707883
0.018197676487485874
0.017818813612071865
0.017336590830973574
0.016822465793634632
0.016009770496694806
0.014876659317162966
0.013609647893800897
0.012143899178546034
0.010831347243479218
0.009722595128302697
0.008601330280927199
0.007569965767622494
0.006463035812643374
0.005263519471738327
0.004144605670318063
0.0030726722994801154
0.0017178420687655308
7.482172536259064e-05
-0.0017194018601127477
-0.0037479022090541637
-0.00577351191313166
-0.007780984967907085
-0.00995764486278187
-0.012251317876844227
-0.014042612739156309
-0.015289905217099085
-0.016246666247008542
-0.016738961218668337
-0.017167835359585763
-0.017544611763391203
-0.017511341820193427
-0.017142225881268104
-0.016815137816107457
-0.016511323653264062
-0.016090622239329763
-0.015637406380949615
-0.014822316575747197
-0.013619361066955629
-0.012255496255642182
-0.010650677417541722
-0.00929628897100716
-0.008259776780539943
-0.007247213372925889
-0.006401077913553087
-0.005483720239604815
-0.004472525890626713
-0.0036123537136884343
-0.002855346853381402
-0.001756317293259999
-0.00030984711559342863
0.0013003925648531454
0.003185767698609237
0.005022317652329719
0.006788898584001905
0.008739127251576665
0.010801225387703589
0.012398431958696563
0.013500669175166298
0.014327336303807389
0.014718643011568232
0.015066885670127782
0.015381519800382423
0.015322186288335145
0.01496202538411742
0.014624109012518045
0.014288289832214588
0.01384093316786625
0.013352913938260842
0.012532209540703936
0.01135635589780705
0.010022932648395681
0.00846074411314316
0.007157941851691218
0.006178601043015557
0.005236929008726304
0.0044738193065330615
0.0036472084863925524
0.0027352521706438563
0.0019835764652435684
0.0013435307892486132
0.00038490853573025226
-0.0008963680215018547
-0.0023242834335982284
-0.004006058003570129
-0.005625858959521889
-0.0071631022406159674
-0.008863703464136972
-0.010657502013126855
-0.012043993715803544
-0.012999736381107805
-0.013709354392618441
-0.014034744903271595
-0.014322356300674412
-0.01457983668904585
-0.01450934055522892
-0.014175479780557986
-0.013849339875839405
-0.013512410384098594
-0.013071262913827337
-0.012584799081103309
-0.011804021406227381
-0.010709813599123666
-0.009469136957034637
-0.008021081466533806
-0.006800961720992901
-0.005864838911299652
-0.00495967019799438
-0.0042107894192943505
-0.003400142858825541
-0.0025083086716090686
-0.0017550512028182913
-0.0010964641668834672
-0.00015251317444361993
0.0010801582477710852
0.0024467544432288063
0.004041965187694354
0.005586107489701909
0.00706109563618074
0.008684506789566365
0.010394260422835757
0.011721135784967517
0.0126416783912422
0.013331591183382023
0.01366100005542303
0.013951608371133515
0.014210705184638498
0.014160137853958416
0.013859772216518672
0.013568642620533398
0.01326980331014534
0.012872745313512936
0.012433961640636818
0.01171742044319088
0.010704857856300204
0.009555131154563247
0.008210511447791531
0.007075131286760644
0.0062014206731370765
0.005353559681163304
0.0046479763696967435
0.0038830136477050743
0.003040526186789404
0.002324200317559201
0.001693396307147706
0.0007935287345615222
-0.00037873129924059854
-0.0016787775622486656
-0.0031950382272415106
-0.0046670113312802875
-0.006077873558564352
-0.007630523206452398
-0.009267185577478144
-0.010546692393974233
-0.011446869603306044
-0.012133392564838722
-0.012484158683355265
-0.012801313999690912
-0.013091810654759686
-0.013094329088879315
-0.012865142697503038
-0.012648461243796219
-0.012428474311956667
-0.012119806532268329
-0.011775799806797379
-0.011174301213330419
-0.010298171694522544
-0.009297121717942914
-0.008116873768963202
-0.00713647988152424
-0.006405240824074207
-0.005701920335598858
-0.005135780661998551
-0.0045179215729960675
-0.0038313741299166593
-0.003267154921130743
-0.0027872427070684243
-0.00205889926112256
-0.0010790351298723948
1.6528462171080895e-05
0.0013107336452310948
0.0025590876723730446
0.0037457414576420843
0.005061044414963348
0.006450727802885639
0.007526127175011231
0.008268994236740185
0.008822881404917283
0.009080548886788305
0.009310952288757845
0.009520074048594927
0.009476680967724548
0.009230956180880297
0.00899380110075325
0.008750905058430828
0.008429560315431532
0.00807563703998848
0.007495611060413947
0.006674653984542969
0.00574263516298051
0.004652246058420216
0.0037416980522462866
0.003054598947534148
0.0023943930946390872
0.0018584914206037381
0.0012775689258314954
0.0006365792266306729
0.00010627870279139934
-0.00034739250292360556
-0.0010196835991264767
-0.0019131652528136343
-0.0029075074697383157
-0.004076244314494371
-0.00520202809326813
-0.006270763143820725
-0.0074514628143747385
-0.008695850052427607
-0.009675790891976592
-0.010376775656342775
-0.01091822809055697
-0.011209825728291937
-0.011480611578189135
-0.011735506527618383
-0.011778531550326807
-0.011652466426111436
-0.011532380317282327
-0.011405900174894394
-0.011213376867952237
-0.010992729857463109
-0.010582069223627295
-0.0099690433289546
-0.009261866251164584
-0.008420928140752112
-0.007735205739280894
-0.007241664399092027
-0.006772960738556637
-0.006412256370235962
-0.006014273483418143
-0.005566209418924865
-0.005214194935606357
-0.004929010522878668
-0.004459550171520065
-0.003803737475938878
-0.003063750266395705
-0.002177083159629795
-0.0013288568221479509
-0.0005310665413412028
0.0003601201018814817
0.0013035720059168061
0.002154765048719384
0.0029151917973065985
0.0036234608686218106
0.004241932487352212
0.004888427023286734
0.005564512162410396
0.006177903601472563
0.006751341403189068
0.007337257379559939
0.007928182461677544
0.00851287275643785
0.009101676569877853
0.009636317814208997
0.010113199888121246
0.010568385267079684
0.010987650514813927
0.01152493776470793
0.01219793898549002
0.012922875907033457
0.013743778153948888
0.014579088419340674
0.015422817737934493
0.016354829236909802
0.017359056982709672
0.018311803301877583
0.019213317794638994
0.0201131934222781
0.02098121186181035
0.02191140225215604
0.02291014262970976
0.023906040191011176
0.024920391239192926
0.025621929981208637
0.025968955620847303
0.02613175109643969
0.02601204212813821
0.025782611925702102
0.02545108247426206
0.024840764276617848
0.023981803233931922
0.02313777177822681
0.022303740621214447
0.02136750273511763
0.020390077985515058
0.01916294281762843
0.017667707996496862
0.016054733574869442
0.01427327531691032
0.012521413516740696
0.010831961251434895
0.00907215473878092
0.007300316704264152
0.005432293036035363
0.003456922905699718
0.001467527166944631
-0.0005535961052422296
-0.0028129432202388155
-0.005316180069734689
-0.007975955667817773
-0.01084529541534188
-0.013781036421565038
-0.016774422966115293
-0.01994162031493927
-0.023251840131723343
-0.02594820733482987
-0.02796746498722133
-0.029642948451719792
-0.030758992989039016
-0.031778781755461456
-0.032717659393738094
-0.03314822667066484
-0.03315535363259555
-0.03324175986167516
-0.03338831496039113
-0.03339967006909868
-0.033389842176854034
-0.03293543661479565
-0.0320021790408414
-0.030886957663426355
-0.029487166742927035
-0.028359882006007024
-0.027585695067161135
-0.02682252246467277
-0.02623278812071044
-0.02555550934978584
-0.024764130805814622
-0.024132851982899956
-0.02360895567970443
-0.022670544367934673
-0.021309587968633234
-0.019743453368301776
-0.017840994515551295
-0.015977993572823954
-0.014178986643000146
-0.01214782632061389
-0.00996748610177498
-0.008123135673918432
-0.006630026385452413
-0.005318995485520759
-0.004321350262810672
-0.0032862309671713875
-0.002205623543974054
-0.0013723278078393419
-0.0007194527804446546
-4.552109700533847e-06
0.0007536490605850125
0.0014784836187147102
0.0022225208130507252
0.002756710956207095
0.0030650750655499778
0.003300344244783198
0.0034072418181485013
0.0038238130858381627
0.004605762589475657
0.00550378222365783
0.006644412579754679
0.007806583815903461
0.008972283950275906
0.010364520655791064
0.011939734356312529
0.013324865209656556
0.01451844775376712
0.015673131847698408
0.016697059302861594
0.01786842169589966
0.01920625075917884
0.02049694690131493
0.0218032511729165
0.02282130865831246
0.02349653689571536
0.02401605798463758
0.024285585753605298
0.024428374238985424
0.024453356655690303
0.02421149768021156
0.023722816395519254
0.023283366706695136
0.022893610856722618
0.02241874168942973
0.021929180639719128
0.021205819271942306
0.02022844421258488
0.019160916346351014
0.01795030165363065
0.01672328471742493
0.015507787093746384
0.014203473494031496
0.012849070724320654
0.011404938016780051
0.009862198985620914
0.008274665832645066
0.006633467900614773
0.0047766815983640186
0.0026972793393185346
0.0004667273841149855
-0.0019574919450908177
-0.004469227293922111
-0.007062061736955222
-0.009825365741533948
-0.012736833928500812
-0.0150488600113668
-0.01669656454934305
-0.018015297375004295
-0.018791668030182795
-0.01947748035461703
-0.020088695696341342
-0.020205806178369094
-0.019911755883138156
-0.01971222115286502
-0.01958952124488359
-0.01934595264442816
-0.019096858231183067
-0.01842006252413063
-0.017281578522272682
-0.015979176567300628
-0.01441090885930798
-0.013113940460718515
-0.012167449660276337
-0.011239586958836584
-0.010487464245444096
-0.00966238379056292
-0.008738833152092312
-0.007980386143896762
-0.00733703111860434
-0.006301429043766411
-0.004865656403335732
-0.0032420631337489493
-0.0013032590993310497
0.0005859605760704422
0.00240145211298058
0.004430629776232318
0.00659275658818779
