-0.014118867317853577
-0.00834350295735136
-0.0025247896508533776
0.0031897228389984925
0.011447181028173386
0.021644775490744995
0.026925349115259747
0.026975642979009725
0.024657510901279794
0.01813408953625393
0.012097783952471772
0.0067729804904233006
-0.00178456032931376
-0.012620021493373887
-0.019446584644463267
-0.022169540615442317
-0.023150585969292623
-0.020769943481638565
-0.01974004277578764
-0.02028078416515006
-0.018656692023134663
-0.01585712079237403
-0.013082298857192075
-0.009981464010432924
-0.006638249514320042
-0.0032436696565604885
0.001899131746213956
0.008848529149863928
0.016647428454759215
0.025698188413493
0.030309287931162072
0.029858363746105752
0.027340915409163388
0.02113101670571507
0.014300253951763027
0.007049784870906172
-0.003605555024438528
-0.017070795891971725
-0.024490543830536594
-0.025442757261606996
-0.023769648312389962
-0.01711260577369147
-0.01142465520992442
-0.00703258779983705
0.0010745989762777272
0.011663586355163909
0.017373816354151136
0.01813598701930139
0.01662677254666901
0.010959059524352216
0.006724531948741018
0.004170716567866757
-0.0011046559151651914
-0.007930568480660358
-0.011568722624412362
-0.012088015377388026
-0.010939849423503656
-0.006928838829340308
-0.003961324456757768
-0.0021682532006092265
0.001422454628359746
0.006000375820696866
0.008273891787065056
0.008270324786837278
0.006997006111730926
0.003611851111117819
0.0008187129216009994
-0.0013003150598380436
-0.004822573205809039
-0.009194733248957872
-0.011468718151247826
-0.011604903366804573
-0.010626677363864832
-0.007763696991384842
-0.005288706209646474
-0.003281768509509117
6.141552581317099e-05
0.004278298348887784
0.007016625156512519
0.008273316611621347
0.008858819236518255
0.008173158726770631
0.008074370651814228
0.008638899655012357
0.008427456941452216
0.007829510836644958
0.0069203116421447716
0.005529188698871182
0.0038772225164948717
0.0019288711428406546
-0.000749431320986698
-0.004168368937031103
-0.00816666662161515
-0.012857169810742355
-0.01492222611078153
-0.014039919940883603
-0.011868939360073924
-0.00747022481665616
-0.002733346271310322
0.002231932285322759
0.009206725872866249
0.01782449285759258
0.02237923519897539
0.02256954821608052
0.020874077966173122
0.015757317314955072
0.011013763387583505
0.00684021820695425
4.125243900160707e-06
-0.008720388318139972
-0.014425568626724485
-0.017063183296071302
-0.01846159588992786
-0.01736810369859123
-0.017500662461410545
-0.019038576979380165
-0.019063509244629653
-0.018363471328524946
-0.016835476542509702
-0.014107320714072504
-0.010749346014910049
-0.006615314917165831
-0.0009871548164498692
0.00614945681878542
0.01461509593974912
0.024607778144313152
0.029918654932219756
0.0299718632756504
0.02787267805331757
0.02187836106270085
0.015568682463619827
0.009163443209454248
-0.0006691270228659535
-0.013221810343232528
-0.02047417255825531
-0.02212254392128427
-0.021536077472980548
-0.01660422004933785
-0.012887158534603732
-0.010685364986093836
-0.005409971147097054
0.001776137021033834
0.006343129220237297
0.008435947286299756
0.009434131572158886
0.008237168551002701
0.008683777364811737
0.01093537713156697
0.012163782469243283
0.013196987482405331
0.013182791193240236
0.011719161055240875
0.009781523635686948
0.00703983341362675
0.003252221529477262
-0.0015391005106714793
-0.007535552415340398
-0.014816875287493533
-0.018928967703560017
-0.01951344528386172
-0.018763469608018984
-0.015453631597219448
-0.012232293724476352
-0.009272377134411033
-0.004179854857661814
0.0025059509575842864
0.006626878792095026
0.008111463524188008
0.008592149150598043
0.007004054462757359
0.006399344806331373
0.0069398447093869465
0.006200701109884179
0.0048324804893076735
0.003826667177765358
0.002983057398231738
0.002269749072828238
0.0018775465693259498
0.0005998235514053806
-0.0015969632367512589
-0.003973181065134721
-0.006801795020026827
-0.008122226337151543
-0.0076822525935937025
-0.00661189081731642
-0.004345757051359638
-0.0018368192462169112
0.0008336557330260494
0.0046441757508346795
0.009407586741638586
0.01166464109205737
0.011223496723391043
0.009609828841870048
0.005891521090138455
0.0023323009637145013
-0.0009469530512350035
-0.005888691162180831
-0.0120312805745166
-0.015000909757316107
-0.014623845578943398
-0.01266822607756232
-0.007967843532107397
-0.0035719729075893744
0.00038225884234792656
0.006433938180493123
0.013963815141856437
0.017663615046221683
0.01734027432287219
0.015099728093426457
0.009529926476195539
0.004388459743224803
-0.00016090668482798625
-0.007224805451505703
-0.016039671720468867
-0.020515100759728
-0.020453320615450334
-0.01823600342560527
-0.012250585860018348
-0.006862905387630221
-0.002262168351830782
0.005133332190797293
0.014432888803334834
0.019359827579173053
0.01975688989198203
0.01800979789669009
0.012471370293169103
0.007743467280271019
0.004022846202134125
-0.0024138475064859506
-0.01062151230892592
-0.015077105888662339
-0.015709337450732254
-0.014508140518635356
-0.01004369393238588
-0.0065172427038126665
-0.004101118548798971
0.00053247003059989
0.006514104638373737
0.01003978389437676
0.011148400041393879
0.011061719748845756
0.008819771468154549
0.007519833978350445
0.007277993607703113
0.0057308841553716065
0.0035268058273738518
0.0020254595172140505
0.0010784075736765774
0.00047914527618382255
0.0005332960020815155
-0.00018005042031818833
-0.0016976446360496855
-0.003063629367354222
-0.004585418047814101
-0.005950625564727802
-0.007035773191550136
-0.008210026557980764
-0.00936740391662974
-0.01044214258577108
-0.011464986471922036
-0.012374597661204443
-0.013158859728574142
-0.013144828248387728
-0.012240520150659412
-0.010743789132853409
-0.008443356033712176
-0.005711203308255968
-0.002544507049436857
0.001446853982726157
0.006209936317800536
0.010196478240874891
0.01332657022448458
0.016318810858096174
0.01876450418348487
0.02169621871676548
0.025185205733289494
0.028368832375916097
0.03147002203884447
0.03134573575755285
0.027560702374232436
0.021730344823320244
0.012900583560801846
0.0026467506305484024
-0.008979661770780254
-0.023657274558477548
-0.04113113919531613
-0.050361228762338686
-0.05053465106412401
-0.04674691504735949
-0.03594783531046995
-0.025030845704561943
-0.014358973132354977
0.002203892127695854
0.02328738038494761
0.03512609131209463
0.037227488972561326
0.03525682008507721
0.025588834554838416
0.01788191766316118
0.012630400517548743
0.0018900327262057926
-0.012330276680681705
-0.020172133516416627
-0.02168254491212125
-0.020201925736328855
-0.013240908921433812
-0.008617395009421424
-0.006656259164983187
-0.0013429674307383049
0.005676027460909776
0.009469164090677077
0.01026335178142157
0.009270174646514105
0.005283555652768798
0.002743994405081883
0.001771265073253083
-0.0008727126370507694
-0.004261802028742816
-0.005767426785256988
-0.005494351618119263
-0.004047506408572924
-0.00076837134831419
0.001951497470434872
0.004066864743793705
0.0073418406178293915
0.011291105806403919
0.013090701078659122
0.012666325933755896
0.011023804703931212
0.007409182182011935
0.003944020091357629
0.0006956411225868068
-0.004059852467455802
-0.009900592131074188
-0.013367567610490561
-0.014344994638972649
-0.014198090733721845
-0.012010871412445343
-0.010267466714992316
-0.009079094535853064
-0.00641036438712902
-0.002770449701573316
-0.0003327603295252904
0.0009548832369192578
0.001792799357088466
0.0016492573340712818
0.0023383117246168227
0.003942426754709492
0.005115541030118773
0.0062509442612788775
0.00697595024140613
0.007102410139726408
0.007079341733812991
0.006759120746331703
0.006011043182604615
0.004854860832157956
0.0032112383071032646
0.0010397906203050361
-0.00036209911497066304
-0.0009052858879555993
-0.0012496609738617502
-0.001049941915690106
-0.001090200023801427
-0.0014353691409211464
-0.0014012961034427635
-0.0011588275000243863
-0.0012271118473184137
-0.0015679462398205642
-0.0020495454719971777
-0.002790158667493727
-0.003318565091891547
-0.003614948554284867
-0.004008737022958792
-0.00439568829150338
-0.004231935688882816
-0.003493616002001218
-0.002358632417050125
-0.0006742089946042937
0.0011680153220389917
0.0031660156914194233
0.0056565114510358705
0.00857008756532918
0.009690223174649458
0.008843614718538645
0.007034022458029891
0.0036404751333602428
4.32661431273853e-05
-0.003695870149923083
-0.008821531198939768
-0.015067683588460027
-0.018117505247271952
-0.0177214944641857
-0.015757234165675527
-0.011051565187722616
-0.006449345207938438
-0.0020899352646684354
0.004476923669246002
0.012679271261089125
0.017475460238787446
0.018701802446187563
0.01838063861047991
0.015185095213051805
0.012703040055155834
0.011107231022728396
0.007461229080603259
0.0025075170538762497
-0.0007010749917222432
-0.0022432679103076354
-0.0030794273891540506
-0.0024621105174534577
-0.00294931121488973
-0.004651266108326188
-0.0056697245960546355
-0.006555905611331771
-0.007256130427356511
-0.007551416823360576
-0.007849400020245291
-0.008077432338725092
-0.007775648088291342
-0.006959643693105376
-0.005777846306194768
-0.004121986512225239
-0.0029130608038686404
-0.0022265052999913037
-0.0015321567043212851
-0.001072044180148377
-0.00034127762460750045
0.0007194403957868615
0.0016585169630957187
0.002593895409678096
0.0035890175527338065
0.004593630075234792
0.005660227532504952
0.006788787914539414
0.007841140734521666
0.008815476770590986
0.009774331972004766
0.01068432103303405
0.010419799523989923
0.008863335283349358
0.0065114344657159935
0.00303068374043021
-0.000925054134344638
-0.005344647727053615
-0.010866083517556899
-0.01738045637548526
-0.0203706692217566
-0.019488251724133095
-0.016807829684319053
-0.011071084409752099
-0.005081262530255074
0.0010243629378543933
0.009764523688838185
0.02059109729359709
0.0261840390616016
0.026178056301230154
0.023697598474700737
0.016775721680125616
0.010346805971691478
0.004657281649234197
-0.0044713540555591435
-0.016033877564685634
-0.02254095486849177
-0.023810103534437792
-0.02273637924974485
-0.017364936780629503
-0.013159914421608845
-0.010373181871791317
-0.004594373482761124
0.0030427724363172245
0.007607332219156561
0.009171710137145196
0.009320170244483558
0.006820640635347754
0.005708682543570985
0.006145080717855125
0.005074840024466711
0.0033514557547656325
0.002199271454096729
0.0013808378401480323
0.0008981131870349668
0.0009988513984445324
0.00016589459899464808
-0.0016259912375528453
-0.003429305835500382
-0.005575436662550316
-0.006640610134450282
-0.006402440181247036
-0.005775912093181763
-0.0043439127071870755
-0.0026845054966667236
-0.0008659370203837269
0.0017706362351952
0.005111011090745638
0.007102158862160938
0.0076494457934063766
0.00766200370402406
0.006597826860889767
0.005820214077544466
0.005411240344042079
0.004225697377902489
0.0025503112396707984
0.0015464544462531634
0.001179473029096336
0.0010879937002308895
0.0015542833215308827
0.001605521853854535
0.0011995172092021816
0.0010555768960612212
0.0009635560062653535
0.0001809374817347513
-0.0012885653619611518
-0.003244384720728711
-0.005881875566116867
-0.008591237126217035
-0.011364641780006911
-0.014680988837745719
-0.018422901425631265
-0.0195342059925343
-0.017767466089875096
-0.01448309187741299
-0.008816615650809262
-0.0026637554025755925
0.003902860990586544
0.012610138799681776
0.02310197924874187
0.028600157507229735
0.028685348570873723
0.02634859332465764
0.019739340657985386
0.01327079630955511
0.007162189972182711
-0.002417507080890266
-0.014583776677035556
-0.021302758756961315
-0.022308467238098543
-0.02084438746773
-0.014796598409132814
-0.009865192456611981
-0.006329575617523781
0.00047895466126620994
0.009378623031526733
0.01412258081528089
0.01469164271179809
0.01326149487221101
0.008237068295668889
0.004478686793023911
0.0021868199509944854
-0.0024269668400419674
-0.008347196547797569
