step, usd->oil, oil->usd
Band: usd 0 oil 0
Linear p-values:
1, 0.9400597510434767, 0.08210131274310094
2, 0.009107572631029853, 0.007306107768027999
3, 0.33840793646258766, 0.1504072862335698
4, 0.34928912619496716, 0.16172084282800325
5, 0.5988733071564267, 0.2824215329293725
6, 0.33482145565400023, 0.16906805827286894
Nonlinear p-values:
1, 0.12147, 0.60152
2, 0.16254, 0.61272
3, 0.161, 0.55928
4, 0.16534, 0.38544
5, 0.15354, 0.37213
6, 0.14911, 0.35284
Band: usd 0 oil 1
Linear p-values:
1, 0.3918404254425498, 0.4578869530801718
2, 0.7650250494511082, 0.7012558873077801
3, 0.9278383600768877, 0.9540005042138615
4, 0.9745999606156771, 0.9869984400333426
5, 0.9938207354705375, 0.9981550872047259
6, 0.9974043697374866, 0.9990017545522346
Nonlinear p-values:
1, 0.89095, 0.68993
2, 0.84253, 0.72583
3, 0.81279, 0.69594
4, 0.79188, 0.63297
5, 0.78869, 0.65926
6, 0.7932, 0.68403
Band: usd 0 oil 2
Linear p-values:
1, 0.6789082494156837, 0.3007879863855997
2, 0.748002078342973, 0.6500895128341058
3, 0.9410650619320237, 0.8977474347461631
4, 0.9574259711936934, 0.9462739818999532
5, 0.9777718952599701, 0.9467616592620208
6, 0.9681519485250718, 0.9415544552327444
Nonlinear p-values:
1, 0.66006, 0.39729
2, 0.53907, 0.48662
3, 0.48351, 0.43549
4, 0.50398, 0.36524
5, 0.47889, 0.29145
6, 0.37038, 0.31288
Band: usd 0 oil 3
Linear p-values:
1, 0.7530047457910808, 0.4116646569687332
2, 0.8239509669365622, 0.42237351359774444
3, 0.9230676034600588, 0.7451688536953183
4, 0.9139627963830824, 0.8040560703140223
5, 0.6257754168537566, 0.74964750263998
6, 0.3249931676007745, 0.6596346444897352
Nonlinear p-values:
1, 0.77468, 0.03456
2, 0.77767, 0.10988
3, 0.83253, 0.19661
4, 0.79355, 0.23712
5, 0.7491, 0.25913
6, 0.62317, 0.29212
Band: usd 0 oil 4
Linear p-values:
1, 0.9489349783223624, 0.8547389433783277
2, 0.999121144226786, 0.05158286768832501
3, 0.9999213313236607, 0.05678192619269705
4, 0.9281810319843381, 0.08224813805389833
5, 0.9499042005376972, 0.0769022905424656
6, 0.6747946156929627, 0.08857841628556931
Nonlinear p-values:
1, 0.95624, 0.29493
2, 0.80473, 0.42387
3, 0.78211, 0.38621
4, 0.83903, 0.34989
5, 0.8504, 0.33128
6, 0.86309, 0.26268
Band: usd 0 oil 5
Linear p-values:
1, 0.8965471737767051, 0.9882012671169353
2, 0.9801124451951582, 0.44643608532848966
3, 0.4948111138033162, 0.16063402374041832
4, 0.7983788853866481, 0.27561101635413476
5, 0.7011080212546275, 0.21677453198434662
6, 0.3195679543922873, 0.18246436923921922
Nonlinear p-values:
1, 0.97252, 0.51069
2, 0.98548, 0.64234
3, 0.99192, 0.79299
4, 0.99061, 0.68574
5, 0.9807, 0.73957
6, 0.96566, 0.76554
Band: usd 0 oil 6
Linear p-values:
1, 0.9773506200635239, 0.9722415989421924
2, 0.9986062223690994, 0.917499352200293
3, 0.835831408704597, 0.8508095638960815
4, 0.7270255446433807, 0.9185637157037927
5, 0.5097904764005601, 0.8448519841499013
6, 0.5099455847553804, 0.4744488062102865
Nonlinear p-values:
1, 0.93026, 0.2799
2, 0.82494, 0.21629
3, 0.82446, 0.21203
4, 0.81654, 0.10072
5, 0.7701, 0.10116
6, 0.79631, 0.10828
Band: usd 1 oil 0
Linear p-values:
1, 2.800201878641072e-17, 0.00039984135283247614
2, 0.7292946685037005, 0.13367360900202202
3, 0.8263397055594848, 0.6796337026904342
4, 0.8634600177654086, 0.6530956989558928
5, 0.7389592117104085, 0.6554357602602259
6, 0.8329016948150354, 0.6529522979498503
Nonlinear p-values:
1, 0.29261, 0.85191
2, 0.34778, 0.87027
3, 0.31588, 0.87286
4, 0.33625, 0.87961
5, 0.32158, 0.89629
6, 0.33361, 0.91597
Band: usd 1 oil 1
Linear p-values:
1, 0.2157292735752718, 0.15794755708904926
2, 0.8029505761813428, 0.7750304869353462
3, 0.9795662529583374, 0.9616040620737362
4, 0.9909655190258604, 0.985579038710407
5, 0.9978700064477419, 0.9949566407603162
6, 0.9973518643945971, 0.9977925776754479
Nonlinear p-values:
1, 0.97495, 0.92279
2, 0.98293, 0.94252
3, 0.98764, 0.96918
4, 0.9872, 0.98173
5, 0.98803, 0.98906
6, 0.99203, 0.99297
Band: usd 1 oil 2
Linear p-values:
1, 0.2682784972487412, 0.010421363092600854
2, 0.45460490600032144, 0.9775245195976642
3, 0.8411852295798121, 0.9971300656156887
4, 0.8799076000467825, 0.9976814540551058
5, 0.9251688980100834, 0.997245953169407
6, 0.651644320885397, 0.9993884705209223
Nonlinear p-values:
1, 0.98714, 0.99669
2, 0.99082, 0.99602
3, 0.9896, 0.99487
4, 0.99028, 0.99456
5, 0.98125, 0.99629
6, 0.9347, 0.99584
Band: usd 1 oil 3
Linear p-values:
1, 0.8725847012437203, 0.8949798306799637
2, 0.9790648650638626, 0.2100413813563422
3, 0.998527337224255, 0.5422735207417598
4, 0.9987542475166421, 0.648071257889021
5, 0.9990146787210793, 0.7695089307959884
6, 0.9958412035538048, 0.7150265109103808
Nonlinear p-values:
1, 0.99787, 0.64338
2, 0.99918, 0.63915
3, 0.99926, 0.79238
4, 0.99418, 0.88535
5, 0.95764, 0.94498
6, 0.87199, 0.95615
Band: usd 1 oil 4
Linear p-values:
1, 0.9921547758639657, 0.8734840557665722
2, 0.997418948479305, 0.8401302515956133
3, 0.9997546137846782, 0.9535228265543504
4, 0.9998197504567182, 0.9881420660453495
5, 0.9999668334231085, 0.9927917897942974
6, 0.9996349806690856, 0.9988951445667654
Nonlinear p-values:
1, 0.99931, 0.84014
2, 0.99418, 0.7491
3, 0.98506, 0.68562
4, 0.97398, 0.786
5, 0.96533, 0.85704
6, 0.9625, 0.86738
Band: usd 1 oil 5
Linear p-values:
1, 0.9292683491699028, 0.8681829189429878
2, 0.9931768186144175, 0.8652137121577963
3, 0.8870868959450894, 0.7881488573384577
4, 0.9966667138672506, 0.8374156162652794
5, 0.9739408502375744, 0.8520583550215103
6, 0.9055543810535748, 0.9531350786621609
Nonlinear p-values:
1, 1.0, 0.99725
2, 0.9999, 0.99887
3, 0.99551, 0.99955
4, 0.98307, 0.99968
5, 0.98578, 0.99981
6, 0.98721, 0.99978
Band: usd 1 oil 6
Linear p-values:
1, 0.9965697278340043, 0.9739322999729934
2, 0.9993911780775335, 0.9963506604738036
3, 0.999667848759406, 0.9980791718211947
4, 0.9999977255010167, 0.9997091882628737
5, 0.9977880425884756, 0.998075707452281
6, 0.996949305168366, 0.9976634966611534
Nonlinear p-values:
1, 0.9992, 0.99564
2, 0.99904, 0.99339
3, 0.99795, 0.99652
4, 0.99808, 0.99652
5, 0.99779, 0.99673
6, 0.99716, 0.99651
Band: usd 2 oil 0
Linear p-values:
1, 0.10582032990173008, 0.6757044857758272
2, 0.186967985023852, 0.9670641001945288
3, 0.6564957845804977, 0.9978964041541999
4, 0.7877519436611855, 0.9737961601328746
5, 0.8544085184273442, 0.9204280175350098
6, 0.8426854678715117, 0.924955001407653
Nonlinear p-values:
1, 0.01836, 0.1338
2, 0.01604, 0.12435
3, 0.01085, 0.11521
4, 0.00913, 0.11621
5, 0.00841, 0.11799
6, 0.00672, 0.12057
Band: usd 2 oil 1
Linear p-values:
1, 0.0013506629581747902, 0.05901556860418679
2, 0.6523942354496863, 0.48950898303193546
3, 0.8451283719213024, 0.8853969486596944
4, 0.9226290844076488, 0.9144945061219141
5, 0.9103140013592494, 0.9406848816574657
6, 0.9251488783881633, 0.8511368326960105
Nonlinear p-values:
1, 0.39704, 0.7386
2, 0.34953, 0.73492
3, 0.33869, 0.73103
4, 0.34688, 0.69534
5, 0.35647, 0.65151
6, 0.378, 0.65558
Band: usd 2 oil 2
Linear p-values:
1, 0.7042931916707076, 0.9582135752289099
2, 0.44940186199141574, 0.1484567449854838
3, 0.7965063853430305, 0.5519625135150563
4, 0.8383742242507901, 0.5591654616393079
5, 0.9064207226936527, 0.7143017599596908
6, 0.5481054729413557, 0.20598981446991052
Nonlinear p-values:
1, 0.07708, 0.27856
2, 0.06627, 0.37292
3, 0.07498, 0.40968
4, 0.07934, 0.46921
5, 0.04548, 0.52963
6, 0.01872, 0.47514
Band: usd 2 oil 3
Linear p-values:
1, 0.7942544583226776, 0.23466285753938956
2, 0.8107349226901288, 0.08146401137373487
3, 0.953101570384804, 0.3099104022241997
4, 0.9298499752465562, 0.33276568052848565
5, 0.9859404676075948, 0.5078957533381292
6, 0.9349786364370503, 0.19106311937972942
Nonlinear p-values:
1, 0.56561, 0.29253
2, 0.55894, 0.15682
3, 0.59842, 0.11526
4, 0.68479, 0.14839
5, 0.81248, 0.19013
6, 0.81068, 0.23214
Band: usd 2 oil 4
Linear p-values:
1, 0.8782113604435868, 0.818296853670518
2, 0.9209716903395084, 0.011577402528046643
3, 0.979384390236646, 0.03755622963563573
4, 0.9760801347282769, 0.07535705410848477
5, 0.9550326168043065, 0.09977557025483988
6, 0.3943910173460448, 0.3653145217089228
Nonlinear p-values:
1, 0.73753, 0.8612
2, 0.42518, 0.81409
3, 0.47666, 0.8685
4, 0.64784, 0.85539
5, 0.59712, 0.8662
6, 0.52742, 0.85146
Band: usd 2 oil 5
Linear p-values:
1, 0.9273992174148793, 0.7251769154167553
2, 0.9028991953079408, 0.29975965934205906
3, 0.10750445149383944, 0.09659345379377417
4, 0.3199026057519438, 0.3408799678493202
5, 0.2615822027767662, 0.24308683527007827
6, 0.7653034783889604, 0.28575025555741823
Nonlinear p-values:
1, 0.76828, 0.97693
2, 0.54097, 0.98271
3, 0.2798, 0.96878
4, 0.27991, 0.8005
5, 0.21075, 0.54982
6, 0.20816, 0.4946
Band: usd 2 oil 6
Linear p-values:
1, 0.9768416021234124, 0.9080319927353669
2, 0.998141436146201, 0.7040303342885192
3, 0.4924829559833158, 0.5630155386098601
4, 0.08680634204546012, 0.32544819460774066
5, 0.03618518121035706, 0.5057267297206633
6, 0.14067769806721528, 0.2346902928801956
Nonlinear p-values:
1, 0.90788, 0.99588
2, 0.79143, 0.99772
3, 0.81227, 0.99807
4, 0.84652, 0.99894
5, 0.8335, 0.99935
6, 0.83852, 0.9994
Band: usd 3 oil 0
Linear p-values:
1, 0.03634022196242065, 0.949995356224321
2, 0.4428251696103599, 0.6396437704760511
3, 0.9194490415409525, 0.7878558581678076
4, 0.9700054286042067, 0.9106818083611373
5, 0.4924093904508269, 0.45590905145076577
6, 0.20630981719441374, 0.16513290011978837
Nonlinear p-values:
1, 0.64795, 0.01133
2, 0.74868, 0.01214
3, 0.80138, 0.03695
4, 0.78103, 0.09871
5, 0.81274, 0.2057
6, 0.86034, 0.16713
Band: usd 3 oil 1
Linear p-values:
1, 0.8619175036151459, 0.9982271185378261
2, 0.3220276745828087, 0.9660576294572611
3, 0.5757890053959234, 0.9972184965615819
4, 0.7064833352752864, 0.9993948091906061
5, 0.8553114913331994, 0.9998887042984391
6, 0.9020254421164813, 0.9998460987918758
Nonlinear p-values:
1, 0.34845, 0.24694
2, 0.37287, 0.22866
3, 0.38862, 0.18902
4, 0.37527, 0.18032
5, 0.34969, 0.23014
6, 0.39929, 0.1895
Band: usd 3 oil 2
Linear p-values:
1, 3.592902326259006e-08, 0.0034760533798733452
2, 0.5211913159827009, 0.0029548808511876373
3, 0.5245145057078994, 0.032217879588234674
4, 0.5214143612632838, 0.0005286212363848712
5, 0.6445569800430399, 0.0065905045999060585
6, 0.5681564793731841, 0.00011111089104876053
Nonlinear p-values:
1, 0.13774, 0.06455
2, 0.10931, 0.03868
3, 0.05543, 0.01454
4, 0.02607, 0.01159
5, 0.01719, 0.01237
6, 0.0165, 0.01877
Band: usd 3 oil 3
Linear p-values:
1, 0.2528958779743424, 0.27426635914565356
2, 0.6849172800146344, 0.8881562874184299
3, 0.8710546619377378, 0.9652341097582735
4, 0.7464133160478159, 0.9049335630436193
5, 0.7800683904709736, 0.9590346504537338
6, 0.46744282474261845, 0.9148302343293584
Nonlinear p-values:
1, 0.09199, 0.76975
2, 0.12368, 0.57086
3, 0.26852, 0.45765
4, 0.39122, 0.39141
5, 0.3906, 0.36897
6, 0.17032, 0.33193
Band: usd 3 oil 4
Linear p-values:
1, 0.6088496215075604, 0.9626034304574912
2, 0.5623636183248276, 0.14083349075055707
3, 0.7090965567731219, 0.33498052171913095
4, 0.7965813528167658, 0.13168118842561505
5, 0.9467802675359277, 0.26938866961983055
6, 0.1670361522930057, 0.20655044376792456
Nonlinear p-values:
1, 0.00901, 0.07078
2, 0.01172, 0.03572
3, 0.01301, 0.02727
4, 0.04273, 0.0277
5, 0.04366, 0.03014
6, 0.03731, 0.02484
Band: usd 3 oil 5
Linear p-values:
1, 0.8515177021580412, 0.17800362258375632
2, 0.6104560534217636, 0.004884213853842758
3, 0.14643627704386059, 0.0019187653288560685
4, 0.012545607775992626, 0.0018319884007662786
5, 0.04550369714325237, 0.006834525860861705
6, 0.30691170067906354, 0.040244713328961235
Nonlinear p-values:
1, 0.08553, 0.07466
2, 0.06096, 0.04471
3, 0.21368, 0.05114
4, 0.20722, 0.05856
5, 0.16329, 0.06656
6, 0.13254, 0.05752
Band: usd 3 oil 6
Linear p-values:
1, 0.9198080462330718, 0.9505057409220025
2, 0.9911505431141998, 0.7644494958104305
3, 0.8230316225840446, 0.8465832092653636
4, 0.8004022366269178, 0.799969389868467
5, 0.8968883084127534, 0.8522787293233494
6, 0.8860653018125573, 0.8335137421083421
Nonlinear p-values:
1, 0.07905, 0.06579
2, 0.17965, 0.03134
3, 0.33694, 0.02352
4, 0.31318, 0.02898
5, 0.26114, 0.02618
6, 0.16574, 0.02654
Band: usd 4 oil 0
Linear p-values:
1, 0.7152581783602077, 0.9942947940507623
2, 0.7972496383420877, 0.9826187210752751
3, 0.9646861230425412, 0.9794055669885564
4, 0.9836820137562653, 0.9353555679292807
5, 0.9657161095085183, 0.9638935752381398
6, 0.9967345165732877, 0.9755771797341359
Nonlinear p-values:
1, 0.32648, 0.03551
2, 0.34112, 0.04926
3, 0.37817, 0.22222
4, 0.42754, 0.18661
5, 0.42255, 0.11744
6, 0.47305, 0.10228
Band: usd 4 oil 1
Linear p-values:
1, 0.10732429451498635, 0.7671200768442346
2, 0.09021056866511949, 0.29398953425242746
3, 0.11663186793797778, 0.1230126637114238
4, 5.863354907274328e-07, 3.014515409138604e-07
5, 3.532104231618311e-09, 2.2688855896706283e-11
6, 2.003346043268765e-05, 0.00011283929673208708
Nonlinear p-values:
1, 0.32579, 0.02043
2, 0.39548, 0.01141
3, 0.48178, 0.00944
4, 0.51413, 0.01796
5, 0.3554, 0.01516
6, 0.19351, 0.01355
Band: usd 4 oil 2
Linear p-values:
1, 0.7322039378162781, 0.9129879366253092
2, 0.9219817017277806, 0.9468330853122845
3, 0.9763173847558293, 0.9817992746523874
4, 0.8657236577922656, 0.8406348919323499
5, 0.9360448435826512, 0.8726429431246687
6, 0.9627646350273461, 0.7744968021788172
Nonlinear p-values:
1, 0.26606, 0.01027
2, 0.13906, 0.00406
3, 0.09687, 0.00417
4, 0.09784, 0.00538
5, 0.07006, 0.00349
6, 0.09765, 0.00157
Band: usd 4 oil 3
Linear p-values:
1, 0.6415391521947063, 0.7044885200553894
2, 0.9061887225620172, 0.7610054195299991
3, 0.9860134847530118, 0.8701449567497372
4, 0.9825984275561208, 0.8998483484752388
5, 0.9977496456790176, 0.9618038967950558
6, 0.9764118940561229, 0.8692468183128911
Nonlinear p-values:
1, 0.3856, 0.16491
2, 0.36496, 0.05378
3, 0.48464, 0.15417
4, 0.71406, 0.15224
5, 0.91743, 0.10443
6, 0.93485, 0.08982
Band: usd 4 oil 4
Linear p-values:
1, 0.18175388424077718, 0.01836970781982998
2, 0.20501282015695574, 0.002565386044873972
3, 0.39404771404973926, 0.00021053432770211017
4, 0.31012536497435095, 0.0003960654456988154
5, 0.43603407841407604, 0.0004029637858672365
6, 0.4173122567997342, 2.847642870052942e-05
Nonlinear p-values:
1, 0.11574, 0.02588
2, 0.04261, 0.01402
3, 0.02055, 0.00878
4, 0.04616, 0.00952
5, 0.07219, 0.00834
6, 0.07745, 0.0098
Band: usd 4 oil 5
Linear p-values:
1, 0.44975433199828363, 0.060071658708371944
2, 0.39714287132578374, 0.15653036156655598
3, 0.3243638384644361, 0.23976666928090976
4, 0.31722134639277005, 0.3671352500336019
5, 0.43885973241832454, 0.15601111905753856
6, 0.6143146926232899, 0.2126207654494667
Nonlinear p-values:
1, 0.08132, 0.01676
2, 0.30658, 0.00679
3, 0.48171, 0.00452
4, 0.57884, 0.00904
5, 0.63232, 0.00846
6, 0.62774, 0.01161
Band: usd 4 oil 6
Linear p-values:
1, 0.5695249998889843, 0.9924277428860877
2, 0.7856166019529844, 0.25937406737618196
3, 0.7340256075552656, 0.4907928697589079
4, 0.3912872161659987, 0.36688962463469627
5, 0.2623266878265783, 0.06644486085850565
6, 0.278466483785698, 0.07890393267045992
Nonlinear p-values:
1, 0.09323, 0.13164
2, 0.1519, 0.01481
3, 0.07894, 0.00441
4, 0.08731, 0.00382
5, 0.09219, 0.00438
6, 0.10896, 0.00602
Band: usd 5 oil 0
Linear p-values:
1, 0.9493433963873342, 0.9880846370548446
2, 0.872544850485101, 0.9997138175273367
3, 0.8965333073213739, 0.9988995686707369
4, 0.9617509726549144, 0.9990644677228551
5, 0.9891994720537303, 0.9992526726138311
6, 0.9738348223849316, 0.9974817178044849
Nonlinear p-values:
1, 0.72248, 0.28694
2, 0.64232, 0.22794
3, 0.59808, 0.56926
4, 0.74104, 0.58529
5, 0.82956, 0.50541
6, 0.75142, 0.45507
Band: usd 5 oil 1
Linear p-values:
1, 0.8658038554949415, 0.9988645072973109
2, 0.01976028784648292, 0.9979849268529981
3, 0.010483323944663123, 0.9988338352857168
4, 0.03489193606458415, 0.015286141350026218
5, 0.024710908560183677, 0.013422180047110816
6, 0.002511903144915328, 1.651200699261982e-07
Nonlinear p-values:
1, 0.9483, 0.03218
2, 0.89759, 0.02954
3, 0.72754, 0.05168
4, 0.38675, 0.05459
5, 0.15533, 0.04876
6, 0.10634, 0.04702
Band: usd 5 oil 2
Linear p-values:
1, 0.597396722171058, 0.8563734614309502
2, 0.06413431611345566, 0.5200296036559706
3, 0.0004178790091844717, 0.001683981981081839
4, 0.0018700833103175174, 0.3026873849848668
5, 0.0017844488516398625, 0.0008164716946101926
6, 0.0032797644836443946, 5.0447502078010935e-05
Nonlinear p-values:
1, 0.14623, 0.01245
2, 0.09723, 0.07067
3, 0.09868, 0.09306
4, 0.1038, 0.08998
5, 0.09508, 0.05093
6, 0.058, 0.04226
Band: usd 5 oil 3
Linear p-values:
1, 0.4171910875345006, 0.8808817554013533
2, 0.004105805172378098, 0.7709669740341187
3, 0.011872568166567071, 0.7979293627974026
4, 0.08897578194781056, 0.03341811904877455
5, 0.03885717966339205, 0.019712450843395492
6, 0.07705665319993957, 0.00019849015452249076
Nonlinear p-values:
1, 0.54365, 0.13528
2, 0.56386, 0.14237
3, 0.68975, 0.28514
4, 0.8745, 0.28145
5, 0.97103, 0.16421
6, 0.96763, 0.16338
Band: usd 5 oil 4
Linear p-values:
1, 0.5932783872383938, 0.31186681556450113
2, 0.00031188872342657095, 0.017731902287744444
3, 0.00012093131115804914, 0.02828686745092975
4, 0.00021431376619885254, 8.090375817921921e-10
5, 1.0707402473032826e-06, 1.7191761731234815e-18
6, 8.339454123019036e-07, 7.713574817490828e-21
Nonlinear p-values:
1, 0.0596, 0.04111
2, 0.05414, 0.10503
3, 0.13599, 0.16161
4, 0.38777, 0.17484
5, 0.4511, 0.14634
6, 0.45848, 0.14948
Band: usd 5 oil 5
Linear p-values:
1, 0.9705830539529002, 0.7815359303039977
2, 0.5946023311014617, 0.8908950065548923
3, 0.7338031940869344, 0.615509766956801
4, 0.8904562811500832, 0.7116040498851994
5, 0.7517009222248872, 0.7781118431085088
6, 0.9517852046655477, 0.8210142524915627
Nonlinear p-values:
1, 0.14716, 0.97698
2, 0.23827, 0.65638
3, 0.13494, 0.36375
4, 0.15714, 0.41625
5, 0.07241, 0.18909
6, 0.08695, 0.19714
Band: usd 5 oil 6
Linear p-values:
1, 0.6952236464443892, 0.47696949982975134
2, 0.8800006435340435, 0.7076694410276022
3, 0.9027374085339124, 0.7799930122379595
4, 0.8876661425174599, 0.9041090387768795
5, 0.9176652944022717, 0.19636118698518137
6, 0.9844138628552768, 0.03910719163050308
Nonlinear p-values:
1, 0.68307, 0.16971
2, 0.27454, 0.39297
3, 0.13218, 0.25044
4, 0.13628, 0.21782
5, 0.17451, 0.09047
6, 0.18343, 0.05217
Band: usd 6 oil 0
Linear p-values:
1, 0.932351536125416, 0.9925421864970321
2, 0.7095991678823723, 0.9927092327795684
3, 0.5755151361851778, 0.9886845110895007
4, 0.7683492557318543, 0.9971078349091648
5, 0.8217509031671083, 0.9476264260245344
6, 0.7819051017184003, 0.9621109084651499
Nonlinear p-values:
1, 0.10642, 0.07389
2, 0.09673, 0.05688
3, 0.05764, 0.15705
4, 0.06542, 0.15699
5, 0.05306, 0.29302
6, 0.01215, 0.30447
Band: usd 6 oil 1
Linear p-values:
1, 0.8904749349769318, 0.9966972449391572
2, 0.3836822862682052, 0.9998695519964169
3, 0.21513207214623908, 0.9671925543598262
4, 0.34503796313774143, 0.33341925319018306
5, 0.4003835303510297, 0.046470110852236124
6, 0.4687710096564961, 0.048272933369818985
Nonlinear p-values:
1, 0.2774, 0.00697
2, 0.19064, 0.00842
3, 0.10096, 0.00646
4, 0.04869, 0.00473
5, 0.02612, 0.02003
6, 0.02159, 0.0172
Band: usd 6 oil 2
Linear p-values:
1, 0.9788105136536137, 0.9902396439700379
2, 0.9429398200792226, 0.9994262119697791
3, 0.45793837849343033, 0.42635195065741716
4, 0.04326599938855168, 0.024201817013025848
5, 0.03901728051557223, 0.07669029179020784
6, 0.0020512923138897806, 0.7202172110903734
Nonlinear p-values:
1, 0.02082, 0.00217
2, 0.01036, 0.00098
3, 0.00657, 0.00227
4, 0.00365, 0.0023
5, 0.00216, 0.00139
6, 0.00494, 0.00125
Band: usd 6 oil 3
Linear p-values:
1, 0.7420100324533296, 0.926216531864845
2, 0.28171734177169694, 0.9628615329023027
3, 0.26697476469108733, 0.7604407007419374
4, 0.7280960945922095, 0.9708324361989781
5, 0.5377877996519017, 0.6146056813100166
6, 0.6291857346901297, 0.8928939123761295
Nonlinear p-values:
1, 0.27319, 0.07609
2, 0.16581, 0.03993
3, 0.22152, 0.05362
4, 0.36442, 0.06008
5, 0.6083, 0.12489
6, 0.5532, 0.15113
Band: usd 6 oil 4
Linear p-values:
1, 0.5465278202246343, 0.9462610861120396
2, 0.198679526770126, 0.879247640286598
3, 0.2702011101152199, 0.3550463841622273
4, 0.37470145824089, 0.36259415370842024
5, 0.5550103388598276, 0.29244727520600106
6, 0.281845813069901, 0.32004885024849095
Nonlinear p-values:
1, 0.12261, 0.00518
2, 0.04184, 0.00718
3, 0.06764, 0.01412
4, 0.20359, 0.01873
5, 0.23838, 0.02276
6, 0.23777, 0.02408
Band: usd 6 oil 5
Linear p-values:
1, 0.6025892815740339, 0.8622013307904492
2, 0.7123208001460833, 0.9407551959101732
3, 0.8871640878227206, 0.34292159311799253
4, 0.7831638803667339, 0.4150585726294437
5, 0.8314849539865986, 0.2502374768537325
6, 0.9903038773573969, 0.47161235047870687
Nonlinear p-values:
1, 0.1492, 0.06484
2, 0.24283, 0.0349
3, 0.18353, 0.00369
4, 0.27806, 0.00666
5, 0.08586, 0.00587
6, 0.07817, 0.00814
Band: usd 6 oil 6
Linear p-values:
1, 0.14869593411257598, 0.3860565787653486
2, 0.4872834611666925, 0.7275521460373056
3, 0.18908110022417615, 0.7026939280026341
4, 0.5165393178482027, 0.9874680336772664
5, 0.44976836644708496, 0.7708115082250017
6, 0.5699527536082564, 0.5503853881637508
Nonlinear p-values:
1, 0.21061, 0.00724
2, 0.39033, 0.00353
3, 0.36055, 0.00295
4, 0.38503, 0.00617
5, 0.37003, 0.00833
6, 0.35641, 0.00663
