0.0010097227388778341
0.0009331501941845736
0.0008592376186633016
0.000789171340410151
0.0007086998827005144
0.0006218379721677193
0.000545694233537146
0.00048037309056508194
0.000420676026538862
0.0003711151818434916
0.000318389900888166
0.0002622499455053614
0.00021334615256484766
0.00016910570293483617
0.00012234121656313785
7.382407855546937e-05
2.542895516161436e-05
-2.4347347311591036e-05
-6.814835205584028e-05
-0.00010551239786916179
-0.00014118441128364905
-0.00017339341732485066
-0.0002190171533751429
-0.00028009365717559934
-0.00034729502570807197
-0.0004254801982121146
-0.0005059070732820984
-0.0005879221036742563
-0.0006802223921042082
-0.0007810996987156568
-0.0008767051783829927
-0.0009670506051092337
-0.0010577602916232176
-0.0011454534310497446
-0.001240605542236668
-0.0013439461857770152
-0.0014475163696134278
-0.0015536982872911013
-0.0016330965527000673
-0.0016818432873183567
-0.0017154128330050134
-0.001725049262542166
-0.0017257199678737923
-0.0017181380442623953
-0.0016867746234107966
-0.0016342371014512317
-0.0015845464312377198
-0.0015373355078956387
-0.0014823026538948148
-0.0014250416035135219
-0.0013467430804448074
-0.0012457523762044115
-0.0011357236251165583
-0.0010120954145412782
-0.0008918839153539556
-0.0007779961859304674
-0.0006588860748283681
-0.0005395903275899445
-0.0004130553541765004
-0.0002783200512097952
-0.00014334597154178693
-6.655958760806537e-06
0.00014978176226977972
0.0003264748207668531
0.0005157410725962945
0.0007222094086138699
0.0009334183054819806
0.0011485917900570112
0.0013778482356456903
0.0016185011165531947
0.0018043964008199501
0.0019299974326007596
0.002024437339277897
0.0020688617377535223
0.002103734773879641
0.002130392220545866
0.0021114802528561295
0.002054408237817884
0.0020031003972429662
0.0019558786260586653
0.0018956654173654943
0.0018324177967278083
0.0017291316570805081
0.0015828054762966946
0.0014193761153970632
0.0012298710868031938
0.0010628988007097707
0.0009254886132671727
0.0007877717360167679
0.0006639161719690337
0.0005311467608410494
0.00038713782443091353
0.00025580785002890597
0.0001325503269483585
-2.8200463961497674e-05
-0.00022715412916982447
-0.0004453416088042567
-0.0006942189135171366
-0.0009409931853056149
-0.0011835301017969642
-0.0014476878221312646
-0.0017262315507675786
-0.0019386009677375721
-0.002079538759810031
-0.0021816820000474593
-0.0022224427135191962
-0.0022543195209042796
-0.002278754062449411
-0.0022490549331882492
-0.0021749375067935894
-0.002104964944470029
-0.002036635305962972
-0.001952040767086374
-0.001861991418468406
-0.0017239363168082362
-0.0015345185310321494
-0.0013229696119118335
-0.001078935545296781
-0.0008668168402237661
-0.0006953890142142637
-0.000526223067530057
-0.0003779716328036922
-0.00021936242313015645
-4.743003950157915e-05
0.00010569794891203654
0.00024632708486485247
0.0004326046333781672
0.0006652290991443309
0.0009202548846054457
0.0012122296677550507
0.001498810501922549
0.00177724573856968
0.0020806813972784185
0.0023997419199864195
0.002645873753018486
0.0028137934439132943
0.002938341228967402
0.0029947985407766478
0.0030419834324115847
0.003081390169133503
0.003061248909729475
0.0029924583918437032
0.0029267090844090396
0.0028610725808139136
0.00277682535588355
0.002685382692076733
0.002540793259932997
0.0023394466687659864
0.0021126596005561975
0.0018492213404062098
0.0016220039314870111
0.0014407399852919274
0.0012623095329701416
0.0011077670725405486
0.0009413242245757647
0.0007596477101212436
0.0005992346051307746
0.0004528619714260283
0.0002554474225001226
6.265143340064626e-06
-0.0002679989932171752
-0.0005836153152029598
-0.0008930452916987113
-0.0011932169329708937
-0.0015212891030262443
-0.0018667372481280023
-0.002143591820276124
-0.0023472918443536556
-0.002510663328457807
-0.0026098649983972086
-0.002703225392474629
-0.0027921565075040076
-0.0028259697381435448
-0.0028155311262725454
-0.002809282574916171
-0.0028042424071468264
-0.002783304639888613
-0.002757107178202909
-0.002681961939595379
-0.0025544997797429304
-0.002404310370789848
-0.0022207424391059577
-0.0020765427274085286
-0.001981276282119985
-0.001892322143569582
-0.0018306811637214832
-0.0017603094910533278
-0.0016779493359269093
-0.001620194769044319
-0.0015798017022922546
-0.0014925870186837209
-0.0013579361062275377
-0.0012021181283344787
-0.0010091347711293614
-0.0008260908307400531
-0.0006560569208221019
-0.0004623493118509537
-0.00025543142698877813
-8.622060843152342e-05
4.423168532275382e-05
0.00015237125357217717
0.00022451558442090138
0.00029876228301990764
0.0003757977562708318
0.00042432772956055813
0.0004515884683043144
0.00048099906756972783
0.0005103433331975173
0.0005326599589108649
0.0005528758773951605
0.000547869974227311
0.000516016120392551
0.0004723470365616815
0.0004112183511364219
0.00038130170681971974
0.0003885331922360848
0.00040553501595050215
0.00044627890174105117
0.00048569266832404565
0.0005217512779299063
0.0005793685157859193
0.0006535578997859477
0.0007035417938283889
0.0007291799706105203
0.0007469662333188588
0.0007468412310513466
0.0007593019951964926
0.0007863743956138745
0.0008046245936790283
0.0008208947963881597
0.0008366100541054442
0.0008493338668500897
0.0008632896141122086
0.0008782372026615745
0.0008877517818351755
0.000892108672189557
0.0008941748036262701
0.0008925875702959102
0.0008947868372729073
0.0009015787754771478
0.0009083863928912178
0.0009172243125875086
0.0009246017951725852
0.0009300606996945078
0.0009370375727247691
0.0009447375488093888
0.0009430305331256318
0.0009313641678709574
0.0009139639085927879
0.0008880692193137927
0.0008602967143537532
0.0008309138535704715
0.0007941706796565382
0.000751358415355635
0.0007081149025394591
0.0006641549659377125
0.0006175583122455369
0.0005696067763551301
0.0005153606636904321
0.00045449038438005735
0.00039044332551590083
0.00032205857299552387
0.0002635018239244271
0.00021652170952808647
0.00017359599338089387
0.000138871113624511
0.00010497205258980893
7.147321800106941e-05
4.5819827060852045e-05
2.665580544822891e-05
2.5442719859394576e-06
-2.6394843353139997e-05
-5.5396237803907875e-05
-8.717412908570228e-05
-0.00011286202169441598
-0.00013175197577937716
-0.00015039131683352214
-0.0001666859241091392
-0.00018844573342086153
-0.00021708578795604717
-0.00024735509898635117
-0.0002816164162496925
-0.00031678812764451754
-0.000352491545835659
-0.00039238804706986523
-0.00043588209335454383
-0.0004747428849353673
-0.0005087940168296001
-0.0005416468854288446
-0.0005712345355462909
-0.0006033343262313376
-0.0006383678092444857
-0.0006717521098366204
-0.0007047827600719387
-0.0007312222220197072
-0.0007499001573485646
-0.0007646444111181926
-0.0007734900032034873
-0.0007789038948079364
-0.000781040097045226
-0.0007768239477903534
-0.000766628979284052
-0.0007566427490139092
-0.0007468591071187979
-0.0007344089472562537
-0.0007207476897783481
-0.0007012705143374221
-0.0006755277714252656
-0.0006469271622848263
-0.0006143372099325059
-0.0005806263987353405
-0.0005463806460062282
-0.0005093636052624685
-0.0004704324911752686
-0.0004285952234086729
-0.00038363771399134786
-0.00033679650266503215
-0.00028783768672028284
-0.0002331694090507444
-0.00017262584450146372
-0.00010775275939549098
-3.759556506687129e-05
3.550153184053461e-05
0.00011141534863132405
0.00019214389071638304
0.000277208369893402
0.0003452940564299098
0.0003944891693384088
0.00043446786705329885
0.0004591297489806573
0.0004812305545431429
0.0005012319283502541
0.0005072175578954404
0.0005015245396834781
0.000498795319658059
0.0004985458941911216
0.0004950101598422592
0.0004915367199731972
0.00047597018902668166
0.00044732820022105413
0.000414210052141074
0.0003736821957516009
0.00034094798091611453
0.0003182681501874798
0.00029621578018362263
0.00027924309529073454
0.00026034962531033075
0.00023881157471128316
0.00022207600646611435
0.00020873617603792306
0.0001843586448503277
0.0001487128046700011
0.00010785131910147862
5.8148986193208686e-05
9.970602834542768e-06
-3.599595006282448e-05
-8.792170743159253e-05
-0.00014351239868657712
-0.00018547926144935262
-0.0002129964960562136
-0.00023254780514324078
-0.00023937048007580223
-0.0002453682742819559
-0.00025083234725376176
-0.00024552473972404455
-0.00023168042160195287
-0.0002187635026140163
-0.00020616205003089191
-0.0001906176716911934
-0.0001742056908845475
-0.0001483087869032817
-0.00011228069630563144
-7.194348966682731e-05
-2.5204133753272883e-05
1.3232751699390152e-05
4.144259083670183e-05
6.798802054416775e-05
8.862092850976009e-05
0.00011064492695041606
0.00013470425395232738
0.00015338434214603135
0.00016814439853827704
0.00019185831726130796
0.00022463156441541893
0.00026118992047917985
0.0003047319350064749
0.00034577375129271474
0.00038368761126937123
0.00042583226572346375
0.00047009180957540846
0.0005024127045351073
0.0005221786137996382
0.0005344616407535996
0.000535389689222603
0.0005347858553195651
0.0005328484284160534
0.0005211683211894664
0.0005015726391740663
0.0004814892612611952
0.0004603732010907857
0.00043569220627570724
0.00040904412051109146
0.00037351817454577495
0.00032857837316619716
0.00027881921113646213
0.00022254131399557928
0.00017213663378196458
0.0001291766649195664
8.647679046746567e-05
4.759445095088624e-05
6.275203822875385e-06
-3.804049204857122e-05
-7.908841384243103e-05
-0.0001181351016323501
-0.00016595127015973753
-0.0002226350642559043
-0.00028382131118721637
-0.00035219865479150896
-0.00041984152607803943
-0.00048624661267529057
-0.0005575892208219851
-0.0006321166180936517
-0.0006913424733265002
-0.0007340747947888954
-0.0007677287424563497
-0.0007871173433771303
-0.0008043393270343777
-0.0008197085983809041
-0.0008224746978892334
-0.0008148680360305797
-0.0008079650024134502
-0.0008011741875813235
-0.0007904107129883332
-0.0007781289499209367
-0.0007545770537064765
-0.0007189770862907456
-0.0006780013577787435
-0.0006292681881404024
-0.000587810625986393
-0.0005556550633812269
-0.0005238510288806002
-0.0004967437073956421
-0.00046698786639923337
-0.0004338861521187913
-0.0004049478341025019
-0.00037868594060494156
-0.00034156758708167736
-0.00029342778435528056
-0.00023982048055487727
-0.00017735569188940484
-0.00011588797016258147
-5.604984004879552e-05
9.880822104401714e-06
7.972753391523009e-05
0.0001338359860841156
0.00017108058927059493
0.00019913231680439284
0.00021252101305954592
0.00022440046291412718
0.00023510653171428638
0.00023312108303890974
0.00022089119898348767
0.00020977637044950013
0.00019912339905837103
0.0001848584397321658
0.00016949120267088582
0.00014289185541707853
0.00010427536986854481
6.0543825329622576e-05
9.231579595088131e-06
-3.333046311089505e-05
-6.4966028699741e-05
-9.529700143792578e-05
-0.00011960133147303631
-0.00014591180467553902
-0.0001749632019887921
-0.0001985614732080529
-0.00021832013530516685
-0.00024875491414406357
-0.0002900136165889755
-0.00033613804090520776
-0.0003907485003037226
-0.00044321424364182453
-0.0004928399366550605
-0.0005479131381387412
-0.0006060724329219881
-0.000641270156913797
-0.0006517730184345714
-0.0006480970572321135
-0.0006229150237072691
-0.0005931550485406556
-0.0005592530907764342
-0.0005060954339816212
-0.00043679031472568155
-0.00036704954385736115
-0.00029604018953527085
-0.00021792180890713262
-0.0001361720293483279
-3.698414440199419e-05
8.075751941689525e-05
0.0002076103671636896
0.0003469548245189374
0.00047786342453876957
0.0005975104902270539
0.0007184144158713841
0.0008345325798730192
0.0009560756127705683
0.0010840325791022505
0.0012079711954901217
0.001329970272314109
0.0014689622008660988
0.0016251981198124542
0.0017909192326590172
0.001970880766315751
0.0021513362872470345
0.002331416300586847
0.002521925098737556
0.0027198385117933885
0.0028648984255538242
0.0029521707499127786
0.0030077267196218886
0.0030143801109424845
0.00300929681632905
0.002993592657144631
0.0029330400479803107
0.002834395497580639
0.0027370620667416705
0.002639391462403253
0.0025260728575300082
0.0024059628457683176
0.002245552041039339
0.002042068366435435
0.0018188142178573391
0.001567607270554451
0.0013337249887664978
0.0011235754921196778
0.0009094207651783391
0.000704395055895641
0.00048700958324773076
0.0002550510999267509
3.084129480800114e-05
-0.0001900130011666208
-0.00044973905475054725
-0.0007490242708565934
-0.001070419933599514
-0.001424578846975769
-0.0017811407619544553
-0.0021381894461423457
-0.0025197395985876755
-0.002919137029538648
