-0.49271454293160066
1.3540688105599326
-1.1870544303667585
0.025814135755620415
0.7449691484614073
-1.0347755565334964
1.4115583507576543
-1.8876347290655433
1.8423500890047582
-1.6721101256725053
0.9193673251750325
0.8817759886025093
-1.3067221480802482
-0.2651373879002587
0.1147141602668883
2.3088318426663346
-2.2749458720458247
0.010851542850862206
1.1287107916104029
-1.8747089878110126
1.2186796580739325
1.1806561489094436
-1.6117640161789917
0.34738510932147004
0.531664737146982
-1.3818919031181929
1.3047257724090526
-0.09089664791546498
-0.2975767190962804
-0.5206700454066115
0.37802834432263477
1.1647036192796871
-1.0620433611423252
-0.685921014448535
1.3646255785373134
-1.1794332989699856
0.6545799515358948
-0.1167857153119306
-0.4598725361750031
1.6766794291603764
-1.1448764594270946
-1.1727485365346277
2.1351864116507175
-2.0338751560828086
1.565326357928756
-0.7027730715885565
0.32740698147802955
-0.17030154861181393
0.2994422854736356
-1.0805331048676516
0.8116118829894859
0.6528928619203354
-1.0696353003077814
0.5662904101220807
-0.2496535652462442
-0.03356917862705901
-0.08950437097032897
0.5427489468322017
-0.7277572820479128
1.0735635962633943
-0.7207892470371103
-0.7211005760461957
0.5842524681975105
0.9414474210670014
-1.8231154535100307
2.362052996284068
-1.984533520430399
0.8771837757344214
0.004042496794769784
-0.9733531872190885
1.1127646019277915
-0.210938604749515
0.13637456296373052
-0.9907337800455736
1.1019772746751735
-0.6386754465942439
0.2969478483233644
0.3101596412728149
-0.10750418377236928
-1.2479521154768471
1.286793842122761
-0.00872602081421281
-0.4135553514836299
0.2532245322246002
0.22996212204847272
-1.1401196081695233
1.3845872720770545
-0.9836086557329459
0.6673187498814194
-0.4371056667346112
0.048107361211272556
0.21621088349053103
-0.7836955833742603
1.9796893530949005
-1.977204467497687
0.7728153322766461
-0.1996055265282636
0.2736484549548364
-0.3167671784993296
0.09229912262566616
-0.37628266776280694
1.2338080713114195
-1.3368735369021452
1.1018410481222711
-0.5084781587444613
-1.0954213413499994
0.9766992513345784
1.3673580465127024
-1.6242394382669676
-0.4141783089399228
0.9319119476296592
-0.05886126468521172
-0.25696708756535136
0.4514978468218251
0.05369526561900076
-1.5983085820603722
1.7205704837727545
-0.4618614688938662
-0.1299380573226787
0.1727219459334521
0.005449439081517592
-0.1855775843293193
0.441437979586933
-1.2092159839870287
0.8248967535400725
0.8901125313481988
-1.4184995421478954
0.7032325076872894
-0.3775742577499621
0.6962167941431596
-0.3758085935888301
-0.803713628762531
1.0454720446753054
-0.17878572051706723
-0.06292297159226196
-0.6623117740588219
0.4647221522857471
0.9516531992796775
-1.0882797164063989
-0.1385758056975152
0.5685764389331649
-0.32320225144989445
0.3059279229383677
-0.15106820889665878
0.690856682615803
-1.9994012639478824
2.2322619182739434
-1.9152030428178857
0.9844449887463838
0.9512438609120465
-1.1813177577920877
-0.1749924101928551
0.9585432897739621
-1.2544923184893004
1.2321405506531453
-1.0418364651131071
0.6317129562792098
0.07337616840083055
-0.3870887526229052
0.18192461378127045
-0.1771745344511434
0.7332628407934153
-0.4457936912036216
-0.9642767644188938
1.152062232560822
0.009308726196028738
-0.4603530835507219
-0.11622348572317909
-0.05506781218736406
1.4389624043553781
-1.3553092687858819
-0.47172981345883386
0.8455915346796092
0.24542791451248225
-0.6015130262224423
0.35366088470263396
-0.12891229003235025
-0.3468722724195109
0.32805975464635384
0.4783932610848789
-0.2205333081888768
-1.0605958626984744
1.7169715367702505
-1.8007511772603162
1.6146088401033516
-1.460092155481219
0.8591386870979308
0.552831567311394
-0.8320376804550923
-0.3041090745285046
0.3070917730994273
1.0484566752063529
-1.3851716736548585
0.5718546856257322
-0.5711793395768087
1.2507016962190707
-1.6570082820762482
2.0069388265708685
-1.73309300896406
0.8639676652926258
-0.32818119897752646
0.08865336574487875
-0.009634058178488916
-0.07907818294450057
-0.04508031937113723
0.6317331409388646
-0.5102891368283244
-0.4682166987806362
0.6884564357832637
-0.1157754105267558
-0.0771823064579236
-0.23556251702496883
0.320014210243464
0.28356913151221785
-0.027774728536942628
-1.7248494806685006
1.5217933960043246
0.9268855666480266
-1.4574272132926414
0.3030306508949073
0.3836010993170663
-1.0115229394031218
0.7373980312426085
0.6161894876947942
-0.911153292575475
0.21683398964214817
0.20587741315248612
-0.2707150706172516
0.3115465987093434
-0.6743834948343383
0.23570314753689955
1.060157069087185
-1.4014248405469674
1.119080326713784
-0.4270650419953817
-0.819812506349159
1.2347746811916211
-0.764588844999808
0.4964659670423418
-0.7146718186092398
0.2901835576679746
1.0011352087997476
-1.2629158878850988
0.5835871463034688
-0.3486508435898146
0.12200289465376335
-0.5235047474672314
1.9993373172141178
-1.8674299772683796
0.09676640371962097
0.644271256764853
-0.5550168565606379
0.3653509992962842
0.2054465783667471
-0.20212540475504132
-0.7261293910336767
0.5358573631537811
0.8915310988876953
-1.280659940882916
0.8487426993206862
-0.47838561177243627
-0.2405288359745487
0.10503692395798533
1.3751767690311865
-1.3856412826855449
-0.5836784884002987
0.7700824226223942
1.1433779507646462
-1.2911777069405985
-0.17259086319399874
0.9661037873499994
-1.3858839022902327
1.105504166933808
-0.1967498288582382
-0.27551821670923093
0.523543648280382
-0.24388900203024508
-0.5208686816486716
0.9600946255568118
-1.2559635391485444
1.2079668085816757
-0.6694184745511654
0.6621199910926993
-1.1777521772992325
1.30818517700993
-1.223580319927847
0.897979328856586
-0.23126861812916208
0.0635949054424068
-0.26609702108128475
0.38130592473684144
-0.7424907295707239
0.4089271419947749
0.7879261638557298
-0.9510977678143804
0.21804759346782593
0.38779824741735364
-0.90797217648608
1.13744911552356
-1.1143451329909797
0.9664492719352947
-0.8029394205561453
0.5361335951066856
0.10983190742348473
-0.19553324468123975
-0.5357187172742657
0.2062534296284703
1.0063121560391883
-1.7939431071389946
2.559943242587611
-2.3863996978177924
0.9405791127202736
-0.6233132209372081
1.7293015274624963
-1.6326963905820837
0.09952248614939274
0.4400442689408538
0.3659353704599878
-0.11134534994871638
-1.407236672184972
1.6063655772174803
-0.6956450427866786
-0.05542990853560997
0.7902491469723185
-0.9128595025457513
0.5665766700418428
-0.20801941413525232
-0.27573640735907506
0.2750834692164688
-0.01651634418835303
-0.28489210022218614
0.9309666637609441
-0.588555580002566
-0.7909169205156226
1.5820705915210795
-1.5577186346425438
1.9131166241838025
-2.8634835685697286
2.6729105345044673
-1.6537540759658391
0.6268309271634556
0.7270081663374633
-0.9275919790629913
0.09767046422255998
0.2713446201598507
-0.5532569589835027
0.13930400822410546
1.2211239585401787
-1.4886033422836114
0.5140686826588311
-0.21801518393807395
0.7394970562187537
-0.5305576555493547
-0.22371200876423825
0.7729324835051653
-1.5047969817036475
1.2757853497101226
0.08673088640783222
-0.3918309646032906
-0.11666055203545778
0.39669305919094233
-1.1756241813779515
0.5980048519701322
1.999434673976042
-1.97818461563546
-0.5407177247197156
1.6367475128532984
-1.9391074310504055
1.24900942183749
0.8800682063830518
-1.2624842179283018
-0.3193235449245613
0.6636888008528496
0.22256574032936566
-0.36813267125836935
-0.005409223540382202
0.6686253586955339
-1.5062380745372648
2.0000278173218726
-2.438396237442129
1.976664728175259
-0.8476523329465551
0.008679330090851006
1.1096538179339994
-0.944753116500238
-0.9458253552935518
1.0638686684121215
0.6016594115309231
-1.1007810009122245
0.8541221321336849
-0.20382184997022768
-1.3124147689020795
1.408758343239816
0.07474453121161195
-0.2842606170669616
-0.511369489106249
1.1981255118594718
-2.044940169693709
1.9497687447250884
-0.9523715408780589
0.3596180432669148
-0.015130865313549971
-0.14765995017568337
-0.15641918166146335
-0.12911642445726854
1.3428844721511062
-1.4448133515346633
0.12352192022756853
0.08087733334335515
1.1163245450049097
-1.1076102915303216
-0.17647844951261704
0.602129840083605
-0.3066835078464034
0.058171277396023575
0.24880429952213126
-0.1885301230073871
-0.2147298640474429
0.4575260425051546
-0.6693787358562225
0.7502725023224729
-0.3037960494523997
0.5574672327076868
-1.9741921868276304
1.7903803209029492
0.23167089124866524
-1.002437353982919
0.18284804180053355
-0.4034687719161883
1.8947808853022574
-1.9627394219009773
0.9339462411705042
-0.017103953281800227
-1.175049215783272
1.1287070471329734
0.11433505734830074
-0.6993259705415609
0.6578215871344328
-0.38728969827041393
0.31242994008275654
0.40834620347687156
-2.1079193297008927
2.291340077429681
-0.9421375027636913
0.1642137991430675
-0.1411219357368653
-0.30361090034869065
1.331667408931404
-1.5294154596803902
0.8967376693563877
-0.5038685827401749
0.4987238877991047
-0.22167069270006307
-0.5328792388655377
0.5760272224053286
0.07701885569611125
-0.23880584602527888
0.21521132663015918
0.179891338834302
-1.27652961468955
1.2739266567826704
-0.004266870640353415
-0.4067305620142195
-0.3524588311060696
0.3632139913591701
0.9324373517602478
-0.6268628151150802
-1.5183178535395339
1.9243971124603214
-0.8403902924194512
-0.05380960933861291
0.9078809565330234
-1.1233036940350076
0.8426391835497313
-0.5541556971635961
0.1035767758221286
-0.15331951197518107
0.5800837399861422
-0.7887233415302172
1.1040359742965369
-0.6481798484448691
-0.5971581296606661
1.0949068459027727
-0.97355643067974
0.5647831771022528
-0.0888183235691917
-0.5235196241453801
1.5294745487049746
-1.608203645111066
0.6888489288755263
-0.31628765326993913
0.4885859804023371
-0.3761406672273685
0.06867909477070319
0.3284031761012441
-0.7565040288774642
1.0268187968889095
-1.3034345583032394
1.1341110792661517
-0.39292293525543465
0.02610613646428285
-0.39918764770029647
0.04452673316879845
1.467793426083707
-1.442404059618613
-0.23164252675698127
0.8323881207366057
-0.2189173507019963
-0.008569935004362317
-0.6338115564296257
0.11550291919821748
1.814630290147373
-2.128273106257837
1.130454119896187
-0.2574041173818946
-0.802296782156262
0.8889547892456316
0.19832319242861635
-0.5767752525182487
-0.1189640977249645
-0.23523584541913467
1.786109420866428
-2.1296115450492237
1.4224333307420411
-0.7374020039065181
0.15363779486681994
0.2819449077394267
-0.8309106743684372
0.735763574281719
0.23858738087632772
-0.4501823856080568
-0.37616460953800407
0.2823377399238942
0.9780865723280363
-1.2534737348381064
0.2559715044251283
-0.18862660814018267
1.3469352791786777
-1.3311167519856095
-0.064107901970408
0.5394655622551355
0.21154577144297376
-0.0275472726818521
-1.3083972761244809
1.4595084851903866
-0.49785097694899505
-0.0886679186980747
0.3292820272402791
-0.43844903347854364
0.507668796309912
