-0.5575017704495079
0.7858965896248015
-0.6703990989998893
0.43054993961408405
0.088472646554907
-1.1602796243650402
1.4455731339519788
-0.6065787767282632
0.7701888751056246
-2.088940223724945
2.2507737654987596
-1.3726798946554828
0.5974557519051912
0.010261196914740367
-0.5647698714225204
1.1838207646270598
-1.3506621108736965
1.0981443247961031
-0.9970352231531054
0.8727719255550728
-0.9426741056425735
1.4817426577128672
-1.2796314787554075
0.03227710789717325
0.29346671570959776
0.7553443493906509
-0.5267407158812621
-1.4214914915055854
1.6249050519866968
0.036750835711878094
-0.43179938587579464
-0.18377970393116094
0.7173237496758279
-1.3893509215113868
1.2075900595443645
-0.3739232039626063
-0.3044057652220176
1.2427837204262318
-1.2171673612676583
-0.03478457516083994
0.02995573221394654
1.0991014688785445
-1.7488788830275792
2.089560155195732
-1.857293422422887
1.258823445978814
-0.5943521913316716
-0.24151961661331273
0.3377690286907659
-0.1248129681427432
-0.47498215800657173
1.9945335491443423
-1.7994848729616864
-0.17083613045401658
0.8956246463422033
-0.5785361250009433
0.14373807733927804
0.49550420291154396
-0.8059327040540216
0.6072705175461826
-0.6994341038836647
1.514524967779388
-1.321179809966371
-0.3806045768528937
0.4692778062064276
1.4715026000362688
-1.6921626086997843
0.05956007904089694
0.23370681336889534
0.4200062624120135
-1.104637183623163
2.2372169355622424
-1.8960217481808055
0.15899522922192055
0.9481037765411869
-1.38873717589701
1.649298906753596
-2.0528670446834534
1.6484340204349013
-0.35156751451082874
-0.13650588744074837
-1.0680739274043782e-05
0.1764669988921745
-0.6025813031407155
0.40759285127815365
0.3906732363279446
-0.7350300390990103
0.7908936691835103
-0.5293904036970118
0.05391815415873988
0.16232068873230454
-0.6286248996169463
0.18651271692876342
1.5973515514421404
-1.5860733203818551
-0.11276445810204327
0.9673326884846155
-1.3235295595747616
1.0467378903939117
0.003549654843484795
-0.24678137919815443
-0.23386081754275978
0.5073343593586774
-0.6958598201381789
0.6048326815124404
-0.1815934369635303
0.027151109131900733
-0.2189061030912649
0.2395513529507059
0.2030828352973449
-0.13628247826231604
-0.9661754862618763
0.6885620244991074
1.2785613196274892
-1.5439251715186728
0.12250573762203126
0.6964588612517063
-0.7543786598929056
1.1261902807364719
-2.0148227474946148
2.060399695301682
-1.1932166644878721
0.7454446701860781
-0.9055670745351774
0.5730475502890954
0.3687555541835077
-0.5583311766846666
0.29864882308983637
-0.002106395895931673
-1.0222554881263557
0.541476060487248
2.0471928026718795
-2.279735480439949
-0.09082772575382114
0.7881193232348329
0.24363947436382638
-0.43585228120347574
-0.16517730248084195
0.5038421307997046
-0.6363720614697117
0.6866927550246315
-0.5567945202658129
0.5950384826628686
-0.8356604397428526
0.7027513527741744
-0.3764250641281072
-0.16562327598865073
0.9874833434251689
-1.291905949148854
1.18441116234496
-0.9705090961227893
0.6546046981845267
-0.5198233369526299
0.3939446630675725
-0.4956292761560474
1.0879113462510124
-0.9942630307826464
-0.09947605047206431
0.22381559591534134
0.8474662032753632
-0.8080703264389297
-0.30819521210426065
0.9335351435968094
-0.9767524398599697
1.03191304439986
-1.3773813697049102
0.9022858780534886
0.376949794652785
-1.0780415910109973
1.303489190012841
-1.3040666742825013
1.0144871451617359
-0.7943906792173445
0.9254872417329687
-0.5030319736865349
-0.6681860598905117
0.8251694654356748
-0.15843782762002587
-0.3335894905388506
0.9177037892969452
-0.7428101266382872
-0.212355767868561
0.62935306891227
-0.5866508435067352
0.4811145276387536
-0.3302582983273829
0.2787434679305414
-0.04436732759025888
0.12829215181885895
-1.0278967127617347
0.5528533863157957
1.3524248884457433
-1.9275641764744702
1.6160246549953905
-0.739905120339684
-0.779665103607787
1.2600034775219058
-1.0728485170586508
0.3853465812676899
0.9517835515170207
-1.3657880407891272
0.8969678244109582
-0.5497158341875001
0.4591071069597268
-0.15373220107064534
-0.5355200309518001
0.6117272009966185
-0.07106042961185999
-0.08189391384145667
0.023513959209758864
0.165707738870208
-0.8327036964847216
0.7640860849546611
0.590556950210825
-0.5360055934706753
-1.5604048111132325
1.5046932414887877
0.9480362833488807
-1.4496349419395926
0.3620556505126473
0.4987509005800491
-1.6496967075578959
1.4648025511593683
0.3467217678746152
-0.7802483576137269
-0.30809544706861525
0.5037992428048519
0.28613014060410236
-0.4891090969285635
0.01907416087631078
0.04071332284133675
0.3061927035664558
-0.32360852756362013
0.2535906947915237
0.09484131605420318
-0.9872366835008725
0.9788472062651978
0.09497642620859115
-0.48525951341513046
-0.18114943805901745
-0.006314953021279351
1.5070226297777747
-1.3748442366104827
-0.49282282882784567
1.1812260013984814
-0.628132459693382
0.32583264171933746
-0.6912176388913116
0.16337640327853953
1.5924768558183218
-1.8171248797479476
0.6434524494327518
-0.06021265457631306
-0.26533131198889526
-0.08260874195654294
1.1306362906677312
-1.4260938637225054
1.340830532433044
-0.8090012986137783
-0.5490690531736787
0.6287204529971776
0.6638559752525763
-0.9850276794781954
0.5114773089448372
-0.11781956315753778
-0.4407456416185154
0.40019528322748193
0.4956979001096322
-0.6236717400308633
-0.3177893144489834
0.23556032824850098
1.0369226599987005
-1.3120624270090535
0.6371445447133994
-0.3195605898768439
0.3101133206385537
-0.43722229580060934
0.4604822526068913
-0.6884740032785523
1.5330502965957247
-1.20163123969435
-0.388836065022968
0.9009757360262711
-0.605456377328996
0.1310103601473901
0.6796711125140998
-0.7563205531577452
0.20309804446925475
0.21670357130444234
-0.6382201593658263
0.7167891801522714
-0.3240051128107335
0.295052566918233
-0.8338544956083661
0.8059650879604204
0.05377060386367921
-0.09529358798744483
-0.8703026443854462
0.8783854317896277
-0.12035510361894208
-0.31396285337319885
0.9459910425163818
-0.5031323452388842
-1.4351420145750162
1.7334530788144111
-0.13001119573434966
-0.1972619355332593
-0.7605469777954623
0.8232134336330612
-0.3838863463790918
-0.48488891685522184
2.027998921139543
-2.3790267276664268
1.5079895092532662
-0.9957750234239375
1.0660481674249853
-0.5919804002380633
-0.5118348815427838
0.8295365604659183
-0.5594102983089164
0.12804082135204678
0.501593768299192
-0.6807710979220846
0.5535754315240857
-0.19399958695111658
-0.379533818839866
0.6868153502785002
-0.9202524339784184
0.8410799091060568
-0.19494170947377515
0.23642828189941856
-1.1795289395498898
1.2292460445294726
-0.3503919909716573
0.04804636809462554
-0.2415692768128684
0.40654144331383324
-0.6105058874216615
0.6405281621181791
-0.3791213492047341
0.37182485328306963
-0.6907058524778862
0.5180222996018939
-0.17609495757744772
-0.3492571250624444
1.5713042173597664
-1.3197786798306739
-0.5628049476611202
1.1081309678711888
-0.46474522781840877
-0.01418943604898993
0.3630806774260091
-0.47514070137706427
0.3741197509050246
-0.1514747327256434
-0.058474239315665734
0.47872344350818313
-1.1020508088365086
1.383257833051529
-1.3202157190620412
1.0345969849217267
-0.8731912475708088
0.08720477489588291
1.371739414049185
-1.8366426771914164
1.6668638883037081
-0.9142603293269834
-0.4113585597006661
1.0023237431100687
-1.2647770566051593
0.8857728857743263
0.5475200715205581
-0.6701398750960069
-0.7326187747350759
0.8716495042852846
0.15984904026801705
-0.7603182596194846
0.9509832844612002
-0.8872510377607387
0.9151759428802707
-0.40378604340843455
-0.973030873973661
1.083019325300143
0.0389114114147282
-0.4712807158445127
0.5129832469628006
-0.19379776163054652
-0.8331849117259003
0.8345622896777759
0.34305045300819953
-0.49216718574373414
-0.23703189018782964
0.7868431729718977
-1.20037430345267
1.1890083090123926
-1.0816598435818854
0.5196416720285264
0.8031159859743772
-0.9422864912386001
0.01623576507504554
0.35132907158769106
-0.532970549952545
-0.039069283329019294
1.4589261544868928
-1.9914680140859264
1.6893393447609508
-1.399405059833967
1.229612035883874
-0.8549660915841543
0.1699704988439673
0.1455656625876976
0.14141736797740495
-0.014715902185525723
-1.0280116740677687
0.8496654281680484
1.0758711789681
-1.1367727773448928
-0.8498017438078038
1.2701978614064025
-0.3920995849791504
-0.2982209939735282
1.1294225027801574
-1.0647986240180025
-0.13705149325670246
0.48269231070241075
0.3195975051588992
-0.09911743459590205
-1.221824996668182
1.636737315896652
-1.2288412151116441
0.8311349770019196
-0.506825212833698
0.09626714175894632
0.2646900808114967
-0.5289917245664207
0.9368567997290168
-0.5019682309014115
-0.5825527798382212
1.4649154567101539
-2.3087967742300974
2.3762152301585235
-1.8493894530046828
1.2066154548659114
-0.47916648435728904
0.14847705411274992
0.22034291481189142
0.1279704427336747
-1.5786619133174924
1.5116068778483602
0.003335591918457781
-0.7478979379630367
0.8884090883006407
-0.6144813338877372
0.15169553153916526
0.3569690747680643
-1.3894177661501392
1.2886809551810154
0.3421719143710921
-0.3690007086704802
-1.0990207902793336
1.6535808679778319
-1.7040613185654592
0.9238064350230806
0.7537658572489034
-1.6410012611015372
1.581497264023708
-1.6478637966024305
2.456984936463699
-1.8834723400616327
-0.5501804684475347
0.8627577156703683
0.7353667222614312
-1.4009755067288254
1.805286819269828
-0.9327127368554257
-1.5520423478063523
2.2003424909933735
-1.037623195510345
0.44464095124207764
-0.582251937946663
0.399280668255129
0.45772145447292023
-0.3231869817508016
-0.8692929098206312
1.0496404526162575
-0.6174444618779182
-0.2229084400503676
1.5973363121907413
-1.8427734611176738
1.3182465863118484
-0.37032800670565136
-1.1088085046704836
1.7538705248716135
-1.5308499043758168
1.3180567547490674
-1.5759465659216785
0.9966226833211516
0.8515209402718806
-0.9539999034737823
-0.5797466636613615
1.2591324289576546
-1.5128780405889803
1.0416290892531939
0.4492553102696092
-0.7240294031338408
-0.21565430827600665
0.4594538412428012
-0.27853509998921566
-0.12263677536769887
1.1152269164021837
-1.1057446417086405
-0.22012261171420788
0.32234803298936815
0.828911087839624
-1.0875354512321005
0.6646152588670657
0.015766061418974842
-0.7079784380341738
1.19204259359749
-2.215962271767487
1.551929107666315
1.3255713345447027
-1.9066911359407357
-0.04681781908292537
0.5661810758790722
0.5969680791810255
-0.6885266861948502
-0.6227520554238382
0.8351593742525385
0.45246218134949434
-0.3589119778579164
-1.3047138088424015
1.6394399981243368
-0.827511462715468
0.30115373869532236
0.34652538682519085
-0.2453421510601418
-1.095928377076057
0.9675468789801542
0.9762127569321728
-1.3097911247401517
-0.08953970967366826
0.5079908230018795
0.19493941648483737
-0.34093113763262944
-0.30982177876198974
0.16673759209060063
0.8460587757648385
-1.1183663179844878
0.7640841328728856
