0.0024291358331451473
0.0025989108074024247
0.0027764332298349658
0.0029623119875839864
0.00315015815047213
0.003341881729796438
0.0035074686806183587
0.0036431533648604757
0.0037643588247479307
0.003862186763923967
0.003952337309861803
0.0040355080830110435
0.0040956773151687815
0.004135591997589238
0.004179184281783178
0.004226018451807822
0.00426592139774789
0.004304442448087503
0.004322665617969721
0.004318932826522221
0.004306902685512778
0.004281980320244537
0.004262393036138251
0.004251154572780516
0.004236114539756982
0.0042226468003400295
0.004202988258856436
0.004176132326868861
0.004150691639922798
0.0041250464409576006
0.0040802948378224485
0.00401593899868081
0.003939988091389913
0.003847601641573384
0.003751925061068553
0.0036537763014490516
0.0035425238501832273
0.003421007615343054
0.0033148717678718365
0.003225428577102458
0.0031425899603104595
0.0030733958303124516
0.003000435381960719
0.0029231598718035736
0.002856562428855468
0.002797309358288689
0.002730691888704201
0.002657478568749078
0.0025827459598607716
0.002503172304976563
0.0024317545236391945
0.002369396424523639
0.002307092340468394
0.0022479266714553413
0.00217078406186693
0.002072763577141034
0.001966155677251762
0.0018447849928906745
0.0017188795854441315
0.0015892871521417102
0.0014453698464828206
0.0012891034805410872
0.0011390572520144039
0.0009953219604184806
0.0008501358565942598
0.000708055717578674
0.0005553113268082086
0.0003909093543535823
0.0002254085728852139
5.567310811409861e-05
-8.966272391232742e-05
-0.00020652151458414709
-0.00031056545343486936
-0.00039318677549530373
-0.0004683176037832084
-0.0005366920707038442
-0.0005834213407385334
-0.000610906866519863
-0.0006436470251759816
-0.0006813870450480802
-0.0007134610889444425
-0.0007456140314787525
-0.0007589565032957931
-0.0007518146869477847
-0.0007380223350539793
-0.000713010092393243
-0.0006925598609615974
-0.0006794966702963931
-0.0006628638605298511
-0.000647365202318628
-0.0006267157376113634
-0.0006000052907475224
-0.0005745239555615296
-0.0005489549724870458
-0.0005060704985202603
-0.00044535097431991436
-0.00037420090146441466
-0.00028818907730619156
-0.0001991342995248569
-0.00010778063976896975
-4.494316515655019e-06
0.0001081778014568253
0.0002034635146451552
0.00027982487406213893
0.0003480850313851236
0.000400847825228817
0.00045592345291192113
0.0005138945662299916
0.0005592362217956778
0.0005953424491082858
0.0006380640850921434
0.0006866368070990078
0.0007354507085889375
0.0007880984525169611
0.0008307481344674669
0.0008624149716194473
0.00089272968113344
0.0009184040699778122
0.0009608399061922964
0.0010230231241671963
0.0010923696697109984
0.0011751442018656567
0.0012610766444997397
0.0013492873883212213
0.0014505103820599097
0.0015627538173943044
0.0016669640084547134
0.0017630166747941137
0.0018588893079820883
0.001949891493559844
0.002050084343662955
0.0021604739391203136
0.0022702372116072027
0.0023825656206890857
0.0024745665194876197
0.0025427115894333056
0.0026000080051344155
0.0026395023281019945
0.0026717614874905257
0.0026973966496548255
0.002704707869279537
0.0026954860746059264
0.0026901921282739454
0.0026886970471137663
0.002681950802283783
0.002674774769683455
0.002651608251172954
0.0026110527535609914
0.002564583656073307
0.0025084378740649537
0.002454399309713504
0.0024046919011396477
0.0023508672454611553
0.002296459177979068
0.0022370091464080505
0.0021718042234011707
0.0021061867948499536
0.002039211037621492
0.001957496827546616
0.0018605944967740097
0.0017542964313818857
0.0016351426068563183
0.0015122059582322578
0.0013860524534109694
0.0012492257232950188
0.0011036689958465627
0.0009721307397532261
0.000855993543195545
0.000745899151625999
0.0006481485316955424
0.0005477769826469475
0.00044427422013109747
0.00035076316934116715
0.0002643922836852156
0.00017142424295220668
7.247931036947905e-05
-2.7525689380950506e-05
-0.0001317186277247525
-0.00022821671436771326
-0.00031617190515362606
-0.0004038982014677322
-0.0004885756702938601
-0.0005880883539524381
-0.0007049638074348863
-0.0008286367289490926
-0.0009643521315592541
-0.001103593078431483
-0.0012456245256298334
-0.0013993962491809086
-0.0015632605081255316
-0.0017211937386167303
-0.001873085557641951
-0.002025665969112165
-0.0021749905687499763
-0.002332866916151911
-0.002500145030127844
-0.00266773315728263
-0.0028383136211589874
-0.00298847327814936
-0.003114818719711764
-0.003230233834860215
-0.00332765989658853
-0.003418370162842698
-0.0035029600491748468
-0.0035692873276177697
-0.0036192818666428246
-0.003673139518170982
-0.0037306583743264873
-0.003783005642948557
-0.0038349154624294354
-0.0038708429148267103
-0.00388939900829299
-0.003901969157311037
-0.003904786853087854
-0.003910641404299492
-0.0039218334649177905
-0.003929429943740021
-0.003937240635683547
-0.003940196813018588
-0.003937547590749528
-0.003935181467527123
-0.003932028580214118
-0.003914029833883908
-0.0038807464962622427
-0.003838216465357134
-0.003782814907475315
-0.0037241572424024302
-0.0036628407076289404
-0.0035910039845886287
-0.003510711166728488
-0.003444293380529567
-0.0033930469448270736
-0.0033478954619807124
-0.003315008105414848
-0.0032795608828423044
-0.0032410579860476106
-0.003212429763393482
-0.0031908465416382384
-0.00316300788943736
-0.00312953811749343
-0.0030951504534105214
-0.003056822033986679
-0.003026121369727685
-0.003003867074425683
-0.0029819839361932897
-0.0029632162828108492
-0.0029297681431857832
-0.0028791435903452486
-0.0028218085882741276
-0.0027525471842888886
-0.0026798745488653447
-0.002604515685467775
-0.002517546739302635
-0.002420613233929067
-0.002329571735706903
-0.0022445209888389767
-0.0021588082793718433
-0.002076332345042262
-0.001985384971291638
-0.0018851214825523696
-0.001784543808898259
-0.00168098921757366
-0.001588173726845204
-0.0015084788082070774
-0.0014335637467194134
-0.0013676563383970394
-0.0013050048034914411
-0.0012451963678829982
-0.001195013641270358
-0.0011534990996584086
-0.0011074359149229598
-0.0010568026830729475
-0.0010075604225950334
-0.0009565560243080033
-0.0009135875521931976
-0.0008795376979595649
-0.000847064794288292
-0.0008185222011275271
-0.0007877386052528242
-0.0007534005206990745
-0.0007202097368982057
-0.0006862768401094332
-0.0006536375186148956
-0.0006226832523202645
-0.0005907230678468782
-0.0005581878298383142
-0.0005326418556703316
-0.0005143720445995754
-0.0005000294020396707
-0.000491576230898666
-0.00048396917447207107
-0.000476881294539603
-0.00047449056298225906
-0.0004757149781610018
-0.00046558014180648474
-0.0004430854812292953
-0.0004145219263781307
-0.0003757127359374482
-0.00033631460523506193
-0.0002966594395174125
-0.0002481679172286436
-0.0001926650986761395
-0.00013942300106357014
-8.804364702777005e-05
-3.51315657137891e-05
1.7202786562232897e-05
7.691476752249619e-05
0.00014459110713140866
0.00021465834697668196
0.0002890137038126238
0.0003562144646820042
0.00041462718174578513
0.0004710903952524471
0.0005222512942298016
0.0005735219633486266
0.0006253919397191059
0.000672163859055967
0.0007148956166915393
0.0007639750382154923
0.0008194977772228242
0.000877106247394978
0.0009393713643833042
0.0009986876479262238
0.0010545196037722198
0.0011127593014935255
0.0011716909450498903
0.0012262017720692513
0.001276416423224408
0.0013234955644384032
0.001366115491081234
0.0014085971054636378
0.0014509617856224171
0.0014898669804557201
0.0015261329686858296
0.0015612403614110298
0.0015948720029704921
0.001626805777078431
0.0016572913295541713
0.001684432855797326
0.0017081006539619757
0.0017293750067779578
0.0017477724003033355
0.0017688870989845777
0.0017933164721789163
0.0018180219177751044
0.0018445796339945995
0.0018699419483262608
0.0018938685528772864
0.0019192660159285462
0.0019455133749409286
0.001968164533813058
0.0019872126163959394
0.0020043909364537826
0.0020185972437662563
0.002033189591505779
0.0020483712657269073
0.0020615580666552237
0.0020734919604299164
0.002084824496343508
0.002095329781803924
0.0021052243839887862
0.002114618803977613
0.0021225025680440485
0.00212888509603653
0.0021343528672632985
0.002138693028634327
0.002142331070382736
0.002145354470555331
0.0021474057757983464
0.00214860774344717
0.0021488756621666394
0.002148174499223313
0.002146649968085584
0.0021442789523094512
0.0021395258840328207
0.002132258816329424
0.0021231830322190233
0.0021118637221679793
0.002099209348978659
0.002085257364229985
0.0020691617758686626
0.0020510919009708137
0.002032044305069794
0.0020119823560726773
0.00199052152156377
0.0019678888884260624
0.0019432507496139526
0.0019165411686031403
0.0018883478972732352
0.0018584702229279084
0.0018305306473503208
0.0018049495366586276
0.0017798750887324426
0.0017563641753194337
0.0017324610338678354
0.0017080665940386894
0.001685118514444301
0.0016632593024239273
0.0016396534018412747
0.0016143444670368415
0.0015885037896347348
0.0015614643441325062
0.0015354583347721045
0.0015106659301875006
0.0014854559031957418
0.001460359080876796
0.0014331624516781677
0.001403491319712912
0.0013727899043609996
0.0013403963071718105
0.0013072380619453968
0.001273421346118172
0.0012378907291426978
0.0012008280746952488
0.0011644819631534172
0.0011288961545003772
0.0010930986641283673
0.0010576540239296986
0.0010209708841977401
0.0009829365585328617
0.0009448101984478986
0.0009062363617694442
0.0008644417683490961
0.0008192865448179401
0.0007718174044605727
0.0007212674042358083
0.0006695280840680581
0.0006166441453921516
0.0005609778829423484
0.0005028819628251775
0.0004438790857723023
0.00038386941710288306
0.0003223217475252326
0.0002595681586036411
0.00019422158130668894
0.0001261749179450756
5.636186711892717e-05
-1.5556669183455798e-05
-8.727789915134844e-05
-0.00015850099599610883
-0.00023057782546534897
-0.0003028450889383705
-0.00037644628368145675
-0.00045148648905630345
-0.0005268085731014877
-0.0006026438691383893
-0.0006810240015670732
-0.0007619700112366507
-0.0008446532369949632
-0.0009295813741356628
-0.0010152661711892957
-0.0011016123289156552
-0.0011897818866217842
-0.0012794456515410457
-0.0013537512302332871
-0.0014110980731546826
-0.001459133034272956
-0.0014929841624403055
-0.0015225792660647883
-0.001548234712306338
-0.00156053008832934
-0.0015612391491132678
-0.0015620305971131606
-0.0015624870493346362
-0.0015579133308858241
-0.00155094552438478
-0.001531853460236052
-0.00149980174081817
-0.0014616065530295413
-0.0014148826989074789
-0.0013716057233383065
-0.0013335230467616543
-0.0012931187322630312
-0.0012538680053254098
-0.0012101991634317147
-0.0011614911303008363
-0.0011135816342597417
-0.00106531302742156
-0.0010051888097900885
-0.0009329756724415769
-0.0008534307939530383
-0.0007636300470990291
-0.0006717411032650228
-0.0005782617232124374
-0.0004766647397572119
-0.00036872063595145887
-0.0002664873339527232
-0.0001704062283581184
-7.603660582707351e-05
1.3360352481425821e-05
0.00010635467605521739
0.00020319489303112682
0.00029669816989461647
0.0003885228070693287
0.00048507147693655937
0.0005859439558774691
0.0006890762700406047
0.000795901449838357
0.0009005821410198478
0.0010027369596037653
0.0011063635726969937
0.0012100831175717148
0.0013245003916179687
0.0014510252946431017
0.0015836190508671467
0.0017253779071324112
0.0018710649996037383
0.0020202767389277836
0.002178406588745338
0.0023444517803428064
0.0025093306730362185
0.0026730321392359154
0.0028393394963913423
0.0030060401546967443
0.003179941529714539
0.0033615440053370938
0.0035456722354172874
0.003733888202785233
0.003896620528161733
0.004030286350480097
0.004149855123922954
0.004246594369994683
0.0043362422539123735
0.004419475952322426
0.004480415442483962
0.004521828952127615
0.004566884332532601
0.004615118161618344
0.0046567548582798135
0.0046971552782256
0.004717900042189738
0.004717385019353127
0.004708872459120597
0.004687888203146379
0.004672774135897162
0.004666515848011677
0.004657001458916537
0.004649630460848929
0.00463649444511439
0.004616595999257016
0.004598645045814986
0.004580997459406929
0.004544853398860637
0.004489739372544393
0.004423604440249477
0.00434164335098979
0.004256979724354597
0.004170433603057441
0.004071419928746245
0.003962780086159759
