0.008999411523255922
0.010372293121353213
0.011888119615400268
0.013554969263557638
0.015311324137810476
0.01717935341387298
0.01831827675808858
0.018637296551425857
0.018547542944027957
0.017804532243300166
0.016878393441553785
0.01578932260723801
0.014079592714253965
0.011834343319917277
0.00968353278819944
0.007612990389185061
0.005364851398291191
0.0030852594487510107
0.00026799441224936965
-0.003128742790042226
-0.006740573008234571
-0.010689220857705477
-0.013762610208255735
-0.015805032445349095
-0.017478447545728183
-0.018427512892996347
-0.019272586087678317
-0.02005353086204573
-0.020139096399055447
-0.019644853284954515
-0.01959026105168111
-0.019970787159031805
-0.020360521005637
-0.021004552602822274
-0.02112537711293451
-0.02066297102554502
-0.020199531845122937
-0.019553753639338957
-0.018644579740905994
-0.01752094450053974
-0.016084545988123193
-0.01432207914406968
-0.012407496450984233
-0.01032576893131488
-0.007975763456611044
-0.0053867213150895115
-0.0023879508811555992
0.0010505231047452635
0.004832587687133318
0.009012019782375709
0.013530823610512423
0.018388096880399125
0.02366436673635202
0.02935359962310225
0.03310385185174794
0.034692158546162644
0.03522208020177272
0.034019492225822234
0.032461701115202184
0.030605551725309144
0.02715197296443621
0.022355318960565432
0.01788198020764949
0.01368646687499472
0.00910813382274002
0.004532550699345682
-0.0014015483993452115
-0.00880193655171569
-0.016694009931608498
-0.025403337002316465
-0.03152868066452292
-0.03463698069761406
-0.036572475280314924
-0.03633813444797911
-0.03568176685311262
-0.03471246017659686
-0.03165454761278233
-0.026832281798402004
-0.023078001096455927
-0.020374699714428672
-0.017539307693677248
-0.01525040433351567
-0.011338761472312577
-0.0056352014488231265
0.0002419848681360512
0.006800476504923172
0.011792764188345925
0.014830525127547218
0.0173474735183513
0.01866210817771435
0.019708946189386723
0.02058012768842039
0.020190587019978005
0.018712190266470294
0.018396107010464582
0.019271696446216843
0.020347581265680828
0.022178350988224592
0.023144252213688293
0.023117897788958907
0.023354965748932748
0.02348284079192387
0.022977617970958722
0.02191950968298717
0.020281053471540328
0.017940951333827723
0.015484456616281577
0.012898610157740424
0.009782700045825756
0.006246811007469547
0.002174007382487214
-0.002498052398562408
-0.007647883128621964
-0.013326299683656414
-0.019596365667967235
-0.026462316226549664
-0.0339472037239348
-0.04207585809510031
-0.04711341418389627
-0.048696264533939104
-0.04860242822218648
-0.045760175233991195
-0.04233124181952178
-0.03840932272564714
-0.03194379314754469
-0.023334592725814972
-0.015257838245762823
-0.007645712058303204
0.0005670250718488837
0.008759020355306655
0.019103416674848682
0.031771690895746954
0.0452019195755924
0.059912626461553
0.06972442484057437
0.07386639313462587
0.0756307191399923
0.07320566992885479
0.06980670734230142
0.06562028393825049
0.057396038246297104
0.04572509998049178
0.03566674061402338
0.027174944420760152
0.018137452178183626
0.009758110452586122
-0.001871860068014289
-0.017063305203414737
-0.032921869401540585
-0.05036887379145324
-0.06273832250777356
-0.06907128526845291
-0.07318560233761973
-0.0730983396970174
-0.07200670554475702
-0.07013655279549862
-0.06408953018659966
-0.05445100623432743
-0.047159162239214326
-0.042215430609135816
-0.03707676409478113
-0.033176204968586955
-0.02605985400497484
-0.015372718402745423
-0.00447364084069566
0.007678559394034482
0.01658008298329583
0.021434550388496825
0.02512887871982055
0.02628953945862081
0.02676039200665824
0.026721685356138936
0.024002102402832768
0.01893540243224231
0.016089137104188966
0.015522531030483698
0.015210058942922678
0.0162746348543501
0.015431440984435147
0.012416888657550992
0.009773261620553472
0.006741396988477956
0.004617805277606689
0.0038045466585148696
0.0031377678968204543
0.003056034908597933
0.0033896997459247993
0.004063188853400144
0.00556754333017412
0.007882752558676
0.00907127027128721
0.00905662548539007
0.008776436882796352
0.007738742628169472
0.007208693217843414
0.0072956355360913406
0.006964686450982763
0.00650423032836635
0.006007557846193297
0.005363248261015761
0.004731627996136323
0.00410510847277488
0.0031886373952287913
0.001987400519719283
0.0006323436695741514
-0.0009432778109905141
-0.0023877042637662077
-0.0036657955438932806
-0.00499870862749292
-0.006293484805188367
-0.0077233646176061415
-0.009313632704783753
-0.010901815060550492
-0.012529967307960447
-0.013534470916485582
-0.013826555237528763
-0.013746258761016115
-0.013093586647660057
-0.012213905788230124
-0.011120079055047723
-0.0094538141645465
-0.00727332462423557
-0.005137901537805847
-0.0030383210036870802
-0.0007316394510967875
0.0016527196962558995
0.004554899010915141
0.008015015746294474
0.01171561950701963
0.015764524973905254
0.01851499153607887
0.019771733824258262
0.020390290037255582
0.01989000534135904
0.019152573342326625
0.018225811518899588
0.016233230487848183
0.013337296253832912
0.010857179298921537
0.008777461495947771
0.006552668320746839
0.0044956711627773946
0.0015781546898832961
-0.0022811295187694335
-0.006324295798929805
-0.010793964950727241
-0.014060056059802206
-0.01588412918764757
-0.01721348100753922
-0.017563167109812105
-0.017704928507095263
-0.01769659334915024
-0.016712992730673924
-0.014896519654533834
-0.013718797900871
-0.01318352126100269
-0.012660148446820155
-0.012505570640559627
-0.01162334789145373
-0.009927323444485955
-0.008249040849197146
-0.006333561556084289
-0.004799334400516537
-0.003794097904401587
-0.002838774364317269
-0.0021302050598106612
-0.0014984853392033442
-0.0009106936330168177
-0.0006310128112442627
-0.0006292158131824778
-0.0001335913206633645
0.0008798824492855173
0.0020540293724339016
0.003583822359563049
0.004948026368563977
0.006105022390125992
0.007475072826150155
0.008940338840068559
0.010018452924772008
0.010708624973960574
0.011153190601562482
0.011225511747357262
0.011301137629978747
0.011386420533122709
0.011181279967177543
0.010758055730795666
0.010298565539379793
0.009778830910249581
0.009155402308184119
0.008464502002860036
0.007510176476270521
0.0062796138595520605
0.004895120428308397
0.003308633448540761
0.002031959764256415
0.0011241150112595974
0.00030585981092971353
-0.0002764183680350366
-0.0008937442962982673
-0.001566203020656127
-0.002028393390139128
-0.0023338048551949445
-0.00289592648113931
-0.0037142425142364247
-0.0046229630741253715
-0.005723270565748312
-0.006701470707933877
-0.007536415324454199
-0.008466713812673618
-0.009421454388191574
-0.009980936191932004
-0.010127528758075236
-0.010006101225427238
-0.00950042309891552
-0.008906782230004977
-0.008229244781754371
-0.00721385210340674
-0.005914614807169529
-0.004545324075385885
-0.003087681635381948
-0.0014684441336450492
0.0002678603300698499
0.0023257242419042496
0.004722204201118351
0.00732465472436192
0.010184510347332648
0.012114126711585356
0.012984138947436245
0.013392859740847456
0.012997045385341693
0.012454227682303332
0.011798340931608173
0.010390539865161176
0.008353224276958499
0.006595112781068534
0.005101764246417327
0.0035046405187632123
0.002018311088342698
-7.517234673298258e-05
-0.0028314592306931115
-0.005724782779852974
-0.008924447066886063
-0.01113895555999993
-0.012186890807797997
-0.012801510037598138
-0.012600039305692638
-0.01220979906579728
-0.011674557812558505
-0.010333741098903644
-0.008302821076957912
-0.006716153464435157
-0.005572923453264031
-0.00439001810880066
-0.0034410107698515883
-0.0018722824652761191
0.0003836675814979655
0.0026839277288931386
0.005227876743350207
0.007023586092978427
0.007905284344411925
0.008486266636211211
0.008465817382059848
0.008270916906241502
0.007938555091842792
0.006981435280431983
0.005476531416493704
0.0043902211141634145
0.0037307759318702814
0.003072764833270362
0.0026519523668341372
0.0017635084126447543
0.00035029497864896516
-0.001047631090627665
-0.0025942942252356227
-0.0036740072323561677
-0.004167960312513754
-0.004485788675354604
-0.0044365954592404805
-0.0042531765058608185
-0.003960152920809355
-0.003266379627775061
-0.002212503628999305
-0.0014559387576561426
-0.0010069337540019284
-0.0005682788848554786
-0.00030165623375198324
0.0002608307803640302
0.0011580966863973708
0.0020269199176599717
0.0029760255391814805
0.0036425825810267876
0.003951074707656607
0.004151325680364342
0.0041291226248958285
0.004011243716614412
0.0038122596780441258
0.003363660537324793
0.002686748799881525
0.0021882681217402448
0.0018755982864672573
0.0015619780084912497
0.00134755988209427
0.0009456359285548706
0.00033172415566685526
-0.0002708226660348209
-0.0009288594532778863
-0.0014867139774110574
-0.0019049153637345413
-0.002305664351354283
-0.0026384003233779693
-0.0029428534695776732
-0.0032267673046342694
-0.00342370749425381
-0.0035400801145307062
-0.0037788411184724578
-0.004146240390613809
-0.0045468392546169035
-0.005031650190066205
-0.005463579619455771
-0.005831104872853962
-0.006244232997801545
-0.006671574977591599
-0.006876598886825434
-0.006847408784733932
-0.006672064344866666
-0.0062849982407517406
-0.0058469275517045215
-0.005361174173920255
-0.004688003810159687
-0.0038570308652865824
-0.0029936438210825195
-0.002088563609928097
-0.0010979496845305776
-4.8560570199706796e-05
0.001175909720952149
0.0025849059010858806
0.004101447186978512
0.005754416781067816
0.007004810666376002
0.007792444624918531
0.00839313733890509
0.00865096529065774
0.008860804479848121
0.009038742206909573
0.008896658174665057
0.008489680497621244
0.00823670460368276
0.008132143841946238
0.008005612847553977
0.00795652204181966
0.00765635888539884
0.0070799159389070675
0.006469115598565139
0.005746830438568304
0.005087820810135901
0.004532843387528151
0.003941535199605371
0.003368206907712899
0.0027648427659926764
0.0021199455538627237
0.0015057881009606189
0.0009122708871020375
0.00011882757514523713
-0.0008832444736798648
-0.001994368182791941
-0.0032716427044553447
-0.0045695685313922926
-0.005878180220289101
-0.007318230692286185
-0.008858245302236785
-0.009925049362795039
-0.01047513533692754
-0.010755612329709143
-0.010604743580040574
-0.01038151066195946
-0.010097991206642414
-0.009428559314212695
-0.008439925042094064
-0.00749962663213021
-0.006592683128830472
-0.005579903477094431
-0.00454466608141577
-0.003174501415558627
-0.0014450349928342271
0.00042496370605958064
0.002510763842504023
0.004011769064254326
0.004828206166145195
0.005393931197742
0.005475404276534336
0.0054873831278504535
0.005456573076694359
0.0049651187393255245
0.004090934903382623
0.0034963870404426914
0.003178012417472254
0.002861376346659319
0.0027057894975700057
0.002204611574581998
0.00131935063840038
0.00042926891115145996
-0.0005834523859754274
-0.0012580091174557047
-0.0015094642494464362
-0.0016414713224307826
-0.0015128990782751935
-0.001303733006955018
-0.0010333466707208945
-0.0004834677145231934
0.00031328532371759495
0.0008788305308091968
0.001205740397386094
0.0015073072694501068
0.001665534498911437
0.00202110745828393
0.002601333074364959
0.0031410008869935677
0.003718601031307063
0.004072141428627507
0.004146222503168898
0.004120655756774363
0.003912413341654798
0.0036112334645583177
0.003226930568323842
0.0026377916062490267
0.0018582593799712033
0.0011810252328846114
0.000610735825373504
1.179871722657144e-05
-0.0005442594755984912
-0.001264817875066727
-0.0021682801912614623
-0.003094336129119433
-0.004091909392502038
-0.00479198836850294
-0.0051403347362040195
-0.00534613584139778
-0.005298645602654972
-0.005174566838869882
-0.004985157025285403
-0.004540794551224221
-0.0038728943052039016
-0.0033131346569500197
-0.0028608570391887465
-0.0023723320617998304
-0.001926948803794137
-0.0012745168450555597
-0.0003941816957150067
0.000526905782452212
0.001547961289027477
