-0.020489814018197078
0.12721209846651793
0.13297184722848476
0.021416709895385404
-0.2254481656923033
-0.6686379212262626
-0.4090327126175583
0.6071973186868719
0.8241130346618879
0.3618683549199331
-0.004379834125519608
-0.5606468212536957
-0.6320361229774415
-0.089062489965883
0.19085340538031753
0.36755768803486594
0.2951763219727734
-0.19050695330364814
-0.20692519402115112
0.20950850355977813
0.06307129453132619
-0.5292817862993244
-0.3504465770053499
0.5103488773038252
0.5428119781798956
-0.11233941545315966
-0.23152970936769254
-0.03665557180898574
-0.04277740610351764
-0.07949206277786439
-4.281619248430171e-05
0.1530597790703081
0.11604879765300528
-0.11343247757155539
-0.07304069913795967
0.2074654934216774
0.06766754314322604
-0.4476969924186258
-0.29417337964536994
0.47448916825715287
0.4138769913852515
-0.36006711088827936
-0.401460210640439
0.09667999718636501
0.26665538430273894
0.3203120982034691
0.08258709332056315
-0.5961887354148924
-0.3959818112984976
0.6943181990051979
0.5219171541576483
-0.7647432410617018
-0.5740500818049538
0.8415618618781421
0.7018359092459273
-0.6889898398465483
-0.6538123669764475
0.4643149308018172
0.5448115099035826
-0.06069912203359286
-0.35554768751030835
-0.647705659075517
-0.3292286671763368
0.7827887236522214
0.7417867222374259
-0.3917751485823392
-0.5189494792470192
0.07273891171268927
0.22276287434667064
0.2397128099665126
0.10886948616009731
-0.3343101584210276
-0.32795701262692684
0.12256788752343147
0.16678561925406718
-0.07958778812897944
0.01839670723674732
0.353085837377937
0.24104416595499953
-0.2658978927834777
-0.4173444422916634
-0.303312132985518
-0.06583273971492813
0.4421816588262684
0.4538771085025647
-0.06980484331692083
-0.18345232242400022
-0.020546027765976527
-0.09122431964402206
-0.2605110148922291
-0.118297599037356
0.3052563322267447
0.33726938835743153
0.012620788283891833
-0.06369678630408612
0.00019323070611987608
-0.14247883611040194
-0.4176255297432554
-0.21880891365354616
0.456322863649437
0.4533398392826763
-0.17158718787345212
-0.2926751516227354
-0.08599068871530169
0.09284677383219678
0.4254472588823917
0.25465163308504335
-0.49153834383688927
-0.4893825675499426
0.1801767466546272
0.21308470053248646
-0.20274219278008682
-0.04801640751325686
0.5195360432848315
0.2862272694652311
-0.6680314623245031
-0.4674656978034842
0.7785962281877429
0.6925834127970605
-0.5023123095310867
-0.6549933032306381
-0.08924775934754596
0.1947679234284943
0.5235952677874366
0.19649872228858029
-0.9680857020336704
-0.7140024495219051
0.9057256309440649
0.9458283173469312
-0.30206524581846433
-0.46861975063461914
0.027088933529966122
0.06922617656109664
-0.017503964141815403
0.027914834112069485
0.0850069429413557
-0.04922452316418794
-0.37617260828332905
-0.23584433431335244
0.3763695468580579
0.4568947168977946
0.09027992589126162
-0.018285888999631347
-0.029522495425717974
-0.26306651498252015
-0.6416216254513987
-0.2595815463117545
0.9232273111027048
0.7526964328590114
-0.7121960317525988
-0.6411269360145643
0.6879836556513252
0.4525422468385312
-0.999206864935509
-0.7658312682101156
0.8447466127441647
0.9058520438467559
-0.22882608729724738
-0.42231146930330055
-0.08870730303462653
0.044721730455176356
0.2831351964404356
0.23906943578468814
-0.17653295705934793
-0.36116848010528135
-0.3983503394106431
-0.1985511253893732
0.36486145294779143
0.4975518239628695
0.21127231962576676
-0.08808240092524884
-0.5692033042107242
-0.26406103122038915
0.94526472188678
0.7523980513444917
-0.7488055554946881
-0.9376776889473871
-0.13299728740719663
0.17856912530491584
0.4022184776391585
0.3665272321105892
-0.1470761649683847
-0.2859873723905891
-0.11659068751942063
0.0940186540880247
0.5097889321551269
0.33156607618495504
-0.5074397022924861
-0.565086457371033
0.052165971752726845
0.22341111996190036
0.17434288086020247
0.12991185030521593
-0.07758213639873497
-0.08121032282141873
0.13468442488007548
-0.023166831443845765
-0.5116046829532831
-0.33105199686760833
0.4801630330579103
0.5949445035353665
0.13743469279935094
-0.06447218684912728
-0.22908327336054526
-0.3781015476947219
-0.40013888593577884
-0.13117202228579053
0.4930755764440859
0.5939644860324402
0.16888507987738746
-0.03633103919979287
-0.1901111717412901
-0.389096111522187
-0.5300315617275921
-0.19913061289346495
0.6702095987354899
0.6206266428926436
-0.33898779306457694
-0.47762630776990556
-0.018112061301118757
0.2178698135402122
0.5050227938601773
0.2904019456142882
-0.5671617483626794
-0.570287075870171
0.21204543713689156
0.3457964528243093
0.05789048924725917
-0.0654184266520205
-0.24012253793973803
-0.12225671880962585
0.3754172060997243
0.2633821006653521
-0.4238321588770017
-0.319767843938274
0.46214053181045317
0.32521184219005383
-0.5743966265404792
-0.4762487999231603
0.4364582939137836
0.4842472164239754
-0.10883639871709384
-0.22828956762709127
-0.11153014968218386
0.05128954927741598
0.4283762431901004
0.3265304733540616
-0.29396971077330697
-0.5179342994371827
-0.46068429396499594
-0.15213709501275172
0.5939555424615822
0.634104051470713
-0.05687278419970525
-0.25393165220703284
-0.1577893127275588
-0.10869804710852264
0.08659882077990695
0.12644527595432262
-0.01474179290748725
-0.08081044058846397
-0.13578116732049902
-0.08392134764060005
0.11884402111358101
0.18752638760657603
0.141859475843774
0.04453834634113145
-0.16470784387212417
-0.2115404990625935
-0.08358751050530663
0.027401597459525195
0.182990085007311
0.175458868034573
-0.034723099110389406
-0.08238661146706293
-0.007972311840244344
-0.0991296778407359
-0.30783402389566383
-0.24276030556144396
0.08114753082015456
0.4456874033577494
0.9319443712972345
0.45523710919107635
-1.1117812409660066
-1.1223081964117092
0.3226868729165986
0.5381327431917012
-0.07274182298527242
0.040483139594678516
0.5089300667738168
0.2568248440868728
-0.5831402004936422
-0.5954104915571271
0.12242159268201175
0.18180956745767465
-0.21233167355778665
0.06721877096596005
0.8590536757400286
0.43578470686303594
-1.1465696847523175
-0.8618030833530511
1.141161729904398
0.998494763494583
-0.9203090706343683
-0.9160994466680821
0.5110533283785701
0.6154884910015317
-0.11513608722114621
-0.26457795836776965
-0.20274138583576182
-0.026686056478585404
0.46265069020169186
0.1992200042311635
-0.8574398329414893
-0.6197414841699188
0.8139960722632599
0.871636907907024
-0.18344879680244744
-0.30910527663398596
0.1284658976260391
-0.07682136003214277
-0.6725475608990796
-0.3000959791242623
0.9689045646696222
0.7098584407223955
-0.9746306733978064
-0.7878718541647768
0.9840215981448628
0.752438747529976
-1.084963552269262
-0.8968844174790414
0.8966366508057986
0.8979823571207853
-0.4444043647504752
-0.551200408194278
0.12569613186866133
0.23715772546671937
0.13132011441754385
0.04657076574103318
-0.19353471906625266
-0.22787417551790212
-0.03697073293766143
0.03942993685149722
0.07072893930628332
0.16470015084420553
0.2775359226398055
0.15795681225095431
-0.21143828910092471
-0.4091601437076008
-0.47430686542145273
-0.19370370732022255
0.5498192947501768
0.663967170110858
0.1611814583809079
-0.08913894856132801
-0.2916657912733633
-0.3865866785221689
-0.23983268153774756
-0.020947355340766277
0.33645839926553844
0.350226464348891
-0.03283822000249878
-0.19538154424937929
-0.23650219631503175
-0.0751429381557761
0.4113865228630475
0.2657037510368093
-0.5225646403189357
-0.3206057600209072
0.7706045494612
0.6373453908258809
-0.5376302509335835
-0.7478669181879668
-0.28064838249325386
0.043637213335951025
0.5483885032617587
0.4802054294787541
-0.2975427985134217
-0.3775974958002251
0.11033779071197207
0.19392577878452893
0.08789049523648738
0.029845504685828233
-0.11222299387713526
-0.16685373340019283
-0.11510589996671428
-0.03690743801658997
0.11237972789723455
0.18266201569108007
0.1623813089082722
0.028646830385059507
-0.26757280869589484
-0.2345222514139087
0.1434934669788864
0.1567708639945544
-0.12299183000976194
-0.04065193542314789
0.3136002720412109
0.23113601642621925
-0.22520350878043818
-0.338478288768168
-0.20213819104646863
-0.022370042967280193
0.3304666701760995
0.2911390681871391
-0.18677750145764058
-0.2217744479221409
0.09768828194726237
0.14810882945494136
0.06019276161597166
0.03654265973802384
-0.006549831860221527
-0.14639332722382234
-0.37579675868553014
-0.2327769235422469
0.30876623836270206
0.4121988611612788
0.13631655089634
-0.10852849380824667
-0.480237210473181
-0.18843912480068545
0.8760686679160606
0.639804420401767
-0.8337548615838836
-0.8675889310787482
0.2729784445781873
0.41500769077982796
-0.062033577246942695
-0.03195290049752292
0.21536720959692887
0.10653454493361436
-0.24918287806247544
-0.2211431286366992
0.14357971906230899
0.1781498406139784
-0.03084918306973251
-0.043561572418369277
0.045299291643431244
0.09347245432979723
0.15976257917282805
-0.09210694995113862
-0.7075058626362921
-0.4258738525692628
0.7649648287551318
0.7663318271895339
-0.27905176609148175
-0.43660918956711836
-0.014426345761077345
0.03313658487992146
-0.018196214293512664
-0.05888008386489309
-0.2024795428139184
0.05930040471922685
0.7574461353017001
0.44828978081267423
-0.8616225441623852
-0.7555911103981273
0.6150086817313031
0.6467517815947356
-0.33591621588976506
-0.48359768480404075
-0.15872632079949023
-0.01745243919629102
0.20009353188823026
0.35588833421178434
0.383060581686931
0.15122818631040708
-0.41796222533115945
-0.5402367726553372
-0.21923545570838143
0.05352127218845487
0.4419336793646953
0.42007111600576946
-0.11087816490164058
-0.17122716845767852
0.1434012009654778
-0.058252477685446655
-0.6519762458838971
-0.3763056669081631
0.714839074474256
0.6939898114695177
-0.30815154052983373
-0.4115403051186256
0.10829396244550554
0.13545923811143085
-0.06824102123472034
-0.05356508849276687
0.04909847369524046
0.01296117829155443
-0.12152448878895945
-0.12482852453984519
-0.019919130501845853
0.12484522630512154
0.3556268094663555
0.1314314130214647
-0.5973456231919785
-0.3757771245295645
0.7678507730190429
0.5786753265759217
-0.7853645495950491
-0.6619513216761486
0.6787080292639923
0.6195760757682522
-0.5081585922975554
-0.5009462744329011
0.3097907444695824
0.33821488655324966
-0.1340783201298113
-0.20840968632992002
-0.09211988136980964
-0.02623479970827984
0.1114277044007018
0.1571874053335924
0.08667875936257531
0.006140259059916762
-0.12771973250632063
-0.12037003082864364
0.05222619251468128
0.11893312080374982
0.11817171582294658
-0.008056009297088645
-0.3188188686869551
-0.15806496893758668
0.49353047111864645
0.28335948662132726
-0.7353224635977753
-0.5789001535976354
0.6083401717276145
0.6480767854105927
-0.20687855641206754
-0.37218223658065863
-0.15873782325866218
0.1077615927270806
0.6728841497597063
0.43416786193236084
-0.6875449016750892
-0.7686202704763458
0.04559404718818756
0.23254025822238317
0.08899357998729956
0.20837640648660227
0.3869093371565031
0.15969987203277283
-0.45707979031878043
-0.4641530967306959
0.11067483808363814
0.23393135165085524
0.06465766000014121
0.008210861383913887
-0.0943900273994538
