-0.01375889209317213
-0.014378391318622084
-0.015020292573995491
-0.0156861756247921
-0.016359614966903618
-0.01704554233237909
-0.01764314388861791
-0.01814031689568123
-0.01858779376141966
-0.018955818700662035
-0.01929830551064835
-0.01961751857080431
-0.019859194210348253
-0.020032805183914766
-0.020216857358398174
-0.020409704509791102
-0.020578257504014617
-0.020740646658294695
-0.020834283900500628
-0.02085370224603952
-0.020843873105562682
-0.020789570757916022
-0.02075384060343656
-0.02074686185497835
-0.020727100100786742
-0.020713084376524037
-0.020677467679787072
-0.020616810926415808
-0.020561092373599682
-0.020504611369449463
-0.020382961580816428
-0.020194520059423345
-0.019966457277657054
-0.019682300940808216
-0.019387024562144903
-0.019083415698117282
-0.018735184507277264
-0.018352053389615628
-0.018017591172986635
-0.01773588510955501
-0.017474385588798134
-0.017255981288720128
-0.017023521642762624
-0.016775228410768353
-0.016560103807765937
-0.016367186207459538
-0.016149095910358333
-0.015908379135875547
-0.01566123120231021
-0.015396965914027493
-0.015157642124016518
-0.014946158048914464
-0.014733421233319517
-0.014529405940696587
-0.01426457815051978
-0.013929435309055228
-0.013564306672152762
-0.01314886192345783
-0.012716889729953907
-0.01227115769254042
-0.011776580237038117
-0.0112396748870236
-0.010721328285823808
-0.010221802290490639
-0.009715660329704338
-0.009217826370480743
-0.008683070770526404
-0.00810812070446094
-0.007527609530261767
-0.00693122445104089
-0.0063816811823759765
-0.005889125678656738
-0.005416737550855251
-0.004983645528395416
-0.004561982243253088
-0.004149918937746049
-0.00377901646724856
-0.003444537002245682
-0.003088465830931865
-0.002710905400035472
-0.002337659587075405
-0.001954938125929761
-0.0016062600011808761
-0.0012954884185510302
-0.0009902018041913212
-0.0007008492386980577
-0.0003970548258595495
-7.272720778369593e-05
0.00024985266513956523
0.0005799124157529424
0.0009066705047317249
0.0012283051404316102
0.0015583863342242565
0.0018946695510423058
0.002201596517834859
0.002477952816893063
0.002739364197387188
0.0029766607021323352
0.0032138578238547306
0.003452528422184458
0.0036729595691727284
0.003880339418590351
0.004138989408207924
0.0044530274485402145
0.00479583097969253
0.005185304244954525
0.005579566925693677
0.005977235127035313
0.006415328685627203
0.006885935134586738
0.007349894220409546
0.0078089915001014676
0.008277448306639784
0.008746389179716067
0.009249668876949555
0.009789784719134128
0.010343124054440551
0.010917776660207096
0.011463890804173399
0.011974435009025381
0.012479084891123246
0.012963261704870586
0.013450712989179856
0.013943575922760689
0.014416981705792174
0.014875585611348349
0.01536439628430508
0.01588381834404386
0.016415030054513714
0.016969174499015763
0.017513263678089547
0.01804499203995697
0.018589915867166528
0.01914060245598312
0.019602011257085192
0.019967188988122348
0.02027524077998763
0.020499202940068503
0.02069951882245812
0.020877690012853726
0.020978914024227798
0.021014134618192626
0.021042034969575886
0.02105958108560797
0.021044407950879373
0.02100946097606091
0.02090348634898298
0.020722173416771687
0.020500530803033504
0.020225910218515206
0.01997252440604268
0.019750428327988165
0.019514623842867826
0.019286466226285822
0.019029862229303838
0.018741106294220187
0.01845697745647618
0.018169997725678223
0.01781204451122983
0.017381995631867424
0.01690763718492507
0.016371720803907773
0.01582328316321497
0.015265283290250443
0.014658827396441202
0.014014572623125412
0.013390086692999988
0.012786590507093042
0.012184419585174761
0.011598897682750553
0.010987177250665307
0.010348123215137612
0.009716700977507226
0.009084538277111354
0.008423685456594157
0.007736254453717273
0.007030460571428886
0.006300122346628887
0.005571715690965691
0.004846843793156343
0.004107632140346967
0.0033603036125934476
0.002550863526643436
0.0016723589808120755
0.0007549120620860131
-0.00021721415560392617
-0.0012168784970716282
-0.0022421260654844634
-0.003320654968350457
-0.004447305681243306
-0.0055769854967478655
-0.006709796223551562
-0.007864455275463813
-0.009030050868822649
-0.010240728976157605
-0.011499040267736736
-0.012779230920901012
-0.014089188829332414
-0.015219001139351377
-0.01614444725522975
-0.01696949476842287
-0.01763246427947505
-0.01824767270481134
-0.018819782296927753
-0.01923510954262191
-0.019513867416891064
-0.0198164356604057
-0.020139149997205917
-0.020415004039587112
-0.020680964939131276
-0.020808377689479705
-0.020786103600391577
-0.020706331295165036
-0.020537779596031074
-0.020414538646529853
-0.02035793809014695
-0.020280501247210415
-0.020221593930521763
-0.020122391179862836
-0.01997571303726782
-0.01984564058492536
-0.01971997139710596
-0.019463358009014536
-0.019072569011321292
-0.01860460904002163
-0.01802494454470824
-0.017428481330409477
-0.01682114714655796
-0.016126609630898552
-0.015365447447300694
-0.014706334183270015
-0.014157211830063396
-0.013653095040130576
-0.013240123629114602
-0.012802256301440433
-0.012335985454670271
-0.011940514667691596
-0.011593600142651704
-0.011200789675885716
-0.010767363400720589
-0.010325380401114742
-0.009853612702455336
-0.00943640204082791
-0.009079565830229048
-0.008724967624830875
-0.008392642442504126
-0.007941015770994065
-0.007350888407615187
-0.006704199729113185
-0.005959610568511221
-0.005186209356412052
-0.004389650499382983
-0.0034984265052217323
-0.002525895861372714
-0.0015956459253299148
-0.0007082019292205347
0.0001879537535249403
0.0010625145085223875
0.00200732769449364
0.0030290010978532627
0.004057186459313501
0.005112802068064146
0.006033734700241555
0.006795782900187903
0.007489926043190659
0.008067177199235047
0.008603966595337667
0.00910465031248097
0.009485904297179082
0.00976083956738315
0.010072105542881524
0.010418671351537418
0.010737925901571002
0.011063486455777767
0.011286465635740527
0.011397203962664344
0.011475940497639281
0.011496403098308036
0.01154392123928312
0.011634375752274296
0.011707390418635399
0.011788554473071318
0.011845110944788987
0.011872063269928651
0.01190838791160513
0.011947228134582384
0.011893170722293284
0.011743196260515131
0.011538622127026717
0.01125487782749442
0.010957049029983918
0.010649282094785007
0.010278378978851423
0.00985837034317639
0.009545453715784975
0.009348965045859388
0.009205199928505131
0.009157421368039317
0.009102505651433746
0.009037057790051832
0.009051404028454394
0.009125945128573584
0.009167246017271617
0.009179712800162722
0.009196718960198904
0.009197080523576213
0.009262036342872927
0.009397438335809631
0.009546671738545676
0.009729078811222909
0.009821185236923189
0.009805688567622088
0.00975549837763838
0.009634477330143013
0.009501708049124893
0.009362334069210516
0.009154542055146663
0.008889827261401412
0.008678654344614877
0.008521833127876422
0.008373120832156411
0.008259759615234643
0.008100414966815593
0.007889307370800826
0.007689171242647277
0.007481587342619133
0.007299060670279967
0.007151777829206127
0.0070112735523606695
0.0068887056420177005
0.0067802157558975295
0.006684247787131607
0.00661323345587432
0.006566994965057891
0.006498841776660452
0.006407285004071597
0.006315399827249653
0.00621159638015631
0.006126944131598946
0.006064440557270165
0.005999311290540858
0.005938904994340535
0.0058834694138778735
0.005830404076164903
0.005785053406796044
0.005746891970009159
0.005710454981917796
0.0056762610185211474
0.005646529700530811
0.005620226929186963
0.005607924344486604
0.0056107673011647945
0.005623044125618122
0.005647740405744224
0.005679607710923273
0.005718257808845137
0.005768959895683087
0.005830698832788019
0.0058463241527631025
0.0058108356974240485
0.005750455544224998
0.0056489401573160195
0.0055405468378647
0.005426668975354899
0.0052755220914377276
0.0050934992928266
0.004919707779436203
0.004752960179542836
0.004578064508217342
0.004404052695174478
0.004198655673457363
0.0039593835996075
0.0037092618639072944
0.003440596863061139
0.00319245560136036
0.0029708208979944933
0.0027514285718574275
0.00254580685998944
0.002336319895932994
0.002121190722169008
0.001919517358033064
0.0017278314208372092
0.0015089323827282334
0.0012622927557425748
0.001003695049415236
0.0007238598845889298
0.0004495934217265833
0.0001827689681008451
-9.76051524463079e-05
-0.000385522648482656
-0.0006292354106671734
-0.0008257982782966938
-0.0009951476263232862
-0.0011228519948867787
-0.0012435642862098203
-0.0013580820068923136
-0.00143600326282184
-0.0014837180354111534
-0.0015305901949140529
-0.001574788421470737
-0.0016057539842081595
-0.0016298930139948737
-0.0016207311660826177
-0.0015761485736534347
-0.0015139985833312493
-0.0014277722324533102
-0.0013600698957088942
-0.001316478769974169
-0.0012717767924984673
-0.0012382144035709118
-0.0011946870119544212
-0.0011391854054718623
-0.0010930438864447483
-0.0010519512210640791
-0.0009779375657459593
-0.0008705326600808714
-0.000745188206418196
-0.0005923686684623516
-0.00043973753266480364
-0.0002890200204449212
-0.000118495933295997
6.575898494671057e-05
0.00023751388093485058
0.00039662184604966647
0.0005511432242174505
0.0006941804767953773
0.0008461684221261976
0.0010075326190794127
0.0011619618982396972
0.001313439527252361
0.0014732001796066041
0.0016401124982378067
0.0018112562483761118
0.001989022797391367
0.002162064295419515
0.0023297047111510314
0.002499353120074641
0.0026683108458853302
0.002862780423577736
0.0030859686674920383
0.0033234655381848732
0.0035828485816973036
0.0038506155092123693
0.004125800339457351
0.004421929535610198
0.0047364024624976615
0.005047786465556355
0.005356145144182295
0.005670249712891169
0.005984902743456661
0.006316395887467418
0.006665907120473872
0.007021139299176033
0.00738583306043458
0.007691721359637302
0.007930512720044037
0.008136873672096626
0.008290650681459179
0.00842810365076962
0.008550821355444445
0.008622195961682882
0.00864861787699234
0.008683675645095089
0.008726325842008036
0.008753964103446012
0.008779006792323154
0.008758911218671865
0.00868998601763355
0.008602903389319712
0.008487343074825422
0.008385298115852244
0.008303645905086001
0.008214608989789339
0.008130564801487536
0.008033492887748789
0.007921115879272973
0.007813353639921666
0.00770646807546046
0.0075573206127750895
0.007364826428586324
0.007147257856545566
0.006893594505569525
0.00663394539775764
0.0063702041967179926
0.006078095903017469
0.005764147604234998
0.00548449956660096
0.0052419252604551415
0.005014572007130465
0.004817833088597229
0.004613372619349094
0.004400016684569
0.004210684084167373
0.004038039527540278
0.0038502756976533602
0.0036491225355991595
0.003445486103455514
0.003232208755592657
0.003037559857840551
0.0028635082722997186
0.002690534648783705
0.00252535969904631
0.0023213953379863494
0.00207229002278262
0.0018051089733904372
0.0015062457855704024
0.0011983630484684235
0.0008833392699091903
0.0005376819081109368
0.00016578051184259086
-0.00019151365899090864
-0.0005340009966322814
-0.0008787181372982423
-0.001215634528246305
-0.0015750535082459422
-0.0019591470955911718
-0.0023446699368484198
-0.002738513941681513
-0.003082566691098437
-0.0033683513893206984
-0.0036280297588861324
-0.003844080470457851
-0.004044341513610136
-0.004230324303999525
-0.004371972189056752
-0.004474062530492566
-0.004586968377398396
-0.0047102309471372394
-0.004821815053470407
-0.004933552182326285
-0.005006769247886389
-0.005038026296773475
-0.0050557091908311445
-0.00505046515384707
-0.0050536197455691555
-0.005070873834969583
-0.005080265001732313
-0.005091147981085835
-0.005091239542887445
-0.005078707280763496
-0.005067939779299269
-0.005056354975802382
-0.0050093449210426135
-0.004925829826652678
-0.004820719377135844
-0.004685097956533513
-0.004542623776722682
-0.0043947831493059775
-0.004222244743859943
-0.00403009802968592
