-0.014397276568789601
-0.013303909170601355
-0.011462917122335683
-0.008802047103680091
-0.005998252013455593
-0.002834998051924092
-0.0004117995735861156
0.0010949441309195053
0.002364481670788566
0.003067410710804553
0.003688814608014686
0.0042733294723257915
0.004281068439416005
0.003802945148327929
0.0038972639904959997
0.004575296744138565
0.005378583830121603
0.006567649575883117
0.007373785359787836
0.007738265126987401
0.008255155529239706
0.008748291714507
0.009109783349595548
0.009392126657123101
0.009517332242416493
0.009468920627505414
0.009444750988642302
0.009436310919339299
0.009331191496116449
0.009167755420853413
0.008793619097442982
0.008183028229619594
0.007433572788614075
0.006499594542686268
0.005432340993414852
0.004237258990577808
0.002847228075756547
0.001270732665343421
8.499599795835575e-05
-0.000664321074218109
-0.001245746211720489
-0.001498440171479039
-0.0017743784975542281
-0.0020913434590834074
-0.0021306119226701258
-0.001960932445894636
-0.0019704994186237265
-0.0021498209423275105
-0.0023544105596317016
-0.0026761248856282454
-0.0027983735931634748
-0.002699959328529735
-0.0026115261751257965
-0.0024600724094262713
-0.0024640810271542037
-0.0026681804055986484
-0.002915441242336746
-0.0032731414401239597
-0.003667913903363248
-0.004088574947156858
-0.00463242862195658
-0.005285610200083078
-0.005806606285651367
-0.006189452279501792
-0.0065427961186421855
-0.006805980140544233
-0.0071458115135713506
-0.007575091836593571
-0.007960836967749699
-0.008340698251317526
-0.008472685328839113
-0.008316619089471464
-0.008012254749486953
-0.007484858744575032
-0.006841305243487875
-0.0060873579463448495
-0.005099971180032168
-0.0038963325145163373
-0.0027009100279261344
-0.0015123330404517086
-0.0002290821504744836
0.0010962671539523235
0.00263391032705719
0.004399943450648402
0.006269383302955875
0.008283906719846438
0.009785176582723085
0.010694852149064514
0.011353618305718436
0.011568960522625077
0.011693547297267308
0.01174592057743524
0.011374943583256138
0.01064519922761113
0.010084010957611746
0.009684767116727137
0.009228793713449765
0.008840820663928712
0.008108907567526951
0.00700009669472103
0.005817201091506735
0.004462684192881156
0.003336101147550226
0.0025064447365092564
0.0017121142933711133
0.001073214330384198
0.00042480846347201515
-0.0002518477943659679
-0.0007665644940055619
-0.0011512343697464428
-0.0018143493558137752
-0.0027636148009899993
-0.003821262588125524
-0.005089534627476968
-0.0062791013593644675
-0.00736894223129086
-0.008587340949986668
-0.00986928445857509
-0.010719587748563311
-0.011113321980688973
-0.011235937156733319
-0.010950297593162328
-0.010594324896247374
-0.010175504495517915
-0.009400917129336614
-0.008333239686584004
-0.007241929269535865
-0.006108579707044704
-0.004838978829726193
-0.0034914608940549803
-0.0018190654139599344
0.00019765305081449267
0.0023934227222326097
0.004828969485937034
0.006514840098329207
0.007338319488610467
0.007811544513974585
0.007647963864228791
0.007383519703512204
0.007048537755839053
0.0061166529912835286
0.004688258207371085
0.0035409193475426596
0.002665555420104576
0.001744956399670694
0.000964200594484901
-0.0002834540892720141
-0.002044374077368262
-0.0038701863523327427
-0.005903003904012204
-0.007125578352975041
-0.007390513199783371
-0.007281011722765737
-0.006493998356621371
-0.005514500436381884
-0.004376534133452294
-0.0025621894277480972
-0.00015978047301968616
0.0019255297836329734
0.0036940340517250033
0.005534475999086246
0.007228862752138048
0.00945677355657123
0.012272977579243746
0.015165931769023026
0.018294973187415572
0.02027499451725036
0.020913210907747587
0.020977102196143665
0.020054195471499114
0.01882614738879069
0.01733446564624172
0.014861998866817576
0.011530994190474469
0.008539591383365694
0.005881417877030415
0.003042906409152667
0.00030954392838605284
-0.003231703632504296
-0.007656463276280858
-0.012285783889551394
-0.017336101193136975
-0.020967136218953727
-0.022925779956466937
-0.024237753532731256
-0.024357604068622998
-0.02419546035272705
-0.023810226763624584
-0.022251333643973942
-0.019684947077541055
-0.017707998500187394
-0.01631548344959917
-0.014827990788994216
-0.013628692417615617
-0.011506860042209533
-0.008365442179364932
-0.005110877750212075
-0.0014588478015615553
0.0012658383336182802
0.0028389673843315388
0.0040947890312670624
0.00463245537858989
0.005014583917814434
0.005294358549724646
0.00482702298088437
0.00371605164789621
0.00327452533740675
0.003518056811379526
0.0038702980044722462
0.004654217174834217
0.004921059731197452
0.00459628526188523
0.004413568202170718
0.004154421429599897
0.004096775883732864
0.004347168548344116
0.004615669535998358
0.005001172123649953
0.005511047717247914
0.006125964280297669
0.006934429187504261
0.007941145451790256
0.008659080002367201
0.009064741966282566
0.009399947638726251
0.009539678805908277
0.00979120362578659
0.010181653478320011
0.01045443481305209
0.010679120207118076
0.01061126068133944
0.010194587416608069
0.009591722030432636
0.00872188629779828
0.0076640743037689465
0.006423411821789373
0.0048831965758442345
0.0030528002580002605
0.0012116301375245983
-0.0006387356740282132
-0.002633634991868251
-0.004707227667635681
-0.007062601819613449
-0.009721032329770509
-0.012531235524427423
-0.01554375869625346
-0.017557122286549265
-0.0184349929647875
-0.018779309819882767
-0.018239303229080118
-0.017474535899181062
-0.016515556405902257
-0.014713196670581241
-0.012187086909097132
-0.009869326233933511
-0.007743246799310514
-0.005424142662847237
-0.0031300855051711054
-0.00012169076373888033
0.0036615413573966742
0.007682517836852629
0.012118000053348123
0.015194006034820918
0.016680751974480823
0.017544827983149807
0.017264784764040093
0.016745791321898882
0.016044404341653523
0.01423579621540667
0.011487155507228945
0.009290242224727697
0.007636928319914775
0.0059013012568906375
0.004440779828362473
0.0021150725711831155
-0.0011654344083022788
-0.004549658907581448
-0.00830478645727881
-0.010969750961713345
-0.012311740745931608
-0.013215540055754359
-0.013241558398428319
-0.013041434673708044
-0.012669211023611187
-0.011399838978277574
-0.009352227165649351
-0.00791165557180703
-0.007087469777487609
-0.006276059972616416
-0.005814992791726247
-0.004687145646498171
-0.0028113252123081007
-0.0009648066819065815
0.001088725345123347
0.002564828198585123
0.003303062701269572
0.003845551296434845
0.00394724137164881
0.0038844581570129156
0.003690695398768015
0.003003539894067275
0.0018710923427985842
0.0011643824340168813
0.0009002984483796508
0.0006819362691852398
0.0007248154501072395
0.0004169698791676804
-0.0002923213060753564
-0.0009238727414705205
-0.0016191756018615897
-0.0019943809738228574
-0.001958484651250892
-0.001794416654532759
-0.0013781453051400628
-0.0008213253974659821
-0.00013995265079511928
0.0008368548950741206
0.0020919234993343264
0.0031575715358057844
0.004023101906926278
0.004908532512585687
0.005698324413310714
0.006716193431247513
0.007990839204392041
0.009268118315682491
0.010623803457197288
0.01141237887526557
0.011540589461071938
0.011366222076718311
0.010695184193188382
0.00984104451121962
0.008821535461853916
0.0073016106699353035
0.005335998276725232
0.003493204766207749
0.0017697169208177915
-8.151619834196293e-05
-0.0019258101969964994
-0.004196967330832115
-0.006932342121808254
-0.009810958994465794
-0.012936672143936958
-0.015080762157323508
-0.0160875956838725
-0.016611800500884358
-0.01629182780282156
-0.015764954130287914
-0.015067190166770786
-0.013551285852854783
-0.011333431689019133
-0.009428831732785699
-0.007828200184193659
-0.006105355927726654
-0.00450148404313176
-0.002232327172979811
0.0007653549446186168
0.003911587008952631
0.007391813605369148
0.009886724728230548
0.011206376436993718
0.01210923585539019
0.012203195231181749
0.012120534485091846
0.01190689431033722
0.010890686626223093
0.009188280653842692
0.007979678072772573
0.007266268313656142
0.006543429735383111
0.006096634608165486
0.00504296941486384
0.0033127675397187925
0.0015735913746797447
-0.0003803124231311474
-0.0017768527225751152
-0.0024697012012726716
-0.002973612253593254
-0.003050825776147623
-0.002996269868875483
-0.0028424781768537034
-0.002225451189632008
-0.0011981366897381189
-0.0005784687090165578
-0.0003801452667925981
-0.00023620345053638125
-0.00034874232884310994
-0.00013723412101496654
0.00044520138160683917
0.0009457666618013468
0.001498270073022549
0.0020124507259899125
0.00243037343315847
0.002891972505111324
0.003359425007119982
0.0037817452706099194
0.00416873309417583
0.00450991715067611
0.004793755416322497
0.005264638744292576
0.005938650970494513
0.006688764954158681
0.0075791569846789504
0.008466076290923056
0.009336407084176986
0.01031567904313286
0.011371928936736777
0.011483816856719673
0.010562622386250177
0.009064452657168983
0.006697458653569437
0.004076845061962524
0.0012234489860500344
-0.002435565168415292
-0.006787991457004526
-0.011152795610032587
-0.0155557397523982
-0.020263743878353235
-0.025122623508471217
-0.030704575767110782
-0.03705668022401362
-0.0437779896757597
-0.05100762857311653
-0.055414304752729474
-0.05662407619933367
-0.0563051183114395
-0.05348705536259026
-0.04999856819820753
-0.04592556296607767
-0.039471289868284326
-0.030968540033371874
-0.022972222964476055
-0.015434661391863154
-0.007304899241633228
0.0008198698052004647
0.01097013568068074
0.0233115342570624
0.036370594157111504
0.05063267590185158
0.060698833123554286
0.06588412499035433
0.06908947709060935
0.06872949270384807
0.06759187947357218
0.06584226153946578
0.060649397199284
0.05252600337800532
0.04594523641744784
0.04087273315448593
0.03543573743106371
0.03070124377488695
0.02322758419874337
0.012741715132558992
0.0017994376216654373
-0.01040901801512445
-0.019289680455059702
-0.024126579853298594
-0.02768237515349754
-0.02858064865183079
-0.028902513024462298
-0.028819805480609164
-0.026044601645797152
-0.02096033322854402
-0.01788194353645566
-0.016837862912887823
-0.015959325246464685
-0.016299185835303834
-0.014684981134772648
-0.010867321774084907
-0.007272355465614186
-0.003165382709824318
-0.00013647977518995
0.00140007406469438
0.0027311059514369745
0.0033401992695455012
0.0035947038962773617
0.0035801033734409503
0.0026391724461171237
0.0008323889404321466
0.00025515926587904976
0.0009770850455947493
0.002011420877766072
0.0038873325212829867
0.005202758416640078
0.005841370242236475
0.006936280039683342
0.008168508143224442
0.009173765073785081
0.01004538294659218
0.01072730473065414
0.011150048712344603
0.011787255952482052
0.012636607407740854
0.013407073446959883
0.014197146997424514
0.014817419169404137
0.015222758580711662
0.015572696159524082
0.015809269641826686
0.01596010406638691
0.01603769506647403
0.01597701089082794
0.01578357345404327
0.014609610978481805
0.012353328468383492
0.009410475802033916
0.00552598548426766
0.0011671338040129763
-0.003657036762697217
-0.009419201288282296
-0.0160434078124893
-0.02288136685488751
-0.02995531179862413
-0.03754633340214558
-0.04551055355570002
-0.05438291344349394
-0.06421635180175433
-0.07464041581289765
-0.08579072546721009
-0.09240450407403919
-0.09391583071357543
-0.09289704029754342
-0.08781893431551539
-0.08163062521772703
-0.07445963035181251
-0.06343944620374128
-0.0491053237604169
-0.03540269532886969
-0.022244078089146656
-0.008016995289807434
0.0063621777579619156
0.024062140280906297
0.045343115730370656
0.06792199790444112
0.09255961012647902
0.10974762849630197
0.11831229121488067
0.1232933187564422
0.12190569642079524
0.11912930589132531
0.11524918305995879
0.10525068104136293
0.09005011848320851
0.07740364719306093
0.06723754871587671
0.05632050977909203
0.04649745988567413
0.0317665690459369
0.01165174890257142
-0.009405721474611599
-0.03282028297446475
