0.011597737219622196
0.011304768739686982
0.01103613806000597
0.010800303919307025
0.01049643404220504
0.010152983788668545
0.009791969027308287
0.009403966823830004
0.008998553485285126
0.008578830088934238
0.008107414773722435
0.007584483368662019
0.007030627619671699
0.006437715583444076
0.00582600662693902
0.005198737082495929
0.0045400901406931135
0.003855596993026795
0.00313881726828001
0.0023879512030143884
0.0016106993854970485
0.0008052743791741482
-7.974093523833412e-05
-0.001048579393484244
-0.0020785016071596407
-0.003184097932949657
-0.004334613302763772
-0.005529014371919193
-0.006795909412483133
-0.008129690886078544
-0.00949878981200158
-0.01090474240603151
-0.012359734266075506
-0.013856775349318522
-0.015423047275296614
-0.01706085283185231
-0.018751515623354625
-0.020501735917794667
-0.02178968242057216
-0.022560326447264835
-0.023063020044056744
-0.023145856388549955
-0.023103962280791823
-0.022948548722551233
-0.022393205171257327
-0.021490709791996535
-0.02062307141016738
-0.01977982200691824
-0.018804466665802946
-0.01778459809299592
-0.01640926427579552
-0.01465200027103259
-0.012734084947189023
-0.010579935059748882
-0.008538136042426257
-0.006662364125846765
-0.0047296374375535915
-0.002842000895337637
-0.0008428946674589994
0.0012857264030160323
0.0033756179094652566
0.005459011770471578
0.007879269271977336
0.01064371393864769
0.0136083570595266
0.016860430863695444
0.02015719829661824
0.023483339637995822
0.027032919442673272
0.0307530435189081
0.033623213860870645
0.03556199788051343
0.03701045565037232
0.037678619353076405
0.038199563034560756
0.03859314702580465
0.03827957756467081
0.037374890393148986
0.03654287772186984
0.035756188599046425
0.034759169027325995
0.03370159266557453
0.032019325840108484
0.02966669300614499
0.027037128436831002
0.023993595924263596
0.021302093516947812
0.019071660128573708
0.016834731062488194
0.014814106798991974
0.012647364521480547
0.010298023791227988
0.008144232810538074
0.006112612853025744
0.003491300343602649
0.0002696532980031969
-0.003256987945746189
-0.0072675138056270995
-0.011248434484519758
-0.01516649985137923
-0.01942619763161102
-0.02391427289354166
-0.027499709193923482
-0.030113520838247757
-0.032205798222017794
-0.03346079886408871
-0.03462589253037061
-0.035721111729439856
-0.03608744776393239
-0.035863782085734465
-0.035717500814204786
-0.03561242206604582
-0.035306169514868146
-0.03494690678091449
-0.033945043778044595
-0.03225468772610463
-0.03027954965311636
-0.02787630667721896
-0.02596532330766093
-0.024670817186295213
-0.023447307115596523
-0.022561277392689556
-0.021563273088498508
-0.020411594040633283
-0.019566769620703868
-0.018938500199292958
-0.01770260855648411
-0.015850128754789108
-0.013720195679107471
-0.011107073870188123
-0.008612949001801932
-0.006277261970831225
-0.003629923465986439
-0.000804631949680597
0.0015012266134149333
0.0032697730528408733
0.004733163590469873
0.0057031662320541
0.0066938051850958065
0.007714986847319845
0.008341099477861625
0.008669630295719601
0.009032599917892658
0.009400755291030497
0.009672152591235564
0.009917308984152154
0.009813951796694224
0.009339162401064714
0.008704191392782562
0.007830482295787167
0.007369916758450968
0.007403041848644295
0.007560979374279361
0.008031091480408552
0.008479733532052358
0.008879569791979205
0.00956342470117151
0.010464918704613628
0.011033729612470414
0.011267531664553597
0.011389485764740937
0.01126368733007073
0.011300668185137926
0.011527716304947757
0.011628896269071142
0.011696250816070232
0.011714413451346196
0.01164685846769407
0.011566450592933826
0.01145977814174707
0.011259888107077488
0.010971015315448035
0.01061256766530698
0.010169545080901113
0.009767021735643108
0.009414959949557948
0.009041313954314687
0.008678772559851963
0.00825965967217035
0.0077758852637565485
0.007288097168570106
0.006780428559140856
0.006140805893731963
0.005365297755601687
0.0044952004987095645
0.003500329710746245
0.0024583901262262287
0.0013715773478167842
0.00017422115223293758
-0.0011187597825631857
-0.002455347598492608
-0.0038400143672933174
-0.005288873943552001
-0.006790846003282916
-0.008395737803737816
-0.01010708605156489
-0.011892075744811914
-0.013762819253349936
-0.015230099821098233
-0.016241420079219568
-0.017035304010400182
-0.017469578950395758
-0.017817964855857526
-0.018092097621326776
-0.018025623296017403
-0.017668064942766896
-0.017382946325844695
-0.017161690380687575
-0.01685562625905671
-0.01654889133687112
-0.01594857489038349
-0.015030381781634993
-0.014004670664942154
-0.012800877657066409
-0.011733482122259926
-0.010852546530108434
-0.009955625228634149
-0.009135472020880804
-0.008254111822603346
-0.007295712414971533
-0.00641144657567722
-0.005573377294684152
-0.004468807209812779
-0.003091327791696282
-0.0015735087914561423
0.00016372952212846703
0.0018991430309816008
0.003618138293174538
0.005496871333467797
0.007486677642315454
0.009114992920210752
0.010354202386653527
0.01139170481793265
0.01209613570938856
0.012781786637963241
0.013457425789292815
0.013847530265392054
0.014010930874891496
0.01422358036991911
0.014470490422550714
0.014652709913069257
0.01483168125850852
0.01476329093445095
0.014428986058904305
0.013996224770371655
0.013405957502675406
0.013041269255041477
0.012954071620821041
0.012918030153755602
0.013044284056953358
0.01314615267918601
0.013206654893854572
0.01341768190993063
0.013742005017384247
0.01383776810302518
0.013701640177904657
0.013474728294481625
0.013071973387505533
0.012743848317534804
0.012507083163233233
0.0121668168079252
0.011778937506606465
0.011406429644456734
0.011033716376337786
0.010670846269896629
0.01033022246499536
0.009928597358786501
0.00946658052416779
0.008995723434108923
0.008498880010982642
0.008001204013931904
0.007510005949191364
0.007001331873686197
0.006483158425671818
0.005955671551593015
0.005417051294251853
0.004874308070760825
0.004327544620056243
0.003661681913206549
0.0028668176445112176
0.0019975012592118647
0.0010213979653396965
6.295095615495305e-06
-0.0010444130416723484
-0.0021934679543865465
-0.0034278489300302757
-0.004670590820076738
-0.005923802972092221
-0.007216788393251442
-0.00853156051714243
-0.009931074114125813
-0.011419874303140138
-0.012952537132877404
-0.01454382553116807
-0.015829655833325372
-0.016768429114249923
-0.017541622072047368
-0.018042657042083105
-0.018470088378502964
-0.018832602205632383
-0.018933587218012457
-0.018808598566233545
-0.01873603917973258
-0.018710047561559
-0.018615053955330797
-0.01851561269886544
-0.018189323258458127
-0.01761739692837194
-0.016960063338559737
-0.016163633138342424
-0.01545652485430549
-0.014875746991169522
-0.014272308860874801
-0.013713637261614628
-0.013100845074794023
-0.01242208485713406
-0.01178644925700753
-0.011173750875635331
-0.010353164123624255
-0.009319497430078772
-0.008170725634898904
-0.006848242963907517
-0.005514381210390843
-0.0041796908185539145
-0.0027142648004554
-0.001153625319325968
0.0001308442252130339
0.001116641501049693
0.0019531192745736506
0.0025369223204602014
0.003113236580100623
0.003689246018777999
0.004049275823943999
0.004239301551974367
0.004479615018003025
0.004758895461251859
0.0049976577887720555
0.0052452224785939265
0.0053082214932161685
0.0051720452295216345
0.0049700310313973125
0.004655554656832408
0.004526478916617814
0.004623632404620014
0.0047706264416637
0.005054066900257208
0.005329708108937836
0.005584456397069039
0.005967338940875636
0.006449716583245964
0.006764799765376785
0.006910028485791625
0.006995925057024774
0.006956190963201677
0.006986285528400876
0.007099425211240227
0.00714370181419611
0.007162839604342982
0.0071811945603956154
0.00718417301434976
0.007191384016149503
0.007205371611295055
0.007175583322485556
0.0071031003063000454
0.007014477591221327
0.0068989902993666944
0.006794326435285937
0.006705753200705191
0.006607357741871566
0.006509563882236555
0.006397885261182194
0.006269743461700829
0.006141140037012362
0.006008664156573995
0.005800003618659775
0.005510143507435734
0.0051707586856298456
0.004761791825674678
0.004328292170559431
0.0038721189204198175
0.003352858005313468
0.002779134188201756
0.002194217433286556
0.001596220430640128
0.0009694253360153671
0.0003236820456793309
-0.0003780473793064731
-0.0011384569607541725
-0.0019315643592523809
-0.002766176429415515
-0.0034344435109427193
-0.003912823930823013
-0.004305363385506783
-0.004551399210810541
-0.004764510464951668
-0.0049499164865893005
-0.004995575687403623
-0.004922027399740915
-0.0048883606674376395
-0.0048914510660727824
-0.004865602201870552
-0.004847876629294058
-0.0047115957912606116
-0.0044462714427457185
-0.0041435619877416225
-0.0037730618904752637
-0.0034640238465668003
-0.003237660050497691
-0.0030098003045564347
-0.0028187660141471556
-0.002609115396653669
-0.0023743439136342383
-0.00217620286776258
-0.002003536974683742
-0.0017258134809143215
-0.0013402707994542322
-0.0009026561518728927
-0.00037997434410375123
0.0001356960220052147
0.0006381722188161193
0.0012007999836846153
0.0018032707441147633
0.002260349361952124
0.00256169300246018
0.002779868873364904
0.00286351130095371
0.002936796193494966
0.0030031060398395667
0.002954092818641046
0.002813031004401698
0.0026863388847379226
0.0025679829176805335
0.002420178887326648
0.002266542493239868
0.002012304184500692
0.001650293090602742
0.0012452973641556284
0.000774377114855065
0.0003886238704375527
0.0001083648002988569
-0.00015541868800487935
-0.0003589346459519324
-0.000576096988307626
-0.0008135934138588581
-0.000995647647916101
-0.0011370099626616605
-0.0013719727300349639
-0.0017018059789457101
-0.0020711691049256215
-0.002513469298913549
-0.0029302119237840456
-0.0033148343552714798
-0.0037439293037281056
-0.004195523488241561
-0.004531455717248481
-0.004746173174287937
-0.004888727531890681
-0.004921203281153041
-0.004941207203670634
-0.004950676758294099
-0.004866610847762543
-0.00470722860826835
-0.004543956442828724
-0.00437132512504905
-0.004165430662545258
-0.0039415833064839435
-0.003632729994715035
-0.0032337385142440127
-0.0027890271985244004
-0.0022821211243714908
-0.0018359981752380033
-0.0014661541735578106
-0.0011016028158077364
-0.0007776415570984829
-0.00043199672747506925
-5.917414629082326e-05
0.00027854648933230716
0.0005937468898677699
0.0009927173472543279
0.0014763428581531881
0.002001570501259862
0.002594891730082649
0.003177914083955665
0.0037456316890258443
0.004359009846544322
0.005000679858036573
0.005495209658204422
0.005831520672464413
0.006079431665664907
0.006189761750559926
0.006277852680730822
0.006346618258700193
0.006293807148616177
0.006140674498686699
0.005991434785592524
0.005840365933529841
0.005649179890348388
0.0054409065573826345
0.005123416985582212
0.004689350888249984
0.004201581767285947
0.0036375789879985235
0.0031409738275721337
0.002731012749225558
0.0023223264845424695
0.0019563907190879087
0.0015627993094027416
0.001134879357668445
0.0007444371734552251
0.00037720049905640634
-9.581379949078751e-05
-0.0006761704649866718
-0.0013110200629363924
-0.0020326818091787402
-0.002747194096390778
-0.003448553300291846
-0.004210397781543797
-0.00501199151491654
-0.005637535702261311
-0.006073388144020728
-0.006405988745637013
-0.0065749180687935125
-0.006721871775904847
-0.0068506148164460936
-0.0068356191059341445
-0.006703110821207883
-0.0065818088490062505
-0.0064648530749649435
-0.006305060643616324
-0.0061310047642187645
-0.00582932320919149
-0.005391082213818014
-0.004893938374240457
-0.004310279354111414
-0.0038153640274327964
-0.0034328738292685023
-0.00305864442377446
-0.0027433915315616332
-0.002401588103241619
-0.0020252022879599604
-0.0017018326961421165
-0.0014142376076585225
-0.0010049383620827463
-0.0004721144939690014
0.00011948796708236303
0.0008092458495059352
0.0014823062422435153
0.002131212304668328
0.0028457911497401247
0.0036006039888501333
