0.004949176893921673
0.005209208655756415
0.005355892047428124
0.005375549646576935
0.005402681974942583
0.00539563559151618
0.0052226539044412604
0.004883548581509787
0.004408740591997649
0.003762348992149557
0.003049462027419848
0.002268964082548031
0.0013350635185366212
0.00026614487037726305
-0.0008958485462515232
-0.00216025020901231
-0.003537957394153929
-0.005022794298984022
-0.006668054104030024
-0.008479188684151947
-0.01042752153103673
-0.012527887510104635
-0.013732225122672663
-0.01393331692894856
-0.013634934722228965
-0.012534237238392278
-0.011229043877782266
-0.009744663304028988
-0.007507089003705345
-0.004625570364405754
-0.001866814623803636
0.0007879311452888345
0.0036483303299664135
0.0065366850785965516
0.010073288945395085
0.014308438847010623
0.01879659027639387
0.023686532931664932
0.026867918655702695
0.028085619377773437
0.028442498794965184
0.027320963174390738
0.025838451743438923
0.02405562712081995
0.02085322564060907
0.016435933145131566
0.012498897386197565
0.009021915033680234
0.005300229846738003
0.001735081213290923
-0.0029943508518074026
-0.008993959667166993
-0.015291648457744524
-0.022200096239895422
-0.027055639882096822
-0.02949440482048653
-0.031001191058092247
-0.030787900223620258
-0.030173941622302202
-0.029245743243252256
-0.02662854574922083
-0.022564288202793933
-0.01935444603184323
-0.016991931374387835
-0.01450000570149416
-0.012431324363324872
-0.009041090313061878
-0.004190375404752816
0.000813657188663816
0.006380098691173
0.010409485760942177
0.012558459410349504
0.014117163853236392
0.014451991066054746
0.014481283581366848
0.014284594868930117
0.012827268523709202
0.010276843057047508
0.008660320659389974
0.00799509116091001
0.007394345013267298
0.007353477727287294
0.006392843434644806
0.004394521447827453
0.0024936589518162198
0.00034724348255275005
-0.0011615582825607682
-0.0018242203220961086
-0.0023072750474439
-0.0023282427836591396
-0.002139071133525699
-0.001782113017704472
-0.0008721592384397377
0.000548548563161893
0.0013970626848129157
0.0016440155451117873
0.0017935873630205753
0.001574959937099859
0.0017284928944426795
0.0023161263452556547
0.002748345442391143
0.003195184556967007
0.00346277647338295
0.0034654939004691385
0.0034166182348638278
0.0032426629791326603
0.0029194663612144484
0.002458566384469637
0.0018014163336417738
0.0009384069603789014
0.000245151711663976
-0.00026107282217028877
-0.0007728488802306343
-0.0011951398490157342
-0.001765766547802379
-0.002508275647266672
-0.0032269651751837872
-0.003977513718669604
-0.004535461752157236
-0.004855603327117635
-0.005083255373015943
-0.005147140610671302
-0.005132378463192218
-0.005045794750773416
-0.0047782941975657856
-0.004343157732096603
-0.003986340538134404
-0.003710420777695929
-0.003401538971917336
-0.0031191050672691326
-0.002685512329597436
-0.002084517090127771
-0.0014513641487028334
-0.0007435825120326077
-0.00022043572589341566
7.839163753502044e-05
0.0003065491602620299
0.0003863880058574827
0.00043825228426262584
0.00047155289055306345
0.0003556676805714838
0.00011273186949578883
-1.3435667859749968e-05
-2.135121245004747e-05
-1.6319994095985475e-05
6.113179872933466e-05
3.11916315818271e-05
-0.00012022364987187625
-0.00025576890920573687
-0.00041708304483204514
-0.0004058936046154056
-0.0001876303263278849
0.00011421184776032096
0.000560384671210414
0.0010681566847721845
0.0016305817731645513
0.002344714983503335
0.003196153671259639
0.00398876432361576
0.004721071593037853
0.005480656369791061
0.006219967894423
0.007082207293735199
0.008079513900055282
0.009102761751330315
0.010185656103612488
0.01080046831043913
0.010882024582488218
0.01070236154520386
0.01010570788216457
0.009370503341109318
0.008509938941893926
0.007242286878553893
0.005617074172730806
0.004057387465656412
0.002556538395931758
0.0009361529193846492
-0.0007048901998224788
-0.0026993103545450473
-0.0050753446076557225
-0.007591037932018197
-0.010326447758025215
-0.01227965256511982
-0.013326556031417391
-0.01399803963836413
-0.014000379350695208
-0.013858187868745203
-0.013601272658049869
-0.012700891274436552
-0.011253385696681816
-0.01007812603017827
-0.009167332667845971
-0.008179207128271802
-0.007308588587732654
-0.0059214581477856345
-0.00396736569831951
-0.001915353112479719
0.0003841027482984369
0.0021041665029252104
0.0031156527665376827
0.003919075216367741
0.0042670298674107815
0.004532812766654662
0.004748314567489657
0.004503115034123176
0.0038665741161740355
0.003619481125504161
0.0037680095998386233
0.003974632527762345
0.004430514520858813
0.004563668726228689
0.004329775357990242
0.004167899937246857
0.003946175704370936
0.0037385471431442365
0.00359864004594572
0.003394910538942332
0.0031590961270249966
0.0029481010655051454
0.002751421303770551
0.0025701963614885104
0.002415987694183777
0.0020643702664414213
0.0014986742714534272
0.0008351751469204798
1.3861722666259348e-05
-0.0008374703123859976
-0.0017080172838228893
-0.002712721690817019
-0.0038241367843778475
-0.004590819106663845
-0.0049824185888826655
-0.005192766904802184
-0.005096507060192401
-0.0049818656620921565
-0.004860034390142904
-0.004474914615611223
-0.0038816776998134212
-0.0033594159479674187
-0.002896941649290711
-0.0023928440481549664
-0.0019111930537896722
-0.0012143566651124846
-0.00028543202018725325
0.0007077916630109206
0.0018214483531003387
0.0026390911796816403
0.0031035428541763815
0.0034530522188652418
0.003565203260107292
0.0036431268702199317
0.0037021684573785075
0.0035305796814899815
0.0031667118557246487
0.0029734311430343577
0.002951221541927903
0.0029473421536775827
0.003049980727360521
0.0029874412420134895
0.0027391964842962456
0.002511429026639214
0.0022414361436524774
0.0019956845449924307
0.0018021928174616964
0.0015835173444764777
0.0013634418931007585
0.0011503300005315015
0.0009381548945875082
0.0007444865454418663
0.0005711381862147433
0.0002907216381016982
-0.00010418592555741608
-0.0005506350510793895
-0.0010820587081426954
-0.0016208717797293252
-0.0021608255476655725
-0.0027688503930691677
-0.0034280287372922074
-0.0038562396394491573
-0.004033297607351714
-0.00408000755546897
-0.003917312104287301
-0.003723624634434879
-0.0035052061560774646
-0.0031017190860521786
-0.0025466808112109746
-0.0020166648722503215
-0.0015042378820176508
-0.000943741715361966
-0.0003752908319592408
0.0003519257224419331
0.001249327043525519
0.002211295422305264
0.0032739648686029126
0.004016598864394984
0.004387373437493644
0.00461144402942192
0.004565975820048485
0.00447046105433568
0.004338260851082353
0.003948664036823704
0.00334254160771977
0.002863496025997362
0.002508858044641749
0.0021361342433901566
0.0018274766617439055
0.001318240240886668
0.00058791295006966
-0.00016665025904826625
-0.001007401746848403
-0.0016891078403225165
-0.002167539140934686
-0.0026041464734202317
-0.0029243267578100795
-0.003225699462573437
-0.003519054519884411
-0.003688109958822853
-0.003751024053084636
-0.0039612721030666195
-0.004323152827874569
-0.004724584391207164
-0.0052284765269798
-0.00565471423503701
-0.00598936990430879
-0.006373422032602319
-0.006765767560161787
-0.006942308714989932
-0.006895473339344814
-0.006700333090426015
-0.0062954936225976706
-0.0058418189706607795
-0.005341578843677274
-0.004658712430758116
-0.003822845370292971
-0.002939976701735105
-0.001999820857307421
-0.0009679319045732041
0.0001339814566222019
0.0014101949797992123
0.002869204066966067
0.0044442774314022585
0.006161666827876066
0.007377294503797229
0.008021493772633972
0.008417456388005527
0.008379107879999981
0.008264027439433067
0.008090423522672087
0.007511371410002154
0.0065933722158099724
0.005826731535475698
0.005203288557489034
0.004524387569740275
0.0039056314799747927
0.0029588286920121513
0.0016538091214090363
0.00027440067620047046
-0.001271050203340728
-0.002333973664481767
-0.0028215917699753188
-0.0031073322476228805
-0.0029988577802417676
-0.002807207721421669
-0.00255526810320169
-0.0019134611331561497
-0.0009393877730140776
-0.00021078694433242917
0.00027149350655883723
0.0007538135517112448
0.001096206393601498
0.0017306338618498325
0.0026908537236160902
0.0036498160260196155
0.004707938707744488
0.005575612049940021
0.0061900361035583
0.006761454618353743
0.007199006936824345
0.007596037201973861
0.007966466703993678
0.008180856408157017
0.008255848143244555
0.008527895542952788
0.009005423919646779
0.009534576131906116
0.010199540654014886
0.01076823888786608
0.011221992514348111
0.011745234341130754
0.012285015440217635
0.012743643051630445
0.013131780615855999
0.013457125339346957
0.01369668974286024
0.013949195180782616
0.014214344069302312
0.014422858298042188
0.014594094402989586
0.014725482647521238
0.014808335685849121
0.014856141320004837
0.014865502176105955
0.014816829402739054
0.0147095559412673
0.014549234564874487
0.014330457852145689
0.012677451385655727
0.009447053405179774
0.005276811379087082
-0.00023577823691795083
-0.006304207657908483
-0.01290468479841027
-0.020800972324447484
-0.02985583064339494
-0.039084646043064476
-0.04852111931644456
-0.05857177656587482
-0.06901495380133663
-0.08066600832668762
-0.09359812032197029
-0.10724083766715568
-0.12179588307502963
-0.13042563083991904
-0.13238454327139082
-0.13103211024635497
-0.12437863971606619
-0.11623202751213253
-0.10675827208890434
-0.09224140216802122
-0.07337108698518686
-0.055298630399393284
-0.037912035987831424
-0.0190991823037299
-5.6668707729750625e-05
0.023345817155245974
0.05144905359056736
0.08127571288588811
0.11381817275482617
0.1373465726509111
0.15039936076099875
0.15923619328534308
0.16042047663971448
0.16006423290154417
0.1585266547571079
0.14963854648170888
0.13452754060161623
0.12283122359629328
0.11446934359236062
0.10542388458713645
0.0979929792300626
0.08474387964724597
0.06509053180095489
0.04454806620339774
0.021368996061926358
0.0035164199206214487
-0.007665323944567481
-0.01722574910365794
-0.022762749621873763
-0.027649446950093318
-0.032218778992426804
-0.032613170550165535
-0.029461898773960674
-0.030671593238262598
-0.036347349684375294
-0.04303166104318955
-0.05267719849238027
-0.05959317556064763
-0.0633416935473331
-0.06834314500778618
-0.07329499706053044
-0.07616675929645528
-0.07722737033690054
-0.07647962450372238
-0.07344724672535481
-0.07030832597643193
-0.06702857648028672
-0.0620975835835248
-0.055929881821955345
-0.048268051730639264
-0.038896415384133035
-0.028189445092841325
-0.01600947947688009
-0.0020230912539139397
0.013787346122419667
0.03141066627940205
0.05095571013834231
0.06462444000869624
0.07167394387725382
0.07587485576285516
0.07500740655091077
0.07359270016068008
0.07185446959042033
0.06553928571596138
0.055504063572270924
0.047358130696658
0.04098379384774059
0.03418086190985733
0.028269896820624328
0.01874220617210851
0.005263778051788638
-0.008883299712947424
-0.02475669872771912
-0.03619941779205487
-0.0422748988253276
-0.04666842589187992
-0.04754534534796869
-0.047723523381353376
-0.04743815175744387
-0.04362281359259655
-0.036802696321499705
-0.032664777664980396
-0.031243925350173226
-0.030094239759283523
-0.03060454189660921
-0.02858660067996113
-0.023716358888526724
-0.019197954700545417
-0.014064475301449662
-0.009999036337733929
-0.007508029621574767
-0.005091665225001048
-0.003312411621515979
-0.0019286758399545065
-0.0008386345609050292
-0.0006805513449527527
-0.0014201003070464582
-0.000599409749574496
0.0018795905778637718
0.004836637181516766
0.00889776717313473
0.01245956460113056
0.015387206536848516
0.0189965143511299
0.022924695614244463
0.02569295992375523
0.027305376525223385
0.028199052078903962
0.027989462084920185
0.02783453200807123
0.02775704035129237
0.026839491296185694
0.0253078195179887
0.023697951083488
0.021937381874878318
0.01990865378658398
0.017719171649712505
0.014785731115607856
0.011073248761554435
0.00694673186205294
0.0022649564279525946
