0.0026392132464232465
0.0019718002248508572
-0.0015236993286053197
-0.00815650275505746
-0.016747770001511696
-0.028071287037329206
-0.028464404919017458
-0.01664540439070284
0.00022528055748559942
0.025941618120401515
0.037917585547202634
0.03404096674475705
0.028428311137040363
0.01516181548805537
0.0050791246081344525
-0.00021349136772484141
-0.010941370098547034
-0.02447062048432695
-0.03030834619035277
-0.02866902895178152
-0.022589576688338137
-0.009438021724283261
-0.001406258074243757
0.0008894485882369484
0.005681946168166898
0.01016555132294163
0.015132684723123093
0.021347641581841548
0.02628193244180967
0.030204597749950587
0.025644325959672056
0.01131084756225198
-0.00920918063277628
-0.03836754801502907
-0.04829269513563213
-0.0365665481487483
-0.018749219783767677
0.012648523673103467
0.026460761541347952
0.019493852772437276
0.01312072206775019
-0.0006849954893491949
-0.006574056346004998
-0.001691011002851637
4.275944857460537e-05
0.002762726671190151
0.0034865803303073184
0.0004890685466020912
-0.001541885882087523
-0.0037547242444389145
-0.004509069484406013
-0.0030543647720973283
-0.001130893814525212
0.0019179642765230433
0.002896846887972178
0.0013973095166531484
-0.0004425820883094217
-0.0035025499193881995
-0.0035996869878497316
-0.0002237325800849935
0.0038910789571839116
0.009888150272553702
0.010889960468903675
0.006096591894019004
-0.00026230020957218966
-0.010085737787721741
-0.013601315089545981
-0.009735600868673555
-0.004776999097669977
0.0038955341408107567
0.007742101372098635
0.005662546116954181
0.003954456694774543
0.000361714100381931
-0.0014826649339700433
-0.000774118735116025
-0.001104391986892688
-0.001468185391626265
-0.001076486192205732
-0.0002460449057338403
0.0014465846566349032
0.004132082884874469
0.004181996187997602
0.0014016795803692278
-0.0023636642913764604
-0.008047742639571599
-0.009286474436679251
-0.005448259289194574
-0.0003495339103634706
0.007720765201984512
0.010098538377097998
0.005825497537445814
0.00048428906369657503
-0.008250611003375607
-0.011665539676333492
-0.008666744328202441
-0.005373672262835339
0.0005468556008772049
0.005505618827727424
0.00879622958365557
0.014101635980352729
0.02049775814605527
0.01942907128386521
0.010489349444476386
-0.002991022850865482
-0.023345275020526215
-0.030568958163667732
-0.023017431775401904
-0.012309322297353724
0.006806069506027319
0.015291441125026714
0.0109957950520881
0.007479753063840158
-0.0001905675426583398
-0.003554742209083515
-0.0008478818294159067
-0.00014770309474043165
0.0008690990061831197
0.0009503427744998847
-0.0008943195387895209
-0.0022350690758802484
-0.003631288475762198
-0.002770762718796336
0.0009020537333449412
0.005824749302308003
0.012776737630618555
0.014025119400258811
0.008805391942147663
0.00150500665688424
-0.009995496443511121
-0.015447153860822224
-0.013807276569565735
-0.01180956944085519
-0.006772710864775774
-0.002518726633363034
0.00024579678289495205
0.0056137665079619755
0.012653844947043842
0.0140810593041177
0.00973090500319527
0.0023891559423229554
-0.009839258086946655
-0.01408228713233361
-0.00932131476093697
-0.0033730078546986694
0.007065470198238662
0.011306106939019312
0.007984927029230853
0.004956074101510037
-0.0005985063705396977
-0.0025893014429847197
0.0001454555533947513
0.0023944124514057303
0.005863662191269564
0.004948619355480604
-0.0013641331658654282
-0.009024419394172319
-0.01968825921236047
-0.02024694303882269
-0.009205244013079551
0.0058010022270528734
0.02844250724924343
0.03240624673637407
0.015002440746724636
-0.008077735910625454
-0.04397138289500754
-0.053884932636494756
-0.03361449013165345
-0.007729042230728173
0.0342025307159727
0.052354575167451345
0.041872983163117855
0.030601240916805866
0.00793622210194592
-0.0049368413320009545
-0.004291270631480226
-0.009115854880642284
-0.013779989975960864
-0.016046218792778726
-0.01763231584309909
-0.01513410518075034
-0.008293751518901746
-0.00101626662685696
0.007320107839458165
0.018991516404094536
0.0335024405385867
0.03155901423054256
0.011560276007887355
-0.0176049931832639
-0.061374204918317854
-0.07107342966049907
-0.04237197119117416
-0.003270647433907372
0.059232690295118955
0.07866666448244373
0.04794322210677162
0.009833284983778896
-0.0533659941073662
-0.0788130069925771
-0.05845462863844606
-0.0371661518825479
0.0018538393671566542
0.03216972976261827
0.04841522318613406
0.07730651763098471
0.11188442805562357
0.10431199095947802
0.05294955737999224
-0.025029971749656266
-0.14254376432632201
-0.17784476780974964
-0.12102284608930948
-0.041605375878963485
0.09248768556198987
0.14296527706608123
0.09482626893599158
0.041373794411127277
-0.05369147228106814
-0.091158476183097
-0.056014535656831226
-0.025720433523367066
0.02649519090232654
0.04876619223909111
0.029967098676111564
0.016792880276284554
-0.005624483765168813
-0.016884238467526975
-0.01076906613120162
-0.009288741144993323
-0.0061195364371221354
-0.0023446586163898514
-0.00036190017003329166
0.00561650463068051
0.014805556561079848
0.014672141891665746
0.004993029937337771
-0.008904229649337708
-0.030153179338622188
-0.03505750595888881
-0.021479912021146033
-0.003362472594183723
0.025586956728172103
0.0385434238220885
0.032518695251696615
0.02566658379439109
0.010910124793013821
0.001381485821086722
-0.0006448863069100314
-0.007385249005300746
-0.01543872398661332
-0.0209237258892988
-0.024825995968472032
-0.026372507807849683
-0.024799754083587842
-0.019910014781974017
-0.011075813165554164
0.0024052773857080783
0.02105405778885427
0.02922095550729218
0.025818226761980322
0.018970163382732587
0.004523201897070907
-0.004363376377244294
-0.006473240947696868
-0.01175528199485741
-0.017036627856506625
-0.00834937272174939
0.014816759294346522
0.0483810969602887
0.09628187648971966
0.10952189364927209
0.08418178308810817
0.04717545808251756
-0.014536228080407197
-0.07356871677523247
-0.1271645319168688
-0.19994328284976454
-0.28577840887440376
-0.2690844549618169
-0.1412546116084421
0.04773004604364794
0.3303643950259705
0.4258424242752003
0.310157708665577
0.1461988543175236
-0.14029686026167046
-0.26468519669193724
-0.19539747275038388
-0.13176249899640582
0.00020080780862615638
0.07428374490381477
0.0651828152688394
0.09414952225573761
0.12720492568669825
0.11835359255276219
0.07635746546744604
-0.0037300490110305736
-0.13189646900786392
-0.1807738928444277
-0.14393399796966863
-0.09135312240183845
0.008729506992034425
0.06020873414298656
0.051957394149416615
0.05648320223855161
0.04938417147433998
0.03746468098428767
0.027351492537979187
-0.0038563838211959404
-0.053948983648527585
-0.06935641483974421
-0.049428521036584745
-0.018661351878268957
0.035935109324288304
0.05976178788243482
0.047760352747193854
0.03694308832859029
0.01350443777084653
-0.0014559523003596414
-0.003482051966869305
-0.013924700464148924
-0.02715178894903535
-0.03118692267380021
-0.027374135594415507
-0.017054879857043067
0.0024874960049058588
0.01219695015763902
0.01122299296456417
0.01113031265579913
0.0073994774113650755
0.005225909078578653
0.0057742943925945
0.002928295918065242
-0.002026746052257613
-0.004412450805101075
-0.004677690692450612
-0.004184795798490084
-0.0019574864362174966
-0.0006840372383084376
-0.00048745431649033124
0.0007267080202230392
0.002394094732831172
0.0023808249647623877
0.0007277117416156895
-0.0019402283964707813
-0.006160400923970692
-0.0058221280504970625
-0.0004255869980599441
0.006655746201639527
0.017050463181145913
0.01870111167277774
0.010371377326593167
-0.0008264961513253131
-0.018175584598005844
-0.024479017816333843
-0.017899354524592535
-0.00945004014274841
0.005459997514224797
0.011486433814099655
0.006660952506067522
0.002187002133313718
-0.006001331340799113
-0.007439169395344876
-0.000313609058818323
0.007053535548564569
0.017590475927920353
0.018913605389224826
0.009165482031373644
-0.003356853830796867
-0.02220055514915114
-0.026571928051131632
-0.014109874265832047
0.0022401991788942753
0.02816677194616306
0.036766562105562874
0.024989078608148738
0.010518238960433614
-0.013856554672503473
-0.026657259684089538
-0.024961371462462953
-0.02511599001413326
-0.021438986316149315
-0.013975783312075642
-0.003945125731021482
0.013403559598702772
0.038112792580606764
0.04266797934897783
0.025538844256898365
7.348318239171816e-05
-0.04094929692053962
-0.05378147864752279
-0.034361607330580614
-0.00978257222730898
0.031432740222042545
0.047356561729127875
0.032799874233958096
0.017400294321128537
-0.009993664394029727
-0.022578687988773577
-0.01587429792459445
-0.011931070886219641
-0.0034516701378954303
0.00202301062891305
0.0018944118770452822
0.005748404116633121
0.011308313130350292
0.011728279853646698
0.007576747053630651
0.00031806519569483823
-0.011599438794702622
-0.015676799953540294
-0.011075208071947146
-0.005094000861193212
0.005431416454708964
0.009654815355808869
0.006254052740897613
0.003038643300788033
-0.002840978903435354
-0.005431854518990396
-0.003614849177062445
-0.0025718662210358284
-0.0006578810669354244
-0.00020497529251516097
-0.001918245383846504
-0.0033505465212614245
-0.0052311568893423305
-0.0031250764036862342
0.003662830460058594
0.012439989948217461
0.024537224993299463
0.025160749531251487
0.012822904806502111
-0.004292499648328611
-0.03028347507468962
-0.03886012364752118
-0.02742456513730616
-0.012065994499363577
0.01423315743180014
0.024415103557331584
0.015299792255808266
0.005761552404720497
-0.011343812516987026
-0.014484445263121093
-0.0003662002797365805
0.014857302679709953
0.03711822907608168
0.04218479798500451
0.02656274322292849
0.006689064134096125
-0.0242670892652764
-0.04106380318812756
-0.04054503726693243
-0.04064216028669859
-0.03462880074740966
-0.023698953944079577
-0.009028040671692186
0.015683140762003788
0.05038681225314146
0.05995438299994757
0.042457105222375516
0.014924442754353924
-0.03185480307900847
-0.05030762269974623
-0.036098654444943944
-0.019935061645423427
0.010426735262180858
0.026611028834657997
0.024258820530166657
0.027091080512674965
0.027660501981036867
0.022968158671319346
0.014916724660306453
-0.0010671024998896816
-0.025553383580157487
-0.03748623950869848
-0.03621984671051633
-0.03253226819514368
-0.0212796628743979
-0.010503654643034405
-0.0010943539262147032
0.015179008199914912
0.03663502604136339
0.04180773916851241
0.029798386644029774
0.009712448008624308
-0.02412902989299516
-0.03743432506093848
-0.027397746127639587
-0.015411597298823286
0.0072880273783275515
0.01835053660838627
0.014597179503439403
0.013987462166789269
0.010685574212860554
0.0059270829329815256
0.0014064590165378814
-0.008179860854573581
-0.0223329481378338
-0.023395009782794775
-0.010674899884662541
0.007714948610030359
0.03631381330613827
0.04420556917873445
0.02855121858597945
0.007966550349413326
-0.025721903484735506
-0.04076408139550355
-0.03345798316023692
-0.02587931347230656
-0.009651597408216625
0.0017265519698775895
0.005615941911272805
0.015468460465051214
0.027759291368201298
0.028073696070565247
0.016572643767350594
-0.002629658354528366
-0.03322679267073019
-0.04221529833644737
-0.027142243550191972
-0.007036964692221891
0.026636144251520503
0.0395012552521374
0.027658776794095292
0.01469438418886939
-0.00844615413055693
-0.018892162958825835
-0.013011503178312765
-0.009234233402963338
-0.0013817446785585744
0.003195119691042401
0.002256699034049738
0.004374337479497785
0.007373518253007544
0.007712926678485789
0.006091106817026808
0.0024689562068902016
-0.003853347833364466
-0.007870156280816385
-0.009444206548783031
-0.011587999875763935
-0.013160260935976477
-0.011231556535733687
-0.005688850582213507
0.003002533499906721
0.015734061985759384
0.020436413994432568
0.016250275902816955
0.009789050239749486
-0.002103909127261352
