0.022683192345198964
-0.09946060623643067
0.17087326202989458
-0.4593660934581182
0.15245808378804399
0.7436076962273576
-1.1062846674390465
1.2100162960804806
-0.9262352054423915
0.01301966509088015
0.04123683665005757
0.9332095911147723
-1.227053971590764
0.5778547798297036
-0.7178570211676163
1.8440533734463256
-1.9920891073217437
1.1264967736866363
-0.731543161365124
0.8665453857887818
-0.7441943151287215
0.3416603090051975
-0.20055003704771748
0.3497400395189396
-0.47393862397455233
0.4311089069030606
-0.7300400472045406
1.3599310285810617
-1.6395475443920733
1.6340955803528643
-1.4009391293793982
1.071082552832829
-0.5865737842569475
-0.03401077342676448
0.30891726434499983
-0.43098577461251747
0.1035497328936166
0.5796302370517101
-0.9746053308973031
1.3178448334622865
-1.0431443759119745
0.07679510763661745
0.4100272775861509
-0.24346216849784363
0.40354204593872967
-1.2878376801893703
1.1822691989898813
0.35406599673848566
-0.44186250058856125
-1.2915262206476699
1.5215591071797647
0.11023891850672002
-0.3825929608830715
-1.029944413019103
1.0243363107205792
0.49782273898479146
-1.0478800698258468
0.5754333464787513
-0.41451852683342505
0.7564640935084719
-0.5464684089428514
-0.23106368078459935
0.4579249726562689
-0.24553217323802493
-0.20401320676833146
0.6643593795818198
-1.2215439550682248
2.187044202238811
-2.078636953008462
0.9671709749856136
-0.4373880642466158
0.027204990261964282
-0.2560973619461069
1.676999441320484
-1.348383810116801
-0.8410378392034884
1.5658209942866836
-1.1387626112017835
0.5890765762583599
0.38223606387958853
-0.465566164732935
-0.5506880802618647
0.7198776095906757
0.13167272521685916
-0.19641011411077078
-0.6035308401726698
0.8469209731819218
-0.4218245996224431
0.323000881288503
-0.7402556649049474
0.5394017991504693
0.3702937235172896
-0.7573954035543444
0.34821134974862167
-0.3726828574194666
1.4458932381502974
-0.9641568395145962
-1.510504368082186
1.9464268104242297
-0.3208495378014542
-0.2521864063174016
-0.04737992594573985
0.33026786032226146
-0.7917803787796602
0.7745783630193659
0.052933457607393514
-0.15197736013112936
-0.9142750583243088
0.5207979657996815
1.379882590105732
-2.1424887977073754
1.9522607103397276
-1.5861881507246174
0.9568634020497293
-0.583723342746051
0.6687349053874806
-0.3262541403321924
-0.6052595553600266
0.7191719298853277
-0.22488632359613342
-0.15601959268974366
0.7642950875845917
-0.434638151797914
-0.8835869663080762
1.42769610204407
-1.3123225258035303
1.1419944573955534
-0.8510559724325626
0.7653823612982746
-0.8495232181040618
0.7795090783794916
-0.815545778809935
0.4860272698496349
0.6027670184583528
-0.6135653948842491
-0.8343594662567585
0.9414059211203127
0.5973736808069423
-0.8198982089001022
-0.5185064095432692
0.779799223437226
0.22717511647976102
-0.2816247533497228
-0.6551190429978777
1.0157691422002635
-0.7610699095890421
0.6436623429366497
-0.9045829708364705
0.713181351323765
0.38715358175092396
-0.40951279549510045
-1.280041010997848
1.1285228503634501
1.4126118838235073
-1.6885162736209791
-0.4252420320714493
0.9759792107719325
-0.20316534442649548
-0.484324350417841
1.1041185280537809
-1.2198148458964435
1.2228676663735913
-0.6135587909601826
-1.0520788173159952
1.3532166040600635
0.06857442804327307
-0.02172841788422697
-1.5282055219213215
2.0421116924280716
-1.6554175231282464
1.1080460993198036
-0.6357464101725394
0.023986221089016116
1.0525071328008497
-1.010493261296482
-0.12553111812392947
0.6433779474129317
-0.6822905134577448
0.5211274998505615
-0.030341128625354125
-0.17315063276644943
-0.15488170710406918
-0.14279578187956715
1.2284352773788396
-1.4865149698067037
0.8659732504652637
-0.6163439799434673
0.8870598369495825
-0.7702143514687467
0.04792001270567134
0.020133192346811685
0.8598290960528023
-0.9052628882764547
-0.20285732990447608
0.1194609408822454
1.1741606688378254
-1.5998355798460784
1.4258078744735654
-0.9691239970849616
0.025943460796132967
0.1731978878209604
0.5110898454009587
-0.6651849794702095
0.0032986166567026964
-0.06464836910875063
1.1922328946391294
-1.1250914072575817
-0.2479601072089322
0.6226877140122038
-0.16747169444994192
-0.15864502771349603
0.7232253357630509
-0.6090209509489777
-0.6577432398848414
0.5156252387756651
1.3201272397203214
-1.6594541074958518
0.4095547664328294
0.0853177863945585
0.3470589656480393
-0.17563026553485883
-0.6539709517473782
0.8218274132074824
-0.5393293269705555
0.07661494513638882
0.7004910305386532
-0.8581853672248533
0.44087207524504557
-0.19382847157520172
0.02449442224068931
0.014925926578282405
0.2022204490565835
-0.050396226695349614
-0.352083284238548
0.4845721730763733
-0.8384253134266025
0.25400092180743344
1.6906086345250222
-2.012044400258642
0.4100511583229016
-0.03574909927684021
1.2283448520844578
-1.0862056839023553
-0.46619610554678437
0.9533853196689894
-0.6797457833751254
0.23949780476639324
0.5866362527813168
-0.45627439539865816
-0.44421228525274026
1.1902624238330726
-1.9644780740410555
2.0666934112363275
-1.5232729943570222
1.1981414328125761
-1.0282625283594458
0.9055085899642207
-0.9113232025882565
0.706689062672244
-0.22242709224170634
-0.000649413915345988
-0.12373741278199993
-0.0027845961730842243
0.5121419642828147
-0.6326459010423485
0.22362586010282096
-0.31426486357674627
0.9623562467585512
-1.2072819467450713
0.834090387513502
-0.7512567902104222
1.4853878693643925
-0.9195717830872011
-1.2616533139703214
1.7667569045488114
-0.5876386263775754
0.07140439465850468
-0.21735989838306358
0.09760124389184704
0.04439304463743466
-0.298422740182009
1.0740008249073176
-0.6440427834456289
-1.0224659484186431
1.755855989869555
-1.6459120276581485
1.4090624032904564
-1.0889562274440219
0.6378525967483233
-0.15465759452366268
-0.41391861910104605
0.913222052205213
-1.1988105638125963
1.800313772715438
-1.2060335195701968
-0.9636888495202782
1.5574589828117338
-0.20452281028818836
0.09973428044976657
-1.647025080479412
1.5417179580956748
0.26489718687801417
-1.0298284230919954
0.7136637953695537
-0.5053017296844597
0.8343576022215318
-0.29932930976074273
-1.3902073533281205
1.5573056745077456
-0.46286171990059394
-0.3464194249045962
1.2411077585922365
-1.1345858135390259
-0.14679103708430224
0.5828518646863642
0.13768157268399137
-0.09876993343309491
-1.160801431741922
0.9016546686659497
0.9306555812950537
-1.5221444527036356
1.215211586547641
-0.5726704991442291
-0.6052719750462436
0.9038985497988679
-0.2959101757110113
0.03182215949700047
-0.3272362152854805
0.25196075619792424
0.5819049173277887
-0.2832617301854614
-1.1844498878838587
1.5896891005099059
-1.433914308697061
0.7263651781319075
1.0185394308988076
-1.0360808194304185
-0.7019096864083143
1.3454300539679926
-1.1960733566025732
0.8376414473037305
0.04244605828695436
0.05058142511474517
-1.1197956858193225
1.4575344366047025
-1.3074937169503131
0.8468960837546614
0.1394000801498118
-0.4572139694677369
-0.17405691300128412
0.036495684989902
1.213747482472419
-1.266688982774657
0.012658088274686008
0.21672318304919208
0.35245370692174743
-0.9056185702512267
1.6157730182216552
-1.6002542721956412
1.00861980978884
-0.5107215115593102
-0.09981674837252932
0.08616430070786124
0.36596740770933034
-0.5293671688070047
1.00951457177498
-0.23650097597455497
-2.1256402595379322
2.6509319712131707
-1.4069335293070768
0.7230635995733263
-0.5151016564492152
0.302209339705454
-0.31940697877285884
0.022020650288972578
0.9346812771038997
-0.8208772350861064
-0.4085201163508602
0.7701201594898132
-0.4445422386441201
-0.059957441230237704
0.6663793633785196
-1.014578489194181
1.4679684391806211
-1.2149050945922635
-0.1650183721245433
0.2667751034370145
1.1607856135163943
-1.2024134304077976
0.014950261384182928
0.6998082341337447
-1.2893549717558872
1.1492330998942193
-0.05840468868237697
-0.0444802162040432
-0.6564049099374225
0.9333886123906204
-1.419187685278387
0.7146508622583723
1.7427279019002706
-2.0595326486393066
0.13729807599854515
0.3350420314068525
0.29044112536201017
-0.9424787034581198
2.1290741823571557
-2.0095041324441762
0.26249227972658845
-0.022231890175135688
1.3067055731387263
-1.7561390621180697
1.5516787265212657
-1.2874535627928116
0.7628306688233684
-0.8099369603803004
1.4464209326004542
-1.5789749964763204
1.4375923072273633
-1.0639310682534855
0.18226696940511275
-0.13664746137134282
1.0496402633760005
-1.18525056331391
0.616994420139654
-0.29993626149404456
0.04292820038315473
-0.11806709888428799
0.6957997499251068
-0.6405681579422579
0.005083662387790344
0.23792413428701253
-0.4321767757053445
0.10102148230843169
1.0774810395906662
-1.0570118645813986
-0.20422178672613117
0.7347277295418501
-0.4706362415328539
0.39619643278862815
-0.6165124311590087
0.260182158147721
0.2486833005868312
-0.9780510535937624
2.536722487579139
-2.132801220860596
-0.11506703631488968
1.1453007279135774
-1.6315197325562238
0.9793176219615688
1.264114451978928
-1.5624138805768994
-0.09034360199903002
0.7642233818192388
-0.510220481736717
0.31822010668951645
-0.19967410876449182
-0.10453870520601308
0.2614233541249179
-0.7441440389939672
1.9648841595308544
-1.691851869633436
0.13728167378547584
0.7521408860281038
-1.5338692030842953
1.0544989203442143
0.8162271031161036
-1.3289059009133235
0.948534186708661
-0.3042134676330967
-1.2248544065970863
1.0086428537707386
1.2998548911118994
-1.8428142575120328
0.48127873588305836
-0.12082439070226922
0.9277917805368453
-1.0471068197054516
0.21537364521938865
-0.20599823800573508
1.2287959544218756
-1.2739670997462538
0.3115598128567802
0.10389321250318752
-0.029845379410278563
0.06214464265636334
0.018360441011558468
0.16723055305023055
-0.9393605303939739
0.7678914350632947
0.5938588413563592
-0.9903789261659156
0.12808695331200032
-0.22359690496765122
1.5749388526624963
-1.7700756160588516
0.4921971510203601
-0.25787052032004354
1.5127968144533686
-1.3589594408437047
-0.5615994152456577
0.8951610077300763
0.5027456375091798
-0.8392746722841863
0.08166925192632674
0.15345004652640368
0.06396833775057936
-0.15227805624026655
0.1989711626909363
0.046100278778772125
-0.3601743164198079
0.7170280120390472
-1.5768787101222557
1.2873754805668614
0.5572731322177944
-0.9501029540627194
-0.49086598602056697
0.46844629069849375
1.1808652029957276
-1.5207175335859582
0.7624617287396362
-0.19508242443269447
-0.5435500605386369
0.49577254354044525
0.6940321970800205
-0.7104064669563901
-0.7399657855956369
0.9830711593420385
0.2103987241729416
-0.37828550102872377
-0.6560026286375333
0.8129241752238916
-0.09993288941688216
-0.07097013114997817
-0.08265523689637494
0.5163386722880386
-1.2013921240240695
1.3891480549286308
-1.374318285249216
0.7285508922804217
0.5363474659413676
-1.236642089332374
1.3777088228890926
-1.2817301229281919
1.3078977926879458
-0.6673366945276444
-0.8830090576814339
1.289410170864951
-0.49838672909669046
0.2241956827914406
-0.5472275656645434
