-0.0005546476130287155
-0.0006193681615137832
-0.0006872574184432914
-0.0007585682396698974
-0.0008306450007749078
-0.0009042812914406454
-0.0009606396711405095
-0.0009974998879985154
-0.0010242457845235033
-0.0010353251387361427
-0.0010409031851012125
-0.001041391876384276
-0.0010266123027670424
-0.0009983500230149143
-0.0009711121322425941
-0.0009445715994800779
-0.0009126314053416871
-0.0008786322496381978
-0.0008309551173907962
-0.0007685826645063597
-0.0006998373487887752
-0.0006218873915226289
-0.0005466635923367714
-0.0004760685603168478
-0.00040227559412477835
-0.0003287833366644155
-0.0002503696211361384
-0.00016638260132220242
-8.250869784152175e-05
2.3436563620862254e-06
0.00010029183979371511
0.00021163927410395442
0.000331290233591537
0.0004623452488009282
0.0005963351644351542
0.0007327399791917595
0.0008783944669310092
0.0010314705998500145
0.0011765502423429872
0.0013128986414097743
0.0014465005030130697
0.0015731402814090848
0.001703402657597649
0.001837619184129965
0.0019667392320507214
0.002092797881602102
0.0022244985090270645
0.002361372058283231
0.002500462055249834
0.0026437336275809955
0.0027834529368371643
0.002919093140950159
0.003056006819492059
0.003192363679544373
0.003341060031861416
0.00350385786046415
0.003673295692554649
0.0038531466830769674
0.004037141720556306
0.004224773822301428
0.004422556735516032
0.004629285384650161
0.004833696373741266
0.005035748368823617
0.005240151755539098
0.005444150338731639
0.005656124841553988
0.00587668642613086
0.006099429113132266
0.006326268072266561
0.0065083455230360715
0.006639954474023839
0.006745329470201814
0.006810082111330336
0.006860689677328785
0.006898212308342408
0.006896205895701242
0.006859324383939503
0.006825014221604164
0.006792409093359317
0.006745797896315522
0.006693796002252893
0.006606357398504729
0.006480852520982647
0.006338779875326226
0.00617281393487336
0.006014078143759682
0.005867512527170767
0.005712744907385528
0.005558896284025111
0.005392296780226846
0.005211249391453503
0.005030605433656618
0.004847507665164085
0.004630435348556242
0.0043786056567099016
0.004105261834714276
0.003802340135825334
0.0034918876389996335
0.0031752565002809833
0.00283466120207103
0.0024748606970985344
0.0021356170231309817
0.0018188063076504588
0.0015090251145100718
0.0012171394880070641
0.0009158117176687786
0.0006041871673251207
0.00030562020870546105
1.4852489688933476e-05
-0.0002905090534186071
-0.0006092512970490636
-0.0009337836262215652
-0.0012691612546032194
-0.0015954678540001947
-0.0019113498037681756
-0.0022305872394829235
-0.0025484678776241934
-0.0028983218887823894
-0.003284698732012545
-0.003688329007069005
-0.004118964187116244
-0.004560392491296757
-0.005011306475611548
-0.0054885462232098815
-0.005988996777708586
-0.00648357422414339
-0.006972175815207959
-0.007466964012627703
-0.007960823942491962
-0.008475404464842374
-0.009012285789468407
-0.00955492570881453
-0.010108273072010796
-0.010581514245342967
-0.010963552844281563
-0.011300450382231642
-0.011565352447224281
-0.011806409197617397
-0.012025681508570167
-0.012174439852430089
-0.012261125961958453
-0.012357102655912031
-0.012460944708847989
-0.012542465130503475
-0.01261816626897311
-0.012631335021415335
-0.012577005538655397
-0.012495995916680864
-0.012374513166898882
-0.012268727852054143
-0.012187785752032044
-0.012094509784764552
-0.012005423986705815
-0.011896319602265198
-0.011764112773379005
-0.011635447631148108
-0.011505271721232405
-0.011315868224556767
-0.011065752775981314
-0.010779306452556533
-0.010441756682333596
-0.010093335473583962
-0.009736535033251675
-0.00933885388276411
-0.008908982995284595
-0.00852314447164689
-0.008185131039372092
-0.007865127695933177
-0.007584026687097474
-0.007289844725299065
-0.00698095096816551
-0.0067019851390515426
-0.006442979441998783
-0.006160506899950153
-0.005856869480414457
-0.005546963135836608
-0.0052209840055759535
-0.004917400158196748
-0.0046388674166456725
-0.004358749571728594
-0.004086167993913537
-0.003757955498147194
-0.0033654568507588633
-0.002945352592337318
-0.002479168256621755
-0.001997552117957066
-0.0015030216375865357
-0.0009637210336354847
-0.0003855613638789912
0.00017606004261401113
0.0007208970287912604
0.0012721051779830469
0.0018161036344630586
0.0023940247692222777
0.0030088460581092786
0.0036290632234831214
0.004264054229526321
0.004823729400125291
0.005295456830181419
0.005728169841310852
0.006094840843293751
0.006439720683903451
0.006765105691449092
0.007024007713807811
0.007224079371914266
0.0074417771111520365
0.007676249640833817
0.007894317996095569
0.008113897552854656
0.008275888987310695
0.008375073177128762
0.0084546817539899
0.008500420810704913
0.008562554660386013
0.008650001367891827
0.008728064863860125
0.008811713549780855
0.008880766551872045
0.008932353411293377
0.00898976777180351
0.009048793226852635
0.009054941909501115
0.009006607856917722
0.00892718559865219
0.008802676604363764
0.008670544742394658
0.00853315620003357
0.00836002461003376
0.008159234981801657
0.008014077417569656
0.007929286479882239
0.007871312067759007
0.007863155491403732
0.007849294597056923
0.007827931900578304
0.007847417396793384
0.007897173684211035
0.00792808616125495
0.007942557620813806
0.007957937177030066
0.007963106221189049
0.008001006288882447
0.008074697146891446
0.008154315956900027
0.00825007773233554
0.008295191939085738
0.008280366879727365
0.008244846012533722
0.00816908878508949
0.008085198775989262
0.007995925443447927
0.007867758218210896
0.007706929659266479
0.007572837742732313
0.007465869895367721
0.007361178196415323
0.007273387790068626
0.007158659439716754
0.007013864039286546
0.0068727504819182834
0.006725373489577974
0.006593285055620664
0.006482362009943092
0.006375345645427131
0.006279404172194375
0.006190105402547926
0.0061065065954257255
0.006037527099174425
0.005982632785450356
0.005913756069211118
0.005830163892228163
0.005745442240977294
0.005652667318130725
0.005570935773421166
0.0055020447305999766
0.005430944828040399
0.005362154582562179
0.005293063456231179
0.00522183758033769
0.005153071703639407
0.005085667836348382
0.005017897408902316
0.004950161827964553
0.004882319604014845
0.004814049330408258
0.004753691135433427
0.004701898915701422
0.004654463176920623
0.004613650153245654
0.004574727398050487
0.004537348626713233
0.004505840776257482
0.004479227408701716
0.004423923036001553
0.004337112554637718
0.004233923402723066
0.004104833570531165
0.003970251821291557
0.0038309654561573137
0.0036681768791012193
0.0034856916992177397
0.0033060264263056758
0.0031284282470533317
0.002944219719965004
0.002758574549534556
0.0025527469857077123
0.002325287540008734
0.0020894977351666798
0.0018408954201040578
0.0016029384289890755
0.0013791525252230138
0.0011550599236535741
0.0009375605295128288
0.0007159319366311644
0.0004891034733542277
0.00026857976530128905
5.2241598216139544e-05
-0.00018205551762167846
-0.0004346191000686344
-0.000696099768903679
-0.0009720247932529087
-0.0012464126037773377
-0.0015181600211205807
-0.0017997834914267492
-0.0020877098335292422
-0.002333100744355557
-0.0025323543854272003
-0.0027057751300317546
-0.0028395236809892147
-0.0029645632080133833
-0.003081722260891962
-0.0031629276391146872
-0.0032138181257981638
-0.0032648196652446514
-0.003314437000109459
-0.0033510912697384235
-0.0033815388756921875
-0.0033793699997093055
-0.0033424002600295445
-0.0032887717688687285
-0.0032120027189940976
-0.0031498602176414517
-0.0031075275529659444
-0.0030621011875655675
-0.0030244842282078793
-0.002976435507426802
-0.002916104433167352
-0.002862200844770435
-0.0028109757219016377
-0.0027277142264541484
-0.002611872306221418
-0.0024776824292418844
-0.0023163811329981417
-0.0021529974882325466
-0.0019890802144650267
-0.0018048357413258122
-0.001605733400106187
-0.0014210487254376783
-0.0012514289161316965
-0.001086936667519052
-0.0009353885067858172
-0.0007750410232982428
-0.0006053541763042752
-0.0004441285020336569
-0.00028714364811575286
-0.00012027390589027994
5.536931148907345e-05
0.00023559708604168204
0.00042350409431370393
0.0006056258721574173
0.0007811143955068857
0.0009589955185554377
0.0011360770329377672
0.001339746363813985
0.0015734967858200184
0.0018219966062174749
0.0020932018197977976
0.0023732880093944968
0.002661226314844456
0.0029710493724198397
0.0033000997620263777
0.0036254470254547567
0.003947107412925014
0.0042745467902157944
0.004602189127111971
0.00494733642998957
0.0053112475776814745
0.005680810210044231
0.0060599934209359645
0.006371461988068216
0.006605896191556848
0.006802362173417654
0.006938037567083559
0.007054177120727494
0.007152549441220515
0.00719159483681501
0.007178576040353269
0.007173899684082313
0.007176339766145496
0.007160438059788175
0.007140167251577248
0.00706745769900621
0.006938127183541155
0.006786770828850747
0.006601712197923785
0.00643095370525365
0.006282296548459371
0.006124067321094546
0.00597039397439369
0.0058005561415570926
0.005611945689036411
0.0054273658808659765
0.005242509332143163
0.0050082292007797135
0.004723291795634218
0.004408471683445124
0.004051208205981566
0.0036858190888651547
0.0033144483562378927
0.0029094212392966117
0.0024781683509769704
0.0020843877503948956
0.0017312032339024828
0.0013938291897676559
0.0010897201138527434
0.0007753306968481604
0.0004493191252308108
0.00014904283096595105
-0.0001338400135762742
-0.0004354026693422615
-0.0007536899984715959
-0.001076357800766655
-0.0014115311574673798
-0.0017271567912246562
-0.002021014021321206
-0.0023152498151905055
-0.002602252529227956
-0.002934978920750765
-0.0033206540232660594
-0.003728541973263642
-0.004174116459781955
-0.004631623823257373
-0.005098942062409988
-0.00560278530668186
-0.006138174860026843
-0.006658716227231062
-0.0071641964300806805
-0.007673978131032403
-0.008176679289627288
-0.008706740536253688
-0.009266641331727894
-0.009829985745220213
-0.010404616053211638
-0.010903938960843615
-0.011316217782653203
-0.011687624894862787
-0.011992270008670087
-0.012273568547062663
-0.012533645572304682
-0.012726979730215597
-0.012861094725378544
-0.01300798435030072
-0.013166668345469628
-0.013306080553047696
-0.01344302151315681
-0.013521414200756298
-0.013536301962830077
-0.01352850528143463
-0.013484428944895441
-0.013453759410852535
-0.01344508893219534
-0.01342449865359542
-0.013406721070578713
-0.013371360911783385
-0.013315594309299478
-0.013262594392308385
-0.013208087881163382
-0.013098987907742693
-0.012933768589976772
-0.012735096570834322
-0.012489334764079454
-0.01223309484922273
-0.011968660780144668
-0.011666269367041163
-0.01133381054347935
-0.011049292462904401
-0.010816993989633603
-0.010605697569630666
-0.010436892902166192
-0.010258247969185586
-0.01006806539682693
-0.00991172300361374
-0.009779220603629287
-0.009624923343360944
-0.009451091606269833
-0.009273707578639363
-0.009082434171626458
-0.008917267259600695
-0.008781018838668239
-0.008645875386611
-0.008521330542708446
-0.008344272977741858
-0.008105942195033192
-0.007843280951056603
-0.0075378145399715695
-0.007219926457708716
-0.0068921755460191825
-0.00652284665382591
-0.0061178145712035325
-0.00573297241948534
-0.0053686380872488716
-0.005001410384255657
-0.004645023314544558
-0.004258131350024665
-0.0038377567688967053
-0.0034156570089963045
-0.0029824272281069393
-0.002600027918900153
-0.002278251338123697
-0.001981316640078916
-0.0017280875786678585
-0.0014905037904962947
-0.0012668410948329818
-0.0010885283066355937
-0.0009508072794165174
-0.0007973295128964708
-0.0006283251141177527
-0.00046879700931546584
-0.000305412128193713
-0.0001807357404233904
-9.857465526489719e-05
-2.7385732234527677e-05
2.2570404905749557e-05
8.228495458052685e-05
0.00015777607866462832
0.00022657730458964148
0.0002980368191932082
0.00036076486462264195
0.00041289035634438067
0.00046836532228581413
0.000524791233009832
0.0005464568925315755
0.0005321492925987493
0.0004974345090646521
0.00043308723169748674
0.0003632706095710283
0.00028952444355481797
0.0001919955659045925
7.587774692367191e-05
