0.0007034800036359216
0.0007153553395338488
0.0007271921174889176
0.0007389702624543979
0.0007509144075601754
0.0007629593490063434
0.0007729221438935194
0.0007806030498150267
0.0007869758239816775
0.0007914109481700566
0.0007952108377385399
0.0007984146972232341
0.0007997954318692573
0.0007995857708806082
0.0007992677861009183
0.0007987840769519603
0.0007975423030631422
0.0007958755321760362
0.0007925375268145241
0.0007874210380524128
0.0007813944103394112
0.0007741513141816641
0.0007672671421328507
0.0007609681834784429
0.0007542707164575936
0.0007476307227063233
0.000740308181694511
0.000732221227139661
0.0007241397955392716
0.0007159096717701394
0.0007060292893224025
0.0006944685183592045
0.0006818461700418366
0.0006677801186360359
0.0006533384631459008
0.0006385855419305536
0.0006226677003618014
0.0006058160402122999
0.0005895467449347227
0.0005739109909686467
0.0005583557670326922
0.0005432896155993216
0.0005276257855110346
0.000511332525355835
0.0004953154977806994
0.0004793635185381662
0.0004626812613268274
0.0004453192077229995
0.0004275295393132049
0.00040913401405462033
0.0003908605065105307
0.00037275539904282066
0.0003543201014491108
0.000335725887524795
0.00031562428154303945
0.0002938363276399123
0.0002711262449537944
0.0002470999449489794
0.0002224242507390017
0.00019714934914006964
0.00017058810900923705
0.00014286749888319682
0.00011513631052203761
8.739461164589028e-05
5.9163120069445464e-05
3.0720888314695894e-05
1.204169876612308e-06
-2.9451337481148753e-05
-6.059103871233081e-05
-9.241387687493796e-05
-0.00012060673173980555
-0.0001446583010996242
-0.00016673147521300668
-0.00018555557676866666
-0.00020345027043895537
-0.00022051329358216136
-0.00023441981644611217
-0.0002455790444936437
-0.00025733381297168086
-0.00026961342207068643
-0.00028101382806363875
-0.0002923074640291224
-0.00030082675998510596
-0.0003063402660132439
-0.0003107651463610839
-0.00031345338463372835
-0.00031711735461053197
-0.0003221942290675487
-0.0003269033377468286
-0.00033204237829543296
-0.0003364329565134083
-0.00033992894454784443
-0.0003438222912984165
-0.00034786851460555867
-0.00034930745944124827
-0.00034807155665838755
-0.0003453262504558272
-0.00034036684528167824
-0.0003351245803977601
-0.0003297204033233107
-0.0003225992049407848
-0.0003141796471587483
-0.0003080006192553806
-0.0003042341504082077
-0.0003015077502418872
-0.0003007910103262866
-0.00029966101263358125
-0.0002980439593247428
-0.0002980172386438572
-0.0002991169922536383
-0.00029934596935432377
-0.0002988138380446837
-0.0002982031340795471
-0.000297064622598763
-0.00029717627909936907
-0.0002986615565056618
-0.00030029355912856347
-0.00030249488593365385
-0.0003023152569733634
-0.00029935326341891855
-0.0002953205011394164
-0.00028935540200010826
-0.00028289488777322755
-0.0002760575230095342
-0.0002673546861782002
-0.0002570645351758855
-0.00024776986520671975
-0.0002394827149985375
-0.00023112616976702927
-0.00022333412459777977
-0.00021418939397286943
-0.00020355439604470606
-0.00019289900214774074
-0.0001817869781714164
-0.0001726788860906188
-0.0001659855127058608
-0.00016024008530875382
-0.0001561966122032418
-0.00015278901693590747
-0.0001499447236228717
-0.0001488925132358358
-0.00014945287261802388
-0.00014931032750387807
-0.0001484657842842118
-0.0001479557914208975
-0.00014722926602004814
-0.00014801456738088142
-0.0001504663349308603
-0.0001532941237166317
-0.00015691316413012356
-0.0001601741174591185
-0.00016284033994299203
-0.00016577016873396778
-0.0001686134285383014
-0.00017176533949331401
-0.00017529694570056628
-0.0001787005655451406
-0.0001820593055999917
-0.00018674767015605296
-0.00019281528121485733
-0.00019965644208820295
-0.0002076268035585568
-0.0002158040466652065
-0.00022412831720630642
-0.0002333604305437064
-0.0002433019940583066
-0.0002513784845246863
-0.00025742258712612624
-0.0002625070787396723
-0.00026591507073302244
-0.0002693170382183711
-0.00027276953044580004
-0.00027479376873582425
-0.00027570577672448215
-0.0002770843861706106
-0.0002788598029600891
-0.00028045733217192534
-0.00028223578486725944
-0.0002828352827259636
-0.00028215594546420256
-0.0002811487459510754
-0.00027948934352117045
-0.0002791616636707096
-0.00028044730990689894
-0.00028216405448252326
-0.0002848928552023365
-0.0002876920878925905
-0.0002904772297323905
-0.00029423740250447987
-0.0002987885886693792
-0.00030233638625442894
-0.00030486493700941197
-0.00030712622268529876
-0.00030867638434413234
-0.00031083077051375415
-0.00031368200303095046
-0.0003162118423831526
-0.00031871715234703716
-0.0003202696972918008
-0.00032066164844084645
-0.00032053967437001486
-0.00031960487315536233
-0.00031814729171792023
-0.0003161982940383378
-0.0003133334809739243
-0.00030959473333552653
-0.00030602491350745627
-0.00030263754973759705
-0.0002989392305801764
-0.00029518157902058765
-0.0002906227451699598
-0.00028519198242394456
-0.00027945616919018945
-0.0002732366171101129
-0.0002668055277489432
-0.000260244895864012
-0.00025329013592649487
-0.0002460289750133632
-0.0002384209299878067
-0.00023044136073696622
-0.00022218738332580254
-0.00021364761138907708
-0.0002043783296013955
-0.00019435350213919988
-0.000183776571216728
-0.0001725285379631671
-0.0001608843574701956
-0.0001488603780831273
-0.0001362161089440284
-0.00012300783565131023
-0.00011047351314698999
-9.870590522389709e-05
-8.715985263388203e-05
-7.618227454516248e-05
-6.499767195431195e-05
-5.357530265981854e-05
-4.261396404615266e-05
-3.196629933580001e-05
-2.0824932460635055e-05
-9.217479620546756e-06
2.5543291904399413e-06
1.467712352888702e-05
2.6474841262488004e-05
3.789835865103948e-05
4.9428927555484835e-05
6.0906857432837163e-05
7.323601354624739e-05
8.655120006422367e-05
0.00010030626934404556
0.00011476829009276557
0.00012952111827528712
0.00014452711566375357
0.00016023379301885948
0.00017656120577285914
0.00019267524869127524
0.00020856837182837575
0.00022459508781035012
0.00024054974080679558
0.00025704218252700845
0.0002741170705719974
0.000291303246966679
0.00030873943122350237
0.0003237028880134612
0.00033586226196804175
0.0003465905161012404
0.00035508200145028623
0.0003627847200322549
0.00036975842567379464
0.00037453861892979207
0.00037737808182849005
0.0003804066481728721
0.00038357932663152656
0.00038599438261063395
0.0003881428870185306
0.000388327059054749
0.0003863969990869762
0.0003835711281076894
0.0003794353293642954
0.00037569122605805025
0.00037261294291048843
0.00036907604723191475
0.0003655797983921293
0.0003613850527820201
0.00035639741499061294
0.00035142493667554195
0.0003463124171513
0.0003393160231806603
0.0003303902498890345
0.0003202690308367787
0.0003085052629256775
0.0002963137957972024
0.0002837686260225143
0.0002698867148110647
0.00025492956376810174
0.0002412037056333569
0.00022882312825865266
0.00021688370883563962
0.0002060169502762108
0.0001946483666685027
0.00018272748491020838
0.00017160458137222397
0.0001609768907314563
0.00014952742218533868
0.00013732468753086403
0.00012481920651425494
0.00011171277311140614
9.916957396309013e-05
8.726899220978996e-05
7.520294555828598e-05
6.324664266418836e-05
4.948573924851957e-05
3.3656943875035095e-05
1.6870176709947865e-05
-1.4352449638285748e-06
-2.0332175823703363e-05
-3.974547677095551e-05
-6.064111609151778e-05
-8.284117693893893e-05
-0.00010466872148914234
-0.00012611739332265968
-0.00014788972955366765
-0.00016957545802371546
-0.00019242161321247325
-0.0002165194971613774
-0.0002409159273852323
-0.00026589607817507346
-0.00028699587186533715
-0.00030365506640855054
-0.0003181685481314919
-0.0003292129018122175
-0.00033912297887291905
-0.00034800280643408664
-0.00035346971553759356
-0.000355932382939565
-0.0003589523632210519
-0.00036246521995436697
-0.00036495713142627824
-0.0003672541812655159
-0.0003665421189506139
-0.00036257446474009
-0.0003573838679029412
-0.0003502869165899486
-0.0003439957406959322
-0.0003389590300638524
-0.00033336927860474575
-0.00032802629361538936
-0.00032177539432538723
-0.00031446709296050965
-0.0003073830443017129
-0.0003002825445707675
-0.0002903534627938071
-0.0002775219903172071
-0.0002629800996918605
-0.0002460078496880733
-0.00022856139311329868
-0.0002107627071929543
-0.00019103021472734825
-0.00016978673331397546
-0.0001508550895494239
-0.00013443152566559006
-0.00011901205285144909
-0.00010564643928125879
-9.174042754903905e-05
-7.721250849189341e-05
-6.429762880903256e-05
-5.249933696246708e-05
-3.9624401730446556e-05
-2.5787607199296823e-05
-1.1746610550090478e-05
2.9936908414916077e-06
1.6495106381219016e-05
2.8622527282579186e-05
4.071852637689912e-05
5.232289566177782e-05
6.658184873524897e-05
8.392745099670888e-05
0.00010252771072210042
0.00012330256347552028
0.0001447277385326274
0.0001666765800767047
0.0001907339082518105
0.00021660501527251137
0.00024152208017974173
0.000265471214483569
0.000289608939691955
0.00031325579519393606
0.0003384636479517288
0.000365380218591844
0.0003924315658152905
0.00042008470797256895
0.00044357832213331235
0.0004622536082779239
0.00047867509937043036
0.0004914158420202443
0.0005028342118148499
0.0005130487717115091
0.0005195672520787784
0.0005227971798807811
0.0005267430649463236
0.0005313553089817744
0.0005348990694075687
0.0005383104428697107
0.0005384825390203043
0.000535140134482485
0.0005305498296440571
0.0005239588063877064
0.0005180566573856977
0.0005133145241682477
0.0005078837780743827
0.0005025632788388654
0.0004962612192435433
0.0004888235309728793
0.0004814998229137156
0.0004740610875690446
0.0004636089085112958
0.000450058059248205
0.0004346488224079976
0.00041663603206430104
0.00039801394720029857
0.0003789071180195482
0.000357692046103339
0.000334798238905637
0.0003145847735447355
0.00029729525434659234
0.00028117727051907916
0.0002674328842176424
0.0002531476137203834
0.0002382262847857923
0.00022520112467981686
0.00021351559497332468
0.00020060602426871335
0.00018659762575521928
0.00017239187897609686
0.00015740767352879256
0.0001438871341840403
0.00013198845682663597
0.00012015109041214879
0.00010890734218403076
9.474755915893609e-05
7.71832549552202e-05
5.82722059154252e-05
3.698682433096464e-05
1.5014002484746377e-05
-7.503472122019132e-06
-3.232800968718425e-05
-5.913327997593218e-05
-8.480477474300759e-05
-0.00010932399889834637
-0.00013399538182188857
-0.0001580532779398074
-0.000183799819519911
-0.00021140064431972557
-0.0002390864797450494
-0.00026738075096086994
-0.0002914946512656064
-0.0003107447101330885
-0.00032774854107547115
-0.00034106546300873117
-0.00035302317388020434
-0.0003637430163412093
-0.00037073425074004294
-0.0003743969030990325
-0.00037882802544816
-0.00038398382435133916
-0.00038807838498945674
-0.0003920714926003038
-0.0003928020974526956
-0.0003899888410853426
-0.00038594456036350857
-0.00037990358253741437
-0.0003745083757263094
-0.0003702305974427716
-0.00036523433435846006
-0.00036030622845145764
-0.00035439144041864504
-0.0003473363322971334
-0.00034036118586875427
-0.00033324403658424975
-0.00032309887059396976
-0.00030983754148527804
-0.00029469852765640525
-0.0002769386179614918
-0.0002585358551470033
-0.00023961359430302155
-0.00021855734628464714
-0.00019579240171888697
-0.00017581658856773944
-0.00015888786223931703
-0.0001431851934290767
-0.00012995052448727153
-0.00011619110463991683
-0.00010180784478869307
-8.940807165232393e-05
-7.842060572397919e-05
-6.617847759720731e-05
-5.280882054849756e-05
-3.925451552059819e-05
-2.4910135804530728e-05
-1.2100111271171745e-05
-9.889523645030541e-07
1.0043913782925782e-05
2.044676925562534e-05
3.381582466127933e-05
5.0653965122686384e-05
6.884807355031084e-05
8.945166032436167e-05
0.00011074103211261562
0.00013256952421610666
0.00015674122371454625
0.0001829227400293598
0.00020791380021490497
0.00023169457637254386
0.00025560666169876665
0.0002788630738344366
0.00030382731490418525
0.00033066954237492775
0.00035757244125077356
0.0003850733165598524
0.00040896199112514794
0.00042860919046309624
0.0004463720000344929
0.00046097691229597904
0.00047440925061164105
0.00048677981465701834
0.0004959220404436704
0.0005021748821893422
0.0005092388081532484
0.0005170848952983487
0.0005240865073204167
0.0005311141608816519
0.0005353390086799451
0.000536508372695168
0.0005367031811844131
0.0005352394027339378
0.000534347997838726
0.0005344410440039936
0.0005339408483093634
0.0005335148820352731
0.0005323006020527813
0.0005301659476852702
0.0005281305717240103
0.0005260126673051387
0.0005213207378972652
0.0005139748174828452
0.0005050506349573753
0.0004939054949267015
0.0004822374061649384
0.0004701529136426605
0.0004562616965079172
0.0004409285402713081
