0.01109448822006642
0.011195677125855102
0.011292774236874697
0.011385234974466103
0.011478947835214
0.011572175732892237
0.01164613159331897
0.011699518976491763
0.01173986346912506
0.01176184618486515
0.011777593344771992
0.011787372645052769
0.011780266363944606
0.011758462990827537
0.011733229753557688
0.01170392189491802
0.011666285423824939
0.01162277852525844
0.011563416593828448
0.01148734997826443
0.011401330417083523
0.011302878336775663
0.011206990252218038
0.011115651962679308
0.011019816212084222
0.010923780312324613
0.010820160581448305
0.010708199366316092
0.010595348151943788
0.010480066631741143
0.010348694961756902
0.01020100567012957
0.010042531856226687
0.009869807658914915
0.009692669981924204
0.00951169753084024
0.009319075317306493
0.009116931125396866
0.00891633857623427
0.008717483715827885
0.008516627579378287
0.008316698054041047
0.008109351218080261
0.007894356988031466
0.007678463325557167
0.007460025832735661
0.007233750994492678
0.007000039895227548
0.006760396327360843
0.006513642110386853
0.00626480820294478
0.00601418111163811
0.005758352153947863
0.005498492045256136
0.005224044391706229
0.004933646546922712
0.004633142312035382
0.004319446335151107
0.003997862743891554
0.003668755702288396
0.003326694184198774
0.002972673990908583
0.0026154423467683917
0.002254959624949791
0.0018875782299351527
0.0015154015716528377
0.0011317682970217486
0.0007361665549415748
0.0003335885132688698
-7.751722313678415e-05
-0.0004392331141809926
-0.0007451044999690653
-0.0010233656625009211
-0.0012570533511526967
-0.0014782052141981124
-0.0016880736817923912
-0.0018551018986239542
-0.00198496976504667
-0.0021211467146199916
-0.002262545039416215
-0.0023911263054379158
-0.002516878120741609
-0.0026046952204943513
-0.0026515463674586987
-0.002682491175262555
-0.002688984391551583
-0.0027088226574242796
-0.002747918482578639
-0.0027818149023808494
-0.0028215843986440724
-0.0028504431739577746
-0.0028663846878887824
-0.002887548872297748
-0.002910456029617718
-0.002897349781333289
-0.0028473594417515674
-0.0027763370074241527
-0.002674657947146958
-0.002568873278195819
-0.002460636914321376
-0.0023286285385171923
-0.0021786079826015027
-0.00205616010392881
-0.0019633527532158077
-0.0018827621326403111
-0.0018268363861134748
-0.001764042612392438
-0.0016934383138304287
-0.0016418946743010272
-0.0016033602600901034
-0.0015525423708378698
-0.0014908865977885945
-0.0014269119788139744
-0.0013549409355676574
-0.0012976442988300218
-0.0012565755939350468
-0.0012161314371810336
-0.0011816951123489235
-0.001114697081662644
-0.0010099286290619314
-0.0008896544417635923
-0.0007426153499514042
-0.0005876793351908713
-0.00042637791637077475
-0.00023920787183321485
-2.9814169941262068e-05
0.00016824109158461654
0.0003548292660203902
0.0005439336775901621
0.0007273305399601714
0.0009299934917011878
0.0011537225069352074
0.0013794078724520848
0.0016127418721432977
0.0018092126040415472
0.001962202914370899
0.002096661017885949
0.0021991466675764016
0.0022907014129313536
0.002372525134183599
0.0024217255431556203
0.0024419194898833005
0.0024722060085287673
0.002512300947607277
0.002545063148513608
0.002579709045413865
0.002586385100073971
0.0025624496780558867
0.0025299046169002274
0.002481550997849743
0.002440879282952348
0.0024122567797351412
0.002379091741618563
0.0023484306292348217
0.0023112452389441184
0.0022661681184712205
0.002223939561016907
0.002182674778935767
0.0021161586675564523
0.0020235701886679764
0.001916265841730246
0.0017875000935539897
0.00165517222848378
0.0015204278504807238
0.0013686510287466468
0.001203705367826938
0.0010683105157106884
0.0009650166984329548
0.0008764236888750783
0.000814365579213101
0.0007506295173431178
0.000684293335699075
0.0006400697653730667
0.0006126006038343179
0.0005763667496757466
0.0005325808439414497
0.0004903588708708239
0.0004439201674170719
0.00041547220717691674
0.0004066188971069405
0.00040189617983847067
0.00040659559183014055
0.0003869286391768382
0.0003381678306434639
0.00028026755795060743
0.0002033432955945352
0.0001235762845985674
4.237905320081914e-05
-5.716299833036401e-05
-0.00017189734474186785
-0.00027159644004459986
-0.0003560344800866138
-0.00043785645386412855
-0.0005096041854066475
-0.0005935273826730864
-0.0006912021070156624
-0.0007854586553969285
-0.0008813318092910207
-0.0009647169960988473
-0.0010322862679283216
-0.0010942563064134704
-0.00114605263837743
-0.0011917041610327813
-0.0012317317005532814
-0.0012598491955529984
-0.001276627284760577
-0.0012985667293611742
-0.0013259506691443263
-0.0013509319752063767
-0.001377523012774098
-0.0013941445043475884
-0.001399703019153895
-0.0014031365306721184
-0.0014016752737803335
-0.001398807338767562
-0.0013957709795698733
-0.0013888285359822097
-0.001379153323239613
-0.001366604372588388
-0.001350844020390318
-0.0013329825023597076
-0.0013129559136900882
-0.0012843824274960782
-0.0012468648557883472
-0.0012034059970512968
-0.0011522938597740492
-0.0010974172011283872
-0.0010390246127254515
-0.0009736939582609182
-0.0009022277323375761
-0.0008441430622821645
-0.0008009572844382257
-0.0007640289951098994
-0.000738850172904873
-0.0007133089307792349
-0.0006869346800484641
-0.0006707204054562988
-0.0006623816346095534
-0.0006491005542439414
-0.0006313193711514601
-0.0006138800428125642
-0.0005938296638090537
-0.0005818952275254067
-0.0005788763906181716
-0.0005771550748497775
-0.0005792788239514695
-0.0005711894564566426
-0.0005507910107867292
-0.0005266386818274415
-0.0004945882299801617
-0.0004611080563725987
-0.00042680569861326825
-0.0003847423271937606
-0.00033617549083449336
-0.0002941731920612684
-0.0002588777327218564
-0.0002247541853112175
-0.00019504048976931457
-0.0001602277208549431
-0.00011963651027117593
-8.065251551653219e-05
-4.112794037896736e-05
-7.463419766188612e-06
1.8865013658529474e-05
4.2387794023406974e-05
6.103132931382378e-05
7.671156861295318e-05
8.964704127910882e-05
9.693831922145934e-05
9.885408387463685e-05
0.00010273760330500028
0.000108694049035587
0.00011323124874775444
0.00011812360571497051
0.00011817205126879302
0.00011287789961013505
0.00010622361076915516
9.695674820545493e-05
8.690461936710171e-05
7.663608394317244e-05
6.433506701326207e-05
5.0594454486686076e-05
3.517879739865464e-05
1.7918334029714065e-05
-5.495980221215437e-07
-2.02950434171486e-05
-4.4378410226725915e-05
-7.29835453843669e-05
-0.00010470210839388285
-0.00014035637771498172
-0.00017805988014801195
-0.00021770049661108614
-0.0002609340978376985
-0.00030737540485645953
-0.000348005199237452
-0.000382135086236298
-0.0004137529282471015
-0.0004403268505143899
-0.0004674812947684306
-0.0004954390495721343
-0.000519115827176587
-0.0005395778715985593
-0.0005627399073998325
-0.000588401768623116
-0.0006143423540484738
-0.0006419284013177601
-0.0006662144453594858
-0.000686838188168431
-0.0007073201656358755
-0.0007264906239988279
-0.0007509040683911354
-0.0007815396880729049
-0.0008144268090309709
-0.0008515014609169902
-0.0008897496951693868
-0.0009288957970182086
-0.0009721813118668521
-0.0010190255829481186
-0.0010633621285236722
-0.001105132682684574
-0.0011469142993762915
-0.0011872092209272763
-0.0012304462474689462
-0.0012769478115275516
-0.0013232871719390657
-0.0013704699272059544
-0.001409146604237312
-0.001437981198098314
-0.00146206931505607
-0.001478595014941618
-0.0014921062484111128
-0.0015028341801621426
-0.001505908318735765
-0.0015021064154713006
-0.001499422033395154
-0.0014977648530934706
-0.0014936447824241573
-0.0014889309219559806
-0.001477446183244517
-0.001458636811829415
-0.001437014125956009
-0.0014110785090439546
-0.0013860507392770623
-0.0013628539324820755
-0.0013378680438744918
-0.0013126436152201618
-0.0012850788903617137
-0.0012548680460633538
-0.0012244255095387841
-0.0011933066679223681
-0.001155825107809546
-0.0011118056882308222
-0.0010636811719924712
-0.0010099852483044704
-0.000954614171485355
-0.0008978076096223756
-0.0008363814897870467
-0.0007711711274710346
-0.0007111381887108489
-0.0006567986617148764
-0.0006045139586475048
-0.0005567581212078084
-0.0005075727525419367
-0.0004567578285205585
-0.0004095046131952679
-0.00036467444372111524
-0.0003169351890996302
-0.00026653675886908167
-0.0002153646552237165
-0.00016220619060770732
-0.0001116995655066256
-6.417138423841094e-05
-1.638254143140434e-05
3.056777211687414e-05
8.384285212466883e-05
0.00014444743034962976
0.000208173890928342
0.00027712259746086744
0.0003478655685784858
0.0004201128545516199
0.0004974583893970249
0.0005792409952590506
0.0006590858406402951
0.0007369552700642124
0.000815525471693903
0.000893230378015889
0.0009747809650211518
0.0010605185292311917
0.0011468243274024995
0.0012347710282417863
0.0013096217885136179
0.0013694712915758179
0.0014219862452172088
0.0014627813188307463
0.0014994475066334337
0.0015323297341247166
0.001553600471677699
0.0015645800778996538
0.001577195692756196
0.0015912464401641182
0.001601628397777352
0.0016111107525535015
0.0016103095798909422
0.0015983962449160954
0.0015821599240790735
0.0015593198222633364
0.0015386708483887948
0.001521685307992065
0.0015024504031440936
0.0014835613510045158
0.0014613097937528153
0.0014352019567979814
0.0014093749837319322
0.0013830514137328444
0.0013470158056597457
0.0013010149180708872
0.0012489582465946558
0.0011884809052735278
0.0011259687619824702
0.001061816235992559
0.0009908438485551868
0.0009144273729941181
0.0008454849006790051
0.0007846948389166945
0.0007269343145753727
0.0006757527925545208
0.0006224186280775006
0.0005666504716071547
0.0005159838907740027
0.00046874606341481607
0.00041745947909281177
0.0003625029597018084
0.0003064696948542554
0.000247666507855872
0.00019267196614757587
0.00014194296302112545
9.090908858373465e-05
4.11294358045853e-05
-1.7964068963053644e-05
-8.783207001011879e-05
-0.0001623137736249858
-0.0002445032081504209
-0.0003292985117146487
-0.0004162768051268768
-0.0005107582730983019
-0.0006117594003603626
-0.0007099650302268607
-0.0008053295205066541
-0.0009017533928986207
-0.0009969517662316311
-0.0010978305596768961
-0.001204890381811675
-0.0013128374299412357
-0.0014232459501766724
-0.0015239364446495156
-0.0016130899740259932
-0.0016975443934404812
-0.0017736193311668088
-0.0018470571936504607
-0.0019181859748504623
-0.001980745695812601
-0.0020357218729218345
-0.0020938420714017056
-0.0021550302577742096
-0.0022145783503531107
-0.0022750153164988367
-0.002328155318080507
-0.002373272905161547
-0.00241640228856625
-0.0024555691084256156
-0.002497204196613671
-0.002542504091739968
-0.002586923629764393
-0.0026323919373016868
-0.002676438998004168
-0.002718689866203366
-0.0027620839366325365
-0.0028061052405629824
-0.0028435703449882924
-0.002874253519234806
-0.0029012666701309316
-0.002922760990378623
-0.002943639714168914
-0.0029642163418170616
-0.002980485937920679
-0.002993506534393755
-0.003015097647788275
-0.0030459694027334424
-0.0030812999206053585
-0.0031243647125286387
-0.003167367425300952
-0.003210052694290689
-0.00325925477247804
-0.003313493437981649
-0.003365693814397849
-0.0034161903250621998
-0.0034675139480665924
-0.003518061674505166
-0.0035739855696055238
-0.0036357305444993586
-0.0036990113097464046
-0.0037652938858067247
-0.003825242193291528
-0.003877548808823728
-0.003927730367250195
-0.003973055506045778
-0.00401799284976434
-0.004062933147767649
-0.004103203870081162
-0.004139675781841894
-0.004180706884016609
-0.004226360333880878
-0.004273139363465693
-0.00432310650829371
-0.0043701112589607845
-0.0044137181049610005
-0.0044586742255208435
-0.004503588079712895
-0.0045445461373524966
-0.004581664599212715
-0.004615771241646344
-0.00464585486439587
-0.004675271951914795
-0.004704029002689176
-0.004729542218438881
-0.00475244512010205
-0.004773776150409853
-0.004793278450878882
-0.004810827396017598
-0.004826584332778522
-0.00483913775616574
-0.00484838759705286
-0.004855112058088712
-0.004858945330603497
-0.004864270223129345
-0.00487154309778757
-0.004878388913459782
-0.004886037064453422
-0.004892077371820682
-0.004896317150861494
-0.004901036416868783
-0.004905739890373603
-0.004906960905495004
-0.004904691376533383
-0.004900271055566047
-0.004892837234845186
-0.004885005374111326
-0.004876928399791755
-0.004866586829816117
-0.004854554582482253
