0.03854314439272556
0.028505092630070016
0.018793119243914854
0.009747577331592969
-0.004510621001353067
-0.02261106982862886
-0.03261424753925283
-0.034144425800748425
-0.03198154198311836
-0.02298842621318888
-0.01568084090371465
-0.010470708988609433
-0.0004018497471636826
0.012760447407319072
0.020017505190819677
0.02137017158287258
0.019911460048125714
0.013352771568445996
0.008759703780128145
0.0064226231634474966
0.0008641654010821782
-0.006435569284293869
-0.010565976927058168
-0.0117017852008834
-0.011165475929969535
-0.007746161763606703
-0.0057407430297643875
-0.005280202085423394
-0.0031939122876086484
-0.0003808111553044261
0.0016261059723354523
0.0030404339646205466
0.003974472304767064
0.004089883007116196
0.00512799037803551
0.007116418035106487
0.00891119623098768
0.010883616986785645
0.011579167669784307
0.01074001105446275
0.009313858349082507
0.006859952027889284
0.003908956072179588
0.0005183095492582492
-0.00397766394978082
-0.009486022794754172
-0.012761700304003814
-0.013601906023390023
-0.013500152061439194
-0.011579229205316356
-0.009904781257434901
-0.008599080062499286
-0.005868300133281836
-0.0021370837270322986
0.00046246358437938525
0.001966659396720138
0.003116911730363543
0.0033921567538221582
0.004511286789404272
0.00656386021262682
0.00826326140028043
0.009986720196742658
0.010274722808579348
0.00883510702179058
0.006616236934648941
0.003156714688894941
-0.001029638932208638
-0.005900286082458898
-0.012142885805679364
-0.01968093577466664
-0.023282151964251693
-0.022555429325378153
-0.019947722260508168
-0.014015432637613193
-0.007988387405992808
-0.0020446617867932644
0.0067007952609751155
0.017603062918038676
0.02394679825210463
0.025474706026043674
0.024962041428094345
0.02063282045996876
0.017162255134314797
0.014785946614380293
0.009635401127949724
0.0026776022455859473
-0.0016324145353580678
-0.003359768803006033
-0.0039833770398957314
-0.002397438472192789
-0.0022200372568568737
-0.0036110933041318466
-0.0038385551050995215
-0.0036772736454093752
-0.004338326570758941
-0.00562866761743742
-0.007511970647267742
-0.010250031544350741
-0.01243567753543683
-0.014054298880546722
-0.01602092043681943
-0.018038394022883878
-0.018067920037729925
-0.015986376259874032
-0.012533652414161319
-0.007129653635971324
-0.0011866695143790983
0.005278728481236691
0.01350715922976029
0.023247074899757518
0.028412022273835928
0.02857957105448623
0.026478828564882415
0.020429525595096754
0.014323375772157011
0.008349371336363208
-0.0009229817622021278
-0.012723751471772226
-0.01940608986886629
-0.020698145495013948
-0.01974257182694292
-0.014525642831698906
-0.010426175308103167
-0.00771907351627946
-0.001984782662178062
0.005657428717917985
0.009977781036560794
0.011027689596562891
0.010544587596657704
0.007216964519867074
0.0052476425869486054
0.00481135102174791
0.0027019289705220825
-0.00019143309042513707
-0.0018321773960366808
-0.002395588798982282
-0.002237260067142034
-0.0008811268335275522
-0.0003487788843552716
-0.0006846768656162145
-0.00048382775653078825
-0.00017260380352827052
-0.00019969794918484166
-0.00046208283566862945
-0.001047205511565798
-0.0020508843077763055
-0.0028384179942634717
-0.0034189344014672863
-0.004191365860442537
-0.005028205494261971
-0.005210853651654192
-0.004705036751199843
-0.0037589705991348983
-0.0021710553447689225
-0.00047058581353431374
0.0013348295487963567
0.003693989870340897
0.006509433161134252
0.007940473049928256
0.007867702998716466
0.007101933179234852
0.005137290839780099
0.0031708177628373977
0.0012593417645151176
-0.0016418737410958597
-0.005295172408574076
-0.007295355884991161
-0.007549990780549567
-0.007048373930873871
-0.005153460683558789
-0.0035459564025946883
-0.002309009754418821
-5.2365218363346466e-05
0.00287712639989619
0.004646510724647931
0.00525576773630549
0.005345823164097379
0.0044521066020169215
0.004008862322009867
0.0040786890421560034
0.0035515283056325887
0.002730095173730925
0.002094305556923399
0.0015574530914126724
0.0010962037398905573
0.0008073585237208234
0.00011865676056238209
-0.0009841355697130813
-0.0021426546964138436
-0.0034843328338714343
-0.004310280730706062
-0.00452128882697903
-0.004541653964403017
-0.004168126075777856
-0.0037151468882857547
-0.0032137136520010213
-0.0023261565812153872
-0.0011143229911776652
-0.00037651162463927775
-0.00013679612099476624
-5.094748603180139e-05
-0.00032421944043520094
-0.00040222511758552886
-0.0002494337301815955
-0.0003151519290422199
-0.00047916878525201253
-0.0004867673917944513
-0.0003676709832322689
-0.000160321965349201
0.00019140836471571323
0.0004267280408858283
0.0005386459913253463
0.0007020996954210002
0.0008604768672174036
0.0006476007190998837
4.2281837158345566e-05
-0.0008256187410581778
-0.0020602222201155603
-0.00340763500039487
-0.004865625312361402
-0.0066573026131025795
-0.008737871692637369
-0.008602785262237681
-0.006031230432939474
-0.0021736716831314575
0.003682584612822456
0.01003030761321104
0.01680800974612362
0.02541247539531665
0.03556206012383261
0.040025016342518836
0.03828563686267617
0.03358755994049387
0.023927369745199475
0.013876759024664717
0.0036505664288204245
-0.010813145526961939
-0.02861866967970543
-0.03947025138969632
-0.04292772921462369
-0.04331228505090138
-0.03788608015037648
-0.03374176433446268
-0.03124077630298607
-0.02447094238448327
-0.014895071495154703
-0.007799832446494603
-0.002920547609107831
0.0013085201704095806
0.003648044271176212
0.008763282336989477
0.016879340535896636
0.024671958568110483
0.03318004486965151
0.03701958388658404
0.03530603186258706
0.03131571422768505
0.02341768946140304
0.013889792017511999
0.0029153946155658847
-0.012134947377319186
-0.030862857703611805
-0.040893044037980046
-0.041454235173016725
-0.03821137221321594
-0.027815166065235084
-0.018184338630722472
-0.009778636893624385
0.004270562493149631
0.022339050008877082
0.03251075568642985
0.03453991808786907
0.033022765151918064
0.02487225064401582
0.01882300791210384
0.015292480506198443
0.007277827523061551
-0.003393565315747272
-0.009611422674623851
-0.011548398197253503
-0.011349584725045934
-0.007254083715016936
-0.005233584342698769
-0.005508608610594016
-0.0036137514793226563
-0.0008106164336982421
0.00030451289750002645
-1.1683467773902407e-05
-0.0013983542912660055
-0.004458866252709064
-0.006511678474971268
-0.007511784848073999
-0.009301834774980882
-0.011320777793049328
-0.011754431356113601
-0.010611300086437313
-0.00834996313593936
-0.004487359491654696
-0.0005647981322721209
0.003405446710126477
0.008628566491450624
0.014811133757272676
0.01799886373191031
0.017955159993702882
0.01636063151424629
0.012129721558956395
0.007901038963845324
0.003787973896306805
-0.0024886969165197593
-0.010408091860964854
-0.014761632080826563
-0.015350757646482192
-0.014314909269428034
-0.01027486419822952
-0.006880811476502601
-0.00431333732528303
0.0004428867484312126
0.0066339456593345345
0.010080138952653245
0.010759463806595254
0.010155565905245485
0.007200539950807889
0.005120990517219356
0.004055474994363078
0.001482510252695471
-0.001921721353603859
-0.0038392192754464947
-0.004347235202785641
-0.00408639606289411
-0.002484852363085405
-0.0015529060758935082
-0.0013547362155161404
-0.00040311830624377524
0.0008803685901470166
0.0013764234050526202
0.0011439587536642565
0.00042229660097284935
-0.0010639496373447987
-0.002270740278614918
-0.0031777766738203955
-0.004542413319076962
-0.006150597717924456
-0.006776489513963802
-0.006383512449242226
-0.005403118092781245
-0.003504872480886941
-0.0016039418388418007
0.0002744905648055898
0.0028811729185330183
0.006037298400919462
0.007950013745869707
0.008542401667227093
0.00854928105049375
0.007490876847145016
0.006617978743673282
0.005988452350984362
0.0045594644579042614
0.0025857486540557476
0.0012953420242104428
0.0006698327986874833
0.00029006264592397875
0.0004588574391095258
0.00017884433151002407
-0.000598445706705671
-0.0011238671571464154
-0.0016140207309508076
-0.002329902489000559
-0.003213829554412114
-0.004294641851822151
-0.005625643968691054
-0.006866649295606259
-0.008018486254427243
-0.009294203635992381
-0.010623152923576434
-0.010667489565798202
-0.009309062510120328
-0.007122700596160964
-0.0037213561502777706
7.032465422642886e-05
0.004232265945108422
0.009532566811291256
0.015825135724721724
0.01904501464567774
0.018905179731733942
0.017243125448984313
0.01293639065827189
0.00856257389124009
0.004249461287350682
-0.0022831260753836775
-0.010525019812984038
-0.014938520695541255
-0.015296908120988108
-0.013903112835603635
-0.009286776456372159
-0.005282778210753198
-0.0020833391521928664
0.003499408617379395
0.010675017189080366
0.013933909349998018
0.013144262936215761
0.010391708390325542
0.0042326459563124036
-0.001295288391900884
-0.006020380779540852
-0.013207536000911315
-0.022027779685484215
-0.02625881135426809
-0.025696044586307046
-0.02272896042602029
-0.015701876154633556
-0.009088260118540036
-0.00306568362868903
0.006047206106633355
0.017348361882621302
0.024051333645766344
0.02596843264372128
0.025726886911356925
0.021543384541423072
0.018357025295366435
0.016388038783259663
0.011628458289307812
0.005095889882106105
0.0006588376971547645
-0.0018191808095406258
-0.0035076745409810396
-0.0034720270891634014
-0.005040963013993266
-0.008358671130866684
-0.01099341423805506
-0.013668624160280491
-0.014873841767021929
-0.014190148164958753
-0.012833867924812576
-0.010300514406789831
-0.006836173568963624
-0.0025006451430179565
0.0033037810640128016
0.010558643875902381
0.014620400277814007
0.015165602111299031
0.014416345654066798
0.0111124251147439
0.00812476164162507
0.005639069026630174
0.0011282137276832855
-0.004814007440024312
-0.008366732993797522
-0.009498927176311055
-0.009639568839104681
-0.007818078238136999
-0.006917034736071172
-0.007079330236091596
-0.006045880787601995
-0.004430246913535444
-0.003194638410255591
-0.0021603988730367106
-0.001286853884956621
-0.000766273364035061
0.0005489185357246786
0.002686822589049533
0.004930940708525688
0.007536870256236556
0.008801081819863457
0.008494150421824298
0.007608377409495461
0.005648569627322293
0.0034187558936162547
0.0009872916883181043
-0.0024897649357006465
-0.006857356341048535
-0.009220507177960028
-0.009426578904464805
-0.008757618652238815
-0.006438679795594563
-0.004375751275858043
-0.0026759364306185684
0.0002836925865476253
0.004109670559002419
0.006487093588741777
0.007403965590810971
0.007701520900127162
0.006791532248964567
0.006447642604625126
0.006752542735829363
0.006322438800253002
0.005532922043046711
0.004858291851401417
0.0041769044473626065
0.0035164611997711777
0.002960865875179116
0.0018697897714558343
0.00022735711914826759
-0.0015903208291155192
-0.0037294882372891592
-0.005510890186314651
-0.00684316035592521
-0.008160681677830356
-0.009272092923736435
-0.01048310282141989
-0.01183378262993561
-0.013006981003971081
-0.014069927684182984
-0.013878840959905102
-0.012267140677268798
-0.009809042265255004
-0.006150636927868894
-0.0018660856970049223
0.003033818117636456
0.009171449244541588
0.016459806347289975
0.020634667989693923
0.021381717942889133
0.02068023215480604
0.017353555373961962
0.014064373629617323
0.010956870188829366
0.0056641139077627245
-0.0012819104003782822
-0.005566039045528342
-0.007098546350009104
-0.007595190615132799
-0.005945513144698377
-0.005301731165417121
-0.005832522640660478
-0.00502259082374459
-0.003543092973556631
-0.0028329787530591483
-0.0027247707671426424
-0.0029894794367800698
-0.003942854110526901
-0.004097147977178034
-0.003407317845659519
-0.0028652908213401616
-0.0021443390613129945
-0.001447914834406605
-0.0008870132241789742
-0.0001248776177021926
0.0007677639373113629
0.0016618289606111058
0.0025931259943958924
0.0035678893772854068
0.004567692087371041
0.005000423824454653
0.004798025653537481
0.004223808017590669
0.003098983605740645
0.001779063379201638
0.0002694621660687493
-0.0017755767428502941
-0.004296974051522804
