0.0035937560855131916
0.004367199642220822
0.005141577107729333
0.005911865586899692
0.006739996514594725
0.007608738731268889
0.008284595697750433
0.008750861064837585
0.009104782299102988
0.009280497656000251
0.009427047696556543
0.0095487425791251
0.009511361059163281
0.009342357090966725
0.009187278733379408
0.009039282967236016
0.00884360213103979
0.008632819491585775
0.008281088759709402
0.007778349698250229
0.007211604260449861
0.006550239321572956
0.005976404449513312
0.005515350655228853
0.005057373185717991
0.004655309084543742
0.004221587681636093
0.003747693442849084
0.003324114176096039
0.002933153554415039
0.0024083905643336534
0.0017476138641052208
0.0010195461063474739
0.00018246550531303093
-0.0006429274490681735
-0.0014488130240016691
-0.002329939786514229
-0.0032596347968372854
-0.004062025080090673
-0.004730034884817912
-0.005327298388072381
-0.005805729280874592
-0.006289351608077141
-0.00678104502469419
-0.007175627691667853
-0.007496521418282434
-0.007836182390545345
-0.008188089685683998
-0.008521503555952149
-0.008856573949804996
-0.00910765471851255
-0.009268492657078268
-0.009396558179619818
-0.00947108338248803
-0.009647188343352996
-0.009944841516013509
-0.010274761770592337
-0.010681740313248507
-0.01108800763360537
-0.011486958875758652
-0.01195720782594152
-0.012483307092892694
-0.012931320457217826
-0.013300417360154174
-0.013645391001493213
-0.013933096406532636
-0.014262779385260086
-0.014641095971622655
-0.014991406581707292
-0.01533595588909982
-0.015546968955034482
-0.015602771316917237
-0.015578930544375112
-0.015436015562233944
-0.015228736064303234
-0.014960452025806377
-0.014567194938033112
-0.014057841848736832
-0.013551738898368927
-0.013048429767239685
-0.01249389947142552
-0.01191624095064064
-0.011225662776321265
-0.010413760002139219
-0.009546861999547046
-0.008603087172906611
-0.007640823925094907
-0.006671836842615198
-0.0056516293030160515
-0.0045977160729744355
-0.0034896184863542484
-0.002323267285819147
-0.0011241543954554822
0.00011236050116202296
0.001457307962478327
0.0029136764945717182
0.004450738170394716
0.006087188812482982
0.007776116934882334
0.009514867766165383
0.011342927782306205
0.01325053757421184
0.014824953015838627
0.0160290867616966
0.017049776879046925
0.017768781913613974
0.018433043765651858
0.019051289577079442
0.01939258909293993
0.01950203592068657
0.019662502242533856
0.019864394026239927
0.01999611693936684
0.02012219917565619
0.020007347767561443
0.01963237640655413
0.019163371549509037
0.018543399365930496
0.01806701758466862
0.017777818012097223
0.017492945259960244
0.017298513428296844
0.01705851682315679
0.016758741126594125
0.01654340984549006
0.01638504086393457
0.016003804230753243
0.015395057466142163
0.014675853315784472
0.013775770068634884
0.01289546826776425
0.012048085676641812
0.011075109782852042
0.010020810678215787
0.009087033281589092
0.008275906741908551
0.007523761863183127
0.006883960855154342
0.006201731872238627
0.00547380198753621
0.004824810615898093
0.004224725143850694
0.003585271608465916
0.002915075395901423
0.002238042650540845
0.0015353902764525845
0.0008954039115733998
0.00032356637937958174
-0.00023783424605001128
-0.0007676904207047287
-0.0014601419438782055
-0.0023390831577418977
-0.0032967856829679205
-0.004389319581788116
-0.005517027363114932
-0.006672485706754048
-0.007955541883888754
-0.009346841396795346
-0.010686130635069194
-0.0119735651424565
-0.013274612558076198
-0.014550221098256303
-0.01592155425850292
-0.01739719729900449
-0.01888521468153222
-0.020413258303034754
-0.021565539020157818
-0.022289615186195107
-0.022800050529199166
-0.02297356645348111
-0.02302683798385683
-0.022969681276194948
-0.022580593443967036
-0.021897530874614216
-0.021252920131147376
-0.020640893986620244
-0.0199200860221481
-0.01916766882446763
-0.018121333247870876
-0.01675813703634331
-0.015267726724713623
-0.013586448660223412
-0.01196349271499705
-0.01044038975320304
-0.00885043391529662
-0.007267180695258242
-0.0055851904237692995
-0.0037906713435704184
-0.0020011241357645675
-0.00019456033387980145
0.0018885354287361262
0.004255064018532685
0.006794877226184815
0.009574439757047918
0.012413457029215456
0.015300673001094516
0.018381960991087926
0.021618358568836586
0.024145665537743843
0.025893140960028604
0.027238668389839352
0.02793639415439624
0.028518303127455544
0.029001766061870937
0.028897662354507567
0.028303590923435408
0.02778852338141621
0.027330174271428687
0.02670845388153792
0.026052217976003243
0.024880669050515156
0.02315499647954735
0.02121177365848463
0.01893446008569957
0.01696320879154685
0.01539014757552661
0.013823199208013871
0.012448902888175803
0.010966384433220492
0.009345231786820752
0.007900920953086915
0.006572694122151145
0.004762855262149527
0.0024623967875313383
-7.997883559813536e-05
-0.0030143989402066913
-0.005910055814399293
-0.008738823102181782
-0.011839991578992943
-0.015118406439057513
-0.01772725677842144
-0.01961906629933413
-0.021123527574521638
-0.02200539208928048
-0.02283303815260887
-0.023621172278368924
-0.023873335996370385
-0.023695558189166032
-0.02357413842541787
-0.023480907023903742
-0.02324249853319859
-0.022966400954444195
-0.02221831438305383
-0.02096487400159448
-0.019502018624554716
-0.01772420170144246
-0.01633278924523091
-0.015421322952254892
-0.014576961594348566
-0.01400260386993891
-0.013353446292089703
-0.01259812130692974
-0.012088638512919579
-0.01175587563156442
-0.010977217811043225
-0.009746534324099427
-0.00831958893967036
-0.006541241560053466
-0.004867848370987558
-0.003329421219536614
-0.0015705416901929592
0.0003072783210827521
0.0018296146320991033
0.002988136472890844
0.0039331463814855855
0.004537506669525947
0.005159287309549924
0.005804646192768984
0.006180812526003828
0.0063558376105731845
0.006542543058524907
0.006719738941658386
0.0068255849533734175
0.006904507399802644
0.006743791136456947
0.006328543360344345
0.005796197454284445
0.005094732718416972
0.004681596626204252
0.004612103156166428
0.0046296429888204324
0.00486537909258296
0.005082734127073738
0.005262668519162503
0.005639610227763006
0.006166448239896975
0.006461459959762707
0.006523421563385381
0.006506394184008105
0.006316207403360138
0.006238610335051184
0.006292501189177966
0.00625835500892774
0.006200242091771593
0.006136210799125583
0.006043901163011301
0.005960635850863179
0.005885517967822083
0.005755607815940088
0.005573364624679547
0.005368245893179718
0.005126975644141721
0.004915716251543186
0.004742089068007632
0.004564628694529036
0.004401377171693268
0.004222466711012703
0.0040238227232243275
0.0038355781674165425
0.0036509557900658214
0.0033714091506015526
0.002991201384358469
0.0025521355957552117
0.0020272654845688238
0.001480227331592872
0.0009136746667865545
0.00027193855740243036
-0.0004325722599563889
-0.0011436129380584799
-0.0018638231792829341
-0.0026126644448427614
-0.0033772847160889355
-0.004206462759917253
-0.00510347446569964
-0.006034093186046345
-0.0070097670035524605
-0.007778824484958307
-0.008312431992993113
-0.008737080158476358
-0.008979217597928638
-0.009175551018013215
-0.009332387116653336
-0.00931434194955921
-0.009146072210786544
-0.009020730974154548
-0.008934545335652733
-0.008807517547230827
-0.008684620633931772
-0.008412178680438082
-0.007977391438632618
-0.007491425825111613
-0.006917350499830541
-0.0064091119129005706
-0.005992112520795395
-0.005565506928556405
-0.005174922207778353
-0.0047546496781672555
-0.004296806110194104
-0.003874712797575737
-0.0034750728386421775
-0.002941429681615723
-0.002270316616056961
-0.0015285227761569987
-0.0006764111296205097
0.00017597667344069825
0.0010213295810412766
0.0019475433468708976
0.002930426193577728
0.0037384949869454687
0.004358464599727209
0.004881923249209459
0.005244622956640368
0.005600943717938365
0.0059552342959696926
0.006172462424285964
0.006281593796912103
0.006417150492469098
0.006571790859502287
0.00669751773199907
0.006824301044230661
0.006833012869085442
0.006714671811577743
0.006551017511556495
0.006313276354602188
0.006188991335176369
0.006203590060013857
0.006246406928627973
0.006371879545156738
0.006488642193773949
0.0065884399425916295
0.006765257362844404
0.007000914906773779
0.007128300442362072
0.0071458495463712305
0.007122596613166602
0.007017004654327169
0.006951632604366043
0.006934714159820301
0.0068710074616701545
0.006787901003534308
0.0066837840306459475
0.006547752292242287
0.006399951695466651
0.006237044512102208
0.006036947436663108
0.0058006378587692935
0.0055354230268780434
0.00523625942213406
0.004938768540463494
0.004645836833886907
0.004336273046829978
0.004019310384652614
0.0036759289770048383
0.0033036207224561177
0.0029193667278985596
0.002518569607594807
0.0020671997631671493
0.001563784262425924
0.0010209024567300682
0.00042924430110759563
-0.00018814969595059848
-0.0008307540515992787
-0.0015184617317821922
-0.002246980624506694
-0.0030003363676424995
-0.00377999725165977
-0.004591230944370638
-0.005430735061957135
-0.00631392265683294
-0.007242043121543925
-0.008205141159507568
-0.009207079707114254
-0.009984301487206516
-0.010509143985254675
-0.010908034261521673
-0.011104396623943824
-0.011247349793110354
-0.01134278921631635
-0.01124629133920644
-0.010984693219261266
-0.010751149069112408
-0.010540572978642686
-0.010274106553103696
-0.00999619185882054
-0.009549995442843963
-0.008922348682194391
-0.008225203582863843
-0.0074205886620220185
-0.006683036330782924
-0.006039678218581344
-0.005378902508864948
-0.00475194563598967
-0.004080918605581859
-0.003356940680853358
-0.0026642331839111027
-0.001986890843305942
-0.0011529277940018987
-0.00015880536981972924
0.0009230587781044975
0.0021362429830547405
0.003358966089372174
0.004583379720029004
0.005906583506122221
0.0073019121898474275
0.008408939699120025
0.009202257048622294
0.00983209230891095
0.010197006119534842
0.010527621993051958
0.010830829665794907
0.010899524929504944
0.010776397657208149
0.010685579432650234
0.010616663332393248
0.01048577177093852
0.010343221109483028
0.009995402022202308
0.009427056963097025
0.008772325543361544
0.007984274628897323
0.00734306956853957
0.0068877365781874235
0.006449798183898943
0.006110664100848573
0.005735996381840138
0.0053128956792696
0.004980607905755805
0.004712140358623824
0.004251878386596212
0.0035966142568170808
0.0028521872976355264
0.0019546604737480737
0.0010897463731609327
0.00026966056337106867
-0.000651035638834091
-0.0016311505167853474
-0.0024527267468562614
-0.0031101045391055734
-0.0036763305501621795
-0.004092612447746549
-0.004519314431712013
-0.004959658256064111
-0.005280856420159213
-0.005513393843182738
-0.005761507076058178
-0.006016181939974017
-0.006245413471556237
-0.006471431472280444
-0.006593436789418072
-0.006604332824631861
-0.006570400315146363
-0.006467138890106961
-0.0064967891865770665
-0.006684475672185195
-0.006915716862699192
-0.007248707416241625
-0.007580207754640305
-0.00790179832525902
-0.008316704715500629
-0.00880444409135591
-0.009194165619680181
-0.009485193115250413
-0.009746949082122078
-0.009937287534710793
-0.010183720402800439
-0.010494793686106032
-0.010772476616470667
-0.011045411205135707
-0.011210064489392168
-0.011244987556950824
-0.011219060877708924
-0.011099393562150905
-0.010921806163507396
-0.010689577522690496
-0.010354127918449557
-0.009920870113687507
-0.009499556955214424
-0.009091085321331653
-0.008644119846471662
-0.008184948525924064
-0.007634260724478714
-0.006984515391194728
-0.00629571435889237
-0.0055486767395332825
-0.0047763801977030555
-0.003987777432382508
-0.003152601044390328
-0.0022812172613087683
-0.001366792535106203
-0.0004064503733220673
0.0005873729851668903
0.0016164795899654538
0.0027308841695762066
0.00393340360855812
0.005201506961693118
0.006548605448787227
0.007943372022772047
0.00938403534717102
0.010897891338674
0.012478561659977423
