-0.22103234872062044
0.7488913572948339
0.6079442458973918
-0.5198883411293648
-0.7979015537549252
-0.49115325168665164
-0.1292786049716284
0.6033664973147747
0.7493340799883016
0.2292147951738135
-0.16834600141683895
-0.6617315610429627
-0.4417597086743524
0.6680565737022702
0.5519476499163996
-0.6900889621314082
-0.5339177051368424
0.7514532242765443
0.6154896985094668
-0.6445485907831822
-0.6042048746342366
0.4272110627775717
0.4789671113255808
-0.13389176801375963
-0.25689824711192755
-0.1590233865582588
-0.0030709125335787457
0.3793904733894855
0.16597689850200878
-0.6899763782264356
-0.5551756206586387
0.4887576385221487
0.6473258270040086
0.14564404642848747
-0.16232081687162053
-0.5678117823826394
-0.24536696320182913
0.9739682481290343
0.7627290140490748
-0.8039544956137517
-0.9430546817078949
0.02910889570523724
0.32485372228880555
0.3645139801294128
0.19118084879919262
-0.46739635712645144
-0.3953359035285474
0.40867381393336466
0.46132384775975394
-0.0604994078584047
-0.1279009822890117
0.049551898547983544
-0.08538736143183985
-0.41261600731272147
-0.22969523649960574
0.43809760064717795
0.3892476961262266
-0.3116109555236093
-0.39945396341748607
-0.04567813902805383
0.30103690375232794
0.8548650023453849
0.4819841487337875
-0.9460057782091312
-0.9925050162362236
0.21160644120362435
0.43508706562402194
0.05176016590449527
0.07953771424786223
0.20398959571356992
0.06178767698373504
-0.260835934800387
-0.2511985055901278
0.07618927491756894
0.12982722804779695
-0.011549664545578348
0.02037470973085481
0.14169427534276746
0.09592141707401877
-0.08417771506450644
-0.17513669353038838
-0.2111310224534347
-0.08438127345311838
0.2609572253714464
0.25318543157364076
-0.10600699996159296
-0.16844664167620169
-0.02437969618210486
0.07260330797069933
0.2269725129113342
0.14917406841957148
-0.20635664942600976
-0.28529519613622584
-0.1330535317296708
-0.01484935778941364
0.16964067555772275
0.23207313748835254
0.13373431052675458
-0.0005944120607665809
-0.22840859804218688
-0.20869014280711629
0.09412056028050124
0.1475659548685828
0.010211276114411515
-0.007443990273924259
0.012118052424114767
0.04585859875077472
0.13422618335965034
-0.05234305119372653
-0.5349644632590133
-0.3232917652744423
0.5819104541137549
0.5536605340555818
-0.29889124206362916
-0.3698109126071941
0.11166811194566811
0.17278538454948908
0.03853735644494111
0.01579695318953975
-0.019159135654559185
-0.09650273288397644
-0.1934029881926101
-0.07273903601156327
0.28875592919912
0.23102276733843646
-0.23299111107036524
-0.2106478340899785
0.21308575743637254
0.1337128197830766
-0.33913657350817983
-0.26396378571534085
0.26083387959091303
0.34914070437581485
0.12298328322167373
0.019980029064714064
-0.09851892620538896
-0.19611268398095166
-0.2196628042297067
-0.01104791081511766
0.4801553840217419
0.1837484971931391
-0.9348329331222105
-0.7302554142045417
0.7004670321354671
0.9183992229479009
0.21784882046011186
-0.16359104112616452
-0.6198378954341042
-0.38179145283533905
0.7660231983586249
0.7371421159851977
-0.36251162180966573
-0.7404338333137245
-0.7275404834836781
-0.2241838286580212
1.0992526582456141
0.9149483150448612
-0.8159592361863811
-0.8232624066281146
0.5691422661790884
0.6057475343892058
-0.26552843687746297
-0.25924522873228983
0.27536987947431446
0.10532980529020884
-0.573613794714863
-0.32368585135003386
0.752541923262728
0.5347558305493275
-0.8411521853825585
-0.6988033127607822
0.7148242430530866
0.6823345414716898
-0.4592324054331711
-0.5408821714208061
0.07863772642798969
0.3100815006823197
0.4611434050699655
0.16755359272025994
-0.754986910658981
-0.5518898702159482
0.7642258150346974
0.6091002826139448
-0.8063678179077135
-0.6224784202406883
0.8493303041159421
0.7016542346535768
-0.7298729961850858
-0.6108737188347072
0.7112841359354427
0.7310419968710655
-0.19646694354529887
-0.6227770253223299
-0.9156294044171552
-0.3780530937171254
1.2749290653890781
1.0500946374190048
-1.0193730107978656
-1.0498378326727698
0.550179525306873
0.7676542993504064
0.1512592940207328
-0.1370186564566642
-0.5293031525263879
-0.3283488628574722
0.642608260105671
0.5307132823086752
-0.5780727943318631
-0.5601838420774695
0.3399574661875623
0.3640131619404789
-0.20829291708903067
-0.22564740330363103
0.0851205759612912
0.08286784049923285
-0.09168577138844698
0.03085547872533576
0.3886385804616922
0.2896057273340287
-0.23450528457435288
-0.4337115322925695
-0.4098454455234176
-0.08658654662113315
0.6978492802338904
0.524142353192369
-0.6447876339214489
-0.5839770114240201
0.5234336639474062
0.506253647864856
-0.3405315883695496
-0.3874721828042553
0.08343882711259605
0.14981004158928882
0.02688210101418755
-0.09199721079276357
-0.33608714769389647
0.06973230400899053
1.1957052498110556
0.8169301890554939
-1.0438850451470336
-1.313112529598145
-0.28280561759019274
0.24822441780016685
0.7921764544644582
0.6709993395478425
-0.4114003879206595
-0.49747222232342686
0.27861376238143
0.2038409743601534
-0.4387020704436336
-0.32835406429487846
0.34520103444122907
0.3688844516123095
-0.10657229601434437
-0.2332526396885014
-0.1871917977570961
0.05817421730045185
0.6501548825150356
0.41749226631621694
-0.6769976824381834
-0.6649159478026655
0.3131030533657464
0.41915536836427175
-0.065256737075574
-0.201889092519169
-0.256050780018595
-0.1613986692651509
0.21392904092350093
0.39464698691294475
0.4134590979305035
0.20915683935154922
-0.33327173546783423
-0.5313659274102649
-0.39615316954509533
-0.027956222597267447
0.7429095785241953
0.4378805722868873
-1.027128653326895
-0.9216771593390124
0.5800470032610413
0.9832338538637942
0.6944073088746034
0.11908953912787947
-1.1775187081711918
-0.9186778295458984
1.014524598525841
1.016442343891107
-0.5970787522780021
-0.7922186757983447
-0.08332722844669431
0.17906764421615703
0.4288331799759263
0.2598754540478381
-0.5249577909534605
-0.47338885064827374
0.35757792122785764
0.45095276168654086
0.016714996568068935
-0.15642650440589667
-0.2960256275299218
-0.10335825255902888
0.5536198546433168
0.4238889836748224
-0.47261605526250083
-0.4962710820547932
0.18793081344990836
0.32564745537428624
0.15488416038631495
-0.12359813687025517
-0.7131205366296021
-0.4744563678092702
0.6610049125652644
0.742103740347028
-0.08239627075213496
-0.34434219612909517
-0.3523736284100658
-0.041509408409700216
0.8379174332162247
0.5967920779346377
-0.792310203473491
-0.8865533669729501
0.08715641496633846
0.29955276628716176
0.11746362226968833
0.16791923729174357
0.2006972263084209
0.03909879081580894
-0.2848702809453414
-0.22389482142655087
0.23549922010388863
0.261762824108301
-0.06788885577237033
-0.23332675590569463
-0.36980034367112063
-0.1915206862858928
0.4033622311342394
0.4801169423672088
0.07462816429128874
-0.08175726321785881
-0.1510216257392596
-0.2299021636053543
-0.21377434559950137
-0.023268507907305898
0.37484703445612155
0.28994999458056814
-0.30299866370574075
-0.26856493617447125
0.30348900671292584
0.20111987082082208
-0.4340193189824693
-0.3140545444678312
0.429973794578716
0.4196882355873121
-0.19345838949430422
-0.21014421217734977
0.18647001785118505
0.03906711198736551
-0.5116946272022095
-0.330960030906753
0.5011270224892281
0.5364884177168214
-0.09457301200081208
-0.22425167446589356
-0.06824107677559293
-0.06137670976600952
-0.037595595471694616
-0.0013954955572480832
0.00947616555023538
0.05341187761853415
0.12126969747871262
0.02412687379300013
-0.2480201884170037
-0.12484067280362675
0.3932071966891907
0.28038950726278383
-0.4094834901012848
-0.35114844741536483
0.3345147806968347
0.32358272032902297
-0.21463613879810586
-0.2622112314298508
0.004964037412156706
0.06829582306583498
0.06764407454870637
0.08350498295249154
0.050252096372638715
0.014162279960302412
-0.028398344471628298
-0.08472084056389638
-0.14765547590459774
-0.06133851252954916
0.19213704514501723
0.17937864258474173
-0.08992514611060426
-0.14408245911634915
-0.049860565340127935
-0.008312132809722855
0.0546549116548427
-0.03779062533503326
-0.3211069989412899
0.007943763391846744
0.965582586961951
0.6206649374209147
-0.9924671496118301
-0.9454048272014935
0.5414692253653235
0.7099704246583594
-0.025808889906951234
-0.3644312336446971
-0.7202249863636188
-0.3739223132116643
0.8966148689123261
0.8527876412260509
-0.4262688080089804
-0.5066067009169103
0.28920154979081136
0.1890427628603196
-0.48652735943728087
-0.30421341329951246
0.5540059766802377
0.41212890938569563
-0.5890239809142893
-0.5022652624226593
0.47426244455865857
0.5175692992884798
-0.119872736229622
-0.1797642872614322
0.09051391920283028
-0.03765441021506366
-0.4154932547486733
-0.18803787246358863
0.6016384446189426
0.4534584216518706
-0.5646866276580731
-0.4366489296713174
0.6607110256545928
0.4317802732790006
-0.8914742683286616
-0.6733209706088306
0.8372428042855953
0.7156008324178554
-0.7306796042562942
-0.7641234468399216
0.2399601148481576
0.6218448148949886
0.779295748316777
0.3154819222365419
-1.0667927610894377
-0.9485556015221756
0.6565738294570007
0.7563554178086148
-0.2995539296541354
-0.403248601212905
0.02100777430428586
0.1262289802295912
0.19110999197204476
0.0698664071024493
-0.35085386201067376
-0.25417037772184925
0.35124429110667066
0.3223838573852818
-0.2392361834490024
-0.2816802411575263
0.03994529907388191
0.16557679261503908
0.24908909460671053
0.07359556802239137
-0.45983296993525813
-0.3048677467273332
0.5359593302110568
0.3892576279846791
-0.6294706505256085
-0.4186808669583774
0.8339202806345388
0.6479125677073202
-0.7437814912190523
-0.7554984488506018
0.3067748741814324
0.4247037012714271
-0.04737471256467858
-0.05932602668066694
0.11833834098386427
0.11396325700182454
0.04612159963038925
-0.2030596499587274
-0.6948676334882747
-0.41212500569334587
0.687276960985034
0.8410718894930405
0.17462159527167231
-0.1112757765261646
-0.31431593436880445
-0.4401494086395477
-0.3162702436398107
-0.009776752458907795
0.5555300352973739
0.44541612798837055
-0.40372336550586446
-0.432643012030572
0.22410923915309455
0.24943712839584972
-0.13415752843278478
-0.20748077299274653
-0.14554959779521742
0.10100554388643729
0.6495867088735071
0.37703188301544116
-0.7595004213521244
-0.6347914253348572
0.635566007164111
0.6636141480092872
-0.26771594335535925
-0.5308360624023556
-0.47255287270305085
-0.15001802982149323
0.7030270334952944
0.648387065738049
-0.34211510162477665
-0.412034528710137
0.2221405938573787
0.12917445801750954
-0.44184878210957
-0.31519946406117266
0.3604458265737451
0.4057169190483276
-0.04404878958220459
-0.15411348934075883
-0.09929913913138114
0.037247261887748045
0.3878265620874228
0.35429711953853793
-0.08083727368313216
-0.5308998612932402
-1.127901800336279
-0.5829895130980145
1.2689593405739086
1.3456216048485956
-0.2203417553302965
-0.5795341057049427
-0.22072360090910031
-0.17411782504803214
-0.0184891336381914
0.08209391499216791
0.03928435336790104
0.10812377347097167
0.23779344990169765
0.11689080833078307
-0.2480856310823728
-0.2945789293480877
-0.05073734987453854
