-0.001361828838780873
-0.001361741182263153
-0.0013643841445673606
-0.0013704457276869934
-0.0013718160781776836
-0.0013708004173869494
-0.0013626129604885511
-0.0013458307681661421
-0.0013243089120688035
-0.001296395152226357
-0.0012628469833860657
-0.0012238168485613238
-0.0011773422809613322
-0.0011234448766637905
-0.0010684668199342185
-0.0010125293165911453
-0.0009524455935833665
-0.0008897382286194376
-0.0008200277530771013
-0.0007428426933611172
-0.0006615411863379935
-0.000575040559753653
-0.00048366543850774193
-0.00038775281323786653
-0.0002862999482496955
-0.00017943715802709684
-6.761586809326091e-05
4.930913484988981e-05
0.0001714780871766555
0.000298855517935605
0.0004332541032174424
0.0005748862433584217
0.0007229110733537509
0.0008778704313895417
0.0010388648430368615
0.0012058844620696158
0.0013798891043823676
0.0015607443598825192
0.001706926715583774
0.001814354437500547
0.0019024153519579712
0.0019591138246268474
0.0020085540563425553
0.0020516307122997158
0.0020653601546446994
0.002054102003554482
0.002047401102133229
0.0020443738131067607
0.0020331216226834735
0.0020204106591937515
0.0019819808141112605
0.001915812922608566
0.0018391248173654448
0.0017460377294910609
0.0016651446826510222
0.0016007767175714497
0.0015349069256467784
0.0014759065569051116
0.0014107799448644293
0.0013381022623622629
0.0012717703661248598
0.0012091387885005132
0.0011225222485807473
0.001011398059841324
0.0008873750719960086
0.0007434561645190365
0.0005993549950942764
0.00045634500313852057
0.0002987665538018671
0.00013094651625445978
-7.349142434463502e-06
-0.00011389713217735715
-0.00020431159069325152
-0.00026756893602025
-0.00033034014204581823
-0.00039336454971277524
-0.0004333845180231352
-0.0004554081757284116
-0.00048240986617082
-0.0005131154392740922
-0.0005393693369612489
-0.0005662854925361546
-0.0005734605431210023
-0.0005593628198384435
-0.000537976324656031
-0.0005043741847577072
-0.0004912481834485285
-0.0005030087245654074
-0.0005204354826428244
-0.0005530165853443627
-0.0005847749877758236
-0.000614284593512949
-0.000657956425774465
-0.0007126174777957926
-0.0007492543649733097
-0.0007676125813967986
-0.0007796730247951017
-0.0007782327097181431
-0.0007846073097171523
-0.000800234533925416
-0.0008085735975238053
-0.0008143946328677172
-0.000818127614393159
-0.0008179599140286269
-0.0008170754568973357
-0.0008151083031950523
-0.0008078288054770792
-0.0007954033518661417
-0.0007794999843484221
-0.0007591810483898874
-0.0007401383054883485
-0.000722898774183331
-0.0007039983498051911
-0.0006849357899399649
-0.0006628332825360465
-0.0006373011469492166
-0.0006110053780358949
-0.0005832591820453573
-0.000547654721197083
-0.0005038712399979106
-0.0004544222274768266
-0.0003975529636146366
-0.0003375099776388157
-0.0002744204670889588
-0.0002045919381824294
-0.00012882829596328076
-5.040325000234643e-05
3.091850112523479e-05
0.00011624519803666242
0.00020486908773696848
0.0002998050190973935
0.00040128160642672277
0.0005072823372582754
0.0006185438534677491
0.0007067250241835259
0.0007687731956118483
0.0008185345239389009
0.0008477707111943613
0.0008723206138120849
0.0008928626602123229
0.0008939745599378887
0.0008785233696566954
0.0008676394027650352
0.0008608344350387759
0.0008494624128031772
0.0008384188472677107
0.0008106998285456108
0.0007648974783513447
0.0007132358504636737
0.000651621819338255
0.0005983195688737365
0.0005562415767741778
0.0005136376166627364
0.00047589842190542107
0.00043501826882208483
0.0003900828986559569
0.00034987484789811827
0.0003127771680516104
0.00026063329236720144
0.00019307565266701992
0.0001178093600949847
3.024630537507962e-05
-5.6759235054829763e-05
-0.00014235471183618508
-0.00023676617841739272
-0.0003371623831685985
-0.00041758815776858925
-0.00047658874028066024
-0.0005243440512167005
-0.0005536554527403484
-0.0005819159936174561
-0.0006096012909442037
-0.0006215318145467182
-0.000620968080120436
-0.0006228599526880313
-0.000626366270023888
-0.0006261745132303239
-0.0006256050552773048
-0.0006113584282253227
-0.0005824293103963267
-0.0005479165048167811
-0.0005046023021786195
-0.0004737064581499423
-0.0004580860995705886
-0.0004452440863593048
-0.0004413327054976681
-0.00043597427823325837
-0.0004282325047960193
-0.000428751641694602
-0.0004354629390099178
-0.00042950906394823257
-0.0004107142770932862
-0.0003868533840148017
-0.00035323734268220873
-0.0003237014242262932
-0.0002991699778056922
-0.0002688889849951983
-0.00023594706006004496
-0.0002083095179205831
-0.00018558126488801906
-0.0001662235827021486
-0.00015223097660006557
-0.00013644355005136576
-0.00011881170927791214
-0.00010466614396302521
-9.260897567366215e-05
-8.081206430030985e-05
-6.978421269896026e-05
-5.95252963268532e-05
-4.974796314811082e-05
-4.311668963743374e-05
-3.9765217992753334e-05
-3.82156051580392e-05
-3.9126796601003095e-05
-3.3061401465384876e-05
-1.9015074576074706e-05
-1.967639716551461e-06
2.076023215332717e-05
4.400784741372824e-05
6.742030485717192e-05
9.595301913179022e-05
0.00012858810636504013
0.0001580569905801449
0.00018440580874036974
0.00021050081062522913
0.00023457596737538766
0.0002622334525817914
0.000293849462001674
0.0003252030644872956
0.00035756584134455306
0.0003849001730241529
0.00040614216319952466
0.0004250412500524042
0.0004397401127443828
0.00045270897160214343
0.00046414645960024114
0.0004711080191079125
0.0004740118908225322
0.000478726494882201
0.00048527690840385814
0.0004910207691941783
0.0004973671099215318
0.0005000013359339995
0.000498542306222496
0.0004962468522788355
0.0004920863833286936
0.0004884309345796799
0.00048583459354152044
0.00048240291319526685
0.0004788749472765828
0.00047457221472187465
0.0004693400348435554
0.00046417570658754595
0.0004589371867822775
0.00045055176099822764
0.00043889500010163617
0.00042535226584843093
0.0004091260357041918
0.0003922419624770128
0.0003748368926109969
0.0003552260044064504
0.0003338459111226028
0.00031523532332231453
0.0002996437379538878
0.00028523657264418887
0.00027326154860459216
0.0002606859474142105
0.00024740566800384437
0.00023604982328583006
0.0002260356632395416
0.00021470982641060864
0.00020220013332220485
0.00018943203484847674
0.00017580199012670407
0.0001636272916097937
0.00015306792901241783
0.0001425064968292498
0.0001324905436989972
0.0001194662530528235
0.00010293340681011954
8.498015342874779e-05
6.456364329430698e-05
4.3379749336259695e-05
2.1571465948844454e-05
-2.6431431948124875e-06
-2.8937820578828967e-05
-5.415228035132744e-05
-7.826882909852581e-05
-0.00010261607848504292
-0.00012641848122645834
-0.00015201281660749748
-0.000179569467084088
-0.00020729522173172483
-0.0002357230189313742
-0.00026277388442530307
-0.00028804219838679063
-0.00031288736658622896
-0.00033665884977865287
-0.00036013126138338534
-0.00038337628435408194
-0.0004054052278981769
-0.00042634474432710787
-0.00044836346357299506
-0.0004714825768038104
-0.0004947074445360041
-0.0005185624103706078
-0.0005414818374151444
-0.0005633253670261463
-0.0005852869142824861
-0.0006069939095674182
-0.0006292310951683053
-0.0006521954748014685
-0.0006752368788968407
-0.0006986039089839349
-0.0007220977417567715
-0.000745666234236308
-0.0007696312837985076
-0.0007939519039041564
-0.0008175597498704
-0.0008404094488364728
-0.0008629890680265968
-0.0008850211596861402
-0.000907204301029912
-0.0009295870906564493
-0.0009515867312056104
-0.000973354304621346
-0.0009858905187894115
-0.0009881938538821079
-0.0009845701017747296
-0.0009723717937822641
-0.0009565974762716843
-0.0009374144367252133
-0.000909885265860304
-0.0008748786436731497
-0.0008390550802794487
-0.0008022171781972058
-0.0007615802557936041
-0.0007186548999662268
-0.0006680007761866606
-0.0006091286011296809
-0.0005458756107005543
-0.00047689991530831436
-0.00040821525445869
-0.00034073004844419676
-0.00027055085611574453
-0.0001994215646006415
-0.00012461023220507463
-4.5779012950047884e-05
3.4183807455236836e-05
0.00011586035205292995
0.00020524154184938448
0.00030248073199777987
0.00040509906591266055
0.0005146374962707749
0.0006269059524679649
0.0007416631518924396
0.0008623050570748833
0.0009879381907081427
0.001090072832763424
0.0011662091824708593
0.0012290764048199106
0.0012705198387038502
0.0013077333076347507
0.0013412942619453493
0.0013551889338269825
0.001352550141755903
0.0013526654097017518
0.001354837711452749
0.0013514834072334736
0.001346983166202187
0.0013251934142721915
0.0012847898497237856
0.0012371175615791927
0.0011782584615831124
0.00112892474282858
0.001092137777752906
0.0010550949119997966
0.0010238359518900128
0.0009887091449620603
0.000948710547316273
0.0009140046692303353
0.0008826334192311475
0.0008350342793857528
0.0007708842432782867
0.0006983338893758423
0.0006124559831225518
0.0005272897131665638
0.000443743287621529
0.0003507210452858076
0.00025131351885068315
0.0001675676148972712
0.00010044211930576282
4.1767760582170374e-05
-2.4179964758484513e-06
-4.74903598621855e-05
-9.383785710701738e-05
-0.00012835837604842433
-0.0001539635287066519
-0.00018253052869793144
-0.00021328214868381273
-0.0002422196339882883
-0.0002719563977085091
-0.000291633976259565
-0.0003004668628295423
-0.0003058033022289991
-0.0003050235214696842
-0.00031717631951912363
-0.00034475505399145267
-0.0003767543154603208
-0.00041869050801698307
-0.0004610955603146286
-0.0005031661830873277
-0.0005545379549071519
-0.0006133402697744045
-0.0006630338966962158
-0.0007035176567809509
-0.0007415920165334912
-0.0007731700560524689
-0.0008105016636455349
-0.000854421311051908
-0.000895479625338851
-0.0009364308743448929
-0.0009662926765445005
-0.0009828910607657675
-0.0009933286699495237
-0.000994140255105671
-0.0009893559108456699
-0.0009793080757401304
-0.0009587532125704728
-0.0009283131855371653
-0.0008993099948883073
-0.0008718069460650792
-0.0008405470452803057
-0.0008082323800797099
-0.0007666070252068791
-0.0007148893632268331
-0.0006592927131848619
-0.0005978174045159956
-0.0005344366775558129
-0.0004701273701557243
-0.0004014787942151801
-0.0003297204497169101
-0.00025381822528944904
-0.00017345433630491179
-9.021759208793298e-05
-3.856533497108086e-06
9.120721703010458e-05
0.00019525984866249193
0.00030581702664185073
0.00042436387325072025
0.0005473407197640645
0.000674543902317674
0.0008090351307253732
0.0009500823857094864
0.0010590273525125553
0.0011323235405210999
0.001187597115085922
0.001213753251049371
0.0012337601925697342
0.0012484395008851912
0.0012362182075802515
0.001201281975546777
0.001170334239449648
0.0011424923401638217
0.0011071719081217847
0.00107046921023886
0.0010102354606024593
0.0009246557437577469
0.0008293820144274246
0.0007190527251234066
0.0006209558265025091
0.0005391528126609381
0.00045663478514184805
0.00038138145992698265
0.00030084273745044295
0.00021368974099351368
0.0001332572290153166
5.700367577701324e-05
-4.111959137418305e-05
-0.0001615609061177214
-0.0002934188542441138
-0.00044325673250893
-0.0005924307467010897
-0.0007397253380189733
-0.0008998908985759695
-0.0010688203733779029
-0.0011972162505464751
-0.0012817469170511235
-0.0013426153431645139
-0.001365972438193032
-0.0013836888610336874
-0.0013966649480971565
-0.0013764284286086664
-0.0013288722649413614
-0.001284095210354459
-0.0012406045650798054
-0.0011872215811720892
-0.0011306651412065275
-0.0010447085536436716
-0.0009272773313808132
-0.0007964418707841726
-0.0006458253436331984
-0.0005143675581937134
-0.0004074173054570307
-0.00030165308234669064
-0.00020836341331305596
-0.00010872700945073138
-9.436577256548639e-07
9.559398089840451e-05
0.0001846810414920084
0.00030164141715604317
0.000446914142117963
0.0006059293686445258
0.0007875290416480211
0.000966026638939354
0.0011397509843675093
0.0013288254301318447
0.0015275637890958874
0.0016803290087179094
0.0017837237283701544
0.0018597828396543635
0.0018929559422625176
0.0019200274155477817
0.0019419443203391963
0.0019262428985697458
0.0018797331064433476
0.0018351384688370066
0.0017906410468281008
0.0017343290865144566
0.0016734395746871233
0.001578974831456651
0.0014486498979082896
0.0013022573542953322
0.0011327235185363902
0.0009855402167951205
0.0008668070065932116
0.0007495479220770655
0.0006469108436119467
0.0005366035524627252
0.0004165376177370447
0.0003094751343051837
0.00021091452532224922
8.011843818003182e-05
-8.337962235475565e-05
-0.0002628657709065641
-0.0004685291716571598
-0.0006706417588836021
-0.0008672840737850578
-0.0010817086111431103
-0.001307337035044909
