0.01680077845442687
0.018126929827718824
0.01947586034918976
0.02084450466766161
0.022273616555294116
0.023752207504775462
0.02483703452400784
0.025487506866902376
0.02590341768468181
0.02595724225297197
0.02591305963188616
0.025779542156049585
0.0253083297031139
0.024547074516781956
0.023799568822121156
0.023054935489960907
0.022192261891272245
0.021280375976165937
0.020065598287307904
0.01852662726161641
0.01684149747156418
0.014948334574413602
0.013165183439515001
0.011538492660048678
0.009870078342423356
0.00825247252927356
0.006537684058655185
0.004709753452658668
0.0029242052479664976
0.0011506557185213032
-0.0009139132850675746
-0.003275093600193279
-0.00580704193030622
-0.008586459835330329
-0.011397015024664918
-0.014225114074848859
-0.017242697573876097
-0.020402506982481514
-0.022963918854875632
-0.0248713911340023
-0.026438811848146306
-0.027456719344663528
-0.02839224969312118
-0.0292595875695634
-0.02963526967894964
-0.02960530469777532
-0.029640625185090762
-0.02972052985493849
-0.02966616120671855
-0.02958346641324488
-0.02906877181909245
-0.028089787961014308
-0.0269270066007711
-0.025482431505047688
-0.024324604942792528
-0.023533415991116764
-0.02276474597965201
-0.02218383976582272
-0.02151950779887751
-0.020745149325338205
-0.020142533773032503
-0.019656961562289448
-0.018765479913256507
-0.017460942572568906
-0.015960003819848162
-0.014131560892793129
-0.012354315603950734
-0.010652969871375378
-0.008730126097542664
-0.006669545304859949
-0.004935080826942507
-0.003539895694739564
-0.0023255437960000313
-0.0014172964329300824
-0.00047643403019287053
0.000504337905282408
0.0012436613358194483
0.0018060640477912079
0.002418217430059826
0.0030616038045108815
0.0036657069301346576
0.004279310199760805
0.00468578045196202
0.004869993868154789
0.004975464016280114
0.004949764783354667
0.005218518187884339
0.00583522744326232
0.006558506772473698
0.007511100204541161
0.008476954427287525
0.009438531330078201
0.010612866218279607
0.011957288710894378
0.013111066519125494
0.014072855354495662
0.014989806978163418
0.015773068067641616
0.016691901745435223
0.017764596562145053
0.018784402757445588
0.019811974274788292
0.020552783813498773
0.02095390747493409
0.021196550887956668
0.021189287408209866
0.021051534464112814
0.020791876576500504
0.020265811148221163
0.019492679417473572
0.01875907038279779
0.01806534191002932
0.01728090916583257
0.016473880349706434
0.015431991169811709
0.01413559397039814
0.012743286585970346
0.011203730895514767
0.009639266358416975
0.008076825972608807
0.006419291677392459
0.004704011206876539
0.0028926701118052118
0.0009765997122486584
-0.0009923130623524954
-0.0030227096716919344
-0.0052712737558117005
-0.007744893764109532
-0.010374522780637472
-0.01320136657236425
-0.016122869045396306
-0.019132907909254107
-0.02231799112427854
-0.02565663567824735
-0.028252525456643574
-0.030025153064173558
-0.031379966293511974
-0.032060166545678316
-0.03260197413637502
-0.03302424252712118
-0.03282543784831999
-0.03210341251072077
-0.03147156901983675
-0.030908923192596322
-0.030173441477748943
-0.029404948073972394
-0.0280928666797852
-0.026195476598986103
-0.02407293759937086
-0.02160162183569227
-0.01941976350657037
-0.017621738424652342
-0.015811053478543908
-0.014174210747600733
-0.01241642071854354
-0.010506740182773354
-0.008757558905936153
-0.00710920494826163
-0.004955020591616067
-0.002284804268717266
0.000647847374204015
0.003995704784854934
0.007323995304238107
0.010604372867417784
0.014180530941805429
0.01795665107235893
0.020993707897402073
0.023235580732014503
0.02505488376533811
0.026189937894972447
0.02726334020002316
0.02829195575344478
0.028728260632112274
0.028688263893801576
0.02872299911373144
0.028802415212671635
0.028727502386014958
0.02862066821911156
0.02799448544430366
0.02681134407331024
0.025405073023356796
0.023657376236220863
0.022332523451840468
0.02153370149237555
0.0208086582384559
0.020378809527172925
0.01987098360975647
0.019250833522597474
0.018901009242273992
0.01874673090799438
0.018104860308639645
0.016968275038831516
0.01561832239612028
0.013884678745381851
0.012267059516356274
0.010798416501331067
0.009089160465505251
0.00725043683163765
0.005721756224600791
0.004503892305779161
0.0034695964335403886
0.0027347108700814795
0.0019527826376131772
0.0011185318634801184
0.0005082458869065928
5.541921454665993e-05
-0.00041537341380985
-0.0008827982834184141
-0.0013028820116262935
-0.0017112383787449383
-0.0019224459091190642
-0.001924404368144785
-0.0018342242330723622
-0.0016066425541281474
-0.0016869612417046327
-0.0021275213797461944
-0.002682763709272496
-0.003480194225190802
-0.0042863898918314965
-0.0050835155109194684
-0.0061013511959324964
-0.007293711722938566
-0.008296974237524854
-0.00911105654343478
-0.009882187937754403
-0.010521166792881937
-0.011302580110372381
-0.012244864873721454
-0.01313849213800779
-0.014045393016721702
-0.014777971353221241
-0.015294264854903792
-0.015726593056770457
-0.016014827273407313
-0.016216712693892976
-0.0163391162577222
-0.016297229629379593
-0.016099684998672825
-0.015957148490973228
-0.015872734680492
-0.01574719567066923
-0.015631630601610418
-0.01537701108813974
-0.014969421810493478
-0.014523426276197262
-0.01400339332753883
-0.013454436493542547
-0.012892399683314843
-0.012269057083781525
-0.011599506973931993
-0.01088171194226388
-0.010111263447828232
-0.009302517496846161
-0.00845455998677232
-0.007485538142168629
-0.0063903328388409154
-0.005207351813635444
-0.003914607802819115
-0.0025619322740963422
-0.0011524613256517287
0.00035772888589339263
0.0019583928439945945
0.003268974277356291
0.0042566453263117
0.0050931782526742134
0.005670224092262549
0.006217705829197214
0.006744207267612775
0.007036712280324207
0.00713775389488703
0.007305172550319133
0.007530359813713691
0.007712990213679941
0.007912168899982669
0.007913425346133632
0.007699832493931735
0.007423327687734002
0.00703240536945712
0.0067966367567182905
0.00675626944831568
0.006744751365410663
0.006841202521853026
0.006921827917450053
0.006974104224002541
0.007130237549289873
0.007365579481724693
0.0074252876764875
0.007305611896099086
0.007113785165099846
0.006786029146541513
0.006505921162585243
0.006285913810196705
0.0059818416755970955
0.005634570576033616
0.005344746664675868
0.005106137202432877
0.004900378439967017
0.00475216020639872
0.004568783610801348
0.004349346380444225
0.004161582950382624
0.0039870626012772515
0.0038059050470316404
0.003624526285112735
0.0034405463036185436
0.003250950463552697
0.00308717612800873
0.0029503668262656044
0.0028232563272593105
0.0027134064929347774
0.0025015958505649047
0.002175070895511641
0.001795966948755709
0.0013302841006110847
0.0008431068621587461
0.00033860013343983404
-0.00024608045860644023
-0.0008983206690650486
-0.0015276448491697199
-0.0021349969430996527
-0.0027563286636754945
-0.0033698989589592415
-0.004046140073632512
-0.00479003840591524
-0.005549110115906849
-0.006339569608093439
-0.006941880878316661
-0.007328189669901427
-0.0076131570056902674
-0.0077318132412589335
-0.00779791832667854
-0.007817035526286072
-0.007672812712844775
-0.007385394341925851
-0.007131878747758026
-0.006909575717263485
-0.006643380130337547
-0.006374671414020966
-0.005964607179176895
-0.0054012878050869635
-0.0047857390487622865
-0.004084498373696052
-0.0034261051348552594
-0.002832519417743858
-0.0022174705056101497
-0.0016191492588915433
-0.0009842192218043166
-0.00030576281914691323
0.0003557566843388056
0.001011277686374693
0.0017954273633091788
0.0027116456472004715
0.003702282320631471
0.004801663054836951
0.005916090820369732
0.007039472082997303
0.008247285534289555
0.00951909987193047
0.010455980475607455
0.01102612100724808
0.011402148340618245
0.01147075608441442
0.011479310876209424
0.011435651547097837
0.011113267502835627
0.010557546892358483
0.010027800279240991
0.009513376278561563
0.00891448365103436
0.008289661424752586
0.007418605073654234
0.006283520161330514
0.005038118654087674
0.00362891911182672
0.002353580854817268
0.0012545740211211509
0.00015005241468547624
-0.0008733761742955788
-0.0019563254175882306
-0.0031129706521993944
-0.004196439624341038
-0.005235190491242841
-0.00650609142006353
-0.00801329130807011
-0.009641855399167079
-0.011461355326071376
-0.013272117700030533
-0.015061193429029536
-0.016985869560806832
-0.019002095495710785
-0.020535228700508702
-0.021544557245062913
-0.022268109934505263
-0.022543819214281297
-0.022739429126128013
-0.02286531000880565
-0.022590610717692222
-0.021982974461544243
-0.021398526801126496
-0.020820098816699266
-0.020113845014840794
-0.01935928513948527
-0.01824754747177496
-0.016753827173367312
-0.015091154382995626
-0.013184256269823696
-0.011483231386018651
-0.010050142551676869
-0.008614066494568685
-0.00730540921064353
-0.005907141665866208
-0.004398096710494755
-0.003001953728817415
-0.0016747349955945766
-5.705847354477004e-06
0.002010672152357903
0.004205111893718898
0.006680677912455029
0.009139566994134478
0.01156263679197295
0.014183855358772656
0.016937524924145343
0.019132284439915777
0.020724304055924656
0.021991095139039973
0.022739113085121658
0.023421877559686756
0.024051576244290513
0.024226338991273286
0.024030167718644937
0.023875952118705863
0.023741842046255617
0.023476479908799308
0.023171601252360525
0.022463930353859265
0.021324897961041093
0.02000355694291796
0.018411484168379018
0.01710803884614321
0.016168969801803525
0.015261646266724806
0.014547996596323677
0.013755397417116165
0.012858243488847355
0.012136032415903985
0.011533843466200438
0.010548722523236997
0.009174863707616929
0.0076191888033976755
0.005755961888066771
0.003951980745750031
0.002231112281775883
0.0003065257951713258
-0.0017405012681039856
-0.0033973476008362234
-0.004644318785942186
-0.005664159193357634
-0.006316796857933187
-0.006965976928363928
-0.007619649448717423
-0.007970075664040234
-0.008085786570070577
-0.008232168098177364
-0.008389594831050704
-0.008470438086245313
-0.00853214075956004
-0.00832674655093258
-0.007835991279774173
-0.007225292401896262
-0.0064342921748697214
-0.005920282280926605
-0.005741506809840903
-0.005635222930542974
-0.005733206178172508
-0.0058049725403665105
-0.005830871897625258
-0.006042868954149557
-0.006394989727022651
-0.006493518969257619
-0.006335927313122435
-0.00608271771158373
-0.005636323759063657
-0.005288440442059827
-0.005058389536613936
-0.004720655573382812
-0.004340446812609392
-0.004044464134300543
-0.0038205180882472903
-0.003655682493376288
-0.0035802438069807265
-0.003467307267833855
-0.0033168952219021237
-0.0032187565999638144
-0.0031479114606768883
-0.0030947193663877263
-0.003069137861818316
-0.003059797461131945
-0.0030673515101295357
-0.0031244103432118775
-0.0032319694456108884
-0.003375795981197811
-0.0035641776316375777
-0.003624210046244938
-0.003538872792335344
-0.0033966184144942234
-0.003148685005551284
-0.0028924587688447384
-0.0026342021099080193
-0.002282039760847492
-0.0018551832264915933
-0.0014814354845326927
-0.0011594038674921203
-0.0008395275363673834
-0.000552673392568062
-0.00019891827821257269
0.00022839618090127105
0.000654591924413253
0.0011024118103200643
0.0014679075827511135
0.0017326922028144866
0.0019620404516718557
0.002124048639144537
0.002260900080107296
0.002376220178174221
0.002419646689950556
0.0023984382207852973
0.0024143227390829585
0.0024679393800802214
0.002513622621967674
0.002575929107261656
0.0025804860010135767
0.002520852929702453
0.002453497707255878
0.002360810009586873
0.002281561178188614
0.0022252545151426445
0.002160414796993776
0.002099296691818277
0.0020316821024955753
0.0019551094485014166
0.0018856832994660667
0.0018213525360441015
0.0017108219592720346
0.0015520497476186593
0.0013684739394640617
0.0011468477967805793
0.0009209832603826617
0.000693291556107869
0.0004357750434623828
0.00015580994419905255
