-0.008662930311548276
-0.009223286044469791
-0.00979562552537054
-0.01037927931284538
-0.010984067444503497
-0.011607447371245673
-0.012055200899479535
-0.012308612800588347
-0.012456815754742352
-0.01244366952137438
-0.01238291306987251
-0.012278396890818638
-0.012021968893196356
-0.011634040986549462
-0.01125059825923092
-0.010867094441523437
-0.01042877699290645
-0.009966532049066655
-0.009367659166143473
-0.008622593194221935
-0.007810688032420807
-0.006904438131495574
-0.006040281321153636
-0.0052384114822136224
-0.0044130513685509696
-0.0036039267132757535
-0.0027481096330212074
-0.0018386279702997416
-0.0009419172526445297
-4.500063677836255e-05
0.0009835333981902314
0.002146282269807226
0.0033885945513377628
0.00474381509042873
0.0061185039885485615
0.007506837893371448
0.008983320642809031
0.010527601752841405
0.011795727566660606
0.012761335864221724
0.01357136109386051
0.014128396087472853
0.014648138976265537
0.015137274411776515
0.01539963103103697
0.015474902472185172
0.015583777372899553
0.01571684537385105
0.01578991868153025
0.01585274571625825
0.015716876559337897
0.015367219570464602
0.014934997980849575
0.014374495393657864
0.01394767715673823
0.01369157897868805
0.01344723887610762
0.013290857340526752
0.013097934094173426
0.012856191175255284
0.012695301170399284
0.012590162534751983
0.012299007082942381
0.01181847192100557
0.011248852694780783
0.01052952744314612
0.009835419623619033
0.009177961513007798
0.008419729585533399
0.007599417435847492
0.006900198729008696
0.006324942267243785
0.005814990104425241
0.005419143912270445
0.004998722567171967
0.004550949218491225
0.004188584615765132
0.0038849638362384482
0.0035577243759504123
0.003214708858593785
0.0028793249405224867
0.00253410625058562
0.0022607217850900262
0.0020645483279143405
0.0018922515719823423
0.0017635322218991741
0.0015032305538054283
0.0010898275809156138
0.0006211711894151405
4.679271183715171e-05
-0.0005433487119163377
-0.0011422979052238924
-0.00183992613568373
-0.002618584064611763
-0.003332598003023839
-0.003981817652954601
-0.004625526916648583
-0.00522803461574732
-0.005898929251125921
-0.006645771252759632
-0.007384941444180633
-0.008141268320293087
-0.00879014160914088
-0.00930976841379994
-0.009776372091898097
-0.010151528812654654
-0.010486928324384932
-0.010786372874470937
-0.010988523821955082
-0.011101979680792247
-0.011246879229846537
-0.011423447521513192
-0.01157743340772198
-0.01173750383754218
-0.011814714437839137
-0.011801039870958532
-0.011763162207275692
-0.011679716861286894
-0.01160362954415825
-0.011546513904470687
-0.011467136506755786
-0.011381752128850526
-0.011273659673814865
-0.011139369251015512
-0.011001600536758648
-0.01085676083291712
-0.010638367460797441
-0.010343745908324637
-0.010002411877211442
-0.009597048791472912
-0.009171638112960815
-0.008728993780298783
-0.008232459820337453
-0.007691418652198568
-0.0071896671626921855
-0.006731020603567278
-0.006282388668245012
-0.0058664976343530085
-0.005425756437544477
-0.004958084569688912
-0.004512378234974782
-0.004077361368086246
-0.0036056946237762403
-0.0030997053748821127
-0.0025751402078818047
-0.002021138787729449
-0.0014793417043994074
-0.0009523687627573025
-0.00041102056427123424
0.00013502385450513626
0.0007534277951522136
0.0014537124628614475
0.002196826617434882
0.0030027311641767237
0.003839078494980951
0.004703398294232359
0.005629864325154533
0.006612422325070601
0.00759204093580695
0.008568671178037949
0.00956733817205608
0.010573739165109198
0.011632061337048086
0.012745718793535225
0.013881255704887508
0.01504892256929648
0.01590572503984544
0.01641296920800523
0.01673859881120305
0.01678201299052343
0.016732004783945535
0.016595998787770943
0.01618740330856891
0.01553961992569556
0.014911597422246917
0.014296998434182907
0.013588061780105628
0.012844313610525791
0.011857005434161525
0.010608056283066053
0.009246589396826618
0.007721777188747781
0.006256625517279654
0.004886132510148418
0.003465673059534347
0.002060588848642234
0.0005720814635460296
-0.0010117435228095563
-0.0025839749653564915
-0.004165122617594997
-0.005978590021222263
-0.008029603220814632
-0.010224339049000405
-0.012619781475770923
-0.01505898890629875
-0.01753220785651822
-0.02016556619363372
-0.022925045913141567
-0.025062696801233447
-0.02651708954253898
-0.02761491806549608
-0.028143233332669545
-0.028562252271039996
-0.02888678264405107
-0.028693316951882118
-0.028066111819671124
-0.027497660964507578
-0.026968499422034786
-0.026287804618859396
-0.025566969646731143
-0.024389508880844107
-0.02272161794098654
-0.02085453711715371
-0.01868716626983652
-0.016774984450143637
-0.015197713665194153
-0.013615028170233308
-0.012188657860420985
-0.010657099430766629
-0.008993801571980457
-0.007472500121581868
-0.006040254374034065
-0.004178338098525142
-0.001878790191501645
0.0006428238994222927
0.0035169162970873666
0.006369829224432716
0.009177329215933873
0.012233973993867426
0.015457361667217206
0.01810078803678625
0.02012197526444548
0.02181281278617293
0.022965815942404454
0.024081248660629818
0.02517226743172397
0.025801568912056018
0.026062541899126417
0.02638599709070868
0.0267473798356636
0.026992864702766968
0.027217853609557738
0.02703851755337798
0.026425445537615312
0.025640625375371585
0.024590883893424408
0.023893295073925458
0.0236304318811093
0.02343893067946555
0.023497432556034807
0.02350309257825334
0.023428412683954687
0.023583031098067173
0.023906334493168445
0.023850100798105775
0.023408992431218568
0.022808477260822038
0.021912025246902004
0.021121529291439713
0.02046354053611623
0.01962520940858318
0.018696022015152997
0.017859937407246108
0.017100321033111092
0.016394253224862557
0.015785647788637138
0.015093140903232103
0.014315910458729868
0.013582467634171558
0.012856676186781012
0.01211893153173564
0.011382645874494477
0.010633671779261606
0.009871036480061084
0.00914402297775496
0.008453794520460165
0.007776726963563976
0.007124842815173105
0.006255697419231087
0.0051446137947558515
0.003915518732273669
0.002499584333562504
0.0010318048965172152
-0.00047952373655625477
-0.0021631829541107583
-0.003992965429622742
-0.0057893914108909815
-0.007554811768146666
-0.00935976667542683
-0.011161265849516261
-0.01310022907939962
-0.015186553939300873
-0.017315702755355256
-0.019520143844336427
-0.021377950831132995
-0.022835319818175066
-0.024113650318676867
-0.025088089035199563
-0.025976506052265275
-0.02678979881416855
-0.027304815692755564
-0.027560223121668354
-0.027897661414430917
-0.028312203571055492
-0.028658956766345913
-0.02901788613974498
-0.02912173317703362
-0.028947692124538443
-0.0286905873306108
-0.02828611494886189
-0.027978701973481533
-0.027810478066551167
-0.027616974718512224
-0.027470952213691634
-0.02727173358699788
-0.02700621942730325
-0.026789203693445666
-0.026600114659988815
-0.026182067426856828
-0.025528511874684967
-0.02474973135144188
-0.02378027873984187
-0.022798897905146637
-0.02181731970801959
-0.020691640342790453
-0.01946090723769264
-0.018336611829112264
-0.01732293400316702
-0.016347529411699264
-0.015466504797508728
-0.014522504721240665
-0.013511214531996581
-0.012560775558121387
-0.011640322456202718
-0.010649262620476371
-0.009595413719369308
-0.00850778724120869
-0.007364168337356057
-0.006260345628643449
-0.00520201308587996
-0.0041246050777593146
-0.0030505926027544626
-0.0017886506449563357
-0.0003140378498645544
0.001266201332073176
0.0030078375114742885
0.004815022250006995
0.006680784477531502
0.008703103991313334
0.010863747566185132
0.013002699642183427
0.015120276302086559
0.01728293463547821
0.019451934672838928
0.02174832621018469
0.024181145800963724
0.026659035481040965
0.029209946409357417
0.03124009670669192
0.032679077253602806
0.033825152470065456
0.0345034566516563
0.035033185987825816
0.035427958706168654
0.03536793130831803
0.03490951459566032
0.034513487292463736
0.034170286011909336
0.0336864961282647
0.033168706692571805
0.032249583234703914
0.030897368465568585
0.029376338376440356
0.027597362360795456
0.02593291693873063
0.024443238346403356
0.022883780083572197
0.02136419267103081
0.019723039636861832
0.01794035939610712
0.016193545227529076
0.014449194730195134
0.01232812158745182
0.009821127443091033
0.0070885375861382445
0.004033620859414454
0.0009218107769828626
-0.0022301542984699842
-0.005635834007643593
-0.009237596969453992
-0.012135880831490024
-0.014264407020742928
-0.016004781122443978
-0.01710329142782911
-0.01812913030948185
-0.01910026682159599
-0.01950258670255702
-0.019441541460189508
-0.01948759399932879
-0.019616101870930356
-0.01961183399683877
-0.0196035818558616
-0.019102977627553162
-0.018071650367220932
-0.016849880285653856
-0.01531963098054394
-0.014168906880256056
-0.01349496889811793
-0.012882271061766216
-0.012531229253640615
-0.012114767337023295
-0.011601338195497616
-0.011332150111064638
-0.011241729084941818
-0.010698440666674093
-0.009694265890307112
-0.008491793756897969
-0.006933145475452025
-0.005476777183883051
-0.00415318413874265
-0.0026034493555950017
-0.0009294638727169924
0.0003935408483059875
0.0013578946410832589
0.0021142459693852195
0.002535625442987772
0.0029816006206370297
0.003458707029737783
0.0036738377962296405
0.0036956531737559546
0.0037357850853657185
0.003773191473480753
0.0037473057625483862
0.0037024637252229785
0.003427025183086465
0.0029065207302840447
0.002277984554361326
0.001489893959569892
0.0009971649165480554
0.0008550422686842162
0.0008086907866232711
0.0009887288441450966
0.0011603691756809083
0.0013049407326323115
0.0016556500450493389
0.0021659480441944302
0.002456829520157264
0.0025273449026550795
0.0025308232801307495
0.002373964015795232
0.002340939127264075
0.002450787661637597
0.002485661936478319
0.002509482480881479
0.002532104604229396
0.0025307169465581315
0.0025465626736656892
0.0025765840202443507
0.00256328075039906
0.0025095194285916045
0.002440217550612925
0.0023432917959841666
0.0022907180437148054
0.0022901404482599933
0.002298174850963202
0.0023343657154935894
0.0023643769473030265
0.002383993294224649
0.002426884040033202
0.0024853704054021287
0.002467509266848713
0.002368715580215942
0.0022271484097858424
0.0020179556049485137
0.0018020126512559049
0.0015819132411323525
0.0013053700598060394
0.000984427069539313
0.0006696470164152383
0.0003585438755868946
3.435972107086113e-05
-0.00029129944904833196
-0.0006626973357687662
-0.0010825896853012243
-0.0015198725348701085
-0.0019848085128914804
-0.002356752282916333
-0.0026205335364977056
-0.002840390767957759
-0.0029808866739686733
-0.0031042193198833044
-0.0032139159686874292
-0.0032466862326515763
-0.0032138583344372145
-0.0032130604678294442
-0.0032431969063450236
-0.0032633248131722736
-0.003296533745719434
-0.003267063234000586
-0.0031687393673908485
-0.003057344760607561
-0.0029148934891758418
-0.0028064524857993457
-0.0027438373771632826
-0.002682807693176864
-0.002642987777827141
-0.0025988029770358185
-0.0025469369162605766
-0.0025177141025393367
-0.0025060874546136524
-0.0024427102601781705
-0.002325926652529665
-0.0021860329491691297
-0.00200550295359653
-0.001832687592232377
-0.0016709970099920521
-0.0014817938889780814
-0.0012758137626607442
-0.0011035779730993556
-0.0009657195883688216
-0.0008460773004084578
-0.0007580256281923011
-0.0006631895837458
-0.0005607391709943684
-0.00048170892154348797
-0.00041866190171026523
-0.0003495875263854946
-0.00027665299783729007
-0.00020586919342285457
-0.00013256959760940353
-7.876490862703019e-05
-4.584641047785418e-05
-1.9454706985728106e-05
-4.86978221928998e-06
4.439348962682585e-05
0.0001340757348127042
0.00023818594229035712
0.00037013002964781213
0.0005061215238377195
0.0006443253561371968
0.0008085674556353763
0.0009941926279182771
0.0011625792172446137
0.0013137011976908405
0.001463305137975245
0.0016019404054174527
0.0017586786319583364
0.0019355416191259064
0.0021103722111323656
0.0022897695464863224
