0.14546132681819024
-0.528032036911934
-0.3750579862570055
0.5324626313573845
0.5484740106491522
-0.16112355668114398
-0.20812321819346566
0.1795690587464508
-0.02797592119375803
-0.6694022965263583
-0.4003420537593797
0.709987849410914
0.6830247715189152
-0.3395302609359106
-0.4869216917966146
-0.04440974642002378
0.1480943285652327
0.3731495543990094
0.14279012759257742
-0.6809731218688654
-0.3731978302907376
1.0409755561683485
0.7599246287042161
-1.0411592554367237
-0.9423930913090677
0.7204830028136499
0.7560870370324339
-0.38741715645175157
-0.4585868713998174
0.11854673890573593
0.21113164231760964
0.11339808724739175
-0.06650106779653782
-0.48716146427017637
-0.3496547103701008
0.3816987165996428
0.5409457750105989
0.24541449375510938
-0.017116549507205335
-0.4552066169811207
-0.36318100958943017
0.3549820281110725
0.4081055905982176
-0.09343455438615797
-0.2918047117603865
-0.3938179525368366
-0.16192112357682661
0.5562867766153559
0.4758864603310718
-0.3912852392899702
-0.4051292518236628
0.2562112711791614
0.25036946469621746
-0.2014489696644886
-0.19715572746367735
0.09721883079395736
0.16637011740953223
0.12598811764629742
0.054096953872925305
-0.12759209487052922
-0.18589222170364395
-0.11422591437166549
-0.00583156600472755
0.19530754149913912
0.1516989108713273
-0.1653206357596804
-0.1602651636462144
0.11964269313715722
0.1890069303014635
0.13678788803250216
0.07068884096139814
-0.08590724434873101
-0.3080142415698303
-0.6024292016969424
-0.36961508491734246
0.4517528649805802
0.7827694435691344
0.71535549607887
0.21496762566754188
-0.9695902652580538
-0.9087435309041766
0.44738720819436306
0.6628541697771629
0.04551442844132724
-0.274688533125836
-0.6874293304725576
-0.42152799752131986
0.711526519586604
0.7775035560092904
-0.11660357643250331
-0.3505117848438644
-0.2307566810191188
-0.07709565704373328
0.36252340728279414
0.29558178658857065
-0.31960991364902935
-0.31181454081959986
0.20485457712537317
0.2579547575576955
0.009198498723028546
-0.15902489178735904
-0.3933738935407207
-0.24296923052848787
0.36974362548195616
0.4161507829686825
-0.04556112127942914
-0.24519438214931746
-0.355486506398189
-0.014453709736929752
0.9355440236630167
0.573943436740214
-1.1133588655760704
-0.9599981528243242
0.8199818531456677
0.767933263105345
-0.7059618405150785
-0.5202603170654105
0.8953446496782048
0.6891341921376184
-0.793552827463819
-0.7994006454518633
0.33160727956164154
0.3976700949109862
-0.2329116740209866
-0.13379314277059065
0.4181326161013386
0.21269970684741368
-0.615209874267176
-0.35799304227334394
0.8845704112295594
0.6711150633072374
-0.8209708718832884
-0.7574918235971493
0.5644828386698761
0.6268625427450087
-0.19515295442471892
-0.44559625185591184
-0.4811961548308934
-0.2270936180732379
0.5469633857158033
0.6495521793938224
0.09396420792086889
-0.14813559318186115
-0.2930347141128232
-0.27601529928738444
0.059620460329701426
0.1489189608835093
0.03131796644459008
-0.0318787860435609
-0.14267664203887453
-0.13349173371958994
0.029919943994507016
0.2365253615101412
0.5367806846883351
0.3322316832623115
-0.43954028962837416
-0.6485520019596269
-0.37977833705824987
-0.004636164746875324
0.704535123783741
0.5460496576624403
-0.5821202543938747
-0.5890305771949602
0.3554695059618837
0.436936915579661
-0.045953448480405175
-0.18410861401258358
-0.2308017031940434
-0.05408109602174921
0.4841388611751973
0.2880771081974604
-0.650909017801668
-0.5080699409053638
0.598216702656437
0.4836295485656475
-0.6323072026757725
-0.369989153187014
1.02205999965778
0.8331559636231274
-0.6793198583942126
-0.9815670410185593
-0.4384019046596416
0.07560015936564773
0.9855181782557939
0.682438065686769
-1.019117403550674
-0.8967671954252303
0.8432638509017676
0.8236499598503375
-0.524754264669438
-0.6040316384985862
0.1413344989485804
0.31308993587453426
0.2629535629950715
0.059017441368112086
-0.5040985199161083
-0.29988694989970166
0.7057651483643804
0.5832884350802519
-0.53967172236098
-0.6454354026274358
0.006351250346841431
0.22983475187848876
0.3271746446900264
0.15246334234431844
-0.48184093744012607
-0.35688344375735376
0.5187710287778438
0.419123339205349
-0.5048221675519503
-0.4280838873682279
0.4383658938817973
0.44934674375497374
-0.16552342575026358
-0.16517763707208172
0.23752244499518296
-0.010085325312673903
-0.7787811219603672
-0.4773471111927395
0.8263902218471837
0.8091275710581995
-0.3543044411405876
-0.48913201129863326
0.0728556255222748
0.13080148988214424
-0.009552444774426001
-0.04159319569335828
-0.11177135414077828
-0.026197356315219168
0.2517018285226438
0.1534955795106522
-0.3107717755003209
-0.18088266560355218
0.4898318838149786
0.40927726116053215
-0.31593105088787116
-0.5390565939877466
-0.44644773808050475
-0.17387272144394544
0.48524689695210177
0.6519974797091925
0.307042637904864
-0.027773406853601607
-0.5470042129746314
-0.495603545230185
0.2387970092102611
0.3540857041999997
-0.01665959044583904
-0.07645512743415431
-0.0277474453563012
-0.0001871772141640235
0.10728178657977294
-0.04872336404640117
-0.4916219882857782
-0.37432015973011096
0.28526679150672163
0.6060157593905168
0.7237457241015794
0.2999573913459845
-0.870916021719598
-0.9158063219213599
0.15206160550114498
0.44050712724624486
0.263603224422515
0.07553156067525985
-0.4296426031115709
-0.32276921501846995
0.45925812740887556
0.43906724903447986
-0.2526459790385353
-0.2689956485822035
0.19134754479593669
0.07388336232249129
-0.4591072892410656
-0.353792372057199
0.2856803029636019
0.5068378369330687
0.4555547875933988
0.11920058359795624
-0.6925114966365017
-0.6314386619971231
0.33582303070256486
0.39670260904850524
-0.24660092663610766
-0.13088564304016448
0.5024624398035558
0.34442862454697515
-0.4573225100480381
-0.4757853456747837
0.14155130617243084
0.2598901131109761
0.08571060337844041
-0.017352447047069525
-0.21946981578030084
-0.16183001244700668
0.20702920431772326
0.17571774741737375
-0.20673497884755615
-0.25634847250129666
-0.07210165987162477
0.226126692057524
0.7638192632995535
0.4066272129207232
-0.9288500191363439
-0.8572542510077208
0.5066971829121604
0.5722860456242127
-0.326763071770112
-0.25082487578468393
0.4574998508468266
0.3310658418886194
-0.4166659430544981
-0.4397235028587251
0.09454054215075557
0.17097794837177321
-0.02266745102678851
0.08135782601041655
0.3558836614164118
0.22749276624232614
-0.26734210622557597
-0.43839651372310673
-0.3606514082124578
-0.08280016699388054
0.5428292321787087
0.5126723396626577
-0.20946608836984118
-0.2815873394368808
0.13885598578420982
0.05846829170840622
-0.33972090098792007
-0.19962948291614852
0.3851239351016184
0.3208271370857338
-0.3097391170869546
-0.3179355501700759
0.1544485953990671
0.22375914069701267
0.055674262232008276
-0.05509260750828135
-0.23830981410991467
-0.08758397657714989
0.45526213055005926
0.3035040056961866
-0.5134164600954098
-0.46581811358212494
0.31813715632102646
0.292065596893268
-0.34550927768186945
-0.1749562204425725
0.6230538446947999
0.42772155649855137
-0.6231540520916171
-0.5496426500223147
0.46731756253539475
0.5200258172734862
-0.12889999900225194
-0.3633156776298025
-0.4624375871881102
-0.1802990784132936
0.6745929438857183
0.5480450927895496
-0.554495663727132
-0.528240868065226
0.41905660358725133
0.42346191139046585
-0.23423156639781512
-0.22180578278830576
0.22518294652834886
0.13046111703516577
-0.3538887445804995
-0.19701093097744743
0.5090295612742147
0.323373358042299
-0.6584034977746158
-0.48419723033777234
0.6926999808405334
0.5229497674074408
-0.7702751228575082
-0.6816590439089167
0.5073626454789277
0.6877989877474628
0.19565340517816873
-0.0744344510963997
-0.4437587211436034
-0.39559324924194356
0.20661795957548412
0.27149338782930643
-0.10513831510687538
-0.08167414844050025
0.18305969135709016
0.12845859253809785
-0.15308921107831966
-0.17872397229929335
-0.010739766937106866
0.040745349350894654
0.04808781047628771
0.0732967248676534
0.07409537981583594
0.009008149461137592
-0.12960935997893405
-0.11041027759226314
0.07247001292256226
0.04618617949495751
-0.1596988948422097
-0.023253427454742875
0.42170535679183124
0.22420169790102604
-0.5850521859165599
-0.4430114792240741
0.5601983390468245
0.4194178986465545
-0.6829335257196183
-0.40250197810047134
1.0389950244103825
0.7449051069978266
-1.0428467284744984
-0.9233839660666795
0.7679364641575932
0.7489692539459178
-0.5435116637858297
-0.57543402829664
0.22630359844735248
0.2053889095894917
-0.32064357187853654
-0.049087509458201214
0.8506240639047532
0.47629115826637897
-1.0841932868021629
-0.8150438522944901
1.1024780886425927
0.9211544726841427
-0.9974198281408038
-0.9563102433170196
0.5709287185979324
0.5660719610000307
-0.4971407057216582
-0.2101108150507095
1.0761653808666654
0.7889534444037007
-0.8387757097741069
-1.0956173677719763
-0.30801521728961745
0.15424479357369086
0.7358910448559827
0.574636319781818
-0.5641965291608674
-0.6289893370562442
0.23597285279808336
0.4527430571188705
0.3417770889854635
0.07969081629878967
-0.5821926779504573
-0.4946229533204198
0.3831887315569575
0.3561703741517933
-0.41569497417732676
-0.22623584061287538
0.7174196492805639
0.49579550136927747
-0.7204727639230653
-0.6263347949108227
0.5643978765535123
0.5973420841001844
-0.2265343709065728
-0.4320560378045595
-0.3384496574394914
-0.1146346313700273
0.46791495710588976
0.403366823037462
-0.3435811027637681
-0.44673731254576876
-0.061589433853771844
0.2917920098097558
0.8418807245745404
0.438899253448984
-1.0583492905755796
-0.9105199718898249
0.7715493443551721
0.8061800721334995
-0.4348010442287271
-0.5426661664649494
0.044275200822404555
0.1827536410421936
0.19842770859673786
0.09540258168213192
-0.281283898765651
-0.21463090097187332
0.29691630080857173
0.23812689082226748
-0.30045236553685445
-0.284379700799883
0.15952356607121995
0.251829495795807
0.13454965802707616
-0.021337968894679822
-0.34188732573478553
-0.22143000092616075
0.3850157600280023
0.27651047487447383
-0.4806716686576209
-0.26255072152787823
0.8007532299767323
0.594545509177305
-0.7140969788429721
-0.8202111183679693
0.00909055808847276
0.21380104102634415
0.1357737961494977
0.2952613055401372
0.49054777639356617
0.24846809399249423
-0.43294789576259135
-0.6213239135148145
-0.36392589054494584
0.011176620622540427
0.7049180529468595
0.5220957252367936
-0.6399898051592902
-0.5914167911068572
0.5083610395236138
0.5122237095642158
-0.2817122864854349
-0.30429863512390665
0.16589753786178715
0.1538579378520737
-0.14542460327824777
-0.12298294816233106
0.10853933179004663
0.09999823464808816
-0.07915329528907337
-0.11802264590154388
-0.07627012896478695
0.025459482265919365
0.2414883641971529
0.07995493277196364
-0.48732722680538487
-0.1676553601029242
1.020370552961647
0.7106996782159603
-0.9892063940876783
-1.046476139077409
0.2472673789056782
0.4315595846035405
-0.05680327801183559
0.06146585283269979
0.46301090000528033
0.2187335156366301
-0.5721865203610336
-0.4808488020349392
0.4206857661455539
