-0.029244567592017615
-0.022450875029830314
-0.015925534129722422
-0.00992047546501658
-0.0001648681580955528
0.012346816311714979
0.019559236983017925
0.02126345052254758
0.020643259276102898
0.015600043994598243
0.011963937797235027
0.01002232792874749
0.005065456209449646
-0.0016873650422311467
-0.006015190815777707
-0.008097115144909236
-0.009123389390226777
-0.008077613781891037
-0.008655532740312775
-0.01100025250796121
-0.01242612068550989
-0.013729089241895951
-0.013887602762957151
-0.012503093777557022
-0.010610202911968038
-0.007837938149331968
-0.004076272904544439
0.0006255808531956189
0.006568389474277042
0.013802998107881524
0.018276483112182447
0.01968284171867934
0.020007419428503866
0.018144586910105533
0.01653804878736865
0.015352043028894874
0.012405375704127884
0.008202379049023501
0.005169323624674732
0.0032388028924467418
0.0015762276521335133
0.0007615876933671556
-0.001195945332914929
-0.004407902518447046
-0.00741227340278128
-0.010654397424327758
-0.01297386220287861
-0.014099908824865807
-0.014898235273075055
-0.014998243166277882
-0.014713315039223743
-0.014094920512845041
-0.012645002528683048
-0.01041258017834009
-0.008374341362661828
-0.006521320562468915
-0.004392590233394225
-0.002212038878764429
0.0007401510547189472
0.004540191573144983
0.008662765747485831
0.013289047551335245
0.016089156633914282
0.016782635120380893
0.01660552121453094
0.014879341823378653
0.012844738819744522
0.010576556377492836
0.006842499720076902
0.0018754953307405656
-0.0016433876694215098
-0.0036478431760796773
-0.00528447017104483
-0.005870087470371309
-0.007316118466604269
-0.009748508935383808
-0.011643531171177437
-0.013421354534580496
-0.013856646843076269
-0.012640948424840023
-0.010635631822173284
-0.007428768328820177
-0.003340789831513204
0.001602629038797641
0.007957614601106819
0.015695758848510405
0.0194090443516996
0.01867955715007132
0.016075907436200923
0.010104607031679607
0.004072819741393534
-0.0018289528753260992
-0.010566719542580958
-0.02147738913598909
-0.02619713759971995
-0.02431078203915715
-0.019352408168815956
-0.009070468095358183
0.0008981550379082508
0.010284335826050988
0.023871224460330884
0.04051876515026004
0.04871909590650505
0.04796790396762447
0.042965436751749936
0.030624764123387507
0.018893278034086594
0.008124764890789227
-0.008349234724886332
-0.028924223696207594
-0.04112605041128712
-0.04461143298133734
-0.04425161885530472
-0.036776484312318995
-0.031230140793623348
-0.02803019353488278
-0.019840808123804905
-0.008533646866809332
-0.0006882603851233438
0.003990856494012356
0.007396976531830714
0.007960303758070544
0.011472988795710308
0.01818102193730244
0.023908398076232334
0.029919422370222205
0.03130615134333066
0.027123440946430585
0.020566398614837066
0.010105179169722903
-0.002504020592454603
-0.017099450702794488
-0.03597420486895863
-0.05884940963690053
-0.07010180541275696
-0.06860052830509578
-0.06162168982631718
-0.04487043109844552
-0.02804877741437639
-0.011696515533137075
0.012807558306301696
0.04351684080403299
0.06276837252952737
0.07002931396795552
0.0724455344473243
0.06540051032246824
0.06147503917689735
0.061312713637248106
0.05467350670114694
0.04418997449446835
0.035613484183008574
0.028192332931220036
0.020922338879475966
0.015007129616879155
0.0043743420192100466
-0.011231080608154443
-0.027880059126448708
-0.04696299537944105
-0.060021994651266286
-0.06588816616112762
-0.06959600057798271
-0.06868657636574442
-0.06712285587140589
-0.06526993952899823
-0.0589604571274603
-0.04897311722885402
-0.039382617771216946
-0.02989936278057807
-0.01898978213749264
-0.00751058984942498
0.008078519334669467
0.028097190971845265
0.050183340228979946
0.07523061883485216
0.08861705897759085
0.08869886163386151
0.08305732965904475
0.06747150851556522
0.04991558229058726
0.030855721523343958
0.002509580933145396
-0.033613543644117914
-0.054763220047100304
-0.05990024754888288
-0.058942956921419425
-0.045863285883355726
-0.03604678121954534
-0.030375721049408947
-0.01598442656076499
0.003906216565469596
0.015464916848271424
0.019002288724973854
0.018952352478614768
0.011917567293559318
0.009301245967166022
0.01159849379845732
0.010286309377341719
0.007814809223450942
0.0060443774837902935
0.004193954841186926
0.003083332240900552
0.002986409460010827
0.0006241379706212947
-0.0039905699212328645
-0.009043647852146858
-0.015248952680294775
-0.01733271836222133
-0.014649377741619127
-0.010220680151476142
-0.002541774951679356
0.005823477367698821
0.014650824801222725
0.026550727575336767
0.0410134426963842
0.04819661364528011
0.04751896189178726
0.04332425293261257
0.03294152816503779
0.02275118497252932
0.013079341422811336
-0.0016002142715959159
-0.020001968094626277
-0.03342179675240849
-0.04176700290752454
-0.04835519776126046
-0.05097230995441453
-0.05617926991979529
-0.06431575302507263
-0.07023930298937814
-0.07535436541129285
-0.07396413436561992
-0.06485518615982998
-0.05163293725903548
-0.03244175230135401
-0.00919471435888556
0.018013239549886206
0.051912500473527814
0.09227825509416614
0.11558478381654591
0.12004448134199185
0.11676259909009129
0.09924784213951866
0.08198439414957291
0.06579634175223627
0.037737954063082016
0.0007143350390738268
-0.02185477762867081
-0.029498296360554163
-0.03151404339666588
-0.021881995160325574
-0.017718367247493403
-0.019940097351752017
-0.014900792290102112
-0.006246975004496201
-0.005381999267697367
-0.011770514522922569
-0.022495469733726774
-0.04032034638645711
-0.055119712409106895
-0.06658390086732337
-0.08208670632472007
-0.09949506392611121
-0.1039311076651451
-0.09470272022068735
-0.07730928360786762
-0.047647254591806826
-0.01621435027166375
0.016737235787724253
0.06014996084049772
0.11204213314013721
0.14117838749385564
0.14571226095317372
0.13919222466481285
0.1130997121502773
0.08808913832936639
0.06514667199521841
0.02646327360600153
-0.023825151760496523
-0.05436812632316056
-0.06453412048068898
-0.06657704629159054
-0.05240659273280311
-0.04509945402920467
-0.04582783442569154
-0.036184052687936986
-0.02104821640922941
-0.012253821285666275
-0.008688425898336
-0.008019590256647781
-0.012919337878005432
-0.011698969564189707
-0.003973322281273799
0.002283165965858025
0.009627864387249331
0.013678099049551772
0.013220316971987158
0.01217108220307573
0.009128670549047273
0.004607829536295151
-0.001094211857963222
-0.009493077613956397
-0.02049522524799152
-0.023959699518406645
-0.01920114327603243
-0.011010059296633404
0.0033625691392715996
0.017688235597573432
0.03158034812920502
0.05053984679805096
0.07329035793687505
0.08315300873311295
0.07920958560172937
0.06850068236714073
0.04648624629872494
0.02424408088698801
0.002259405418066133
-0.029004910517064792
-0.06735271218046796
-0.08969802256678916
-0.09506711867073996
-0.0929948680784188
-0.07732528727086657
-0.06405586316102607
-0.053954264349756025
-0.03368133859992783
-0.006509779573913239
0.010943610219552737
0.018811373448430216
0.02285830702777258
0.018937913916785034
0.0203029739580643
0.027577211254795314
0.03067283685268154
0.03243701579729058
0.033411130893544146
0.032471431079887765
0.03131123460099358
0.029746880141616416
0.024845741824120696
0.016624893791285508
0.006273410662191124
-0.0069083168566553875
-0.01511010239063942
-0.017592441302198072
-0.018633337985395064
-0.01609095588723402
-0.014244423086128808
-0.013479606742949419
-0.009816904144503535
-0.004169539855583258
-0.001214271071519375
-0.0008538598471886243
-0.0014569429365580934
-0.004155083602633711
-0.005225089870254188
-0.00446664146547087
-0.00466288467434287
-0.004992863700191163
-0.00493290457495558
-0.004732999644308611
-0.004055240263554475
-0.0028226459835605337
-0.0020228987504533995
-0.001630394385608963
-0.001094991319604317
-0.000619195974492495
0.0005967055495058015
0.0026751549328019484
0.005093505072815534
0.008082984373961351
0.011344357114994392
0.014837606466891053
0.018915726646109673
0.02351885941153536
0.02482500609114474
0.022503880763006107
0.018315728267234082
0.011177636300151875
0.003375751629059949
-0.004993259932370854
-0.016047191235668275
-0.029356909794694217
-0.03624983169023967
-0.03617861943894329
-0.03298686145660813
-0.024303577586576128
-0.015745740000221907
-0.007593117731808051
0.005045541919919496
0.021046323514854953
0.029872587567013883
0.031159054662200182
0.02918361255611455
0.0211685513438539
0.014554037886667122
0.009705831875033256
0.0005117850062506847
-0.011487686813583435
-0.01841977634346615
-0.0202946455164771
-0.019825583257615482
-0.015016632818754922
-0.012059401477262328
-0.011215024430592576
-0.007696720473922941
-0.002807102515235113
0.00027452413861459176
0.0018097926602528328
0.002422836018063484
0.0013746511740616734
0.0017748846732065116
0.003709390648317122
0.005018669253971567
0.006368399188227602
0.007301083155672998
0.007546989949815178
0.00779176394589486
0.00785432851624103
0.007431772263776334
0.006569719110753325
0.005249161704394783
0.0034007969098855673
0.002077260931583975
0.0013441399822058046
0.0006362718832283833
0.00022521396990559124
-0.0005041626507583867
-0.0016159400878039817
-0.0025800879559752877
-0.0035387943974118834
-0.0042243119220490835
-0.004544324938446313
-0.004723650069684437
-0.004664151857456033
-0.00439773161162252
-0.003930570561076835
-0.003150184598692135
-0.0020529625145404183
-0.0011691709521894412
-0.0005200375147491737
0.00016104049069501944
0.0007406995493590605
0.0015693803670416252
0.0026809610687753183
0.003793057383603237
0.00498817128227748
0.005013247525981739
0.003708643995859855
0.0017207872973897314
-0.0013228159996268624
-0.004766760579824366
-0.008581898581657758
-0.013438332408404762
-0.019221551943176197
-0.022177214328815593
-0.02204035127022417
-0.020523828227169527
-0.016593588255888442
-0.012616223663856629
-0.008714248012478321
-0.0027935230941193443
0.0046748107090507154
0.01079403015063697
0.015579527484127708
0.02011919933757675
0.02369891785563559
0.028583652506529757
0.03490536848280157
0.04094683097018427
0.04720955379059785
0.04823392167423217
0.043267979918621635
0.03521891113302365
0.022447453563597706
0.00765545781508334
-0.009032336447223253
-0.030480098582086543
-0.05622839963149773
-0.07008270790643302
-0.07091240452431086
-0.0661418524209493
-0.05132291029999048
-0.03666999150598708
-0.022729832342763295
-0.00048783566259193384
0.02800912976633518
0.04454052061554893
0.048569039514386333
0.04744078963141544
0.03639616944323306
0.028453722401316533
0.024276504606546317
0.013284037787532087
-0.0017987552406272403
-0.011354407388810056
-0.015778679729786416
-0.017821627414091143
-0.015166722715964875
-0.016189516044843467
-0.021221166090446032
-0.02416583395281773
-0.02682968993533381
-0.027083947416838696
-0.0240435210216195
-0.019968702612338084
-0.014072812170875327
-0.006001313757483501
0.004137125075135107
0.01692175536884689
0.032485941765965365
0.04072910667727157
0.04084526247583666
0.03776851066438353
0.028717589002278124
0.01972026825607726
0.011158851908536715
-0.0024129198759562875
-0.019773327880042553
-0.029633709279464966
-0.031646690639141245
-0.03038891132284114
-0.022908006156146746
-0.017203589682350414
-0.01368408855467362
-0.005822028076469567
0.004711569000768051
0.011361355172656708
0.014313245223607883
0.015566175618610796
0.013514747608792753
0.013687330154993172
0.016307079050633135
0.017275046274405393
0.017774754723941823
0.01715553534122067
0.014884961137381473
0.012082732342023896
0.008432216997651395
0.0032334671473838576
-0.0034763016940281334
-0.011673218403029238
-0.02154466595328611
-0.027064594082511023
-0.027711189784855157
-0.02650437463408281
-0.02177428023726856
-0.01702585035534885
-0.012491268613207904
-0.004954936340863645
0.004874563008594517
