-0.04562159209258163
-0.07110411838719947
0.09139296810609143
-0.03893678915599792
-0.02875301260404322
0.11958813656994871
-0.15073166138109498
0.14328917193493304
-0.12021063843096833
0.03710801854219549
-0.04213525042206451
0.18892729644962256
-0.15822926710506946
-0.06303213210413083
0.13827974714245184
-0.07918012527992208
0.029839090159594545
-0.0034794937457080684
-0.0353147849208861
0.10318169875333108
-0.10711085123919467
0.04175128776467575
-0.008914672902736833
0.02341259576935681
-0.0005966730469311207
-0.07071387601883156
0.08372325584167994
-0.04017111117959495
0.016297400737935515
-0.007275949299916738
-0.0020369082517620787
-0.007837980621968768
-0.00830401827899341
0.08712533592030428
-0.07355575642123073
-0.06519205576781648
0.07721910522274616
0.05066505368144675
-0.08265222617842641
0.017896718820467734
0.010368533044106346
0.009631521373331786
-0.006249540482268552
-0.0457602738107608
0.029186147710531827
0.06994646022062827
-0.09047949729349071
0.031588075313625064
-0.003783989758466057
0.007255556562673733
0.0023013925460514486
-0.022053908611433342
0.042390171312728216
-0.05386439673467179
0.06689699301257725
-0.09492867456742463
0.07179757074103399
-0.005980343531807986
-0.04700469710711075
0.09084500036840298
-0.10845595303242697
0.09833979067070026
-0.07681661123020395
0.08124695247464017
-0.031191710329365546
-0.11472849936132316
0.11163809043836578
0.051224346980002104
-0.11571858444977283
0.0763388047307188
-0.07701770451603346
0.11917500245666482
-0.1262659894141758
0.10607492600933663
-0.07463781182407973
0.039717355557994376
-0.010127596349966033
-0.03082905147333674
0.02503580680659011
0.02888146027001993
-0.04544059376576671
0.0362617180875828
-0.016268237111518494
-0.028538368645694107
0.035583872234970795
0.0060241022555656675
0.0005584156679082709
-0.04368197321427054
0.06634077149476003
-0.10738136943432222
0.07255936278525958
0.07028801489722777
-0.08405359393624884
-0.03835773980342071
0.08210733835988185
-0.04062315701086308
0.027650251549273443
-0.06546598377241561
0.04725750051993142
0.04870021611475397
-0.061494977274906576
-0.01949291832624308
0.03711215016681076
0.01356703566207578
-0.028488426632483393
-0.000931757190327823
0.0033497389729525567
0.03226273139675613
-0.02642977221379334
-0.01879164030671685
0.03700091729573142
-0.04135758017285638
0.023688328519671856
0.025420706041185594
-0.03845223825804819
0.006376806946887173
-0.004571919344225233
0.040693746221745125
-0.03899877916141363
0.0018596344019186205
0.019944894484000192
-0.029806662372329085
0.03016540717253453
-0.02612357134601526
0.02175051152067986
0.002774921625708155
0.0059205645052446045
-0.06967296255126326
0.05398840837572715
0.04138383738019224
-0.09052481581992981
0.08315767095229823
-0.08203543816930002
0.11881008733050198
-0.06987164256881498
-0.06666207129999636
0.12610668912914105
-0.12550441334126078
0.0963130532868866
-0.04467019544903168
0.011455769791868247
0.02882386044821488
-0.023800154000712108
-0.06495965031894653
0.05566944416164446
0.09014191496656068
-0.09372014011601783
-0.06296579423596248
0.10451200275663607
-0.028053433472105094
0.004330187575689015
-0.03508123210690721
0.04597579892896275
-0.024751010612215955
0.024208410264767048
-0.07827406396989646
0.06320346068524947
0.0711664038602037
-0.060735294753925924
-0.1190748243152815
0.1378694188958462
-0.02583444458879331
-0.06471458612359401
0.16400308359665486
-0.15911126679918258
0.04904224006593208
0.01979826579722984
-0.0188082185346561
0.05506315536064078
-0.17898555862821852
0.1485996122751934
0.04587495383971309
-0.11180809865644765
0.07624760036295322
-0.030821336388057056
-0.05160796952175342
0.05540099969392527
0.03312946264602791
-0.04655477361330946
-0.011718985655961465
0.03711136529405063
-0.03790807057510307
0.02431798561830472
0.00872554356508295
-0.028011413257664108
0.016125841485925614
-0.03478426386844624
0.10770546295603531
-0.1048032266827204
0.009250695257128454
0.014830462751006865
0.04627480324342044
-0.0450316105192127
-0.02125617095355443
0.04323881951711971
-0.02656013187894842
0.0112405422345015
0.013640323338264202
-0.027765224868482322
-0.013407352017627282
-0.019806905438432294
0.17106376014414126
-0.1396301809012722
-0.03888552507263514
0.15857149270238521
-0.29561646188684004
0.25181255157535964
0.0211546331866993
-0.08771764850838895
-0.09270267647359778
0.11371733858621791
0.07258317803926245
-0.07683500663109118
-0.11021258746386123
0.1489216773230637
-0.08462014496263186
-0.009245708791094483
0.18182348422319475
-0.20208304216700274
0.049587593830550815
-0.027538243230442974
0.1242905518486886
-0.17921736331561086
0.19425810668245655
-0.1606981229994256
0.21396205316474787
-0.12373879019706613
-0.3218017933438849
0.1259017240925635
0.714032972665323
-1.0507881319484562
1.0181969187736528
-0.778242884268482
0.3064574348966553
-0.07323447208304737
0.05811673069223957
-0.04467768657856297
0.022898053863595044
-0.015527674552122669
0.04751173015906098
-0.028887054447750544
-0.0693065388275528
0.06728884392080524
0.040407469919362525
-0.07218698400412754
0.03667665815632392
-0.0012342978914670934
-0.02698241387660079
0.05470788412813277
-0.09276720012291123
0.0904098734968208
-0.052477004248637875
0.027489024761258217
-0.008195221653685416
0.01031155744507639
-0.02449268387403513
0.03495767062617289
-0.06109443249265667
0.03463046729466177
0.0360005425338119
-0.06784249765367267
0.09749139588093678
-0.05297681956085125
-0.07792175494825253
0.11057501967043043
-0.0636395165857163
0.009790889867503065
0.04702255337101926
-0.06796089606268585
0.09606015717404032
-0.05001040610202362
-0.1064651998244109
0.11538459886731775
0.016090108849177498
-0.07330065492780931
0.08919579423620047
-0.05411990204769083
-0.0568854682136306
0.07452346877507163
0.015328100029925847
-0.03616104291729706
-0.03130009462593209
0.038024186702516234
0.047413894899632006
-0.04171797503478674
-0.07860111548464516
0.08708054850468455
0.01872709898269686
-0.0687627147710997
0.053166520617939986
-0.0592892821031797
0.11001706124454327
-0.09527741756445855
-0.006720104453669409
0.02944124719996535
0.02476027587416048
-0.006606051985165812
0.009966912347594314
0.0874841243389973
-0.42018973305292284
0.3436246283500315
0.1899965197659747
-0.37104652757616957
0.18328357626352076
-0.11764513625406103
0.2298084067528099
-0.17487431936880332
-0.0841981942807879
0.14762687903845212
-0.013871133250478292
-0.03596294420357591
-0.0014607526009164998
0.012277917822525977
0.012472629404354434
0.0002602501239845256
-0.043066599830923584
0.06990465762176488
-0.0953668667863035
0.08038910157119816
-0.02439143643397016
-0.0038255004495653324
0.012319349396646745
-0.014089397744339219
-0.0035430716281199992
-0.009151906372532874
0.051951096171974936
-0.05762937526375238
0.052323573388055725
-0.010635551427988481
-0.09091707436829789
0.10271682312097026
-0.0216996520351282
-0.006485094289955044
-0.012539226877053639
0.025541633337658447
-0.03458870997650161
0.03424149557622159
-0.028935947942234995
0.020585497114417085
0.00039060621764964217
-0.002083288081739619
-0.03170774168633776
0.024909713523114666
0.03874766200868821
-0.04081337536507903
-0.01994430037062711
0.0371065482370446
-0.026117057095720143
0.0018174319538684835
0.05294524075175381
-0.055458991361840695
-0.004682926971214189
0.016607709224819415
0.030031678858735953
-0.03898885218717821
-0.004965132782198017
0.0001555099696844693
0.06201935630973472
-0.07199038912201576
0.03322819788575733
-0.009999205490856698
-0.0007731467124991085
0.0038523001890026195
-0.0003795413854355387
-0.00344049474669644
0.0034018101963185663
-0.004147616088364668
0.018562043650522525
-0.006069263386676047
-0.047267698523289346
0.05460915710425294
-0.0022507903741219182
-0.002700976955611656
-0.05329663056633783
0.05535324953739377
0.0008580675787883962
-0.016071231531122
-0.009037732683712087
0.02531839799580552
-0.024928880370155313
0.0380083401372311
-0.07313189142441896
0.07442655258203106
-0.03864674775241302
0.022197433833091643
-0.03252189148940671
0.024010487862540533
0.014039578297691379
-0.018048719052085774
-0.020527933910027586
0.023249150421793097
0.01204440263328452
-0.020797723395909826
0.008932480946862376
0.00347812293833195
-0.020966837984239334
0.019827197414448886
-0.004723629838234183
-0.008185807082825073
0.023760349183850706
-0.0202492698340271
0.004903894425698307
0.00953150566239467
-0.036434471582061444
0.02830219299762407
0.019940733527227427
-0.032496269987698626
0.011917664930327709
0.0007118506558492265
-0.007833852082340017
0.011384929028195163
-0.005698336731354616
0.008801107690551634
-0.02967895650070888
0.02392577378945277
0.012388315842066162
-0.023214617006352776
0.007183921167483527
-0.0012518207539421262
0.007705509506890027
-0.002693092118253698
-0.009035272719455666
0.019067064926593217
-0.03454487623537322
0.026564850362881184
0.001472242900192178
-0.019489058469378092
0.03326035126364097
-0.029792424731683722
0.010159059254675697
0.0024970146991966026
-0.00811452755340759
0.010978550063869488
-0.014139251519835486
0.009288724581150841
0.0016083908412291353
-0.007440254886086273
0.015482322962924141
-0.008703720071455005
-0.017007363697148618
0.021025544481694525
-0.004033768551657001
-0.005666228257149646
0.008973705740687064
-0.012814246783661314
0.012254369856333009
-0.016918126717878294
0.03329059166328914
-0.02742598838986014
-0.0026967379249604653
0.017575043725242486
-0.016294285022443875
0.02335998834345206
-0.032885039067182764
0.043176126754083666
-0.06284092040801532
0.053615870305988245
-0.018107000631592467
-0.0031296415768271584
0.017172916371524363
-0.015149756951655068
-0.0024583812084913665
0.006598635538310632
-0.006805336309086076
-0.006027182775673161
0.03999588020338654
-0.041140821224820344
0.010742733919644174
0.004124971492348228
-0.009864048656659399
0.007889963874153163
0.012316712545165113
-0.009094534924140182
-0.0297258386813073
0.02799721963098024
0.02234704062763088
-0.034376040230557556
0.0036685751530202157
0.00017913040323488152
0.022789601912722574
-0.03046394982717113
0.02853653693102754
-0.02223786641799299
0.0023533769199236623
-0.006229672039965182
0.032238344347632925
-0.0337089065937103
0.03177373827579316
0.0023218504040228628
-0.08606863123558066
0.09880109437151373
-0.03633183023281792
0.01273396774728909
-0.03398357288725467
0.0331953786456578
0.0018133890917254175
-0.0019875377922968836
-0.04186125600535052
0.042460096739879744
0.0008548560406125508
-0.023638338856632066
0.015934005123787228
-0.019108601788471763
0.06278397950049952
-0.04085367460283908
-0.07539444093140776
0.08497027018011849
0.022864784500106098
-0.04849599020025698
0.0030975925920479486
0.02003942216328736
-0.048695174488764585
0.024568051639281573
0.07513006436876257
-0.08519135156667992
-0.0030432247079269087
0.03184782689239518
0.008614589651638803
-0.01228096624997416
-0.03669042162926382
0.03408498997689799
0.031675574890451995
-0.04329556095373346
-0.004510176397298338
0.017142219084410756
0.007760699695372171
-0.012132508090541266
-0.005503036537227296
0.013995131740776448
-0.0038892442434198746
0.008245731660687115
-0.04431801504530718
0.03272683484709138
0.03550841053102882
-0.05181748810492063
0.014755462261374431
0.003343232701959124
0.01215511383237316
-0.0045508214574895706
-0.05482788307499412
0.03672750456515959
0.07051092701197786
-0.0905620337299496
0.04245316903988488
0.0015982242359435638
-0.07023381640698399
0.06795422372264762
0.029569463532296534
-0.0383781366227009
-0.05681734031527439
