0.0012679236898691176
0.001230865710745099
0.0011909291996408525
0.0011478665353390398
0.0011042899069225345
0.0010594199671625734
0.0010157153249858168
0.0009737065046920028
0.0009316762721583435
0.0008904048140409176
0.0008490886567851601
0.0008076323795321955
0.000767159078148193
0.0007275402580562218
0.0006860270914922019
0.0006425742562801499
0.0005984599118845566
0.0005530121682890475
0.0005081712952396782
0.0004641105463881883
0.0004193279771704331
0.00037428159794846235
0.0003282372577644308
0.00028096692839745554
0.00023315744592801324
0.00018456442172875705
0.00013528583047757616
8.537470387015766e-05
3.456043539929177e-05
-1.7138320076243627e-05
-6.85640606526313e-05
-0.00011966053283193033
-0.00017097556982473134
-0.0002222076677597219
-0.00027409431023620674
-0.000326690658468244
-0.00037937466101853394
-0.00043230691804388807
-0.0004886299142103902
-0.0005485866112359163
-0.0006108142834449154
-0.0006762008269799047
-0.0007427900869636467
-0.0008105157207865723
-0.000881158432398665
-0.0009543553562319713
-0.0010280855366054755
-0.001102430854291119
-0.0011781598083422404
-0.0012548141550768293
-0.001334109736324874
-0.0014161813261966065
-0.0014998276761413387
-0.0015854626243392766
-0.0016708058382037254
-0.001755527591854759
-0.0018410220746747782
-0.001926623605528136
-0.0020134000587129666
-0.002101457923162923
-0.002189673239021229
-0.00227826021834542
-0.0023693413165237027
-0.0024629465363782688
-0.002558190162453275
-0.002655603840564617
-0.002753654405615292
-0.0028522399901978308
-0.002952564597300865
-0.003054288100378783
-0.0031401673811426614
-0.0032085669148210648
-0.0032673083792053048
-0.0033114076772302148
-0.003351024951646796
-0.0033864839939986603
-0.0034081459463867485
-0.003417826379047562
-0.0034274523827972645
-0.003436596035810533
-0.0034404597843810266
-0.003441737624756897
-0.0034304811264427295
-0.003405836229802449
-0.0033747708231974356
-0.0033348460704222633
-0.0032982940666405353
-0.003266899777257131
-0.003232984010416629
-0.00320009615605099
-0.003162545900362478
-0.0031196981522897405
-0.003077514731270554
-0.003034812882390807
-0.0029798473454553127
-0.0029123790790093257
-0.0028372677109061153
-0.002751525398995141
-0.002663495171787886
-0.0025736849985382197
-0.0024754264190149752
-0.002370527493074235
-0.0022712239722299386
-0.0021779577902352656
-0.0020862300284782806
-0.0019993478360008153
-0.0019086025290472666
-0.0018137412091091413
-0.0017220558552239762
-0.0016318600982719676
-0.0015366712238436924
-0.001436895648189106
-0.0013346172623733032
-0.0012283848561572047
-0.0011241128272599281
-0.0010221859976361745
-0.0009185539160269065
-0.0008146127653565696
-0.0006995848226411347
-0.0005720376066290918
-0.00043810369759809226
-0.00029463587558773465
-0.00014695751143458015
4.52267736557526e-06
0.00016528775356306074
0.00033431930545220126
0.0005023954410563401
0.0006695065925481266
0.0008394954175452201
0.0010101162307097641
0.0011882849743626973
0.0013745110583810876
0.0015635393005397709
0.0017569575587491654
0.0019281252992118462
0.002073754096932449
0.0022074635031416583
0.0023213740008832064
0.0024295305121654377
0.002532556976175898
0.0026162027774674548
0.0026829373809408356
0.0027538608021099305
0.002828581362639422
0.0028981681846966716
0.002967515730472189
0.003019920846971708
0.003053930495858088
0.0030816050113911895
0.0030988930447305835
0.003122101545162661
0.003153917316718492
0.0031835211533226787
0.0032157233671170375
0.003243557642563176
0.003266136664748654
0.003291183936803791
0.0033172539685875856
0.0033275267802142725
0.0033215740999540553
0.0033065281464286604
0.0032780903348497274
0.0032479876496869435
0.0032169581082201336
0.003175540874159343
0.0031262774899989115
0.003091614226457648
0.0030726889938446885
0.003060717663929952
0.003061863436027268
0.0030608602694155596
0.0030572382115191957
0.0030641388483533087
0.0030786446225339525
0.003087953512754626
0.0030927514998367327
0.0030974531434377916
0.0030991758892054944
0.0031092692369220905
0.003128528270198076
0.0031491097045951086
0.0031737132906405883
0.0031838055649051553
0.0031768532932206685
0.003163644486649088
0.0031387659729729253
0.003111219464411878
0.003081756257984717
0.0030410384760048382
0.0029908115395143515
0.0029473651653992385
0.0029107846361249175
0.0028742754629049786
0.0028418403087071145
0.0028014076402082607
0.002752114236425313
0.0027032279112501586
0.0026520055067987313
0.002591383807335947
0.0025216333677429595
0.0024440678875739938
0.0023568678137331264
0.002266234445754382
0.002172149589055174
0.0020698752085160426
0.0019605704591123003
0.0018458262555881083
0.0017251364861372315
0.001598410520209828
0.0014658503242098607
0.0013250261644505864
0.0011757544085340694
0.001019293689631218
0.0008549960072284894
0.000691061904921862
0.0005283107966171166
0.00036231332736940574
0.00019535329100099427
2.2854753452537898e-05
-0.0001555565538351285
-0.0003356067677577231
-0.0005182490030655177
-0.0007099231366305165
-0.0009106530188663375
-0.0011179851998967803
-0.0013335324902029504
-0.0015524461598972368
-0.001774459287797688
-0.002003336990286358
-0.002238027561550048
-0.0024779118688976532
-0.002723371084782747
-0.0029739742570431753
-0.0032296722312937596
-0.003491781568263538
-0.0037603062995623304
-0.004034585739706723
-0.0043149215268686834
-0.004600514065185245
-0.0048912677928863455
-0.0051878083429189245
-0.00548993501107105
-0.0057979661945809806
-0.00611199143980962
-0.006431703080472916
-0.006757200672241483
-0.007090557408890837
-0.007431961213529964
-0.00778053011517674
-0.00813686710853295
-0.008499757756889147
-0.008869182008201795
-0.009246306273834467
-0.009630925980289853
-0.010021798696787286
-0.010419006393681552
-0.010823056562910478
-0.011233689987015762
-0.01165201534649868
-0.012078145160843367
-0.012511352257658257
-0.012951925283462108
-0.013347458116256912
-0.01369252217351203
-0.01401186018039921
-0.014290223864749825
-0.014557490433627343
-0.01481473504444173
-0.015033067458600773
-0.015217813327546549
-0.015406889668905653
-0.015599175675749616
-0.01577916550274271
-0.015955513508183753
-0.016097171572946777
-0.01620147513636573
-0.016290416804116796
-0.01635642241487135
-0.01643505227215682
-0.01653169839068482
-0.016623694153551433
-0.01672141632133441
-0.016808728764350817
-0.016883773486045958
-0.01696374858791796
-0.017045311967914322
-0.017093620128184057
-0.017107923113299003
-0.017102763834838036
-0.017069275950231944
-0.017032094436953884
-0.016992746454967952
-0.01693151044788245
-0.01685373549492867
-0.016798693601411747
-0.016768011559141566
-0.01674694867652492
-0.016746186587181727
-0.016738221572636294
-0.01672225132019715
-0.01672154400006453
-0.016730807141832355
-0.016728709639438896
-0.016716532673606885
-0.016701329273535372
-0.016678324265993374
-0.016666805633580143
-0.01666807424794384
-0.016668900186817444
-0.016673858766512294
-0.016649130117389565
-0.01659018829594462
-0.01651644282147468
-0.016418026278788037
-0.016311570586821023
-0.016198400727549245
-0.016061372121963843
-0.015903691001027474
-0.015754578164872395
-0.015614117831470407
-0.015470148149605305
-0.015329816115295398
-0.015171317168320837
-0.0149930727117791
-0.014811730974648685
-0.014622312707686625
-0.014431112449081632
-0.014240539407256727
-0.014044016946729028
-0.013843780229652037
-0.013640065640211967
-0.013432436825625907
-0.013222858505533439
-0.013011453224159916
-0.01278742281001972
-0.012550257176454447
-0.012305337435914008
-0.012049900762668346
-0.011790764721777163
-0.01152854252966194
-0.011257557849463442
-0.010979362986823168
-0.010695753243663517
-0.010406233403258438
-0.010111051796711484
-0.00981052695777019
-0.009502300378607803
-0.009186357900133954
-0.008864107394150422
-0.008535038235445887
-0.008200193942024963
-0.0078597852865416
-0.0075129373667180395
-0.0071599498018358
-0.006800583076747236
-0.006434747500044576
-0.006062813175686264
-0.00568471358718058
-0.005287654036866755
-0.004870379386439666
-0.004438829262281047
-0.0039893042073390755
-0.003529195956067987
-0.0030587651554758446
-0.0025709384075862122
-0.002067041239067621
-0.0015559799961738984
-0.001037453650215148
-0.0005078662280670946
3.076279431654145e-05
0.0005858104579273878
0.0011579076832749734
0.0017418650832153502
0.0023394864419573475
0.00294248229888876
0.003549600342644171
0.00416616093465788
0.004789753302037458
0.0054241364764170165
0.006069758444798923
0.006722626599410213
0.007383529874577227
0.008060618899759378
0.008754082327561235
0.00946053317552858
0.010182054872937886
0.010912910200389894
0.011652754697811997
0.012406205058198373
0.01317202522481093
0.013856505997489818
0.014450577009255651
0.014997212633059219
0.015469298803202811
0.015921642372350938
0.016356067837281694
0.01672038342327035
0.017024396500372407
0.01733370309632145
0.017646080420401083
0.0179350636262025
0.01821552718666859
0.01843305729891552
0.018583004602866056
0.018703630059811897
0.01878162858822795
0.01888277849725873
0.019016789456084645
0.019142250100876935
0.019278289910531796
0.01939452601346228
0.01948756223641815
0.0195894099310046
0.019693777532641205
0.019737236575083642
0.019718500481917856
0.01966390241677333
0.019557323083327496
0.01944380537343385
0.01932612572229902
0.019168309622437735
0.018980141303810056
0.018829016423186223
0.0187174807817119
0.018620656823302835
0.018556806243446255
0.01847819255019404
0.01838345049805716
0.018312695888597214
0.01825671797099718
0.018179621385261205
0.01808365729954403
0.017980478973694702
0.017862069015346167
0.017761146554725927
0.017679881874271563
0.017595897873079542
0.017516945645173688
0.017384038379664297
0.017189342968896026
0.01696653099632812
0.01669839771118362
0.016414081660569572
0.016115862164841847
0.015773767900517436
0.01539340264896625
0.015025402778122603
0.014669867222122298
0.014305735423522325
0.01394536921082403
0.013550881698848858
0.013119515598748048
0.012680135020494724
0.012224070870952536
0.01181347087033858
0.011457764049236185
0.011121555867288782
0.010823629087458644
0.010535051072017056
0.010254053405097507
0.010012366628369315
0.009804989819856192
0.009576441854534557
0.009326986327364528
0.00908097805188159
0.008825268681129412
0.00860191199610053
0.0084145871038206
0.008232115805504259
0.008064588360401005
0.007880083877923582
0.007672487914855535
0.0074645346202956465
0.007246579613001736
0.007030538707550373
0.006818238924176856
0.006595164243969561
0.006363764070408243
0.006160090935500001
0.00598526163764552
0.005823521143883607
0.00568411860848884
0.005542445056308057
0.005396870923355287
0.005267440434718238
0.005148804228691764
0.0049806443262579445
0.004759253355101463
0.004509234772307547
0.004213827145985319
0.003912650027818387
0.0036069584426857127
0.0032618854292398676
0.002884909446237623
0.0025121536955628725
0.0021418709431925073
0.0017610427374082954
0.0013778176372927033
0.0009607259744604075
0.0005074408074184212
3.980727459923225e-05
-0.0004497130196308693
-0.0009137589835819437
-0.0013457294002945735
-0.0017737234315777378
-0.002183919304161286
-0.0025990341319307476
-0.0030211079820507045
-0.003426475790806103
-0.00381960689167656
-0.004243055590701608
-0.004697201295283385
-0.005164308295190521
-0.005654919507617134
-0.006137824816022786
-0.0066108631004219934
-0.0070982231555913105
-0.007592885401507968
-0.008030166961545734
-0.008406097673381133
-0.008745899454667354
-0.00903142244311136
-0.009305438477101665
-0.009568896718862666
-0.009783911549593294
-0.00995829736026038
-0.010129525214581785
-0.010295316695329399
-0.01044192538671778
-0.010577515811608889
-0.010668492279931125
-0.010712089320497813
-0.010730962512871471
-0.010716810658082476
-0.010722650043359616
-0.010755436278584656
-0.010783589097776488
-0.010822326605736742
-0.010845395202232152
-0.010850226211015435
-0.010863307132358217
-0.010879229081509555
-0.010850403324106661
-0.01077616443638942
-0.010675827510010968
-0.010537392509387612
-0.010395385563314532
-0.010251908302737818
-0.010079729011502898
-0.009886384023228324
