-0.02057740496513051
-0.015751034441810256
-0.011166960380980317
-0.00700470185267864
-0.00019875279568311744
0.008530513427498167
0.013513098801177528
0.014606867622666388
0.014037519518243021
0.010328177740948463
0.007597163994880104
0.006044366251896573
0.002346965569219923
-0.0026348356561072517
-0.005528138182067601
-0.006418800860267767
-0.006331752727981057
-0.004434997638191309
-0.0035637705045897363
-0.0038270748517604397
-0.003111073546598994
-0.002018033517114357
-0.001356167678140945
-0.0009637444481805416
-0.0008732520885909192
-0.0012503921564584561
-0.001071971430604925
-0.0003288571125938313
0.0003374461200771834
0.0011457402863832965
0.0017177844691852273
0.0019597627865801264
0.0022095678741992893
0.0023523525153889596
0.0024365504133349535
0.002492188664613029
0.002395597978228509
0.002159488407564407
0.001782700315683948
0.0012390261984152801
0.0005317467334562133
-0.0003534882855088473
-0.0014446340508453954
-0.00275303697315154
-0.004286428522222315
-0.006060583865996882
-0.006506344770994274
-0.005473884980789606
-0.0037178229793222942
-0.0007905892442050392
0.002391665935358241
0.0057849493759888505
0.010249808561847174
0.015613122546912401
0.0182517108332922
0.017933459971332676
0.01626707043250658
0.012260627436755737
0.008250842987334393
0.004353458609330997
-0.0014721356374195603
-0.00875960185902955
-0.013467634105282313
-0.01548183428129306
-0.016424304113984548
-0.015240774541703698
-0.014834300607615902
-0.015352532789517395
-0.014442937118298126
-0.012714067672113295
-0.01056676767708315
-0.007735727255494673
-0.004424716119504684
-0.000643918062788409
0.004473413142631499
0.010965683720614294
0.018437130699337084
0.0271117798730968
0.030703298451859283
0.028583056156681518
0.02389632517155843
0.014853833257959291
0.0050131503196472966
-0.005425946328121694
-0.019842150235550585
-0.037552866499992475
-0.04635705167354664
-0.045548857091199615
-0.040489862162164755
-0.02787270870654022
-0.01569485717905078
-0.004365918886541525
0.013002092755411834
0.03479152181428831
0.04646111912470481
0.04750638957372597
0.04377013282909152
0.03140937041533944
0.020704598509224917
0.012139300623935267
-0.002747095404272731
-0.021840380003171206
-0.0324856230228313
-0.034527372431733275
-0.032567610822000534
-0.023341426437392628
-0.016448236856033055
-0.012298826357986794
-0.003301044711904567
0.008547585095676912
0.015589772999226977
0.018010579052033737
0.018100776431958142
0.013960144721848006
0.012052432664037013
0.012610819153784647
0.010803835782651277
0.007994354972034129
0.005870791882126899
0.004038590515485911
0.0026276681862828764
0.001963059418839936
-0.0002199862466050494
-0.003950882252049706
-0.007855983313878535
-0.012431517637408046
-0.014975484448357383
-0.01510850020812079
-0.014471885874271301
-0.012282489275679263
-0.00974641853590601
-0.006984487931009586
-0.002699612491148965
0.0028702420811914796
0.006241561436662403
0.007278642832709598
0.007497910598341987
0.005989164411265226
0.005119226535024735
0.0050320719567590625
0.003771242550415054
0.0018400524457719445
0.0008438909646970935
0.0006924355894629477
0.0009613845126225705
0.0020293919864999067
0.002460177038114425
0.002198588739832186
0.0022712142223027375
0.002366470391521077
0.0023955645952042663
0.0024573136032862123
0.0023718012168972343
0.002137606759858863
0.0020671059918923942
0.00214567868318634
0.0022189045595663735
0.002350180109020095
0.0016450975164122965
3.7273882916233824e-06
-0.0021080149209164625
-0.004947340807705477
-0.008048557863045104
-0.011384225625862096
-0.015418523198835521
-0.02006467441225346
-0.021628269983336158
-0.01980859682545342
-0.016293534814855955
-0.010044170013911643
-0.003317275593723017
0.003787367437642681
0.013328292657694456
0.024874713517451495
0.03105051880166055
0.031424096044461926
0.029222272279085193
0.02244047472626695
0.015925175017596122
0.009917984215228956
0.00024056741705256145
-0.012130993032182295
-0.018931260339694573
-0.01991466142601556
-0.018373105557103312
-0.012140074493724366
-0.007141030050743053
-0.003663111236086432
0.003117077330579212
0.011968422971093065
0.015966603539057933
0.015037633717110314
0.011637874644560328
0.003977433022643919
-0.0026571613556482005
-0.0080564089997137
-0.016400912958613543
-0.02659972344053179
-0.031211688705766145
-0.030012681751819207
-0.025784693933999327
-0.01654707392396933
-0.007719088175781398
0.0005003872227198159
0.012553823515228543
0.027354795272006557
0.03520137013240111
0.0357133003390222
0.03277317988085043
0.023790130155590748
0.015600615238812794
0.008503149333921621
-0.003177528023675565
-0.018055270242054274
-0.026414982155211698
-0.028045624538867116
-0.026648688230383653
-0.019693676148706735
-0.014353667657430869
-0.010953204380231757
-0.0037347258586565863
0.005811970882779661
0.011726135942628979
0.014145962434538029
0.014906670441548293
0.012534053423163966
0.012021810108055283
0.013564728938673259
0.013431441250447127
0.012683060565551315
0.011538818862437376
0.00958790290698223
0.0074501645678720085
0.0050654632957623505
0.001318970157733856
-0.0037832490441514106
-0.009778426611835223
-0.016931208114883127
-0.02074344362453721
-0.020772873659134713
-0.019357565484373708
-0.015235328289375648
-0.010902610807699858
-0.006532541541186448
0.00023516593752314534
0.00890193778735182
0.01384277587540003
0.01484898980674049
0.014280307883681643
0.0106585266558053
0.007880050320599723
0.0061557329656735165
0.0022713490311011444
-0.002957828207972772
-0.006113579875298057
-0.007271734111377783
-0.007512331900071834
-0.0059926729200648335
-0.005541296920051057
-0.00627542380069554
-0.0060780050181070385
-0.005553291052077571
-0.005132341250938514
-0.00461521073847092
-0.004214015871361809
-0.003985364162092265
-0.0031266904473735285
-0.0016380217287516473
4.8561828092697195e-05
0.0021112747038332835
0.003874885202042441
0.005250230858116178
0.006695434929712358
0.008025436845973555
0.009524547859295917
0.011240996355956715
0.012878560832462804
0.014505560448998311
0.014554043938910938
0.012820643054589822
0.01008353564652088
0.0058697962968560155
0.0010112129026918098
-0.004467215189915362
-0.011422210713091352
-0.019715941732179696
-0.02392681132956244
-0.023657518843146378
-0.02140059380463052
-0.015657627629081437
-0.00982206658531349
-0.004070076820623182
0.004617118954209916
0.015566040913439206
0.021616772728101277
0.02248759993248917
0.02114814298892661
0.01570237588861969
0.011125677868839775
0.0076695247682169706
0.0012109861008625094
-0.007221344626749176
-0.01219268230840112
-0.013702860437550849
-0.013651245250261198
-0.010660194176305348
-0.008979375352558801
-0.008793710206289919
-0.006812839506360583
-0.00393320924274502
-0.0018019450586939368
-0.0001846467070497759
0.001093902259081498
0.0016817801729830724
0.003404550976497913
0.006309382047757218
0.009210164050239462
0.012508022166211032
0.013659083645845574
0.012299465582482448
0.00991779711859745
0.005764067201594253
0.0010009119652953308
-0.004278580451452778
-0.011331932520279956
-0.019943599075868092
-0.024144511669179657
-0.02354608176237497
-0.020851674154072183
-0.01443228118040011
-0.008088235090429313
-0.002022688138814699
0.0070909872989983755
0.018487388077970686
0.02450468313671187
0.024842251416188628
0.022637684064382785
0.015856327755732518
0.009833165456102891
0.0048239094394758476
-0.003600453776599858
-0.014345843443183664
-0.020290500975533473
-0.021309001115111442
-0.020056722674280564
-0.014685795720792176
-0.010510302080280871
-0.007763016301018347
-0.00220268652716062
0.005067637687099721
0.009939105493732016
0.012539643293373709
0.014084090666099107
0.01356621305816905
0.014504499571534797
0.017034157921862626
0.018557865844165786
0.01982686821998052
0.019736266715085007
0.017877851387760497
0.01528517105656987
0.011556168062540144
0.006640202719065665
0.0005741319532250656
-0.007007942320003508
-0.016155372859376585
-0.0223020751299896
-0.0251072279100594
-0.026805780663372084
-0.026153806953300416
-0.025924354969591515
-0.026305158130220843
-0.024831947829211783
-0.022079415966090504
-0.018915933407145043
-0.015075476818801413
-0.010496487400622555
-0.005291125295594159
0.0017145674364569925
0.010606978238643098
0.020767871896147667
0.032507294369850684
0.038752161520158035
0.038781673017835534
0.03618463485931388
0.028947948730228355
0.021054869038227633
0.0127416098742843
0.0002203697062820181
-0.015738376855132616
-0.024872043548423636
-0.026737364306101196
-0.02574031686903262
-0.01916509223005396
-0.014012860642719843
-0.010671871352483073
-0.003309150712759127
0.00661371743233973
0.012177369511787897
0.013455658614868244
0.012762712886147286
0.008369106243640038
0.00582280805768614
0.005361585369292041
0.0027592342879639666
-0.0008056903878059259
-0.0026837514063814613
-0.0031055774952909957
-0.0025147440906195823
-0.00029043966911451025
0.0009305946703906045
0.0010958882429111469
0.0020402938044290215
0.003211080428579857
0.0031959854060893997
0.002047096304797785
4.213025517882133e-05
-0.003182517519131453
-0.006319625053098847
-0.009361652767470996
-0.013285432409512115
-0.01783695297185115
-0.019610096648452556
-0.018383280288849443
-0.015594661476793012
-0.010297993216119166
-0.004740587710815177
0.0009923627631182991
0.008869591892099016
0.01845778366637364
0.023820149421543223
0.024647246736668623
0.023480395163797928
0.018718091721035966
0.014352172945829316
0.010579338626205855
0.004006848699998488
-0.004555351534785221
-0.009677239231385398
-0.011281369726149779
-0.011421887547463731
-0.008704402177209214
-0.007198357735709744
-0.007100469966889232
-0.0051928125724963
-0.002334648183628834
-0.0005974815585788784
0.00020973544160087892
0.0004905951919636402
-0.0002254698573912014
0.00010878549855545367
0.001557797975808407
0.0027205351073942433
0.004042625056322695
0.004743413190393943
0.004606346632492084
0.004319714544749317
0.0036321978227464276
0.0026364481377552707
0.001381932399315814
-0.0004050213023830768
-0.002709919909328844
-0.0041501308880908284
-0.004649625870392355
-0.00486730599540489
-0.0044388108147299
-0.004236100678555946
-0.004322600572005001
-0.003953638301515777
-0.003316766569725117
-0.00276371705259148
-0.002231523183987139
-0.001676918951180626
-0.0011669099998541698
-0.00030675570453277015
0.0009210024158910605
0.0022733070067872748
0.003842832378364208
0.004881915810331918
0.005299022761313065
0.0055184098815976535
0.005325908974929796
0.0050994283377952
0.004870612727952522
0.004261108341066328
0.0033462592012102237
0.002513833314721341
0.0017419537399310375
0.0008880711316177034
3.73615873247654e-05
-0.0011404883798982871
-0.002671924685594789
-0.004329548042855541
-0.006193847476595288
-0.007248987666321859
-0.007373690193838961
-0.007107540912052463
-0.006155432639610584
-0.005055373606441626
-0.003840334495425755
-0.0019754834661903204
0.00043796323087096675
0.0017520899895235933
0.0018881770405531834
0.0015699928081387019
0.0003598550994906081
-0.0006359582225838509
-0.0013536345907586601
-0.0027223588447756876
-0.004510940969029253
-0.004702289623270081
-0.00321484704064865
-0.0008463518537587687
0.002944502388694067
0.006751004522262326
0.01051688275431581
0.015420035551608443
0.021179598564702383
0.023377087761061063
0.021725605151445934
0.018124997357552526
0.011353846180087997
0.004282198198741127
-0.0029709865603586116
-0.01292662444991702
-0.025026811873508414
-0.031395427721944924
-0.03160581871970577
-0.029034922119563655
-0.021550226705356914
-0.014412204418818918
-0.007874481861621936
0.0025586451696991766
0.015826569386596233
0.023152229283934487
0.0242777262224694
0.0226800476864265
0.01605717679449915
0.010717170483425312
0.006960660539999578
-0.0003453788255346282
-0.009892835216810421
-0.01502264834732809
-0.01573052477906606
-0.014302003124526473
-0.009040281056108507
-0.005169367074437613
-0.0029006680070388807
0.0018220212749430155
0.007907128448659533
