-0.0033576800719999065
-0.00289068591810902
-0.0024326963143733783
-0.0019892588638018827
-0.0014932750970127373
-0.0009635787645864773
-0.0005263019872364534
-0.00018658751246003255
0.00010143007856087002
0.00030326259215644573
0.0005076672926372969
0.0007167498246590527
0.0008551822487138455
0.0009397427161289884
0.001037009937150318
0.0011423557278661318
0.0012336077500448674
0.0013253069662383624
0.001355937712796676
0.0013210238234435622
0.0012619186349556635
0.0011637250612225917
0.0011370359331128986
0.0011961418787290888
0.001277336595383129
0.0014125751748781182
0.0015465223080886584
0.0016744800453341452
0.0018524712536183304
0.002069518409174354
0.0022300225682293177
0.0023333942437918334
0.0024187885103135534
0.0024625564751143175
0.0025355315480645826
0.0026424820745824524
0.0027287247285872965
0.002810148015908035
0.002876569201142802
0.002920869695709168
0.0029591373646696557
0.002986840408164865
0.0029967025759749895
0.0029895792560804555
0.0029646330866697074
0.002920014568271727
0.002882868641724536
0.0028547388163766034
0.002820871093681932
0.002788162606711019
0.002740361200053474
0.0026756567089263297
0.0026077260235692003
0.0025326992427224895
0.0024368575510191645
0.0023203380381648262
0.0021867226955320277
0.002032429036078563
0.0018682358884589678
0.0016942214210932966
0.0015017916013010588
0.0012929676190210529
0.0010712823002012317
0.0008358429813386691
0.0005861108338295755
0.00032260604419697835
4.058295468264134e-05
-0.0002603425636835119
-0.0005776017562302654
-0.000912457644334405
-0.001185986269264146
-0.0013900807429146384
-0.00156278137934211
-0.0016812814457184797
-0.0017904747109231923
-0.0018922810721874598
-0.0019435403814961896
-0.0019524592414678712
-0.0019767853687485014
-0.0020151150499815315
-0.0020441125436604455
-0.0020771646184412317
-0.0020675815583252413
-0.0020115766964444765
-0.001942696944058155
-0.0018497440082490626
-0.001784346886752985
-0.0017546766931766616
-0.0017278368426847765
-0.0017190804633497236
-0.0017056421649671123
-0.0016850186687923912
-0.0016821493283902156
-0.0016924840795758723
-0.0016652736751408047
-0.0015995855773740211
-0.0015169861369841225
-0.0014047069377942638
-0.0012988669332306363
-0.0012019131941909704
-0.001085259624890154
-0.000956911983178003
-0.0008444308842631982
-0.0007473065662108889
-0.0006582285321795856
-0.0005842590749300093
-0.0005026050701336315
-0.0004128724814309818
-0.00033264517025430285
-0.0002574343659999775
-0.00017781883773137691
-9.518703763610573e-05
-1.1219830971528734e-05
7.596924554140132e-05
0.00015573963545222126
0.00022753625530673102
0.00029798789957662477
0.00036455989371390445
0.00045577209307718427
0.0005749498839226564
0.0007067001396323097
0.000859224939148483
0.0010175126264528813
0.0011805275174804114
0.0013630977382295408
0.0015623218775213433
0.001755513983775308
0.0019427993267396267
0.002133361719459765
0.0023217156951083045
0.0025252479451797196
0.0027452035492688304
0.0029685145907035835
0.003199174807852849
0.003368194660336484
0.0034671393593778523
0.003531206022391176
0.0035400228060916425
0.003530092499585974
0.003503046732363354
0.0034219629590024727
0.003293281778973918
0.003171383699136691
0.003055249060167733
0.002921924380314427
0.002784028282036188
0.0025984792955059117
0.002361549037272396
0.0021043475614977982
0.0018164366146783666
0.001539867437693488
0.0012815773358372988
0.0010136816822704647
0.0007485919578737496
0.00046836459105188433
0.00017072221385074432
-0.00012441627526830866
-0.00042076591969288736
-0.0007616651510837845
-0.001148206488759468
-0.0015619980390379352
-0.0020141073228518566
-0.0024743001042022692
-0.00294066350001626
-0.0034375694209983036
-0.003958456809294397
-0.004362572191332061
-0.0046384396815820975
-0.004847431582311495
-0.004949503662057092
-0.005031413034975213
-0.005095952682524091
-0.005063388673220745
-0.004949620562622353
-0.004847046100281804
-0.0047519883016850515
-0.004628715076147624
-0.00449812206503316
-0.004282004045562391
-0.003974028305398063
-0.0036288680371754753
-0.0032275453029984606
-0.0028745529573546164
-0.0025848802586801024
-0.0022945425309750496
-0.0020339644654432747
-0.001753941126437817
-0.001449486722609323
-0.001172105370520623
-0.0009118408736382531
-0.0005711888133860507
-0.00014866425187779833
0.0003152108904681629
0.0008449434731768159
0.0013702746162403026
0.00188664190695972
0.002449413752567
0.003043090371327185
0.00350644680027605
0.0038293818805740427
0.004076501827687853
0.004202721078839678
0.004314002644619515
0.004413212272059981
0.00440660228510182
0.0043138311584330884
0.004230821457640751
0.004152472040756419
0.00404373503330648
0.003925926711515444
0.0037145743105605057
0.003403066464979894
0.0030493153530803483
0.0026327773335723605
0.002283728150122037
0.002019814439981941
0.0017636181403493973
0.0015528629629900069
0.0013240658161469108
0.0010712851206815966
0.000859630996452038
0.0006763299869680225
0.00040434583887848715
4.235211827201676e-05
-0.00036148039563071424
-0.0008363937263907987
-0.0012969895538079107
-0.0017376931633587376
-0.0022252443627343386
-0.0027407041368190076
-0.0031366538071175205
-0.0034055975970959697
-0.003603174855299103
-0.003688580689747507
-0.003762524368792237
-0.00382737480218605
-0.003795948351727801
-0.0036870177752188486
-0.0035824636421467456
-0.003477054196972549
-0.003342123742293348
-0.003195588159045297
-0.0029631301232383575
-0.0026390299215181805
-0.0022734478107572873
-0.0018482453451224357
-0.001489071859163027
-0.0012123343262505782
-0.0009445975558751665
-0.0007221000437956219
-0.00048236196375267104
-0.00021975904530170603
2.4333111645992905e-06
0.0001967831088240028
0.00047376541916459183
0.0008344146216482124
0.0012335907042784592
0.0016988296765503548
0.0021489857466122086
0.002578786332163032
0.0030514094647864204
0.0035488371850379615
0.003929607554542331
0.004186377222624165
0.0043726078541936496
0.004449071975267692
0.004512156352789226
0.004564080287147576
0.004521201688247666
0.004401431605587933
0.004283676808828313
0.004162895340158398
0.004011298279824801
0.0038461255150215004
0.0035957940994438193
0.003254735105046697
0.0028712185779874353
0.0024277340490171783
0.0020450085881703038
0.0017387769555724953
0.001438383400286694
0.001178616157420109
0.000899388133381749
0.0005952435791019968
0.00032695066027526356
8.238442635837191e-05
-0.00024476063649645624
-0.0006555331590994362
-0.0011065573772983724
-0.0016243681021869353
-0.0021309778344774212
-0.002621364005611335
-0.0031563373199297224
-0.003718619325991604
-0.0041608545100553975
-0.004474861560775776
-0.004717414289654289
-0.0048475277122353895
-0.004964446535695435
-0.005070573156942114
-0.005079234326854007
-0.005008854998668849
-0.0049435087951027095
-0.004878136155147887
-0.004782727717203495
-0.004675758933794393
-0.004481732565699976
-0.004194757298071496
-0.003866026393559754
-0.003477104361484944
-0.003151909316791492
-0.0029067827290206643
-0.002668872880950986
-0.0024739412883282544
-0.00226069509214703
-0.0020235209492838434
-0.0018246653278070415
-0.0016517718298660583
-0.0013950568795658325
-0.0010533896044973312
-0.0006716856472195353
-0.00022253473163399583
0.00021365303389071365
0.0006316765092832777
0.001094276045973805
0.0015836301279874656
0.0019660408998053124
0.0022349566315437116
0.002440385915320326
0.0025453860243244155
0.0026418523493510304
0.002731911968143447
0.0027362900969878207
0.002672138931229424
0.0026130172271615465
0.0025541215638965244
0.0024698934399186127
0.0023764020839022034
0.00220660637392811
0.0019553743436954945
0.0016678762011247388
0.0013277528203697582
0.0010501443134993637
0.0008500168816920208
0.0006602852433866045
0.0005141513176965567
0.00035421179662879787
0.0001753494523400227
3.562711454713231e-05
-7.648509868274965e-05
-0.0002618541512059179
-0.0005213734002292345
-0.0008138471866745884
-0.0011643919984896233
-0.001498807457970868
-0.0018122567843092928
-0.002162440568957183
-0.002532864129058597
-0.0027980195423514403
-0.002951556738953853
-0.0030405295872079456
-0.0030301664785206653
-0.003006354045709211
-0.002971018917142031
-0.0028497930178119197
-0.0026586322753212946
-0.002466919605681295
-0.002270107757959558
-0.00204387757161793
-0.0018033446099164408
-0.001485291256286794
-0.0010847949074598367
-0.000644373223926204
-0.0001485429805918399
0.0002949196958297915
0.0006720420683846174
0.0010458021353233569
0.001385168854323173
0.0017439306651198124
0.002126963473875583
0.0024799781123086262
0.0028138402961265583
0.003223242367773271
0.0037091116252858684
0.004232865932956183
0.004818146163374056
0.0053954569664776755
0.005960339534762931
0.0065669862049285805
0.007200009744444345
0.007677039140261942
0.00798553543087929
0.00819997108546203
0.008268954461715699
0.008310152969756146
0.008326698210676367
0.008213111768911421
0.007990992041532273
0.007771889840793973
0.00755013806006841
0.0072839985926808105
0.006998252930344809
0.006595469537883866
0.006067775291294788
0.005482045059434481
0.004814459535703447
0.004210462654709442
0.003689852222060239
0.003165408438757412
0.002679180559397398
0.002160516787343391
0.001602551916947261
0.0010777042299773372
0.0005716122011157834
-4.7785041396475146e-05
-0.0007822569926403612
-0.0015775674688566145
-0.0024668778590957057
-0.003354365220040739
-0.0042339347654441715
-0.005180898598153565
-0.006174157178101386
-0.006958457086940445
-0.007516353363225736
-0.007952530566315327
-0.008195185334804306
-0.008409082063764093
-0.008598814568411859
-0.008616944165926718
-0.00849386702143938
-0.008386068214128961
-0.008285810973324474
-0.00813476742912431
-0.007967850406037914
-0.00764878997745718
-0.0071667410199831895
-0.00661556665808441
-0.0059620932264964725
-0.005408998995993639
-0.004984077735810471
-0.004565926837088021
-0.0042132748339439785
-0.003828052346795167
-0.0034008562694719056
-0.0030326313705084855
-0.0027035751111355107
-0.0022297692715194917
-0.0016088950654692808
-0.0009167543228944777
-0.00010728367728282947
0.0006858282864398421
0.0014539186647370738
0.0023017828240917294
0.0031998545632125563
0.003930182533836797
0.004482491379299911
0.004938037092243557
0.005236776381969071
0.005529247654172408
0.005819040151477528
0.005976822837705349
0.006030830009076771
0.006100097086628013
0.006176836813331588
0.006220115156696764
0.006255993628253186
0.00617585468848451
0.005971532063847791
0.005716305096845011
0.00538376508318967
0.005161739259145554
0.00507469566547133
0.005013496639347417
0.005032378368530795
0.0050377896040471794
0.005021520385557051
0.005078382383475799
0.005189684011564306
0.0051913622851157415
0.00508210886647366
0.004929073709687171
0.004691504362040661
0.004490355741053597
0.004333626636772628
0.004127502661615114
0.0038989710503385126
0.003642274911324691
0.0033462443107258972
0.0030326621011934024
0.002697025094415104
0.0023198995358114176
0.0019023181640606737
0.0014492012235416886
0.0009559812764805078
0.0004604954814665252
-3.453769387035844e-05
-0.0005511271094244973
-0.0010795756092900125
-0.001640947536018544
-0.002237934083114119
-0.0028522157701335238
-0.0034889092595181007
-0.00417951293159261
-0.004925168030503564
-0.005714916649052342
-0.00655735984140116
-0.0074306912106926705
-0.008334547881346497
-0.009287603321321896
-0.01028584647939962
-0.01131572043549729
-0.01237876773285977
-0.013479305735959788
-0.014614668184132986
-0.015798593238179073
-0.017032257325380565
-0.018307093714206798
-0.01962662571390724
-0.02059266820243937
-0.021163893983620365
-0.021529449474669463
-0.02157361093128131
-0.021522913536012753
-0.021385872872129192
-0.020943499184420192
-0.020236381400853504
-0.019553756644469792
-0.018887459258330415
-0.01811942091368954
-0.017315897724543255
-0.016240843103286044
-0.014874226885252048
-0.013383815781696676
-0.01171223555086195
-0.010126717757916893
-0.008668223195029977
-0.0071662448615335255
-0.0056989756596136365
-0.004146020328858421
-0.002493599239221884
-0.000870850408125703
0.0007469951092675541
0.002622287017072144
0.004760536152208013
0.00705180348505416
0.009562706073717642
0.01210758386077655
0.01467471020273237
0.017412409578817928
0.020280204189621266
