step, usd->oil, oil->usd
Band: 0
Linear p-values:
1, 8.721945098212228e-10, 4.587334180631273e-12
2, 0.3304005748871489, 0.03160368467577292
3, 0.65765660315773, 0.14818398172766503
4, 0.7124314832955042, 0.1610856989754142
5, 0.776006360363434, 0.2326427396979607
6, 0.7108690056790239, 0.14498120927239386
Nonlinear p-values:
1, 0.56382, 0.04144
2, 0.57666, 0.04609
3, 0.53617, 0.04791
4, 0.49499, 0.04763
5, 0.48297, 0.04929
6, 0.46923, 0.04821
Band: 1
Linear p-values:
1, 0.576580787836255, 0.8005093993927974
2, 0.3490771379674521, 0.6153989480251334
3, 0.8048844400163798, 0.9464915009229018
4, 0.769226607710632, 0.9576586972702322
5, 0.8881659817609853, 0.971079183472555
6, 0.8872331513782594, 0.9691215511759728
Nonlinear p-values:
1, 0.00376, 0.83646
2, 0.00582, 0.83974
3, 0.00581, 0.84139
4, 0.00517, 0.82358
5, 0.00649, 0.82863
6, 0.0075, 0.81823
Band: 2
Linear p-values:
1, 0.7466571746274154, 0.610964045121891
2, 0.9330459149060022, 0.9961955871036665
3, 0.9921546656313681, 0.9988969927165346
4, 0.9979035825804735, 0.9999224475441602
5, 0.9996591102872344, 0.9999880936179147
6, 0.9994048891796895, 0.9999999424701786
Nonlinear p-values:
1, 0.93195, 0.08213
2, 0.98183, 0.132
3, 0.99483, 0.16424
4, 0.99726, 0.1656
5, 0.99871, 0.14828
6, 0.99705, 0.16691
Band: 3
Linear p-values:
1, 0.10477751152349005, 0.1311984762577162
2, 0.6918113008724657, 0.584854237992432
3, 0.8271714990966729, 0.7911471274481754
4, 0.5385189850546079, 0.517886353684195
5, 0.7333597652070131, 0.6131622662181712
6, 0.8141731971655893, 0.6426857474439729
Nonlinear p-values:
1, 0.83329, 0.99155
2, 0.9721, 0.9969
3, 0.9806, 0.99863
4, 0.93346, 0.98037
5, 0.79274, 0.7576
6, 0.77005, 0.59197
Band: 4
Linear p-values:
1, 0.48997375782581676, 0.7879052775121393
2, 0.13115215814768844, 0.17534571599489338
3, 0.040691961469050526, 0.0989215557018787
4, 0.06522689723110839, 0.15744066083317979
5, 0.027438207182795802, 0.10848724849969382
6, 0.21737352488864747, 0.5863516928936319
Nonlinear p-values:
1, 1.0, 1.0
2, 0.99863, 0.99885
3, 0.92357, 0.87141
4, 0.88026, 0.79442
5, 0.90533, 0.90926
6, 0.68985, 0.91342
Band: 5
Linear p-values:
1, 0.03621767385078002, 0.08954211845159314
2, 0.04074592601418981, 0.3251439830754822
3, 0.05274450587474429, 0.30567483538061524
4, 0.181373333254216, 0.5582700842653099
5, 0.022416811052285476, 0.39389619539615894
6, 0.029538830901056176, 0.6234097910039802
Nonlinear p-values:
1, 0.85082, 0.9943
2, 0.67805, 0.93982
3, 0.13245, 0.85988
4, 0.20293, 0.83896
5, 0.07755, 0.15369
6, 0.31062, 0.30237
Band: 6
Linear p-values:
1, 0.07268084118597039, 0.300619801210305
2, 0.3554805546659898, 0.5525752910500286
3, 0.24280582598942602, 0.17169029718934165
4, 0.5720975261386476, 0.7257752118621851
5, 0.49970688641248673, 0.6030410992859367
6, 0.39434865539863184, 0.5212232726308692
Nonlinear p-values:
1, 0.32256, 0.40539
2, 0.74231, 0.63929
3, 0.52918, 0.24993
4, 0.67353, 0.25908
5, 0.35198, 0.08286
6, 0.4134, 0.20507
