-0.06975762682467974
0.15653636151928757
0.12815168985235503
-0.12252827865855198
-0.14392559503843433
0.006006567525377042
0.05163299994542592
0.05979312738301641
0.03484625125745187
-0.06468461437106976
-0.051697330693259595
0.0737095410677619
0.04779150835373006
-0.10603699797515646
-0.08542492662458358
0.08005622712945223
0.09844736166447869
0.008788815765919512
-0.029286772714295778
-0.06040574538068975
-0.03615603699028724
0.06960400241303066
0.05153961661536063
-0.08503699447585093
-0.056569751434572456
0.11271569218604308
0.08245666317481982
-0.11634896050510278
-0.10100692655433396
0.088886917435195
0.0825746564899068
-0.07182744496291288
-0.05393679534540142
0.09076005420506902
0.0748310982588169
-0.06509584567732778
-0.09240916456326795
-0.044648757919205945
-0.008866847833906443
0.052676057216301406
0.08497943058145055
0.07774057986249049
0.027334513697737366
-0.0861924357075289
-0.109405087316954
-0.03938195310340784
0.013998000528665212
0.08324781182765559
0.06796588626448666
-0.05435153496167504
-0.06445991610707758
0.020682589920808778
0.03889992785622068
0.024341817893383112
0.005628078502742443
-0.041127341407070604
-0.030715069467476423
0.04161810682732582
0.034668712615855565
-0.04056409167799969
-0.04695555233183022
-0.003540202355398286
-0.005300343634488863
-0.0338669268289313
0.03221282341424822
0.18837620752072745
0.11034184025699334
-0.202930224706908
-0.20183436834754157
0.07836085431272469
0.11856378522186695
-0.0005253329964348989
-0.025821934420888742
-0.03259942161139542
-0.020692640249065808
0.04174653177653705
0.034573492511473236
-0.03983060533097897
-0.041577469204005825
0.012826029501274538
0.03690980598682128
0.05174008761776116
0.020885506365007144
-0.0724236435451004
-0.06515540316289505
0.040648505416876285
0.040462112751231925
-0.04293376372094239
-0.023828159171190032
0.07237547570388463
0.043171601847385714
-0.09358883297271063
-0.061935063726201625
0.1187009316260485
0.09485724651704575
-0.10263525633892692
-0.10417009341902889
0.045757580384028926
0.061817706876145885
-0.005556353056324714
-0.022654893685912232
-0.029100208698212744
-0.01084948479421898
0.050801817694902586
0.047784788397402266
-0.018236764401423182
-0.011747487034280133
0.052671979362245165
-0.015078099645514558
-0.20476029471019652
-0.13181726374683506
0.19513435170530255
0.2207078572505356
-0.008748081813601536
-0.0780749478108536
-0.07441878038683457
-0.05063067664669732
0.05682881397725009
0.06040461523182534
-0.04181585396056586
-0.041764800749230745
0.031153157727401633
0.0298942236164944
-0.019123437804500296
-0.02209246395892016
0.0030770065045374324
0.007030505870784503
0.0020234522418020214
0.004505933572076217
0.008481434557578204
0.004257186574206731
-0.0074026387537810346
-0.012145442449973405
-0.011055001860330649
-0.004580884787459683
0.010676955300114378
0.012873984844940733
0.0015248087291133538
-0.0026916801849007637
-0.003899941863226313
0.007973077450252965
0.03739486650364165
0.03203291589997969
-0.00831334352738147
-0.06347877321921226
-0.145988221900685
-0.08658572359918465
0.1306589983664076
0.18255383726719815
0.0918577154535235
0.0032098576281534633
-0.1455203263302069
-0.14221259373107575
0.041184051989098865
0.08296280169661434
0.022699960579410025
-0.014551907451713725
-0.08237343864591232
-0.06432489655213951
0.057947430745792394
0.09631372758024076
0.07210128592865202
0.017758101603122693
-0.10318268131228352
-0.09277734248453004
0.058640868786974804
0.07347621720677365
-0.017439033311019567
-0.05241684771701833
-0.07471606919111892
-0.05447854487265306
0.03350697346876988
0.10706374123418151
0.17850432095823884
0.07362355608127047
-0.24039769333797253
-0.21477317640970087
0.1399274709363911
0.15084750425192056
-0.10474536628689468
-0.08275851834806228
0.12749969403023143
0.08906550545959685
-0.13767350856651958
-0.09968713210197262
0.1573173254050343
0.13078525568941882
-0.1271209478029627
-0.13630626821596167
0.0392086907010901
0.0611475131907722
-0.004642994849573782
-0.006904411560985178
0.00957598917584418
-0.00283987770170655
-0.02910657103632221
-0.0008741296267669281
0.08203980305306144
0.05436562960165798
-0.08092374300750538
-0.08986204910380283
0.006940108657109203
0.030345886023855666
0.0159809318882922
0.026409531976959638
0.037151852836243504
0.018180428758966794
-0.028354372527380947
-0.05586419177831583
-0.067883042873251
-0.02723453839853005
0.08107029849048114
0.087028698997418
-0.008035102159062857
-0.030802547785057855
-0.009714754421934778
-0.009817048153001003
-0.005307971159313445
0.017489934650236322
0.055131110155446986
-0.0018749214841172535
-0.16173667692633845
-0.09478242332232625
0.19734349953385175
0.17474790018483335
-0.12690610421209578
-0.12112797237917887
0.12114769726408686
0.0616609329572261
-0.2291593169597199
-0.1678463941333229
0.1914530942432144
0.2203042036412406
-0.00982089602902709
-0.07641867925213446
-0.07415200550833526
-0.03629269663217785
0.10164461927965593
0.10344441105539438
-0.03212428314236922
-0.09800014040771268
-0.13691982719498944
-0.044296588572409076
0.22433354282041013
0.15990723035789856
-0.2372195867857237
-0.2029297934039658
0.2007645508666996
0.18801604277354617
-0.14290015248798904
-0.15566459633816038
0.04780180583689306
0.10389126301718181
0.10020631709164678
0.03256073015789933
-0.15627974016668092
-0.12475971360157266
0.1324895369405312
0.12370766096681536
-0.10540708336385811
-0.10570228424674111
0.05730961009682384
0.05349307365155635
-0.06030201863214217
-0.02619891723532299
0.11907505172353158
0.07486510065462591
-0.13571217688198187
-0.10907045812853236
0.12342223741893003
0.11271925957635637
-0.09092629661760378
-0.10101011622645738
0.023406020089932193
0.03943484707965503
-0.0007921569276897404
0.009558881066728999
0.04031292035181354
0.02162604377591176
-0.038510600081373685
-0.05210879402637218
-0.026549882264223314
-0.004479346445617403
0.030572431201329235
0.0466451830130609
0.03753071662005194
0.009441137250948133
-0.04873964652373709
-0.05237010396430407
0.0023805505936188814
0.025780187538934875
0.034027905008666356
0.01466948289927168
-0.04935290278796486
-0.02811030601816427
0.07929123226469034
0.043308688679978245
-0.12348428849521191
-0.08676756086941588
0.13064236668639292
0.10775965778036496
-0.11732748982914522
-0.11437927987108243
0.06337725844175421
0.09267374919244122
0.032414187899040096
-0.01503770267707591
-0.09875191998910493
-0.05663911650706553
0.13144528183514761
0.09174738273646436
-0.15946774257819785
-0.11627310480946289
0.17868430782263245
0.13990341273066947
-0.17442543885725026
-0.1356953708312482
0.18765226252026454
0.16311441121563816
-0.13429877434187037
-0.17357880873540343
-0.03800176889196368
0.012632485709917592
0.05661065227542193
0.09833903713800264
0.10615493720075964
0.0336452742705374
-0.1371874004134443
-0.13583194513711258
0.040804931943840245
0.08120121221380824
0.030169858052116687
-0.0029724718072683754
-0.0687283206167899
-0.04324011242138955
0.09018819233580694
0.059135974944093006
-0.12246703240670714
-0.10335108485745886
0.08487501687498988
0.11767259792840715
0.04286350468421827
-0.010233753995580193
-0.09359737180291076
-0.08263088570947362
0.04434982365253609
0.04832302197122659
-0.050359343639241126
-0.01159271759613489
0.13484020492658527
0.08529026415017096
-0.1401416024374639
-0.13789989675773234
0.0584030880617908
0.07706021217516233
-0.025142115977853544
-0.02101477793042486
0.039316764583574554
0.022670629740752967
-0.04685777753387983
-0.0363088576255429
0.04205087217090504
0.03626290607571182
-0.03787520720671067
-0.026847933093253062
0.05093177433062766
0.04571313940538221
-0.024595482532677695
-0.05001282416251837
-0.05189197235553129
-0.01596317124639626
0.07876344242646356
0.06499867522991466
-0.059481804762621646
-0.05644365605173413
0.05136785651250669
0.046686496687396974
-0.03904514319283416
-0.027883145790682098
0.05438065091607972
0.018108083579006763
-0.11952899502392392
-0.07759192226178414
0.1282058292611246
0.12536946879368216
-0.05374501128372217
-0.0618862919404046
0.04984709984714027
0.010325984430878836
-0.13852641147654704
-0.08485141128318874
0.14889515359035072
0.14487038054105397
-0.06326396679176183
-0.08259346204852674
0.02818729234656725
0.013546768772613012
-0.07443929069600307
-0.05409327816602797
0.04854895192678452
0.08015673419932584
0.06349724166588315
0.018990682309095085
-0.08251919578318039
-0.0800951076327284
0.032979656969386026
0.06342201744674786
0.03900742970895335
-0.021187356132051017
-0.15330992495971432
-0.09043396828987668
0.18093266927936177
0.1580601680755857
-0.1298302955489642
-0.12933276662365034
0.09266801535168434
0.09567282802783264
-0.047101298802988176
-0.04161296494819772
0.057421586336406795
0.019689707215206013
-0.12380567056817694
-0.07832519685367371
0.13697720666263996
0.10964733528565533
-0.12952352894821384
-0.1288421771004955
0.05907453216726889
0.11147469925002326
0.09335055616126947
0.02381601051507265
-0.15112257916095917
-0.1256763158629086
0.10919135196870847
0.10911707305944804
-0.08312222113167561
-0.06860351067938554
0.0937991790666298
0.077875143303831
-0.06957119565949726
-0.08518541552431354
-0.009453065801000336
0.009953341582619533
0.010829339481142704
0.032972872148956285
0.05871719288192572
0.014786914655872526
-0.10352494360091433
-0.06400511032630231
0.13318025487165255
0.10674344876736515
-0.11768283114687511
-0.11304461315408146
0.07218596034745925
0.08627096701144518
-0.013571469694412294
-0.04467935563462344
-0.056592661721377634
-0.025673977209042555
0.07616718738754162
0.05530946216263622
-0.08779894025304266
-0.08887332636945204
0.026480935011685986
0.09345583934329528
0.15469856545774294
0.07384277114908544
-0.1862701386732827
-0.19435671544812264
0.03646182402342346
0.07706245809091469
-0.004841295938770364
0.02032330501995458
0.09373215837710583
0.042185757582636596
-0.1181288717601819
-0.08737772773053887
0.1232043891883545
0.11618182016712632
-0.0708430193603255
-0.12735339212642696
-0.11203252836332213
-0.051537944325974076
0.10682024883238289
0.1691814551406907
0.13545895265215882
0.03746558570127759
-0.1735733626659278
-0.1845167391382111
0.01797671466063504
0.0861202135179764
0.07739068453533152
0.018557953109460044
-0.1518639133184027
-0.11719188714218329
0.13026241427414542
0.15699858194504843
0.008856503367144847
-0.03852259343789009
-0.051967810010912455
-0.05249923866574864
-0.0009044481132918883
0.025360325757599632
0.03171131008745454
0.012946753137844609
-0.0483206510778586
-0.0359295652661002
0.05094894655435734
0.05158747752738506
-0.01827432713180499
-0.021185094317834913
0.020896340416450544
-0.0038098660959277443
-0.08002173017208117
-0.056463681980599166
0.0587604447472435
0.07888605689131352
0.023238700318782373
-0.022706018041397033
-0.09193218843439835
-0.03052301280023024
0.183437488423441
0.13475388049492865
-0.16511848491698475
-0.18326905016404993
0.02613688877948659
0.07424979770791547
0.04028638956905475
0.020220019883200116
-0.04254618197242782
-0.03752030576840016
0.04497878210867118
0.04721138796451964
-0.013121865898985752
-0.010149325260829813
0.035342625476542135
-0.018655969931857943
-0.16246670305676908
-0.10443197330933125
0.15016548157765067
0.18373826036601612
0.032614384707387666
-0.03389250081724313
-0.08481706361757911
-0.08756399993390467
-0.0008739967221472892
0.034900232602884246
0.03481857707774921
0.025630709959412672
-0.018824882298380592
