-0.049263514121614414
-0.1026610662973562
-0.05029793151045962
0.12290861471382684
0.11123472665518333
-0.07559415857213156
-0.09954513529242995
-0.005410948642576707
0.048853163327246915
0.11678704153964563
0.05271679260036234
-0.17422058101767507
-0.12000010447169573
0.20504720058959977
0.1739241569070584
-0.16056526265235954
-0.1747527741143972
0.04917701556741965
0.08247874973458623
0.011663218951707945
-0.02325879125716105
-0.08268032275532122
-0.06519048447305567
0.04849044837946418
0.11872534356679632
0.16782855184594592
0.08927753906192683
-0.1534798301140414
-0.21911721930578193
-0.12222647798280317
0.00033453796944126965
0.2202976309652292
0.1842191864341314
-0.14246233670463998
-0.16009344806822795
0.077413011373685
0.08810620197858786
-0.041615910471661695
-0.0550429815403127
-0.014256502539883328
0.02594099945748206
0.10054350379443007
0.05673230714640601
-0.11950499253719507
-0.10383971423900462
0.08782814048582614
0.09302775345461348
-0.044212846976167154
-0.06686770689218241
-0.025859933136389873
-0.00440895621575229
0.03405778527094322
0.04188940283273243
0.009334546115567844
-0.015022617958182395
-0.043437717386775807
-0.011417023663391148
0.09387884418916641
0.06981232243623048
-0.079609736841629
-0.09793332077972443
-0.012772929966966698
0.018523542643269015
0.03619063032411374
0.03735541606765816
-0.0007741324733496445
-0.022281376123113036
-0.03336551695234339
-0.004039573304894304
0.07989679668904125
0.05506274355787569
-0.07912659842846242
-0.08039420692188341
0.030650706031339372
0.045005198959940935
-0.0026089818453878216
-0.012068006217758588
-0.012885581361605582
-0.008555047270774935
0.013436892235642043
0.02109695346942867
0.015930427913334284
0.0063958550070103435
-0.01418363361249379
-0.02908816354411497
-0.03796091612242541
-0.01895925670791455
0.034755339709453166
0.049826248206872085
0.02875141406813679
0.0017945345839819494
-0.046783873984447964
-0.03771141341843918
0.03680579354571206
0.043293912657374034
-0.006010057053043976
-0.0345731507611474
-0.06465086922076724
-0.03523209109336686
0.069318521791511
0.07633713695893271
-0.006927212606399402
-0.031153589581222052
-0.024591435550779635
-0.011247860682722434
0.0325475948277099
0.03005616775428541
-0.021160056755259064
-0.029473234593695795
-0.007296845945065293
0.00569892803926101
0.023961998479803757
0.010483085072624125
-0.04201495934183896
-0.03311900277718264
0.03363101932873663
0.046433890021093084
0.019617577424911655
0.0020801020919964316
-0.024523078689978054
-0.03965075108160574
-0.037264579770500454
-0.013003934512833978
0.041946688570680894
0.05360037297367355
0.020871255476239584
-0.004392699695556382
-0.037839243749500755
-0.03654029636396866
0.009503976327675325
0.019971412511863813
0.003629203223336226
-0.0014418099000613803
-0.00841097528459997
-0.009356491848419796
0.00012006299486007887
0.010075237280385597
0.023612241180565374
0.01172634020251195
-0.029387254484930934
-0.023925623751759717
0.02574383400068333
0.026397297684244658
-0.011805559218784126
-0.023871894926097047
-0.023597633935835055
-0.011120440426796703
0.024390385014631675
0.03340336916536832
0.016324007839600453
-0.0015120553449180093
-0.03067274406683032
-0.02712940203420172
0.014753936333684804
0.016529012833633405
-0.014790312563134018
-0.00751093653193168
0.027982902806649248
0.0161150837292122
-0.03636659647737242
-0.023561538016823924
0.04758468468135028
0.03832455617671332
-0.039544250665571545
-0.04245722887069692
0.01182068941532725
0.019227272248923972
-0.00023434786356559087
-0.0030942887346595864
-0.003500829892550609
-0.006437076358777906
-0.007361494321098109
0.008227886859585998
0.04236420664530235
0.024031161875794183
-0.04864136645180504
-0.04774085218650672
0.018989071933190056
0.0238447834903833
-0.01491133643511712
-0.0052707418878598
0.03644564100913115
0.020596666626384146
-0.04468279268431815
-0.03361136513164888
0.04548118799156316
0.040072641684637804
-0.03460158704064184
-0.03859695424191625
0.007978936717642637
0.015342771648754996
0.002773215277300831
0.002895062203301683
0.003931379223604869
0.0007994278231588769
-0.0036949826376615866
-0.005188735568128871
-0.003601128201731028
0.0007275365781572229
0.009162207302526126
0.006265961715514552
-0.00886349311446451
-0.006759091771772634
0.010826743744342624
0.003300157340433174
-0.026285756918121007
-0.02057855231301277
0.0165896782613549
0.029492972513841326
0.026451112448552683
0.00848056500546604
-0.035389526578420115
-0.03569869720870643
0.00911374968084706
0.018907038340947806
0.005317630191120305
0.00068761696796196
-0.007443887929980457
-0.005649778254415478
0.009960013194594755
0.007007441429753221
-0.012425317624131562
-0.009586217781282744
0.011790358972856737
0.0094998577280637
-0.011956887181356235
-0.011366698158946406
0.006059436371526436
0.011303086310547307
0.01018238140086373
0.0037170002503793096
-0.013056036601069649
-0.014694850206550251
-0.0008573265523427215
0.0038246219588321893
0.003924854457685716
0.006171154978241071
0.006965333503562249
0.0022593055101978367
-0.008316645395171712
-0.010295563982978127
-0.0037011643911080733
0.0009405346191549515
0.006576929408691701
0.009061865591749185
0.006693453303105601
0.002784687136162593
-0.0043224573259554476
-0.012390570572785578
-0.02128319081978903
-0.010636265122485996
0.022275988263400843
0.02644188390924722
0.003888505093200115
-0.006262827642495179
-0.0130245879894808
-0.010534202415886595
0.007747648744410836
0.010212052755652918
-0.0014336955881767135
-0.006289552426666907
-0.009803451388090256
-0.005462330266077952
0.01024299266711564
0.01244643207984364
0.0021677288353184267
-0.0023524789522813873
-0.005474432190002772
-0.005711499456152254
-0.00022974697799704098
0.0026296713548718243
0.003841252684181008
0.0015463505232734666
-0.006101856804491124
-0.004347964999312498
0.006796557346393592
0.006056506781058851
-0.004707134957214695
-0.004035219655722782
0.005369222768470186
0.0033217324103498812
-0.007686985497448735
-0.005399117456652093
0.008106064783180064
0.006132391771253662
-0.008890760353563119
-0.009436843794481146
0.0011228356292730694
0.0063314209982352175
0.010411645770598757
0.0017934458756554154
-0.02308084181264383
-0.008843591901026378
0.04512133407030854
0.032234951184811844
-0.04274166786774294
-0.04469347302647792
0.013110369419897409
0.02113346325743882
-0.0013161856532058766
-0.0011602079678887601
0.006715692741600721
0.001536901525908891
-0.01153560164615512
-0.006643741572018173
0.015300654414589056
0.010285924687931334
-0.019241477947991664
-0.015259556221303344
0.017201695583721918
0.01416279557183976
-0.017429162940688928
-0.009466854050576345
0.030829578607053043
0.027683330778780896
-0.01138359545361736
-0.029700479370536742
-0.03874943552232352
-0.009355669871178317
0.07119068652018266
0.04377760413736272
-0.0930614769684105
-0.07097888575074657
0.09272664421716349
0.0848704532261111
-0.06138281940767717
-0.061196507101701374
0.044945161903838036
0.030970840758868114
-0.06798949670305371
-0.05477888293338502
0.045603606511627225
0.07373846228273404
0.05592353069652815
0.018904895605878703
-0.06547056605400108
-0.08845553198965535
-0.04619485606877409
-0.005279672739786107
0.058868591641586206
0.07721806577832742
0.03816401323988691
-0.004152840624272826
-0.06902735043339457
-0.05891639027179325
0.0398812082922422
0.05078256381971592
-0.010077786594552638
-0.023153229538864298
-0.01587941393078242
-0.0044222870549739165
0.02820987233091242
0.012617467816342329
-0.05445236208440709
-0.04651403703892369
0.02889527202263263
0.06443198608027574
0.0801077271576221
0.03719029154591746
-0.08737565368050232
-0.1029151614047932
-0.012903958384063696
0.024483513938944212
0.04345247151896431
0.030367572203891635
-0.04123138276860205
-0.05089511734333075
-0.0035712130120925363
0.0564870841242001
0.15450016173721198
0.09263743539132378
-0.14773111594483343
-0.19750496480994856
-0.08369527691797961
-0.000309992443723762
0.12003862112354097
0.16206674139488905
0.09663405837661715
0.013577878344054455
-0.12373880348785542
-0.15909676516912777
-0.0734313633328022
0.008371442077842663
0.12650111482784998
0.1254555072397205
-0.022033010919099937
-0.05677075136802125
-0.009436396127004629
-0.01014552174376057
-0.018277641107017857
-0.0005437916244455421
0.031710436268417394
0.009747598635724717
-0.06876437817031135
-0.06319353031298626
0.01978660579654565
0.07643572969606327
0.1316426610123999
0.0537940244338065
-0.1858929880736127
-0.14980228112555344
0.15489118479140926
0.14590786493434252
-0.11924892039951968
-0.12494667930632865
0.0508888928711047
0.05815642504515326
-0.0362226574949806
-0.002038960611299041
0.12070035396236714
0.08332134182566012
-0.09488345136579636
-0.14008532773091759
-0.08474744033301636
-0.01214187296342898
0.12840612760633816
0.14096006313815707
0.009382648196402641
-0.03307026856675939
-0.024268217774902283
-0.06652972803545733
-0.1272439727810383
-0.06316577406712791
0.12858189753690324
0.15090895296623597
0.016590432079553553
-0.04314059163188579
-0.08046830138415553
-0.043468906262849674
0.10894279810624284
0.1055754754246678
-0.04587638376918086
-0.11141776850277957
-0.13681789893932944
-0.051463085630410944
0.1918559877681388
0.17062514855324432
-0.11400220829142195
-0.1286119255127569
0.06591585837438839
0.0644541533305867
-0.05961799929140227
-0.053966809547676325
0.0326973050141461
0.047917466522305455
0.022434385443102514
0.0027586184768185074
-0.033830725567660834
-0.032832364201845134
0.012876364383863432
0.02376113342561087
0.009952923776831529
-0.01280010629313346
-0.05909940416017821
-0.038779043147188656
0.05400129487397585
0.07577709712766782
0.039753377362952896
0.007205878708700383
-0.04803385882418466
-0.07515344390192763
-0.06603771256324502
-0.024063541363685208
0.06811091577832916
0.09688692132190496
0.05988750451024901
0.0045704099517606045
-0.09662859607227735
-0.08712354168116068
0.04669613839935637
0.06278095987704792
-0.013329761665820082
-0.026922945367029296
-0.014833611472997239
-0.007498151429360488
0.015550601035334817
0.02442370945293587
0.017478772749083323
0.003896818103795794
-0.023763245331493318
-0.024974824863000244
0.00269153152786413
0.01294931319955254
0.013454737409252404
0.0057495339977177455
-0.01852352026814162
-0.011242360669622059
0.028564893362272203
0.012829043748753871
-0.05383557140544387
-0.039660721214795365
0.04686896473167691
0.05048509390338893
-0.012429131677409583
-0.023511287776051087
-0.005213908273033492
0.0055593895911574785
0.026186797446583237
0.024999506481008456
-0.0027438171011621012
-0.03346368237557453
-0.07552831482630663
-0.035110916616147236
0.09907506599136659
0.08644464389586672
-0.06537329123155641
-0.07027934982102055
0.03850456143003385
0.038247422138142466
-0.03225518341520083
-0.034869540611331684
0.0026923579066416574
0.0265065733810994
0.055781201376752444
0.02819588235648949
-0.06812221565888275
-0.05759093152849333
0.054479240524341895
0.0592138045008028
-0.019169767778612973
-0.05045772520716858
-0.06631770713612599
-0.03388489643999356
0.06983205324479366
0.08820146031214186
0.025983320485150167
-0.009871776037362084
-0.048554923618135425
-0.05147214761464201
-0.0010557752211932708
0.021128092163622818
0.026195060959342722
0.01132887816746819
-0.039511121221844345
-0.03375024935735386
0.02871252066639907
0.04228096162455241
0.02139463960005001
0.002568332314433163
-0.031844035383292585
-0.039808517377699026
-0.016147422026157397
-0.0005321941988855651
0.016895430852283948
0.03487856074345323
0.04801130889289274
0.0206633823594157
-0.05381522633414483
-0.06308238638718736
-0.009618631220636985
