0.022714818548995857
-0.7810449619266864
-0.5294443027302105
0.7349656552718189
0.8117417570347918
-0.10088371228763876
-0.3280470688833392
-0.20399343227586628
-0.11465380968543512
0.1889286324488933
0.18630066783226013
-0.15784025511131583
-0.14931932587589575
0.1285240634113032
0.12231032930467794
-0.07919636370404581
-0.10284348800895896
-0.01878365094810692
0.008811144117146365
0.03187238322437583
0.06055823660903423
0.07621661228992946
0.03223970665337628
-0.08156718210460162
-0.10600877644622216
-0.044455704882234354
0.001762297637661016
0.0645156295226191
0.0804947918667241
0.03275808598326421
-0.01266755098658349
-0.07495545640370069
-0.0612394754776679
0.044860838063127156
0.04486356312869274
-0.047130185117482654
-0.017633650426912804
0.10840259966886566
0.07651209254278232
-0.09314596402478215
-0.11254983369772388
-0.013141036184788315
0.02651755905059091
0.05189930972534577
0.049421069135489194
-0.00795557962460167
-0.023141967583440837
-0.0032870063768092863
-0.01242225211137288
-0.03520336754685564
-0.026859398435558627
0.00766459981596503
0.03288765658603986
0.05561196927235049
0.008059561498262442
-0.12305477603036002
-0.056065453804566255
0.21172801450805598
0.16625174163170464
-0.165406092495602
-0.17514343136886926
0.07088731867244279
0.1418968308302541
0.12777627876842645
-0.06400249194113364
-0.5156764898846781
-0.311273249228418
0.5747462295462998
0.5459240800925148
-0.294136720455044
-0.35526775589657594
0.13829005911075617
0.1505197521156581
-0.10192705276717894
-0.08428457459240095
0.08089320306314474
0.06672294233865475
-0.07024481949371159
-0.060162704707478316
0.059592481287703426
0.045818286998669806
-0.06947864912573243
-0.06357267010985038
0.03472126405315928
0.0656329290661528
0.060282110479732726
0.0201455477972467
-0.08305477142262763
-0.07751841472811502
0.040156494940736545
0.05480893383369684
-0.006838060394451664
-0.023488480215452662
-0.02766295597414932
-0.01626695954676432
0.027751796053059823
0.03488975654737478
0.007091090972426736
-0.00804572968019995
-0.02324020446151856
-0.013553310114109192
0.029779624044212187
0.026826105212020862
-0.019226486645404387
-0.02991527793151806
-0.017382808499617073
-0.0037892069240535436
0.023833190155049835
0.028679841341787055
0.007578595060160666
-0.0053034844695873384
-0.01799453859624125
-0.01891311812020402
-0.0019998544528165604
0.0014641888017145894
-0.005402909024625466
0.007903872299149453
0.037799831652412574
0.01769302529241282
-0.05260815549276106
-0.03855968266911244
0.05471836441646327
0.05201119487606201
-0.029873997118969722
-0.037741622006129225
0.004338141199801333
0.02394457484340574
0.043675853983764244
-0.011510409321955288
-0.15788824781340133
-0.10389945524974659
0.15115733059147232
0.17664879650986318
0.009751340260867337
-0.04420373689807047
-0.05344707525997106
-0.06735328461163026
-0.042491315610450886
-0.0027440260812834957
0.05720062662406727
0.06737582247014044
0.01890247366727094
-0.012611358737394779
-0.043845072845243416
-0.03816498781233664
0.019504268267145467
0.02739233035064487
-0.006861076109674217
-0.010898897021019427
-0.0007932056841372375
-0.0011702832840226008
-0.0030667653252214183
0.006209493371967569
0.02542422967521316
0.01454560537047051
-0.027275406483758226
-0.029157242444410952
0.004416682089320286
0.011367452355657039
0.002608065424145078
0.0043401450758060334
0.007850716415771944
0.002292360418395482
-0.010563037443124883
-0.010587504968186437
0.001855271988199307
0.005130956615555564
0.002537414501553455
0.005205501678290008
0.01007156052040867
0.008194493918969953
0.00018320440707310088
-0.0178488450530515
-0.04860543568805449
-0.02780511071376765
0.04856358102070406
0.0569831237363849
0.004949247802315512
-0.01535805116180192
-0.02466670415836578
-0.019212086223155247
0.015794474558541813
0.020033127231126095
-0.004167096014138739
-0.013010681818739813
-0.016915008675511
-0.009164411141273521
0.017393078192822337
0.021833311178976356
0.005429032176385265
-0.0043043817287904155
-0.014968711395348088
-0.011786641629417855
0.010210420163599949
0.010549511371565233
-0.008302724541588641
-0.006379449497124419
0.010706351373214767
0.00844190393930251
-0.008592939681422832
-0.009193498135769931
0.0025170567530760934
0.004333238847327811
0.0005887572326039238
-0.0007857353685327749
-0.0029258011360922776
-0.003008228123338862
-0.00010496711092867948
0.0032907568635823117
0.00809994900193144
0.0035154596201439608
-0.01170707389497884
-0.007871022791686106
0.014379046415094182
0.012580787662635156
-0.009724473591264817
-0.01310610650854947
-0.003436058553637937
0.0011232139319459016
0.006585733911434574
0.005212586127447702
-0.0057317671964252056
-0.007221568052121153
-0.000754576447379375
0.008794033769838812
0.025283601350982395
0.016277933933022685
-0.020798096989126807
-0.032502331598696546
-0.023731028494635226
-0.0067026938455584375
0.0294171577601033
0.034670391877898346
0.006438611719688639
-0.008659854262063482
-0.02084650181045906
-0.015302225459016265
0.016635641741479367
0.017750793069437512
-0.009215468006298907
-0.0126803178082666
-0.0014349654669262922
0.002071540905710165
0.005121797946020239
0.0026448313593393094
-0.008434456656355215
-0.008582773317642739
0.0013680404912902702
0.01169149149187251
0.026254223758695603
0.014673419099280065
-0.02674183262599301
-0.03323293213700917
-0.008590896215730965
0.0033042257064527835
0.013783904764156932
0.019113542455524758
0.012878370493237113
0.00038993392900581647
-0.021990781285627693
-0.017233761656880852
0.017593156390857442
0.019238571379237044
-0.0069075256786944325
-0.013775206511142515
-0.011067434128288004
-0.0025251975665291416
0.019394655026777886
0.014517826171943929
-0.018485341465818036
-0.017122531503780323
0.013348972208320261
0.013094844454634331
-0.009559509472838738
-0.011561903505024458
-0.000772110230418707
0.008516998228628173
0.02282079171169057
0.01320554713006229
-0.023965062415019087
-0.026576829362642863
0.0018668229541170583
0.0115971809444473
0.012763747177910026
0.007757376471015332
-0.011520240504668678
-0.006275213319948105
0.024004913733305832
0.005899741974111195
-0.05733743201169547
-0.037439912755960814
0.06006230862036526
0.056487208609588356
-0.03355249597232579
-0.039542998630760884
0.01398429755925839
0.01948890293900484
0.00045190205911677485
-0.003626957768268062
-0.006608745746618446
-0.004350004619136394
0.007839444128128316
0.006107959766943583
-0.008798974281467241
-0.011344043094387806
-0.004953731336432811
-0.0038930314379722994
-0.004380975784064631
0.017440225496875315
0.06202039310853945
0.03798459533489701
-0.05694432569361296
-0.07537289857464115
-0.029059922477740266
0.0010073807858736786
0.041060266932489285
0.05172971487707039
0.020647073584838336
-0.011065585408144207
-0.05607539491911888
-0.03218249729295523
0.07282504113627018
0.056509038062073635
-0.07250917698696968
-0.06733872342688434
0.04608045019023361
0.04406259023127575
-0.041503416098211975
-0.026002805994379593
0.06376461747642324
0.04632270862299737
-0.0589981545491086
-0.05355643653807319
0.041939503728425
0.045643097559721575
-0.016319134187687673
-0.040011864288946604
-0.05183942187151888
-0.02946701793026241
0.0447251933649062
0.07803522290979957
0.07602586147345455
0.029499325614856853
-0.08453270234351533
-0.1115360405577631
-0.05104150658922455
0.0028756895196254367
0.08312559368389157
0.09580433641569044
0.023627274188196403
-0.014167326803067136
-0.040012375739719684
-0.0680080118163241
-0.07972049919825629
-0.03621849598133852
0.0720283013236619
0.11304970296576379
0.09047462865786383
0.022064103775975424
-0.12489432490457228
-0.12336287389850846
0.03652388233833161
0.07197818572820902
0.021751625919299914
-0.007572244960522426
-0.06185604952363423
-0.04229846053211899
0.06681768078558468
0.06653505244161825
-0.029033955314026274
-0.03771768507442759
0.012152443359688504
0.005988806768126607
-0.03237040022826191
-0.021898994601296008
0.025866822537389273
0.04117291625334806
0.03410339437762258
0.015815716117260823
-0.02690348964932195
-0.05416897357912286
-0.06581514479893795
-0.026067095280532335
0.07944136806038472
0.08153246228762565
-0.01896311773068855
-0.043572114326742566
-0.020283590459017918
0.0022245932685984616
0.05312084751122621
0.038999183225081405
-0.04807221065168764
-0.058224563590929215
-0.005436055576794871
0.013537376807336876
0.02247289556745517
0.02453723471626101
0.005811432293856797
-0.004111364139184136
-0.00814076470084217
-0.01453349182894242
-0.018131297099856322
-0.006592286246289911
0.021844032458184875
0.01941555537979617
-0.014087788230593689
-0.01963165026652638
-0.004586880275528866
0.014912254519140357
0.049564561937647605
0.030324860027661115
-0.04868041189412545
-0.056828612238013436
-0.002915727173932915
0.015923876978212223
0.02107559513147186
0.017307436344607956
-0.010366700586911776
-0.01715293004758376
-0.004665339165194051
0.007006924196742843
0.026761356207222746
0.014249002825445055
-0.03532276222038681
-0.029515299232461257
0.027534749797087116
0.026264620273241668
-0.021232068284019672
-0.01550635269930164
0.02962714961104101
0.024899493489540757
-0.018281681882046284
-0.03403568546152457
-0.03477159745992893
-0.016626881730232808
0.03273852803079815
0.053548213608353185
0.047200778091002996
0.01494976023373537
-0.05849185677727081
-0.07044459547643486
-0.018641945844850866
0.008847744779816417
0.03237470008846057
0.04564061170999481
0.03498394239667518
0.006412554095429988
-0.048078826344728806
-0.05552928443817955
-0.011936328376325573
0.007273348824377839
0.016733189808688778
0.03348919572290812
0.04665104076833944
0.018673409704386475
-0.05506084804300887
-0.05773532801930726
0.008999485950772382
0.027592662879709087
0.017585300877509074
0.0053437443657403565
-0.02834978187854648
-0.02229151104966041
0.02715868031278753
0.0257447659025909
-0.017861037729995415
-0.01925281787255113
0.00890994147531796
0.015192727206020327
0.01117584121205104
0.005967300557489967
-0.007912593201285775
-0.02294086812691401
-0.039519454014145985
-0.01966953420655717
0.04205677149826069
0.05795517290421271
0.032748753870740235
0.009809368966090075
-0.028076021472001077
-0.060974818388797265
-0.08425921484763434
-0.03663408901663845
0.09565313346152797
0.1075900724602856
0.0033386383696548025
-0.03602985101275978
-0.046425402360902805
-0.03460448258755924
0.029281378694760885
0.031666843127319474
-0.025662614872864777
-0.01748003384065564
0.039613915558461825
0.029549792460978577
-0.03384973479345027
-0.0345304985274193
0.013988214612393218
0.021506158225981516
0.004244753974067906
-0.008568609677313503
-0.030618196967732544
-0.019190765000647727
0.03125698739418712
0.037319811950904044
0.004935853591201492
-0.007252926186168851
-0.012983520050568739
-0.01984606793963917
-0.019720461978516842
-0.009041476409892089
0.014426303761010933
0.028012285787291355
0.03203229373564371
0.00894630853249503
-0.049132574713324134
-0.036523800950920976
0.04824274738372692
0.044114306806047034
-0.03534258756184439
-0.04495759030924283
-0.007196252768658013
0.0013050264275921075
0.0012236270260164617
0.022402934465010214
0.05715979356549281
0.025918084063675045
-0.07456578164520268
-0.059496103794761016
0.06560522549353041
0.06554482439939033
-0.03530593156337243
-0.05707259119460591
-0.03362173618842462
-0.006721618221766501
0.051631485201776545
0.056409435899246727
0.0015479130590618756
-0.013999043239339547
-0.00608686667584054
-0.02812882748824217
-0.06716476288522007
-0.035284294569437505
0.0682285820657971
0.08859390496030681
0.03556403124981924
0.0009166435145851184
-0.04375863877248265
-0.07094476083044017
-0.06779887063021167
