0.002750547207751522
-0.019197729794730212
-0.02851506245153552
-0.022568245891625514
-0.01626695456489372
-0.00398369585420852
0.0013179616791625978
-0.0025513430790157225
-0.004717610544135733
-0.008690696552354481
-0.0030314577540807536
0.0143877735930564
0.03533623334088573
0.06323011502552339
0.06334908886013071
0.03185491325702294
-0.011887186045569067
-0.07766307519727968
-0.09705775209588201
-0.06335041538362246
-0.01767387114083757
0.058327479420721334
0.08628100446478304
0.057350216891203364
0.024575229949226042
-0.032781814717418006
-0.05744113186219657
-0.04085055223404691
-0.0276309916936494
-0.0023712409943989973
0.01184535937098258
0.00929905582438238
0.013683127984448243
0.01840280159454908
0.017350355471415353
0.01252432965364747
0.001518321216564175
-0.01679354523675355
-0.02236797382572035
-0.014367631740660837
-0.0034088529750083466
0.015468239083563946
0.02160379335067805
0.012758178031056455
0.002908688206607464
-0.013355105838893034
-0.01816970202165187
-0.008961231192599584
0.0012961878331098093
0.017501110023596788
0.021295114483813646
0.01005845237005159
-0.0033837351093420095
-0.02413399165056757
-0.028615833520491202
-0.013832684177245053
0.004689319625252059
0.033445133031869544
0.03941076439939046
0.018670398259757238
-0.0075553199684340305
-0.048287672702460746
-0.05884231474007729
-0.03398769552624962
-0.0026471362857615295
0.047315467839937085
0.063857506329868
0.0406646272515785
0.012815129249573745
-0.033733552620320635
-0.05134839274649694
-0.03357813004551342
-0.014951804415710939
0.017382144796101933
0.03150455605244403
0.022062844856003228
0.014986158883779766
0.0015210015333585593
-0.006301481912110339
-0.005202304258437695
-0.008144711731775512
-0.011618008819215202
-0.01041131151440625
-0.005474399281348714
0.0035524757535623365
0.01778902457940068
0.021614530528554332
0.014117042155756562
0.003747362814473001
-0.013478551700039105
-0.02093247935306843
-0.016844594180365775
-0.012513207325845953
-0.003607015807597246
0.0017050439006557091
0.0019619917541593155
0.004664685996601799
0.007657886389290475
0.00866144500676809
0.008250009778945732
0.005812191580593515
0.0008735402909228361
-0.002363512596236991
-0.0038822038476209637
-0.006166155643820087
-0.008303503574234145
-0.007345712521256234
-0.0031656886990299987
0.0035524953206881697
0.013680616866860822
0.015436914221770563
0.00791967941594118
-0.002442624762200687
-0.018770037106081425
-0.022551477951412525
-0.011897816692535975
0.0017156430668331486
0.02323835878278496
0.029144220030081124
0.01669986388071821
0.0012863391116166444
-0.023449024548518712
-0.030731199829889082
-0.01723506018231501
-0.0010694376301670296
0.02502260380035499
0.033565379396841705
0.020938811197807983
0.006337797719515773
-0.017706130156336236
-0.028171095735223344
-0.021724772898354634
-0.015624149361742994
-0.003625470637152396
0.002957758151477587
0.0018306794584887396
0.003599744737136931
0.005158970323599084
0.007018491739188117
0.010331416241099945
0.012378406554339728
0.013537549916785225
0.010445838534706382
0.002262377335229964
-0.009176217317213414
-0.02508721338726245
-0.028171029849028726
-0.01686432113412152
-0.0005400560045301143
0.025529230533311673
0.03290868979434617
0.018808299261752957
0.00088465334318879
-0.028401276246796416
-0.035964718230500785
-0.01787147386901753
0.003776733880908605
0.037890016933626224
0.04813717699221543
0.029836557061177594
0.00776018515675691
-0.028001809400861638
-0.04235826399485189
-0.030610089620606077
-0.017854336564805826
0.005401241912931132
0.018156845253731443
0.01683520118642495
0.019428511034718744
0.020289758474250658
0.013482973456343863
6.297183986603451e-05
-0.021776448992590045
-0.053545808361055845
-0.057935066951620526
-0.03242388941689495
0.0037702654688290317
0.0605115127854071
0.07752443674652794
0.04895154326197377
0.011984879218798952
-0.04935573995462357
-0.07116753145419863
-0.04581523273289839
-0.01725940150870537
0.03153436457691231
0.052456272713244156
0.0382795280952159
0.02616685656809453
0.003099253592648449
-0.0086991461343893
-0.004265486044106216
-0.0049634946153778396
-0.004521464624457867
-0.007206904212070922
-0.015651376738598125
-0.02278178300511691
-0.030280487403202657
-0.027110050421327022
-0.01122926244812026
0.010786175590502567
0.042444797703896336
0.05019850141497615
0.030843026872896508
0.0035171989166822622
-0.04089323827200595
-0.05528429907839924
-0.0347801107521979
-0.009700270702136422
0.03241975240006861
0.04949612441779278
0.03601853209091077
0.022522475693646037
-0.0022327478055730243
-0.012401733282589483
-0.003416196207372339
0.0030853227500258935
0.014219627533566833
0.010608477415248637
-0.011548374468826846
-0.03726383785461242
-0.0722754606610279
-0.07297935874280445
-0.034127036626410506
0.018753492992603354
0.09800521176482636
0.11882072336003284
0.07258509932126012
0.010406691601007009
-0.0906078824375634
-0.12290345815306888
-0.07451443551098802
-0.016247935277548343
0.08057358543284086
0.11221073235654075
0.06501355436945311
0.012460773348790923
-0.07347350877571517
-0.10308674608915325
-0.06312963379505215
-0.019716726273719246
0.051796712348084674
0.07981395056493976
0.053069906701503966
0.026320540656720966
-0.02018896256780063
-0.04121834242584293
-0.028524030408944554
-0.020191747460377718
-0.0036483133769982393
0.008088164902122955
0.010535806856572228
0.0203075338119195
0.033480897706272106
0.03355039791105249
0.02103766610161766
0.000680268937723055
-0.031550757049429924
-0.04597296596347819
-0.04047495229735779
-0.032761270733659933
-0.01530249137673942
-0.003841143739492213
-0.000576518723854742
0.008342832437497165
0.019015200362560776
0.025365272306860177
0.02832985876277092
0.02783389671616748
0.022518919122387904
0.014670568635356556
0.0037713518223508554
-0.01263136898574624
-0.034506019715481395
-0.039591510449978655
-0.026290813458493302
-0.005413852117613348
0.029088458982272858
0.042607575226873654
0.03206991540464603
0.019329040085314043
-0.004556182509745239
-0.020385862575771223
-0.02528946529341847
-0.035941212858702075
-0.04744145046912667
-0.04273632805245582
-0.021825033018125713
0.011103013841817638
0.06063005738565021
0.0757193658884212
0.05255497655421403
0.01962787171219092
-0.03642273459245007
-0.057981698651132216
-0.038915811101019146
-0.018100468749380927
0.01952081292410163
0.03506225075787749
0.022476909496983912
0.012794392935920617
-0.004464160017244349
-0.01244195825034212
-0.006947397342650738
-0.004580022266904885
-0.00040756856834605845
6.013705934175675e-05
-0.005398273335396851
-0.010131403132995641
-0.01604145257414541
-0.016669318611869287
-0.010669944074744996
-0.002712310089769746
0.00921592638457706
0.018139584276305826
0.02323952771407777
0.029666118508002548
0.0356166982933343
0.031238410550669723
0.015897179373443034
-0.007286976425783459
-0.04120351155382509
-0.05555273256552805
-0.048017065992340714
-0.03573343657303013
-0.01077070225484864
0.0035454863141413263
0.00463324358526633
0.010464609043016826
0.015233433428917307
0.021628275957774504
0.03154105708331273
0.03913619147712319
0.04537972872059462
0.039936037493375987
0.020740998743195842
-0.006738871256686672
-0.04597527066835928
-0.06327353146315916
-0.055705740160998884
-0.04259724160771835
-0.014967747617152876
0.003645672591811288
0.010651443095326467
0.025123381590399035
0.04135212788481348
0.041859169366400654
0.026824664251299896
0.00010238096767526534
-0.042977725272520965
-0.05724309150627371
-0.03961734257645719
-0.015963953522941443
0.025276184810392077
0.04460372891338287
0.03742621327863981
0.03232823068055603
0.01907565572824501
0.007384046906319318
0.0002300362937963518
-0.015440566863798535
-0.03701704755082138
-0.04229267594927053
-0.031020552133111064
-0.01188018096741726
0.020730167618852605
0.031912781847215625
0.018845152568945273
0.0030527797325102628
-0.02439779939150505
-0.029742974389645883
-0.008689320033358044
0.015291435743019253
0.051299697003125644
0.05847026759130474
0.03139524476534229
-0.00294241315071306
-0.05590330482421957
-0.07233084677657091
-0.04570070531042563
-0.01196785564484038
0.04384966499854158
0.06429041953730927
0.042190808451206006
0.01766087881735566
-0.02469870979394906
-0.04278164883221879
-0.030105839569488518
-0.019616259521137415
0.00010533243064660147
0.010599179671411232
0.007526745841088112
0.009120219362677824
0.01012478841253048
0.007457036673565786
0.0027214394209010627
-0.006882882791087961
-0.021836489580596138
-0.026499261867754007
-0.020247918062270342
-0.011034012779857792
0.005048096631017132
0.01822004512970765
0.02749923569213427
0.04090911195210354
0.05614965771839257
0.0523624524981273
0.028295998427207526
-0.007979882344884259
-0.06230982037959313
-0.08281952542779034
-0.06529496920278072
-0.039746791197575494
0.007433466345539883
0.030686172577364255
0.024851954809687583
0.023314844832297496
0.014404337579563366
0.009626047237967485
0.012642939128331861
0.008494396385858093
0.00042279970677151167
-0.004048103956650954
-0.0063261261327948425
-0.007647155176126269
-0.006679992004234175
-0.006649038692024793
-0.0075386781308988005
-0.0067606568614680595
-0.004883623808906112
-0.0038034221656158096
-0.003312180257179382
-0.0028058012381789984
-0.002661936732546319
0.0017715057497195486
0.010937139337787153
0.022353653980947318
0.03730671683756546
0.03730223341377471
0.02049360603636335
-0.003274834665302515
-0.039175779619016846
-0.051845466600741484
-0.037915298402580414
-0.018774821433479083
0.014985445683393902
0.029938760927653896
0.022161149647432307
0.01563074479852229
0.0016264449863767755
-0.007982220283692925
-0.010396425900911695
-0.018473918596242034
-0.029010877000951507
-0.030322369398629024
-0.022859282402213275
-0.00971263787253419
0.011969995766603132
0.027340846261556362
0.035609945929451596
0.046451090672190054
0.056372390293655254
0.04862943454234872
0.022186595033009498
-0.017900392893058475
-0.0765631645890581
-0.09260045167613869
-0.061153705848585864
-0.015934916868426043
0.059311389746784175
0.08689532891919007
0.05885054186223276
0.026197510558081106
-0.031418178835753485
-0.05774310607284819
-0.044639012213467014
-0.03593087653881255
-0.016632128113284093
-0.0033023796768264853
-0.0010276653563061012
0.010386355700387373
0.02615809755542171
0.031985300078666366
0.029104023367738534
0.020632447275969478
0.003361391799961241
-0.00708583527981436
-0.009999162381024388
-0.015671082560562745
-0.020517646574690008
-0.019243349972561136
-0.012115878390559515
0.0011634324455212339
0.022124152338281772
0.027939911844028668
0.017205055018840586
0.0023244943031462927
-0.022564416705092183
-0.029132786369446575
-0.01439050209679761
0.0032162610242252986
0.031177412181277845
0.04007098708385245
0.026099331799561056
0.009522695453684423
-0.017654683248175342
-0.03160526885974156
-0.028923626564698653
-0.027728100301280652
-0.0216199784823186
-0.013163960742612585
-0.0039044501479324977
0.012745197253338053
0.036156469784421094
0.04166651303373782
0.02815634352043781
0.007073017030359227
-0.027996046063226063
-0.040468643688608745
-0.02707450014842786
-0.010825317047728003
0.017750364393468766
0.028861880943962068
0.018534953447609293
0.00887274214346383
-0.008043911259223081
-0.01539468375389732
-0.009942468406295785
-0.006217345078569668
0.0004890910984053302
0.0049887474431418504
0.0055027632837521935
0.008389124483582384
0.012047830667701008
0.011946527336283338
0.008409243732601254
0.0022904638256455046
-0.007483047229429439
-0.013583175249031874
-0.015612938464405897
-0.018040623855823175
-0.01909185458753806
-0.015490552095725526
-0.007123664440912773
0.005947421124981057
0.024782196037205273
0.031050855667790058
0.02345891571769555
0.011794226517142922
-0.008771110116245318
