-0.11601639401250931
-0.07653958559230652
-0.037377732232351996
0.00037707644584694644
0.05629227427036631
0.1258502509637705
0.16091446921915675
0.15939665755157348
0.1411884508672548
0.09342487207007798
0.049301180777070706
0.010385119916401415
-0.051104056222183204
-0.12840442992944184
-0.1676957686203604
-0.1673086547085348
-0.1482967578871926
-0.09645474415752346
-0.05042195893802838
-0.011907554924583286
0.05070055893034692
0.1294874890513859
0.17060315347954447
0.17278657159092264
0.15630231914145923
0.10703536781028486
0.0646647055060419
0.030855262682344935
-0.026422490761342666
-0.09902583171171389
-0.13875725129051222
-0.14492688208549168
-0.1349643945523456
-0.09636508146900051
-0.06567378072805843
-0.04438165216327133
-0.0034687516958741395
0.049517315574712305
0.08003270797484102
0.08829546177887601
0.08564193772627388
0.06331848635453027
0.04914353207593149
0.044180519621255056
0.027079103525839882
0.0036551275268465926
-0.012546452261299513
-0.02275934600270782
-0.02948254456280179
-0.02960681976870806
-0.03670076934743831
-0.05114603995676605
-0.06363709725459077
-0.07709993590786289
-0.08085127121553473
-0.07286541055182577
-0.060236570542459206
-0.03967506953841086
-0.014895460176526125
0.013697711070510968
0.05097380121308278
0.09631181331220438
0.12049321153781145
0.12150470546160941
0.1129031351153604
0.086704435803203
0.06119331505443795
0.037411543514259085
-0.0007629065291825787
-0.04962944550953802
-0.07659471087881414
-0.080671354150387
-0.0749432830137855
-0.050873786638314086
-0.03168900807368859
-0.018538579509860268
0.007513945673295435
0.04163433892932873
0.057964569711548494
0.056349161062437626
0.04580640762863223
0.019694261649661596
-0.0020063619007463077
-0.018502373652462642
-0.04546859569200622
-0.07876231959089082
-0.09406497884752898
-0.09087469995524154
-0.07788734241061478
-0.04869410045955937
-0.02153460486393485
0.002950715618629119
0.03946687500611458
0.08433651950224724
0.10800992796960995
0.10944694638171602
0.10021141517109412
0.07243557084642867
0.04725326680787648
0.0255511296781012
-0.010089944024618115
-0.05538615233293422
-0.08032885804578377
-0.08423540881105064
-0.07852776823213146
-0.05537073354047646
-0.036894107825538536
-0.024082218002770984
0.0008655406414797787
0.03336781675809532
0.05075963987226184
0.05304715662866021
0.04791594981617131
0.029587010435799116
0.01594720414974526
0.007699591436609675
-0.009024819559500432
-0.03049696405710017
-0.04235781661619535
-0.0448637494935133
-0.042290408764776764
-0.031021485903889503
-0.02306817809296933
-0.01881643423609507
-0.009177329650413048
0.00335893460443497
0.012427235831005039
0.01848598830353381
0.02287507474819591
0.024092395043880634
0.028292784612712025
0.03565031224655413
0.04184938019480797
0.04820383842608842
0.04901625703879821
0.04324598901392849
0.03448059834520935
0.02095680974368413
0.0047992956279926825
-0.013819615859964114
-0.03759413097449095
-0.06618792393249862
-0.0803130749359538
-0.07854086412644108
-0.06984910756709554
-0.0489167854663685
-0.027683273455612407
-0.00679742605493313
0.024394400707121497
0.0635117006482802
0.0848393149148898
0.08733367089032269
0.08167451761730755
0.0610372936795417
0.04321712343354499
0.02910359266307424
0.0039027516169803014
-0.028719011229990928
-0.04881746058107255
-0.056360909388813836
-0.05840201061964004
-0.049880924236478996
-0.04632003332105865
-0.048409758234714176
-0.044110287025812295
-0.03670104338759727
-0.029109527301552484
-0.020159191650715905
-0.010659308761643551
-0.0009948614254684674
0.013732356702389793
0.033633886756028165
0.056087593898289226
0.08224458435390349
0.09340282111203559
0.08756279427704172
0.07443097241452902
0.048668696716525926
0.020462602493826604
-0.009550625827170735
-0.051229863811584245
-0.10261260731331658
-0.1279325227071624
-0.12512729553462112
-0.10994187560528229
-0.07268955522925166
-0.03678026424950914
-0.0034242714666480444
0.04753917996907884
0.11136860302441202
0.14311875260481197
0.14106328792449724
0.12340819961185115
0.07820703618759862
0.036903440753467014
0.0009521539532687765
-0.055730653498907906
-0.12672233526142557
-0.16342890549708916
-0.1644412031466115
-0.14853982324505283
-0.10291669292279815
-0.06271674126410513
-0.029460178806434045
0.025509232969219024
0.0949968425014165
0.13442392914000856
0.14307348382198293
0.13731810677359713
0.10558833867763623
0.08143852713733625
0.06628741350287823
0.033425637931724275
-0.010199180373211273
-0.036897783731581986
-0.04729062104755104
-0.04988339769740372
-0.03781253391889746
-0.03430321380696488
-0.04024790785707045
-0.038275862627923096
-0.03331249297572595
-0.029272702984266038
-0.024533053662038066
-0.02060723868921221
-0.01805078590020475
-0.01000164964616043
0.003579385672708679
0.018942443404800908
0.037624774201666
0.04700457461167695
0.04560848903651495
0.04056948124138686
0.028308780622592976
0.015183032501304409
0.0017401461642412934
-0.018345104034102028
-0.04379138040116793
-0.056527095443138956
-0.055711835799256475
-0.049117080164236035
-0.03193116619066071
-0.016283507970624122
-0.0028214248152096492
0.01867625463807159
0.045708603716073486
0.058922360566948405
0.05773877253938332
0.04966629930024853
0.02959952666621682
0.011446395487049345
-0.004192047227938717
-0.02869121065650473
-0.059209583277692136
-0.07345444324567796
-0.07067639214708278
-0.05954018815768683
-0.03412123417855792
-0.010377760202439825
0.0110285902334219
0.04323505600029341
0.08300900679412325
0.10219466142778362
0.09970788072869184
0.08674393807604619
0.05578383231537025
0.026681314925245482
0.0002846672417731056
-0.039889222354313025
-0.08982540532008858
-0.11487373456418823
-0.1137661339972595
-0.10027629562926989
-0.06518652808607926
-0.033028428492862326
-0.004878349115703809
0.039542349316171205
0.09524422404269359
0.12430647159095046
0.12562362400785718
0.11387730854759312
0.07907301375168015
0.04865202976758599
0.023809531368218104
-0.01782093608958554
-0.07061594323569269
-0.10080761256089198
-0.10793701740450286
-0.10429279994253288
-0.08113958908260044
-0.06407029953508633
-0.05416592455596764
-0.031144369374391107
-0.00031750422039883756
0.018548578564808106
0.026033967996602028
0.02796675849422221
0.019484299173075592
0.01748197315791744
0.022588353995225057
0.022289096736389805
0.020174027902999048
0.020075465726689487
0.020950967156573134
0.023462610792091027
0.028325005637195123
0.03002666660133074
0.028545769860948565
0.02717130948034909
0.024714982545194646
0.02169027795789269
0.018394654857740986
0.013690983104665141
0.007721359443947237
0.0010366561745215588
-0.006530931721842779
-0.01518094499266889
-0.024868441557149863
-0.031590368720119284
-0.03497279157600459
-0.03689487502093293
-0.036210910778333355
-0.03538453216366267
-0.03452623654749022
-0.03137221788250056
-0.026391406036169077
-0.021285567082362313
-0.015866864799149578
-0.009577339909546425
-0.002751748513395269
0.00627439290054422
0.017646769078706707
0.030319167991899917
0.04471887099596955
0.05223532968904198
0.05193893289464061
0.04822175563701732
0.038608061696247045
0.02786882412790942
0.016273381185859852
-0.0007879583323473728
-0.022410567185178077
-0.034658309818674876
-0.03686249445355779
-0.03510237435324293
-0.025668339014436083
-0.017936244672462597
-0.01243135090153737
-0.001270490071647143
0.013596698426441872
0.020816101115762244
0.02029600113980174
0.01612913484858912
0.005407278872279644
-0.0032135897136577047
-0.009356396857086478
-0.019825243102010174
-0.03280916587646437
-0.03940198149612317
-0.03954691829213058
-0.03622684389057994
-0.027132824674741617
-0.019210971419916206
-0.012694181804120255
-0.002111523983454465
0.01112349565850967
0.020654423399847088
0.026545981860189072
0.03088220691220934
0.03206502163916948
0.03528532858222234
0.04075403906550207
0.04452758728932079
0.0477041044704717
0.046107408984633134
0.038836543954458805
0.02858120916223424
0.013982525938360588
-0.0036241359080456926
-0.02416268814333719
-0.049597307470771394
-0.07977439680658203
-0.09371466891306234
-0.08971900704818701
-0.0776795965087317
-0.051748897381424616
-0.02466559823948389
0.0028952061490342042
0.042483212469744014
0.09159500540439844
0.11727123912080671
0.11790293363964519
0.10753655303634252
0.07733225255295166
0.04954506405014952
0.025293403107904167
-0.01423190629639223
-0.0644879088446913
-0.09216248954548238
-0.09646474078079732
-0.09021706307569427
-0.06472733679311403
-0.04434808271645625
-0.030191859972257876
-0.0026185548621754286
0.033322112226176294
0.05494431950984898
0.0624954577417172
0.06337116009385775
0.05187276337013558
0.0463929122643707
0.04766224982210247
0.04167135721125588
0.03229626211773367
0.02049093444618428
0.004664863418298976
-0.013039058306660882
-0.03286126953702648
-0.05911559102037499
-0.09185475865146023
-0.12933295751769075
-0.17262266789454267
-0.18995388498404012
-0.17818045959157783
-0.15313925240834905
-0.10579639029143305
-0.05412232497585315
0.0008842890927948342
0.07628708964190503
0.16864351304305034
0.22140843786135683
0.23154261283314997
0.22375947954719067
0.18283686618291115
0.14627062993989298
0.11603670162655395
0.06015599451888342
-0.013710013171147081
-0.06013010002131252
-0.07894513924414807
-0.08677532357528102
-0.07213405616936891
-0.06999701694557571
-0.08207167693256986
-0.08121782730519216
-0.07490624143351797
-0.06840728984048958
-0.05898361334334654
-0.04919805589125521
-0.039576444704362584
-0.019973115076864008
0.00976278239269168
0.044441310957446696
0.08643835665724697
0.10724940682068865
0.10384543566703115
0.09155784106776121
0.06234421735014864
0.031499727938684136
0.0001766088318446116
-0.04635701675359569
-0.10503642159032507
-0.13285911108176804
-0.12773361652248413
-0.10811823797362086
-0.06250678007941748
-0.01971191425909463
0.018777299802735167
0.07734582215670717
0.15009492121707282
0.186104283487483
0.18354558992485526
0.1626391614912276
0.10985707633379743
0.06116548358683369
0.018143470359972567
-0.04894595193982826
-0.13278836326164956
-0.17871077305618993
-0.18518954266294177
-0.1733195345836848
-0.12871798284068103
-0.09109113815346215
-0.06217504618321931
-0.00968966987437263
0.05821215568586458
0.09698983678149346
0.10639120539335262
0.10214703840816981
0.0728535539011071
0.05302244777606311
0.044106694121393654
0.019135109486090728
-0.01467572998699398
-0.03427159286214114
-0.04066855162667243
-0.0399296093826701
-0.026454236660537
-0.020776758860427444
-0.023565477249471563
-0.019878366799564888
-0.014065664921729691
-0.010896477517315475
-0.009178765528980153
-0.009670296436880074
-0.013308177582439447
-0.013379553751351367
-0.009885822276472844
-0.006916659388063496
-0.0030523891416489412
0.0017474470277568847
0.007148520249164972
0.014176085148627983
0.02282165731259696
0.031965072594667535
0.04175863804312357
0.052797721617581735
0.06491561109934849
0.06769403891985847
0.060139702868401916
0.04704409318665627
0.025401446359760934
0.0014493557919774717
-0.024584970682240213
-0.058556851511408374
-0.09932655108133391
-0.11855509178603134
-0.11430881557342265
-0.09931359111582476
-0.0657682987072913
-0.03174642213439155
0.0018572899848499982
0.05095934666814101
0.11197273801814436
0.14314115169137814
0.14254792804111266
0.12768786505638532
0.08738111452312392
0.050156294347190114
0.017396904754081705
-0.03487977943158909
-0.10085855991931421
-0.13591253520902663
-0.13880075245850707
-0.1268604722272259
-0.08837263561679658
-0.05563556662809245
-0.030100113540683093
0.014489044635123786
0.07147873409728803
