0.06841039159450571
0.05062811607324724
-0.049285942139194704
-0.09270285832644516
0.11468448839385115
-0.02919843107915551
-0.01614896262058684
0.05384864969635754
-0.03095315621470702
-0.07454994393371144
0.08240381135598707
0.005018696813613836
-0.046656286523118734
0.05093704540223324
-0.04409031760711909
0.025604553262128196
-0.017503252252020186
0.01624814102968922
-0.020078177505919573
0.023209016669354654
-0.023496125510821395
0.03276648463937282
-0.005146599670727911
-0.04698543407281991
0.08569309597896689
-0.13621446845280855
0.11824789769078559
-0.024753760727236552
-0.009635797497889951
-0.00904805043819187
0.017106522975973433
-0.023773784404035835
0.012424569637590904
0.01854567488787543
-0.02507888793917946
0.01822074000923111
0.0010352060644289536
-0.0422350856890008
0.047755456004991245
-0.013010788313004975
0.0009297493676404403
-0.02078130252642231
0.01581671203837178
0.023048436991611052
-0.0229654886414246
-0.012590279240168848
0.031125003782217074
-0.03559776596351295
0.024116634178138984
-0.013452534897063717
-0.016084548575413166
0.08370124034251697
-0.08374899547617284
0.014216310059813494
0.01206698304536671
-0.004816516931680364
-0.004732724624071391
0.031464767213021216
-0.02433690112840247
-0.030996990999743734
0.035385998282955376
0.02170934962885223
-0.03293495956188376
-0.0109434260861741
0.015304700065617795
0.026213950624804357
-0.033420984801106904
0.0043585118915016405
0.004688791426424998
0.004813719522457846
-0.007898158406769272
0.006602674672136996
-0.0003088310588652283
-0.008465557505228875
0.01665287788124919
-0.028500392769007732
0.028018781075503672
-0.012259226933276822
0.007520984594866938
-0.017972337988945934
0.015551672982629978
0.0031161629149584922
-0.006235347962140467
-0.007399643369426001
0.011980449465103456
-0.005546795156076307
0.0042610171829934205
-0.017746733796974425
0.016612454723682526
0.017866179566241095
-0.004843264576736686
-0.06941458497082897
0.08147770409702366
-0.02640111051233807
0.0075025688925599646
-0.030293205079255744
0.029395913090649976
0.0032140606074921273
-0.009180298353008088
-0.02094403676887438
0.018697852899878284
0.020263495300329087
-0.02698610715416034
0.009867147307606522
0.0056378562716477496
-0.03025227186782544
0.021518839916780712
0.019989014438652558
-0.0417419185749318
0.04331254215805014
-0.041102597340257875
0.045387712808945414
-0.029228910338280005
-0.01636046268207697
0.028148033660513255
0.0030469185433906042
-0.005230043463178038
-0.03290204708625783
0.030768115507461703
0.020672957214984595
-0.03575387936942848
-0.0008370144469142735
-0.0038151154088535656
0.06073719892643643
-0.05667757342706126
0.005314596310639609
0.03843096845569771
-0.08619673271477302
0.08280315105725847
-0.04625580847310429
0.005983915461502169
0.06439675101032515
-0.05950685825638379
-0.030229043773694824
0.051734717848346996
-0.011133101561611465
-0.013646676766732336
0.023425633529819724
-0.02114553198942569
0.019943593189386405
0.004999920929928249
-0.05382835647238236
0.06637740078009614
-0.06691974777973235
0.030269160628859895
0.05306782445554782
-0.06535858436264447
0.023388599150117383
0.030100721863451724
-0.09425032788323862
0.12437525958309485
-0.1345744756765427
0.10832735037293445
-0.052965662721242354
0.01101866465246683
0.024504333183156746
-0.0260253573689191
0.010955543146128607
0.017118356830820358
-0.08227764034763704
0.07645243437828114
0.009862898147491035
-0.031323513568328465
-0.008223202386910307
0.02917503968956475
-0.03316796674892627
0.031204655259314606
-0.0303351208288951
0.019514003261394137
0.01031487947974482
-0.012089458566608263
-0.017233293250901623
0.020667092590092626
-0.00608539898044117
-0.008621499809215189
0.03658882303400913
-0.031688695789332776
-0.0185507036618775
0.027515974268407586
0.019594370593190136
-0.018443535057975368
-0.042659919522019876
0.048764261480214545
-0.0012169670907646018
-0.016772450795641238
0.018351317774158417
-0.004568923144561258
-0.037086087311322326
0.03589619943325671
0.015139573036855886
-0.03255375541379775
0.008715319558556438
-0.014636277065162021
0.05051349798704877
-0.06192397149424787
0.0537760885224057
-0.0356705802567591
0.01421675248772061
0.009719532587736016
-0.038147180227930094
0.040518593275238726
-0.03661344601201169
0.007736024571603687
0.06522746109290349
-0.0672541398121908
-0.008488151904056322
0.03983783791027275
-0.014734307554879733
0.024909182120341523
-0.08194249896676241
0.08567292065743795
-0.03635430190030107
0.011558743140070644
-0.010585661169476495
0.007686648532591113
-0.0006290877388878708
0.00043637633232965483
-0.009900152691467112
0.012894221223199994
-2.2058914197547238e-05
0.003557067071902408
-0.03981205988269671
0.033130051257796056
0.03350219828993256
-0.04203279126750406
-0.021933028452193384
0.027499508473186822
0.03896862730787166
-0.053062040331513675
-0.0008407033955137311
-0.0010625806322391521
0.07169952260974177
-0.08587321918053928
0.030748420995102197
-0.02224291327134581
0.0732364271305874
-0.0695419490457211
0.009937025185292124
0.014202525279487751
-0.009877884878492713
0.0019250684945126676
0.016991825596987507
-0.017543414388100698
-0.008854718878935311
0.008722432982259852
0.023092948609776478
-0.025534946134256654
0.0010550604339081334
0.01408190041041795
-0.022955885298368756
0.024019493568216022
-0.01638367321970061
0.01330205327339652
-0.015329359379659064
0.012957596098802654
-0.00835165525178011
0.003555671580353237
0.007412353483025023
-0.0065994790125692235
-0.01308537245267603
0.009957316193850867
0.01971781964286096
-0.02752969548991126
0.0151959620826763
-0.011532030960877411
0.00888530768028353
-0.017364609839700722
0.04301908135618704
-0.04205057678647589
0.01777551010448726
-0.001976793956233448
-0.01092595435850695
0.009200720951930863
0.0057184913582076675
-0.011037026830146913
0.016084224592619635
-0.006935841452967448
-0.02726714812618469
0.026708109730896955
0.012160629109478233
-0.020989780780407502
0.0030113430066538533
0.010959478043556336
-0.018993755455554904
0.023795024275887502
-0.03147217935681118
0.021009744884603727
0.0030601388041371245
-0.018743857929821896
0.036631975937174516
-0.02790287948123813
-0.01216525245279905
0.026447091533393353
-0.010309584084372974
0.009604939075850551
-0.03241703340818575
0.03089504239206762
0.006477724264173897
-0.012649756969441771
-0.02876687740272056
0.020369514835960695
0.046985317370551206
-0.060008370763385575
0.02252026931975709
-0.0017497599129229096
-0.007694806370559352
0.005764791283931997
0.006714803912176614
-0.011091559614195315
0.01411036043862681
-0.007269783120232768
-0.017370575209645335
0.017116476209234587
0.011571996857466977
-0.017000818750190008
0.0026141011059654775
0.005459088165199008
-0.016757561110674665
0.010481392675259006
0.021100504792268715
-0.020784275941782608
-0.012080597556971683
0.027825661952150128
-0.025440435382744087
0.027506719589769427
-0.03401940871209479
0.031848353169508674
-0.028692452081968117
0.014587880667808124
0.015842248819319688
-0.02003906446635559
0.0014085781410229786
0.011489689209897336
-0.023062139714154613
0.023143614329106395
-0.00900077155957172
0.005029139121121216
-0.014770940162581216
0.013439697386618066
0.005621389179604842
-0.009107868138237812
-0.014727730786839885
0.007105310553119122
0.038131417071533016
-0.043352147790769395
0.019092740296571736
0.0028452946485820626
-0.03963296412486178
0.0316211885104212
0.027930514323336743
-0.04139799460641294
0.014247850237653466
0.0040176533571490616
-0.018305906843732518
0.017589107757599382
-0.00025404426319603716
-0.01026299065285883
0.005632262003137826
-0.015325142700849547
0.05026786984135028
-0.04918756379227269
0.0035322507897200747
0.0092139823070944
0.018733391278538805
-0.01227347137691009
-0.026067963548603537
0.045280551782024746
-0.05071595860579989
0.03966169185540528
-0.02155371764539961
-0.0008760747761984238
0.03888232768067768
-0.035986402402868545
-0.0016836005510976974
0.022991834375580653
-0.04495195527284255
0.031512777982283594
0.027047755156552826
-0.03669420812375917
0.0002485588206768471
0.017748257769061807
-0.02440775034907904
0.02020463989323201
0.0028585021830550223
-0.004787801869015364
-0.02302855645566847
0.020694052529333904
0.016369213999103665
-0.026411664268522723
0.008287958885824676
-0.0027250217956559146
0.013062196426693668
-0.014570428354378192
0.0007358647300692569
-0.004869454580055182
0.03236777039028827
-0.03786537042094931
0.015171957340932891
-0.011475643470383542
0.03436902116071866
-0.029438634554046286
-0.005532035784105292
0.018627155957061554
-0.012390420328181419
0.009465842444317848
-0.004474378216297253
0.008412509055843911
-0.02549015147780563
0.023718844309110896
-0.004583633994149714
-0.008597518884741561
0.013446631375781906
-0.016632260710893115
0.02683368472320406
-0.015792737312807212
-0.018260079734331566
0.029454242848101976
-0.023884209280997493
0.012064893165039888
0.004628917910631227
-0.008547684197557012
0.015491296357353225
0.0027486042030366205
-0.060306920475345145
0.06270571981832271
-0.004690314929073614
-0.019966905152819975
-0.0002850228183507988
-0.008570064674412596
0.06209199505254979
-0.062067794794072706
-0.0017628878196680811
0.018500758805207178
0.020277847502597004
-0.021389807515846907
-0.022118556195062988
0.03258653545600975
-0.0061241077533752235
0.005531883289082686
-0.020715549196058437
0.031172469251075557
-0.0620928834914236
0.037144020276788536
0.06370573708701259
-0.08379618952888936
0.012433726449859621
0.0008806113149469792
0.05006103007695507
-0.06045275038019345
0.025951341493339372
-0.014763184434629779
0.03394929091712262
-0.029613650621369735
-0.003904590593062151
0.011019749337684953
0.01331835032342504
-0.019601841358781017
-8.317491801102927e-05
-0.005705921572762207
0.04170575135104817
-0.05201262947658353
0.031925060724365045
-0.02809078274251284
0.042175323235421114
-0.03359629788910455
0.022788272568340425
0.005587264113296164
-0.0842630731467126
0.07165433297218204
0.05254494176935563
-0.08131771423052535
-0.002084914286947369
0.019992065000965294
0.05560692645784359
-0.04719383679826846
-0.0708089996429415
0.08330716457918844
0.020265377338778992
-0.049296064934625336
-0.0012609756988466465
0.015385790301478625
0.01763865815483077
-0.01674393270526855
-0.025493351041863167
0.02499941045810689
0.01154842433945929
-0.040074151265960894
0.0628554543080652
-0.06570461882861153
0.060435409152759266
-0.03890831510726052
-0.014413235999644254
0.025389375303130277
0.02117349899791672
-0.010456795510501807
-0.04883654310195483
0.07271149794497296
-0.0944702562925403
0.04695548520688836
0.0741176467450189
-0.10924237338673737
0.10451925714573038
-0.05010124789007851
-0.1154279405613131
0.10762701893642061
0.12326730798534212
-0.1608277248660001
-0.04211942849541408
0.06743603243598241
0.13151438214149735
-0.14203038163468423
-0.05657571586953159
0.10154937173881481
-0.01295026824611166
-0.036226292642780204
0.08902511387146561
-0.055452156726738824
-0.09793540421840138
0.11879052776993718
0.004600050808294752
-0.03598699262905857
-0.01972058469664211
0.0421306860426048
-0.043577443855638165
0.02581194098491928
0.012103736929640493
-0.02176303411280104
0.022744635504041422
-0.0006581366079620931
-0.07071379908994826
0.06835774270804426
0.03986304235195404
-0.056979573216640135
-0.05856801617293168
0.028055137422148206
0.10213001419972378
-0.16328528210374224
0.2329754962955891
-0.02312686294724386
-0.30079767166369586
0.6619390924924587
-1.2500650516320886
1.094106676863302
-0.34256288681373787
-0.2381818140860951
0.8682119197078721
-0.8624801185737891
0.1597211460056771
0.08252076983639006
0.14826179761110625
