0.34227781328004037
-0.497062260963934
-0.42619328997550876
0.4091723766838544
0.4308150264526437
-0.14938538357337006
-0.19438415731059058
0.0839335424818279
0.03450097528616783
-0.2015869785013514
-0.1213812791164061
0.21483418183861294
0.15479164651691116
-0.2553436671673063
-0.2551968035685596
0.07394056587307123
0.2591194344911324
0.42088294043497587
0.21304227259023487
-0.4677995437788748
-0.47394434207303204
0.16212897846161006
0.31108131069774425
0.15558759515419984
-0.09852820603324025
-0.6444343289782495
-0.4077195663631408
0.6782217545852903
0.7137515445302889
-0.16593580952022724
-0.2916489689805526
0.05529835846407979
-0.017248783170445408
-0.2867435916685365
-0.11004352968769995
0.4425768268492441
0.24025117917176597
-0.6827120507749618
-0.5442285216396263
0.5379946936539555
0.6876843724734001
0.1464531232469448
-0.11106227530964202
-0.3788923008354568
-0.39991966069308216
-0.030644877908355395
0.0647723476867978
-0.04153193886026521
0.2129417272220158
0.7473816405041198
0.38983744799999337
-0.8651792215005508
-0.8265647540303286
0.39535885641374974
0.5077477598080539
-0.17345616547087334
-0.20336336360201399
0.09818551412277857
0.04093373668179697
-0.2084184535834873
-0.01906596656051055
0.5605033194391639
0.34780810699956444
-0.6217628242162914
-0.5458146691423602
0.44716427993556923
0.46500488111357974
-0.25271376914492943
-0.3439131738038894
-0.06886212273860826
0.024104270322958775
0.12350955317727313
0.20269052987771424
0.20051442452188903
0.08380373773477325
-0.18453578037015378
-0.2789496610069595
-0.1992103864637101
-0.026656776704405444
0.3201569418058843
0.23830195792697925
-0.31065509997489266
-0.313401118271729
0.1469289359996717
0.30489938898607477
0.31701316133322577
0.16919835806028752
-0.26944382343662726
-0.4229602348600799
-0.3034743966301005
0.009251464516923947
0.6557619640550512
0.4263716792126628
-0.7462266461720547
-0.5726917566283746
0.8110975924218469
0.5928086899599115
-0.9549290968716133
-0.7792606322465997
0.7937666174181972
0.8109252880525012
-0.3481347124582959
-0.4514519187916996
0.10316583918343261
0.18973876682933816
0.10953978632667918
0.0878253984159233
-0.014794161326162944
-0.2290587280069876
-0.5605349109421951
-0.3203194276718535
0.544281035537536
0.6420726744249122
0.053054080335367786
-0.19451888035128934
-0.33731397745903513
-0.15206630477341612
0.5415734998496434
0.46797525893655906
-0.3495127170971248
-0.6044254660178743
-0.49878880900045475
-0.20453805426763116
0.5132522955186496
0.7168208679537735
0.3860667076881968
-0.03427165529823689
-0.7623371177622115
-0.6018711510302363
0.5697740466418313
0.5760641662698254
-0.4112870455646407
-0.3427115168727252
0.4853013430668677
0.4595017387285668
-0.17197696988851588
-0.4761216911451574
-0.6819122980129251
-0.2975302489602647
0.8703972972713235
0.8269508532673387
-0.39538490111723945
-0.5274291066449093
0.13176604564495484
0.2091905244182936
0.03149282870242206
0.007735254671309378
-0.03288740367791112
-0.1347484938696369
-0.26996712515546234
-0.18597902610393513
0.13879978305514099
0.3391734298580363
0.46204808175984063
0.11519407973457217
-0.8165397828810491
-0.6074120818061962
0.7465807034773727
0.6119952412473483
-0.800769550554012
-0.45635749847281354
1.3385458466542395
1.080948653238184
-0.9028196910253433
-1.3123022688266197
-0.6191832567745491
0.06727003827307504
1.3054284558436449
0.9627786069443295
-1.1948331420100333
-1.0782204671859748
1.0269901429641408
0.9339252221472061
-0.8140701055194269
-0.749792546967216
0.6049873107930474
0.5748257584383832
-0.41488679789615823
-0.4123430475057547
0.25088024510699247
0.260695167972411
-0.13975897691725106
-0.1549625832668563
0.051475112818802
0.10652106205306583
0.11298165489822237
0.07445981256855044
-0.06228937463352339
-0.17371453380883425
-0.27172509475344725
-0.12869584270416234
0.3042466615120726
0.30925990074965565
-0.09631595773284608
-0.18220810431456044
-0.06263445713281156
0.07552957876578784
0.3537175037643052
0.25979377779997037
-0.24741552612860135
-0.4386550616586045
-0.40053298465530424
-0.1411449007627131
0.4921142266603045
0.5386223899222177
-0.0197196838469239
-0.21492681957687942
-0.22034627357973094
-0.0857028581647659
0.3559346979966261
0.2833989932489237
-0.3145610521449501
-0.3939325880997249
-0.07652262048841359
-0.01097081126801584
-0.04093929962705159
0.21937030767161578
0.7111341742310984
0.3103891803185659
-1.0166062028194527
-0.7582006330932054
1.006647803213544
0.8514591859640762
-0.9179341208928136
-0.8258386256125575
0.6943638183113316
0.6195727613833973
-0.6187373160156447
-0.469194583367285
0.70827453191961
0.550023661441567
-0.6564103739102877
-0.5779738924033305
0.5093535624417657
0.5133933705925713
-0.27040818034706965
-0.3519882172557293
-0.009513367561884194
0.11299212064177072
0.2224942899003488
0.05151468464264342
-0.5030352142050584
-0.37377293707937886
0.42480377354969856
0.5280503004525566
0.08214321138736717
-0.11224742655369749
-0.27310914281428456
-0.26044902759345767
0.04731772163032212
0.12640166411875495
0.02150572048602439
0.1090875297182723
0.3119386387722285
0.22468386257377443
-0.13069585579602094
-0.4484011171942776
-0.8017738561189988
-0.3920167683115628
0.9081220705631887
0.9858036999558923
-0.08299658755877078
-0.3797411397930856
-0.2509159873985251
-0.22925731099411953
-0.025116461470109347
0.07653367254183044
0.04606026656740136
0.1563136890294157
0.3518001332056074
0.21318302892874147
-0.2591148522606099
-0.44373007826664324
-0.3967390246952472
-0.08499295558333703
0.6373961562102841
0.5100835838007212
-0.5067285692358482
-0.47850010001985405
0.42408346689074494
0.41461490780845484
-0.24686762034581305
-0.1951361337903376
0.34928327775928464
0.09352468708611825
-0.8260321571162907
-0.538870363373052
0.8522295113595667
0.7905953730966423
-0.5141601103426298
-0.6082744763235328
0.15789432449080434
0.3283996099181762
0.2520582221937609
0.10417685922134225
-0.3231104860760207
-0.28276390813833374
0.248818093825522
0.33507328581040496
0.0932193605224523
-0.2491800307490311
-0.8636888482156984
-0.5054906778627388
0.9249739066378788
0.9184025540574543
-0.3851368049490634
-0.5904284900371212
-0.07091439157051768
0.20741057729236947
0.6109939689193373
0.4027085352077721
-0.572689574833464
-0.6707375998683801
-0.0007903521190230482
0.25039158872394657
0.3528022837045308
0.12573212408681056
-0.6336291690297498
-0.5070940300483143
0.4973324657313694
0.628981571374054
0.09189501230357439
-0.1450476824840226
-0.3575895759876434
-0.246498691952838
0.343144760864126
0.3304596913961374
-0.2361339183336689
-0.28199511374062985
0.034790703454962726
0.10389397514852197
0.07624838165454323
0.027802097968226847
-0.12615804383296372
-0.10282228083979628
0.10686901123587113
0.13702042195899447
0.030634705122749822
-0.017211838226833944
-0.06421689184564403
-0.10024352160824666
-0.10041224725111561
-0.054461799935030815
0.05304531362523769
0.1584461285767278
0.2680173931838896
0.12995323219421245
-0.295247595080166
-0.30022153840830634
0.09491042088646945
0.19116289924109886
0.10187759072570195
-0.04979085148690526
-0.3836789672923999
-0.2662136227395183
0.33926068060305764
0.3778094645675021
-0.06589346391983956
-0.18891298199386858
-0.1547808596320821
0.05289497644336051
0.5718415748193856
0.4359146041800217
-0.37870297090251526
-0.6607589239007309
-0.5640564014560379
-0.15096054930339567
0.8233361311624592
0.7375840901259515
-0.4600555746179572
-0.5627513590510446
0.18320270847162295
0.3121785301617457
0.14999844308636218
0.06842803077596812
-0.13122239935683883
-0.28172910043909694
-0.35984313322072325
-0.1365545200543747
0.462774600215205
0.4925761046777674
-0.036549634496827334
-0.16870897214630917
-0.061485748416414694
-0.15185118981678183
-0.30581781228281535
-0.18985763920080614
0.17685515822474496
0.3521376220487711
0.3793361021636567
0.052747844423047446
-0.7490970300133977
-0.39628551034671766
1.1539193768007616
0.8840208498157258
-1.04021549160943
-1.1302736424211337
0.22231373606161467
0.41895539329788734
-0.044154204246600624
0.11292148811856217
0.5573971062421775
0.267237639414817
-0.6704064176968038
-0.5508286964565473
0.5489139550039169
0.567526796067309
-0.26852993973202965
-0.4875868165625474
-0.391228084390186
-0.18761676685862294
0.3533841247560343
0.5481385485672122
0.3852219016550803
0.015934184559245924
-0.732001438531995
-0.4793852978280142
0.8594402570051519
0.7501773692189138
-0.6399141460987807
-0.7939279323766744
-0.06492825680194428
0.15903334501688732
0.24799725564900818
0.29221963759932656
0.10612067382622098
-0.05802605296902838
-0.23773594030708284
-0.17125854284809394
0.2092376792414652
0.23114866074754667
-0.06431425537370122
-0.1829604243023154
-0.23612142227385063
-0.08488210334184641
0.36219276007296924
0.28333865374923867
-0.32000419786137213
-0.281192445412331
0.2941872580043919
0.23420283699867434
-0.31440958266391483
-0.2308745997018711
0.34999945018523004
0.28790727417106027
-0.2900188325220197
-0.1898895218873753
0.4573664450450113
0.1775436560827423
-0.9147578816197491
-0.5868790858664028
1.0364666808806395
0.8754376662185385
-0.8260488171519874
-0.7721336554851258
0.6451873543033884
0.5935109878990082
-0.5057896745613516
-0.4701171617762838
0.35232167668740344
0.3648503349187867
-0.16335765471553942
-0.2087494042923402
0.023288215591120667
0.05621420737763421
0.023568173019394095
-0.033992815448035174
-0.17935158970140816
-0.02562736650804231
0.4486946311651744
0.2500154336903957
-0.6059484594400085
-0.4314753164421984
0.6781694430232386
0.5276934552022454
-0.6886747298400184
-0.5940848143198195
0.5462122930209148
0.4764557705486711
-0.5106238861937301
-0.32711432947951097
0.763376638949505
0.6066443538801504
-0.5697742687446754
-0.7518549605108394
-0.21940698577693013
0.0851521719689387
0.481108341879269
0.4525927681092535
-0.1488356909215852
-0.21339569657135127
0.1583478517143662
0.03532780796621919
-0.43092078432437003
-0.1910924087241303
0.6832354020003922
0.3673725351969993
-1.0657742272444313
-0.7844444867541711
1.028872446924671
0.996327517845988
-0.5355167439263264
-0.5922329352529468
0.37332074470333343
0.3186506031105588
-0.37379113621933446
-0.2193045559063458
0.5588259387610122
0.20909971581202352
-1.1417135210688212
-0.8200194867458278
1.0197003867276686
1.1251843360557128
-0.17002953980588564
-0.4864438514691043
-0.30903692184897386
-0.11068955213652527
0.46667683793872805
0.3669046855455596
-0.46955730441898924
-0.42644777723652094
0.3486041727332712
0.3327867561098944
-0.2638405690884863
-0.279430543711485
0.0911131407975686
0.08428619852238135
-0.15382554533212472
0.048832209831012836
0.6214442740087835
0.39453183918536217
-0.597280101439368
-0.6812166032523163
0.0030796651147184315
0.200569566250431
0.1736272030489735
0.1784828923077404
0.03239386212050751
-0.09524270503017448
-0.20721256920110834
-0.06896802727796929
0.3811940609736218
0.2618890265119314
-0.4166963209928655
-0.3616284126334526
0.32138863505834037
0.3108661682683476
-0.22606427708872864
-0.22831023717097446
0.13281763852835293
