-0.0019074650097821505
-0.002042108400404775
-0.0021797601548020746
-0.0023202671949790438
-0.0024659137365576245
-0.0026161130326798226
-0.002724700364426629
-0.0027872235062824657
-0.002824883049218632
-0.0028243348873979745
-0.002812604850851581
-0.0027906111192760688
-0.002732652323480076
-0.0026435799296522524
-0.002555738091997906
-0.00246804994465707
-0.0023674921620362474
-0.0022614133800822407
-0.002123017433523756
-0.0019500316776758918
-0.0017613294077021464
-0.001550372520401556
-0.0013495693953257198
-0.0011637208402441915
-0.0009724499767501123
-0.0007851948687992349
-0.0005870160411323825
-0.00037625891614476164
-0.0001687030446449668
3.873090924301619e-05
0.00027726344412396246
0.0005475106106770305
0.0008364844595878665
0.0011521058261471195
0.001472174226545617
0.0017953042062749467
0.0021391947258841996
0.0024990092918668223
0.0027843847825055968
0.0029881665701362997
0.0031493023307718466
0.003242129876486926
0.003322838779603183
0.003393181603712089
0.0034017682496773646
0.00335890254427686
0.0033232097949424384
0.003292254599815983
0.003243495382182888
0.0031901550926390467
0.003082356117195562
0.0029160657154977234
0.002726052771741089
0.0025002019370795148
0.0023066643514029206
0.002155120481428858
0.0020040312845579613
0.0018732173078978745
0.0017303882683783434
0.0015723086117686337
0.001432645746403473
0.0013048664856064813
0.0011257422658257313
0.0008943415841860666
0.000636891214727363
0.0003375084255672881
4.183233577994791e-05
-0.0002471778622842143
-0.0005654542253555304
-0.0009029256574299923
-0.0011783972118527236
-0.0013877187726244803
-0.001561850527233686
-0.0016783547352188552
-0.0017925856982314748
-0.0019059448496447093
-0.001970548776740113
-0.0019967758284129985
-0.0020300853344183403
-0.002067697500808276
-0.0020937362481643963
-0.002118221469932588
-0.0021001546800319603
-0.0020364456700730357
-0.0019549327779088944
-0.001845670185270704
-0.0017772344410939733
-0.0017586848614900682
-0.0017499601888369284
-0.0017708980441851385
-0.0017875983789930041
-0.001797055974939807
-0.0018338015291572039
-0.0018910709499158867
-0.0019085385462884773
-0.0018856928708615912
-0.001847304875754437
-0.0017783858682245326
-0.0017233276196817746
-0.0016850814529145778
-0.0016291917425142175
-0.0015655680186742607
-0.0014928075013032984
-0.001406880377948479
-0.0013154543782745675
-0.0012170824474234605
-0.001104227631058083
-0.0009772560678711164
-0.0008383642503023422
-0.0006858046326886178
-0.0005329931579368776
-0.0003809475417547556
-0.00022178151944808955
-5.8949726281099485e-05
0.00011488141787281678
0.00030066361587679423
0.0004919474593974354
0.0006905117710719857
0.0009083054656095622
0.001145806184695051
0.0013987294152874859
0.001670342870751835
0.001952469356983272
0.0022449500248366665
0.0025548202476641255
0.0028805682769312167
0.0032168183322317293
0.003564122648024997
0.0039242283704598365
0.004296051580745369
0.004684907098372135
0.0050912396796608285
0.005511677847988965
0.0059475704292783526
0.00627117012921344
0.006469170974739072
0.006602429833608516
0.006633820811544805
0.006635899233365313
0.006611431808243178
0.006490235507724566
0.006285325290256459
0.006089742248986863
0.005900910507305798
0.005680844496341536
0.005450883819348169
0.005135209252031931
0.004727404902408871
0.004281424282581506
0.0037788581933988563
0.003305112144225246
0.002873329209060271
0.0024289780180998697
0.001997071033322897
0.0015392331418592076
0.0010510754627289925
0.0005738518357643075
9.968277788864502e-05
-0.00045537181832180966
-0.0010930664359095268
-0.001778179017395868
-0.002532012163669758
-0.003295156126680113
-0.004063837975099566
-0.004885496400069274
-0.005747164009291201
-0.006418068226244323
-0.0068802037219695515
-0.007232604816039171
-0.007409813682913767
-0.00755585710069256
-0.007675201399701622
-0.007636437457458938
-0.007466008787940278
-0.007312731688294448
-0.007170319902799002
-0.006981750160310269
-0.006780562124891246
-0.006439877216424418
-0.005949466789011275
-0.005397693059636071
-0.004753741062186116
-0.004192054420454923
-0.0037373499717544183
-0.003283454120955879
-0.0028810901057651573
-0.00244748449295866
-0.001974376711044827
-0.0015479982687197679
-0.0011516096645555385
-0.0006236774568013667
3.814406784668889e-05
0.0007668757537598012
0.001603079355280804
0.0024300823415970645
0.0032403136220684695
0.004125586393892516
0.005060144813464479
0.005792634945953601
0.006307922097947857
0.006705600304520001
0.006915540383889309
0.0071042730025938005
0.007276205802618132
0.007284700317139232
0.00716070176540014
0.007051806007911646
0.00694989052218753
0.00680148583330191
0.006639314578416305
0.0063326921754976164
0.0058714454519299365
0.005344939866296659
0.004721389292932765
0.004206099116976816
0.0038266931356228237
0.0034616168880787944
0.0031702876885236018
0.002852275254028842
0.002498275852167965
0.0022110699638018317
0.001970469573588899
0.001592887548428193
0.0010763392520887307
0.000496308575037918
-0.00019303478265434958
-0.000857512279819154
-0.0014883515413774348
-0.002190293411783651
-0.002933555373315073
-0.0035649432017918967
-0.004080703373188131
-0.004531549562289481
-0.004876183997669781
-0.00522789671038849
-0.005588859794178823
-0.005865455099641577
-0.006079190013578733
-0.006302503729174622
-0.006528936876200399
-0.0067364143267877406
-0.006940305454107171
-0.007070088579998885
-0.007120776061271033
-0.007138546632059175
-0.007106217978934944
-0.007167611894812088
-0.007340467105799752
-0.007543522490555124
-0.007818116187947522
-0.008090567319907722
-0.008354871414328785
-0.008684503629953646
-0.009064819050199584
-0.009374620477337618
-0.009613431299662899
-0.009830396124274735
-0.009995603634889669
-0.01019954004034979
-0.010448234519308892
-0.010672101618093706
-0.01089144420426239
-0.011050899315313665
-0.011137089993911234
-0.011190397698879596
-0.011192741222072745
-0.011159138276084876
-0.011091543512450822
-0.010965492575197586
-0.010782966380879644
-0.010608803743750214
-0.010444030303730548
-0.010257529216748306
-0.01006497621154632
-0.00982078746285631
-0.00952052292343088
-0.009199183806891274
-0.008845764624555186
-0.008471143182573198
-0.008079784195120003
-0.007658140164280036
-0.007209910531844854
-0.006735954845821632
-0.006234873608894002
-0.005709415122937029
-0.005159475575547392
-0.004561749537217279
-0.003914486106549107
-0.003228584271518058
-0.002497619848933815
-0.0017351780608959092
-0.0009419725215445248
-0.00010553209126308363
0.0007715015649359088
0.0016293795311642012
0.0024639133986250287
0.003301635667604611
0.004125993425026432
0.004974879356662758
0.005850009086743347
0.006717741488790032
0.007585468692985052
0.008492105628929408
0.009436508506156632
0.01040451376708578
0.011405276032900025
0.012406519840638574
0.013406115384230304
0.014427383465878275
0.015462870078903911
0.016555981607931505
0.017713383675218106
0.018909165793585453
0.020156305407768436
0.021435162745943138
0.022744150349117188
0.024104851605750908
0.02551366612958977
0.02693093843796276
0.028356519512920304
0.029807573172840406
0.03127448280766644
0.03278660532475014
0.034346289441633614
0.035931231429981544
0.037548274244298525
0.038632822727068375
0.03912451161666705
0.03929234283137102
0.03897138974503367
0.03847975491804549
0.037828859590344766
0.036708471632111744
0.03517488832079934
0.03364167871532033
0.03209695251155475
0.030370170445051626
0.028555690395773037
0.02631592748518874
0.023621525639886044
0.02071168757039215
0.01750386046228578
0.014377118737037974
0.011389200791969391
0.008296904194816589
0.005210748057257475
0.0019593054826281555
-0.0014776556305812812
-0.004917360190319104
-0.008395575635021827
-0.012286528080619563
-0.01659875575942834
-0.021176243186237672
-0.026114504930130164
-0.031149920456669505
-0.03626642370445792
-0.041675821601563655
-0.047321138797646725
-0.05171520973208457
-0.05473118599390619
-0.05702594729117291
-0.05817464044532348
-0.059082616116213627
-0.059779329990076416
-0.059425753028512024
-0.05818694300443911
-0.05705625114959483
-0.05599587225035637
-0.054617403567699035
-0.053145766240319525
-0.050744906690060654
-0.04734627116455944
-0.04353547645601586
-0.03910933902961204
-0.035160343451957385
-0.031846308421811735
-0.02849435970962217
-0.025422599253589258
-0.02211887298775309
-0.01853024819010501
-0.015193803587501544
-0.012005485136901712
-0.00793852427975553
-0.002976230873589523
0.002454601854214459
0.008612599201449004
0.014760106515497204
0.02084965020596025
0.027464075610204513
0.03444111109530604
0.0399504610301466
0.04387262305564322
0.04695102991661088
0.04867275475190509
0.050230194277892715
0.05165675535645325
0.05189235200349288
0.05115807436113989
0.050560108145057715
0.05004234270591425
0.04919722233303559
0.04827151066069622
0.04629775144772724
0.043200103996163336
0.03964439665185994
0.035395661561391206
0.03191591123872066
0.029405055823947993
0.026991164911637
0.02509813493857515
0.023017277608786964
0.020681822818241893
0.018821247305821225
0.01729310135993228
0.014777589641059373
0.011259338428706118
0.00728275320741889
0.0025180362755815805
-0.0020729458272345925
-0.006427154532425549
-0.011296619470749765
-0.016467935894159742
-0.020619819643774618
-0.023702778802642672
-0.02618487997305921
-0.027705327143381565
-0.029204352610764834
-0.030702088270560528
-0.031404180494887676
-0.031487707045378475
-0.031631245175600314
-0.03178355799038052
-0.031721603295009365
-0.03159184721285904
-0.030757780088410784
-0.029172446746053765
-0.02725945446653697
-0.02486367232866942
-0.023166737025790266
-0.022318561532644766
-0.021640677811268275
-0.021473341712254568
-0.02121986940021767
-0.020829328440827
-0.020901302755037477
-0.02131660146235492
-0.021059108531535087
-0.020122236699674723
-0.01891969175784577
-0.017199557550320696
-0.015714650191351758
-0.014514620934308803
-0.013017237630109145
-0.011390642001866305
-0.010018423775651365
-0.008874793944580094
-0.00789969798547702
-0.007187667842509809
-0.0063785245699389155
-0.00547106336889104
-0.004728161090851329
-0.004079422387637882
-0.003459019756280493
-0.002893772113635039
-0.0023708703272662737
-0.0018825733408739565
-0.00154644351557108
-0.0013678044355238776
-0.001286094395718891
-0.0013307637374289844
-0.0010161527365180893
-0.0002923112851785001
0.0005876933229923111
0.0017612878673740032
0.0029592972254726207
0.004163646577583398
0.005630636750278945
0.0073070951512151944
0.008825046673014666
0.01018741029041335
0.011538161781075881
0.01278803597480082
0.01422215096413379
0.01585949688436212
0.01748579449927933
0.01916575497605112
0.02049422531242589
0.02140712719263325
0.022141072600504158
0.022573106295770827
0.022885076495040152
0.023089053438227498
0.022981102192610577
0.022592510774700023
0.022291642518359963
0.022077561665370712
0.021787389817841125
0.021508679861284796
0.02096444380989938
0.020130336392669264
0.01921260119620415
0.01814484936532903
0.01711337691882922
0.01615627582879034
0.015135186504113532
0.014106838495520444
0.013006801958070172
0.011823709559170748
0.010640047319197363
0.009442344306068424
0.008009848806364985
0.006334789452346696
0.004514444318445081
0.0024918016203008347
0.0004153731529233093
-0.001705118325149196
-0.003991882838013808
-0.0064128844585693515
-0.008355184265202525
-0.009771281835520815
-0.010926482127251664
-0.011647454982386897
-0.012316450993908965
-0.012946255358731937
-0.013188956756968642
-0.01311537406363364
-0.013121832395900545
-0.013192433509170876
-0.013176219230058345
-0.013163104098010534
-0.012816854641850946
-0.012111032447499222
-0.01128114285660381
-0.010246091510245402
-0.009461100320051163
-0.008991673693042435
-0.008560706665517632
-0.008301102310971595
-0.007998842831434169
-0.0076329180872847105
-0.007428222194926486
-0.007341952237845472
-0.006952108810826124
-0.00625301225380184
-0.005420754167813125
-0.004349781498116018
-0.003345551098260065
-0.0024284775965617116
-0.0013591073404906305
-0.0002053332592536731
