-0.010598494015569785
-0.01084320699172741
-0.011092222976895163
-0.011345693096074166
-0.011602181257120816
-0.011862137309186924
-0.012078751588880422
-0.012247066261606088
-0.012389299732555885
-0.012491790920237625
-0.012581008516424432
-0.012657895050532914
-0.012696696589366525
-0.012702102086705549
-0.012708233315562893
-0.012714090060348505
-0.012705630017168944
-0.012690632218210483
-0.012641196525013883
-0.012554899591059245
-0.012451492677289388
-0.01232415197446849
-0.01220439613144744
-0.012097010970930864
-0.01198180483980385
-0.011867963399613974
-0.011741203808259788
-0.011599846432936035
-0.01145909934554715
-0.011315982826901189
-0.011139442988330703
-0.010928776156320978
-0.010696921064382666
-0.010435953192868122
-0.010167760007029772
-0.009893674793321294
-0.009596117412520103
-0.009279818790543175
-0.00898047024992544
-0.008699569717752655
-0.008423609771419826
-0.00816229183128548
-0.007890671167633898
-0.007607990114865857
-0.0073353522638471055
-0.007067941113446369
-0.006786198876717823
-0.006491255105365133
-0.006189581077991675
-0.0058767749900405135
-0.005570423923695744
-0.005271696325905928
-0.0049684729567748545
-0.004664907602594614
-0.004330371004959111
-0.003960730938604413
-0.00357355622140575
-0.003159890849764765
-0.002734736155876039
-0.002299270452037305
-0.0018379655646821786
-0.0013536946147670577
-0.0008729308353926724
-0.00039573268522799114
8.895772114240405e-05
0.00057468110877486
0.0010812196260766077
0.0016100271927089894
0.002146034768818329
0.002693776916952684
0.0031669868494718137
0.003555207675195565
0.0039020865985340994
0.004182142826866326
0.004441286335214331
0.004681482468404291
0.004856395401146655
0.0049740930572110854
0.005102146667624811
0.0052391951402756326
0.005356715715342799
0.0054703369916830535
0.00552631911224898
0.005519974099076587
0.005489979799993363
0.005423275909517384
0.005373425563104518
0.0053491359662058285
0.00531503553943437
0.005286885735099962
0.005241569794175927
0.005176168026667791
0.005116116256005252
0.0050566027686000554
0.004942730486500415
0.004773110924059558
0.004570942712221827
0.0043221889267062285
0.0040651626760453375
0.003802250672042507
0.003502538970411294
0.0031743169209200507
0.0028895202377085876
0.002651712209431911
0.002432826571619291
0.0022525828983190888
0.0020618809746377593
0.0018591982823447544
0.0016866926386291154
0.0015349579997385979
0.0013631227333003103
0.0011733804419547585
0.000979744957354019
0.0007730030332686462
0.0005894184471043009
0.0004315043503540561
0.00027418410357506683
0.00012606658150209882
-7.254276330254481e-05
-0.0003298027503755729
-0.0006110479634405799
-0.0009337258495485481
-0.0012688345746491654
-0.0016139832868368074
-0.0019992774434398866
-0.002419113003816267
-0.0028211509493947283
-0.0032051494674701824
-0.003592962633086295
-0.0039717508010237495
-0.00438036177426079
-0.0048215954317978255
-0.005265678465587196
-0.005721458458291328
-0.006105881222501452
-0.006407214307394013
-0.006670707774830833
-0.00687141861304931
-0.007049956738332312
-0.0072084399697686
-0.007303609573735964
-0.007342473988365465
-0.007395766893613257
-0.007462719315854128
-0.007512582924700667
-0.007561934017475733
-0.007556150644697016
-0.007490396977975448
-0.007404641832087152
-0.007285669418336181
-0.0071795305452619146
-0.007094426105181447
-0.006998472146437783
-0.006905384212315528
-0.00679673760546444
-0.006669884557642544
-0.006546130258157158
-0.006421616023044956
-0.00624624481826152
-0.006018518671068694
-0.005759950110865327
-0.005457657598233004
-0.0051460404758898685
-0.004827263175118105
-0.004473301158042259
-0.004091568826458468
-0.003759163137046633
-0.0034804805550018125
-0.0032244090258881537
-0.003012238500132075
-0.002792610021797686
-0.0025638474795286466
-0.0023706829274160817
-0.0022033258213156348
-0.002016226349715322
-0.0018115929043062795
-0.0016055202494328544
-0.0013876867493035948
-0.0011978731205249862
-0.0010389072391049957
-0.0008830998574585905
-0.0007399067719018937
-0.0005475783985636058
-0.0002975084429186521
-2.598044923238609e-05
0.0002850796460543452
0.0006060212809176652
0.0009343105269939693
0.0013009269140575562
0.0017001214733062529
0.0020769649257454032
0.0024311049835896493
0.002785537161728795
0.003126742452849779
0.0034952703674493188
0.00389402384196061
0.0042917992386002
0.004697802170006335
0.0050480215182251145
0.005332492356571083
0.005587790627203572
0.005794451089548198
0.005981804132387051
0.00615157688328936
0.006271140505908544
0.006345460180118541
0.006432103816609632
0.006530748149053295
0.00661588840841584
0.006701104733030695
0.006742711807861689
0.006736783276368303
0.006715579613739566
0.006668542779508652
0.006628279193062383
0.0066009995289031355
0.006563221638445195
0.0065247387283563
0.006473328520628883
0.006407011767021854
0.00634053037044823
0.006271292168190137
0.006162062820148291
0.006011578873499684
0.005835988243969584
0.005625660233082159
0.005405810918937547
0.0051780182982886945
0.004921547129872902
0.004641799121823471
0.0044028448598445605
0.0042086114676992215
0.00403269454028429
0.0038928513643662712
0.0037470051877875913
0.0035937205499002867
0.0034699365287516842
0.0033676410293288685
0.0032480609212749575
0.0031129397437166177
0.0029761833235533498
0.002828963857069139
0.00270479721710348
0.00260608251609811
0.002509367683250341
0.0024226100685201387
0.0022955617452963635
0.002121115490882527
0.0019289853126118947
0.001704435898970521
0.0014713836747532352
0.00123190120105059
0.0009608534701062337
0.000662871710462146
0.0003830265569125095
0.0001216375897447676
-0.00014022276610226928
-0.0003914545253774009
-0.000665251178467288
-0.0009639976334432444
-0.0012621214492730237
-0.001567158597086141
-0.0018286188871519588
-0.002038533917554777
-0.0022259501407003294
-0.0023754849784363005
-0.002510048829295107
-0.0026310145244264746
-0.0027127246536913577
-0.002759045393364027
-0.002815758260590023
-0.002882640828788275
-0.0029393568914180958
-0.0029967166942009827
-0.003020065678182262
-0.003006282912175537
-0.002980994344566104
-0.0029358262317868305
-0.002896235390114543
-0.002867116854167998
-0.002830039609847565
-0.002792659762675815
-0.0027455276254010424
-0.0026870879903172808
-0.0026288136062522964
-0.0025686977135295805
-0.002477474813064067
-0.0023541373098293346
-0.002211396151488288
-0.002041676856167608
-0.0018647640933895618
-0.0016818964158250012
-0.0014767868525352465
-0.0012536711798547848
-0.0010638858688755371
-0.0009106155053405977
-0.0007726394238966276
-0.0006641964371682734
-0.000551654050621436
-0.0004338603844074694
-0.00034038517011971575
-0.0002648282626822282
-0.00017600929899987456
-7.531690923736566e-05
2.603578847840173e-05
0.00013515046994331956
0.00022511133521508373
0.00029398642411971183
0.00036061928126487436
0.00041861809890863817
0.0005081144474705584
0.0006347948508412844
0.0007748988804089893
0.0009401963823904814
0.001111607430030915
0.0012874720157859956
0.0014878539445389149
0.0017090566589114448
0.0019150303912200217
0.002105512477346865
0.0022956448611954447
0.002476545830114165
0.0026747498219394676
0.0028921613298995307
0.0031083286244522833
0.003329273371442718
0.003516592922559526
0.0036641148723149234
0.0037941386103843865
0.0038949351324925954
0.003983691580123388
0.004061463911115985
0.0041088236509097265
0.004128658749736414
0.00415616098070747
0.00419119409135747
0.004218071570455385
0.00424511349675469
0.004245769433667636
0.004217641693307804
0.004180398142409815
0.004127624819157667
0.0040783335402740095
0.004036234299737963
0.0039874415247995385
0.003937684132617072
0.003880015347330282
0.0038132600050439273
0.0037459404819943183
0.003676577088869357
0.0035830783392851867
0.003464664883513143
0.003330952234175809
0.003176215712399366
0.0030153460563057603
0.0028492745835696754
0.0026657188283168726
0.002467862721416029
0.0022953140363622306
0.002150560278128937
0.0020171683748008
0.001906131318872617
0.0017915678884214154
0.0016725848367233488
0.001571970188625771
0.0014848000037944891
0.001386916016113411
0.0012793796105811444
0.001170901004690311
0.0010559735137081988
0.000955414225998412
0.00087071932206746
0.0007873017511906841
0.0007101041540942409
0.0006082827706072736
0.0004774554799917224
0.0003359055156840158
0.00017458395544459998
8.13123933800158e-06
-0.00016217539551480838
-0.00035174777142797794
-0.0005577499606268087
-0.0007524326001929431
-0.0009355898755455919
-0.0011188837212129427
-0.001295476452011121
-0.0014857838451870586
-0.0016912720205293887
-0.0018962016140792522
-0.0021052056242274386
-0.00229440094420175
-0.00245962044646622
-0.002615373505123712
-0.0027542852252231374
-0.0028863378585612734
-0.0030122343546285925
-0.0031201590723061107
-0.00321175985134897
-0.003310056185792357
-0.0034150725902362218
-0.0035164008938904545
-0.003619521938354548
-0.003707349512014974
-0.0037783299956806573
-0.0038452416741258724
-0.0039039691690249748
-0.0039652710893583794
-0.004031423549543965
-0.004094209650838773
-0.004156912773790318
-0.004215959254460696
-0.004270651797301807
-0.004325675890603565
-0.004380263909694727
-0.0044212043353397835
-0.004447982791529088
-0.004466426719971715
-0.004473098329812347
-0.0044767836796433475
-0.004478038754112601
-0.004469559450468256
-0.0044532194622608785
-0.004455292139618049
-0.004477525521565446
-0.0045088540529725435
-0.0045565977547285625
-0.00460380152690451
-0.004649868921635795
-0.004709843621571413
-0.004780510745648688
-0.00484556292795245
-0.004905683932618456
-0.004966831154338462
-0.005025281829430941
-0.0050949970959600945
-0.005176994684764023
-0.005261468876796984
-0.005351738939046465
-0.005427713936844711
-0.005486512970710357
-0.005540124423995813
-0.005582651656036572
-0.005623574577186878
-0.00566373896251799
-0.005693135773015127
-0.005713607237605186
-0.0057433723956308
-0.005782586257541652
-0.005823586362378424
-0.005870871881975023
-0.005911081728214937
-0.005943262656646695
-0.005977742473666004
-0.006011496600361956
-0.006017620950979835
-0.005994476762852505
-0.005952462532503456
-0.005884021890937897
-0.005806975771240065
-0.005721692705380135
-0.005612381612556729
-0.005482282653096733
-0.005346823418435293
-0.005205023700237005
-0.005051218608438285
-0.004888746121725992
-0.004703686592268216
-0.004494875584260787
-0.004271646390598422
-0.004030541393719611
-0.003793628516897189
-0.00356377387288595
-0.0033278135489749313
-0.0030920634001154654
-0.002845543217964971
-0.002587161198339087
-0.0023279377736904598
-0.0020655925978857233
-0.001780311375607064
-0.0014717976382665127
-0.0011480559865112109
-0.0008040737888888996
-0.0004541947888983642
-9.927007786548206e-05
0.00027205125575846
0.0006566559570924305
0.0010400164411068673
0.0014220092228437585
0.0018073096359360883
0.002192106873860655
0.0025876117676294054
0.0029941116876396863
0.0034026551834467752
0.0038154567458882687
0.004239071155692937
0.004672936333008037
0.0051153102822079155
0.0055676351504716495
0.006023509243405868
0.0064825812335492965
0.006949137917610307
0.007421689324718447
0.007914540686905242
0.008429501978105285
0.008958724366153602
0.009506379693732692
0.010065205637548242
0.010634713828943005
0.01122229138406186
0.011826573250631548
0.012435843435787419
0.013050168820953686
0.013674415042005604
0.014305769183793981
0.014953187143479539
0.015617355499580939
0.016291576785745762
0.016977938043550054
0.017574992867870398
0.018071640904636792
0.01851686582490484
0.018880995095578248
0.019220597384855882
0.01953781300083146
0.019777174081436987
0.019948707816109756
0.02012775043241007
0.020312301896630223
0.02047119444550348
0.020621690050427455
0.020702678215199565
0.02070887191965389
0.020683765570922136
0.020612458921267972
0.020561883268153686
0.020542397064967837
0.020510846964066867
0.02048680346927612
0.020440324693828917
0.020367852194300217
0.020301570688665727
0.02023525799642898
0.020102386945216787
0.019901432781860857
0.019660250136276536
0.01936187375391252
0.01905312478012767
0.018736896383884823
0.01837558750178977
0.017979341821718058
