-0.0007614044099159575
-0.009316871315121529
-0.012291900094098309
-0.008930630225836032
-0.004241130249799881
0.0040175997607227315
0.007899152702650257
0.0064925365705836464
0.005505059248957307
0.0028768617484270045
-0.00026372732698807486
-0.003415035069869174
-0.008821876948822211
-0.016207186438442343
-0.016791990223017247
-0.010121757617246251
-0.0002053338223520092
0.015281192639709602
0.021773758625371942
0.017994150354932886
0.012921294960260676
0.002768650747142646
-0.0032313897223800398
-0.0038262070471305103
-0.006626401070642993
-0.009283253479988483
-0.009833794491707295
-0.00881536569353467
-0.005302079301073607
0.0011540205225285829
0.004070836145742529
0.0032718513638944602
0.0023271280308751995
-0.00029568361988612944
-0.00022039366523267774
0.0031236191497044283
0.006412088196321987
0.01078634925973695
0.011017249290890676
0.006310494406850625
5.137090560602397e-05
-0.009280187688794544
-0.013620889292311832
-0.012093879060926373
-0.009874157743016351
-0.004800567968221814
-0.0010576225432336658
0.0007440690165526563
0.004461639580349808
0.009068531223969266
0.00964277878503873
0.00614702304035264
0.00013883144023509354
-0.00967177230510741
-0.013237140923665356
-0.009823225311796148
-0.00538535637724692
0.0026435188844541576
0.008399273793495655
0.011104273938498008
0.015727238112154828
0.02080790987217378
0.019615138302903706
0.011982367839913572
-5.6835271893951886e-05
-0.018344989727213372
-0.026938771298022236
-0.024684726558508126
-0.02088111954952589
-0.011436081759689713
-0.0037635781729289655
0.001149695037993764
0.010344368055147915
0.022089261659086604
0.024268734873977606
0.01657952447562698
0.0035148616917840465
-0.0181166437531645
-0.026457867006944236
-0.019831717733497855
-0.011518681344060899
0.0040600273102508935
0.012720546366769574
0.012533518375100333
0.014937857625739012
0.01628532432952922
0.012469560223405278
0.004109738311907564
-0.009788791720171728
-0.030295895607894075
-0.03250450819270865
-0.014711839535370438
0.010196764981651237
0.048809236860564334
0.058992661332700425
0.0366285048419251
0.007429957369468766
-0.03983037665485998
-0.05945327123494568
-0.046109040280272684
-0.031117751239030017
-0.0023505983826166764
0.013238385483473702
0.011244752710011711
0.014693870326523969
0.016434745791884704
0.016097730291647305
0.01582776001480807
0.010054286416034201
-0.0010054673775733074
-0.00674447626242054
-0.007412237001452406
-0.008100136811379341
-0.006486775819291704
-0.004943367580664163
-0.0038308234429600186
-0.0001555828840340702
0.005625747022028271
0.007065082362611543
0.00406209078478506
-0.0005371162054851242
-0.00832801662222759
-0.010041601724939453
-0.00483936332485545
0.00150813775547102
0.011413905100282732
0.013319402712198163
0.005829679342974932
-0.003555146856349796
-0.017992556579051633
-0.02038916030206835
-0.008744944320467163
0.006143024093599664
0.028957536359508932
0.034549912912088324
0.020063194545570706
0.0014487309773019007
-0.028125716500449705
-0.03704586218949084
-0.021607562927604483
-0.0026713252247107756
0.02828920977646902
0.03912067880961297
0.025690459491116893
0.010511603327239957
-0.015089933944356978
-0.029980301167128312
-0.030801142706069488
-0.03493140046771945
-0.036710519654207886
-0.03154025517227985
-0.020443301993790942
-0.0009275711620274239
0.028231451509903048
0.04689727532528009
0.05434817582199997
0.06155088649249847
0.06362590742454852
0.05152414172050419
0.02457676405307222
-0.01714507394834898
-0.07678036135847005
-0.10008088342998213
-0.08326385104195295
-0.05537882839089232
-0.0021734782155056736
0.025999097538784075
0.024103323648747954
0.028552174026806307
0.02674144419457924
0.02564845560834139
0.02879357622318395
0.022716577452348126
0.00941874668649371
0.0007635697732814993
-0.0045032528092740515
-0.010877015140832662
-0.01611323255358101
-0.018605481294107197
-0.018227992424174177
-0.014038118947640569
-0.005312876042163287
0.0009564098256636942
0.004732872923626945
0.010264423149309913
0.01603782269045452
0.014703628328607535
0.0058331445596419935
-0.008274259858493485
-0.02975926493530533
-0.03492360192498653
-0.021923078946948144
-0.004032242188530963
0.02498881547070546
0.039101444414341865
0.03554246997375824
0.03207758074047214
0.02193656035567552
0.014282714218049412
0.011058309441906004
0.0022394372879310214
-0.009836905108315188
-0.023493241960951528
-0.03994876362846338
-0.0583674713976473
-0.07878023014455011
-0.07185681745476771
-0.0344172216195035
0.019683934028789173
0.09906685120419637
0.12527878401519774
0.09141765711320413
0.04262961854867136
-0.04200278885602941
-0.07673712281098785
-0.0523210742883681
-0.0276306790164559
0.019659499399861953
0.03562753952728758
0.011353127711945585
-0.00904390904877075
-0.040220622593082955
-0.048210776764322165
-0.02590191260574111
-0.0013532940602158765
0.03546466750650092
0.05114175027723437
0.040409139577372355
0.027707393922766232
0.0036291662569934934
-0.010169787945597027
-0.010206764853293878
-0.014882395463473861
-0.018457584038260862
-0.0193699418260064
-0.019190958822905745
-0.014040246444048336
-0.003712046236582961
0.0005685853135791327
-0.0012193387971260806
-0.0033434527116990194
-0.00836749134966762
-0.003397571476085645
0.013039623754929307
0.03279537890661741
0.05937305371405027
0.0592836943901129
0.028858454242446065
-0.013124359587436575
-0.07606471361964644
-0.09367400515283501
-0.05938719166435636
-0.012953969609403307
0.06345558667591458
0.08990262568003349
0.05747076123612298
0.01949790670866575
-0.04523258670880928
-0.0705535715772877
-0.04719123155061765
-0.024439454121759647
0.015516526315388718
0.03335834470987169
0.02178730681923241
0.014304104240360216
-2.4250677857388567e-05
-0.005376270983995594
0.0027102198841569497
0.007714853846505324
0.0144208249317093
0.01638712108748522
0.011246180394637938
0.0059763521826703666
-0.0016425632879213405
-0.011470923328643355
-0.022910445536441528
-0.03802036217855793
-0.05673433966037854
-0.05530637581336546
-0.03180500554543319
0.0025691586769062418
0.05443419514753528
0.07629874815021487
0.06399340886716848
0.0460495530310245
0.00999793175166189
-0.012005230781063947
-0.015943695322067134
-0.027837220767833317
-0.039619660761612045
-0.037922036170681545
-0.02388778994605854
0.0025281607894724655
0.044802503030924964
0.058032912105706796
0.03954045213324662
0.014069103122218433
-0.02980783175377575
-0.04914033794318494
-0.03920124780913552
-0.030119948256351524
-0.010769680146028379
0.0016969263847930764
0.0036193467332017804
0.01235387342293014
0.023295778355998883
0.02603520041943992
0.021578550810704495
0.01129424271671541
-0.007237116456884053
-0.0158714689187849
-0.013690622127701318
-0.011553388814524276
-0.005071419451594067
-0.0010058143159257416
-0.0005558996938820136
0.003088768027078315
0.008248966633373189
0.008233743594561747
0.0032534371880913178
-0.004747041766212916
-0.017403169746533474
-0.017822472892792388
-0.004643268960298126
0.012686580191882324
0.038638288414017403
0.04400524178614014
0.025741528692808477
0.0015241079001076803
-0.036558344165960294
-0.05013604473205539
-0.03494918717951589
-0.016039141225496444
0.016853892160197524
0.03079606387771966
0.021414897166141637
0.01308143353606724
-0.0029632940822651517
-0.012617162523438495
-0.012783466321376554
-0.017435284356029535
-0.02268868072334863
-0.022097781708384463
-0.016564256939015334
-0.006055893372773181
0.010904619433343704
0.0241288588507219
0.03337824071364389
0.04493522191077175
0.05651809775088611
0.05058340825167667
0.025776780994175345
-0.011465913018221315
-0.06628469288553622
-0.08717542872033779
-0.07002377047534622
-0.04411262381673768
0.004113021013617601
0.027622128256319774
0.021273103640961535
0.01916032722534499
0.009281016644892493
0.0076989669323575035
0.018557052778225946
0.024488371545194256
0.03002568762075419
0.026664431371500298
0.011429467378412432
-0.008200390044560196
-0.03533117977021244
-0.04377807945106736
-0.030654611094095317
-0.011246806993752382
0.021726301977592406
0.03638737637924272
0.029449258339447032
0.02250594861167795
0.007291201587142958
-0.007882045082159901
-0.02096164908701158
-0.04284014378611431
-0.0715148212748916
-0.07157467918837247
-0.041196121489895855
0.0042071886828126724
0.07412200515979919
0.10103100020086198
0.07915184756312624
0.049035098813932185
-0.0069612840397522985
-0.034685347646660494
-0.027506997610087503
-0.026238393460267226
-0.016908192903392207
-0.012187095995108277
-0.01656343410796646
-0.01267686134309717
-0.004214726357629234
0.0016713475223453784
0.006809417231779504
0.011936813680819131
0.015994700062827077
0.015826868130110434
0.010795640845865812
0.001614131063736343
-0.01294271380315504
-0.01700957121824046
-0.009481225001469919
0.0008110862042638129
0.01798629689822088
0.02042646805364637
0.005827195633345899
-0.012044514820466458
-0.038965332844200534
-0.04499212362616241
-0.026578537374989872
-0.002803923666690783
0.034530823726168086
0.04868640739295462
0.03536430033537445
0.019068506507604045
-0.010067195428924314
-0.023168322126234722
-0.01620840179128927
-0.011295072286740626
-0.0007552323079718427
0.006802677698534347
0.00884762149744377
0.015800018062277973
0.025225192252299612
0.027046463272195176
0.021647000880377746
0.011950893653782104
-0.0044632199971026566
-0.024270137978768182
-0.04767005351808589
-0.07849570836719463
-0.11643366992034877
-0.11186601993580031
-0.06059194676830573
0.013978882781147254
0.12577666442404706
0.17784533011837153
0.1617712123070574
0.1362522619169091
0.07595354002840837
0.03537560831542147
0.021770505074251194
-0.012551595296841345
-0.054228571255167175
-0.10325586837995188
-0.16506678908929415
-0.2297694388777128
-0.2988284844079268
-0.2753591858345277
-0.14769732769987473
0.037576666889319155
0.3094522978476296
0.42528834557699513
0.36410283600009996
0.26799825258542687
0.07285023339426466
-0.04642548081044873
-0.06946876059498491
-0.13511529329047922
-0.19988826851883126
-0.2112199529154457
-0.17694274290916553
-0.08774565233861611
0.06962020178112328
0.13798424821109306
0.11097859419676417
0.07701426234602271
-0.0019541883753150416
-0.03744411978611478
-0.017519268339217735
-0.015690395773253547
-0.00962631083628343
-0.005213369139924036
-0.010409254082989084
-0.005092694392225646
0.007643621353762502
0.0132626960979558
0.013787052608571247
0.01382330325356348
0.010775810663126
0.006852753133848284
0.0021873197514734643
-0.006187269003605965
-0.01799991169095184
-0.020946042700133432
-0.014431270165029526
-0.0042893282294385535
0.012685107811088414
0.01887989372429178
0.012699893869386721
0.005323561542878545
-0.007805154736104649
-0.012510234663416728
-0.00686617418421034
-0.0014219811700184404
0.007604830284378882
0.011219018361435662
0.007779058894885127
0.004680593545017245
-0.0006026371261970963
-0.005018437636457148
-0.007692741581121759
-0.012200805722437296
-0.017671476392020605
-0.016692397669138465
-0.008967251225535424
0.0026940068582809976
0.020292127903634313
0.026512952395812733
0.019940179037796796
0.010608450036604685
-0.006025780761594102
-0.013301622801078319
-0.00934355035300086
-0.00597492204814453
0.0011252393064163067
0.003996408304047299
0.001050630584482103
-0.0003743867539581508
-0.0024650615934809802
-0.0027097335247782345
-0.00010995144403188738
0.002401016960289789
0.0056952323339387635
0.0051440717608887245
-9.074200018937456e-06
-0.006831776643080432
-0.016713019239491773
-0.01879479043324498
-0.011963209538213808
-0.0026066213537190644
0.012237030463795201
0.019503218827223813
0.017794354786471785
0.01590517294599938
0.010412416446807545
0.005078830195160757
0.0007440273134252218
-0.007280043485198505
-0.018098205531744748
-0.020732302527619883
-0.014819267620038884
-0.0049710046926533915
0.011667980897786664
