0.01474433192757584
0.014919669898352314
0.015653199534873662
0.01704729553604666
0.01756630636168816
0.01760551484014191
0.016516386414308984
0.014031206724172029
0.010707299508552112
0.006285461013883058
0.0007235353933594403
-0.005986503326082974
-0.014092255361480222
-0.02364754208624808
-0.028712430920701908
-0.02877609123442536
-0.026712483537260558
-0.020861011496987075
-0.014759973736694283
-0.00860980405544676
0.0008285559925714048
0.012857255268872974
0.019753281317286583
0.02122378400105003
0.020500182395704714
0.01554784464992539
0.01173324251336301
0.009342039982570046
0.003945155898475071
-0.0033374124955450808
-0.007789577466622773
-0.009517393217101065
-0.010016688725250864
-0.008126425147625568
-0.007752426026463205
-0.009059355555012118
-0.009127717050427885
-0.008794010995801495
-0.008148101968123659
-0.0068642920518440995
-0.00547516947419714
-0.003913505346397623
-0.00136472074885519
0.0021588387340523048
0.006339171641690214
0.01136827822499557
0.014252627932083786
0.01470375411150735
0.014292789085418527
0.012185371704845405
0.010040931631580754
0.007982215780558126
0.004449004939154165
-0.0002218099370391593
-0.0029829020666050877
-0.0037608280135689814
-0.0037919324932500337
-0.0022905974461771257
-0.0014396648748462731
-0.0013594614377562108
-0.0002938726334492587
0.0012925721465277872
0.00151184055901773
0.0003921267403940648
-0.0014896495378163574
-0.00460943101027362
-0.007422776742014216
-0.009878902209595263
-0.013156052424129781
-0.016934855911890347
-0.018107346511102955
-0.016499907603578463
-0.013357018392950289
-0.00782054832026424
-0.001995603555256937
0.004049171314916188
0.01213380758703639
0.021854989695137095
0.026856513818198965
0.026761891916776782
0.02432489741477612
0.017811292520230684
0.011413070421877447
0.005328389516461384
-0.004063078966802075
-0.01592389862957026
-0.022310846743925587
-0.022935937287535044
-0.021028325941957044
-0.01448768028295247
-0.008906565342457458
-0.0045560343660576595
0.0031729867175311786
0.013126910431325047
0.018303931613606897
0.018606877043236533
0.016589627544996998
0.010440916778383817
0.005446051053499875
0.0018285247616178142
-0.004606702434658977
-0.01276351167870956
-0.016891912476403845
-0.016942312768634542
-0.014899771100415222
-0.009275680819463191
-0.004516563867773073
-0.0007861009400422669
0.005421795626506769
0.013194839898877295
0.017060241681976698
0.016911125536668258
0.014727027350703638
0.009072377696415767
0.004061861753339786
-0.0001489328033510694
-0.006862002342708997
-0.015239387849914394
-0.019449621625726117
-0.019334376735344855
-0.017098435774653253
-0.011202795367828908
-0.005919558357018983
-0.00142239181998134
0.005760195951090852
0.014757946323677596
0.01946540573512242
0.01972437563592315
0.017851293205310453
0.01224031773424231
0.007367091808444228
0.003419464923176146
-0.0032296926238467123
-0.011663987253885325
-0.01612175691085046
-0.016496918443088614
-0.014911821962032877
-0.00986476446653537
-0.0056711521317672885
-0.002509644444812601
0.0030707741442824936
0.010181017424825734
0.013903034528595691
0.014184132006497683
0.01276047942725605
0.008359161261076218
0.004755086850536263
0.002095807946599037
-0.0026004569086856316
-0.008555276680823799
-0.011625945482904259
-0.011772387891862924
-0.010434469501756286
-0.006538729214884822
-0.003285167967122265
-0.0007933141761683635
0.003461738982597636
0.008822738562753292
0.01136842704925629
0.011023663062962843
0.009204056834048012
0.004881393963241018
0.0010062403367984325
-0.002310167041346475
-0.007434519195163662
-0.013765950563616843
-0.016916734193634975
-0.016751838522306658
-0.014948527157524802
-0.010343000046009736
-0.006116345422667379
-0.0023968997518571842
0.0034188152266632346
0.010686075587796417
0.014904503862225369
0.015968147323087448
0.015586968268636557
0.012583474508113446
0.010274442313191525
0.008804882952488892
0.005502311136147534
0.0010513205851016192
-0.0018229682096784577
-0.0031931989768065588
-0.0039006920671877804
-0.003276947667999712
-0.0036230642285121706
-0.005034159801755759
-0.00580421329755998
-0.006427119224206506
-0.006534448497357007
-0.005895397345216509
-0.005023522424643177
-0.0037593379772049864
-0.0018694439304932098
0.0006275873603402642
0.003775523859530593
0.007641138274722145
0.009642851664861847
0.009564453839428944
0.008691383395945428
0.0063109714862642245
0.003940093761881809
0.001679348424167127
-0.0018527179130194277
-0.006347867908967485
-0.008955594607629083
-0.009589888571381527
-0.009406809307001624
-0.00766188044364103
-0.006375323595090743
-0.005651074182600638
-0.0038423135794869116
-0.0013717119160900238
9.545903205693214e-05
0.0006042669674537847
0.0006629558600383014
-0.0001374000596867373
-0.0003966208289621965
-5.90524811422705e-05
-0.0001655928846004911
-0.000417372396848191
1.9355786051171012e-05
0.0011112088398069855
0.0026734999342071216
0.004915989963165392
0.007087933881866534
0.009178306190357552
0.011744994137934861
0.014638021962129648
0.015498423746992831
0.014153963051737594
0.011612499454143024
0.007210397079783926
0.0024610698090106777
-0.0025831788319982257
-0.009277035589443403
-0.017335768358719052
-0.021732727396495073
-0.022166022681215408
-0.02084091162099872
-0.016387950366028543
-0.012103237080977942
-0.008150212001745753
-0.001680130946240928
0.0066446791789624825
0.01147452434510281
0.012673230908940139
0.012355539535135454
0.00912914348869538
0.006872945461536107
0.005779546879751679
0.0027199902513721673
-0.0014930465099254147
-0.0036661560533871014
-0.0038766887796359882
-0.003094006383334489
-0.000528116304261698
0.0011453905619720323
0.001825978168112854
0.003514367604542255
0.005644363587199315
0.006680508274385995
0.006698883517397468
0.006033743550760029
0.004305783175730001
0.0029278269214707
0.0019263054356567259
0.0002695490766927797
-0.0017543773332595993
-0.003447886119941781
-0.0048632910997002945
-0.006138122152204538
-0.007107283133696856
-0.008463691444240027
-0.010225526278435688
-0.011909769609258151
-0.01366400390091768
-0.013921817328604083
-0.012471383907666297
-0.010148691338218567
-0.0064860192253613025
-0.0022519251187449393
0.002516291216051928
0.008633327896777442
0.015967523565818754
0.020011523759458152
0.020453287814216764
0.01935686345735304
0.015485308529541629
0.011685715721498709
0.008110769059461677
0.0022509374405741776
-0.005322627802522497
-0.009749423261509654
-0.010900894500273994
-0.010721470090540176
-0.00794718553544114
-0.006080060794765573
-0.005299639849371695
-0.0027769601134338337
0.0007517692541423635
0.002771892512405592
0.0033906190676343106
0.0033075659673041566
0.0019160722120925438
0.0014178545139974913
0.0018948790158514067
0.0017446440845982404
0.001439143287552373
0.0013743092360910534
0.0014139808059329332
0.0017015575560772962
0.0023070067031739946
0.002585785082451631
0.002545447432673547
0.002561716828499464
0.0024998481100445467
0.001850391856324367
0.0005898863752243548
-0.001143014879701462
-0.0034966398774709307
-0.006076078630689328
-0.00888743310126549
-0.01226931594333249
-0.016156019082098592
-0.01762520889637459
-0.01643395102623019
-0.013921914527127176
-0.009265014853192451
-0.004255224983213233
0.0010280896541172747
0.008219372224202137
0.01697643131405307
0.021867309081789972
0.02259291829428481
0.02151666806694872
0.01717056438128489
0.013159570634794419
0.009667240327556637
0.003610833037760758
-0.004277762550808524
-0.008988948426338243
-0.010446649983974361
-0.010556431716338632
-0.008031009694470995
-0.006610196320293058
-0.006476215615893486
-0.00466672293617341
-0.0019714108123593597
-0.00036091890711797205
0.0003347770272570745
0.0005182680542738898
-0.00026159042245751246
-8.381284318437405e-05
0.0011128707614124047
0.0020045175733723643
0.0030083325083086667
0.0035264070066715453
0.0033662839268157156
0.003108662049279347
0.002554886251486082
0.0017108655919108066
0.0006180784125120847
-0.0009071627517557336
-0.002867587931181888
-0.004023842151438634
-0.004299573363599218
-0.004295209985652444
-0.003681203631857957
-0.0032217039863740617
-0.002972463135066828
-0.0022706201085704618
-0.0012791075363060539
-0.0006926594857652219
-0.0004921878529914719
-0.0004560892380630606
-0.0007531984902347977
-0.0008113792117447974
-0.000604942652260902
-0.000559120743408912
-0.0005501795538148365
-0.00016104729661267167
0.0006035793993802111
0.0016349309734155016
0.003041911575586739
0.00447678127974947
0.0059351068106591855
0.007687438945234175
0.00966648411382299
0.010323278017296766
0.00953575297758767
0.007988330825137148
0.005243896207387872
0.0022713272780835003
-0.0008924228553426994
-0.005125296331940834
-0.010244694377695433
-0.013028895097917253
-0.013286909395922126
-0.012432747132503526
-0.00959017598540143
-0.006873740894034718
-0.004389528087716574
-0.00031301232278737007
0.004929782085917011
0.008089561279507199
0.009096223819940014
0.009219112245543233
0.007617111603674823
0.00667146114385819
0.00650067453039536
0.005197889450325522
0.003264228864763445
0.0015774836815441056
-1.605901951113365e-05
-0.0016009130681563814
-0.0030039664231633215
-0.005240976353440061
-0.008348561594782825
-0.011695173058933165
-0.01551388522658209
-0.016918342921077134
-0.015568765631240732
-0.012998148756420146
-0.008370917015973353
-0.003199468684100185
0.002422342771157087
0.010002341242289237
0.019256054302721166
0.023977713570422714
0.02378528841627083
0.021449190856492495
0.01528143396774933
0.009293162401698992
0.0036947140248930798
-0.0049956782946388185
-0.01596801249929809
-0.021890797032611195
-0.022515199560276717
-0.020794000382236024
-0.014793746587534535
-0.00970192061373602
-0.005767269551357797
0.0012711662588869952
0.010342733909118463
0.015438499448729567
0.016514085717510098
0.01570915297897169
0.011482459024896316
0.00845376769723677
0.006818214011081444
0.002951405899624241
-0.0021823946155630288
-0.0052336944154500525
-0.006316293843766773
-0.006368769283735392
-0.0045679563111357775
-0.00381989498915889
-0.004222957005309292
-0.00363337724806249
-0.0026645622018366213
-0.001963056429959212
-0.0013479499338992314
-0.0009338069948100986
-0.00083896567750119
-0.0001182243722078324
0.0012343754499977706
0.0026598434555674282
0.004363948312743541
0.005175653544733952
0.004935124979044032
0.004346941318881461
0.0030731811347330736
0.0016435628731529246
0.00011033133188468533
-0.0020903240167395947
-0.0048534737739413586
-0.00623920341864385
-0.0061438683019010955
-0.0054239511619920645
-0.003559069557510076
-0.001821021136625597
-0.0002796000498054927
0.002152056514102402
0.005212914022783391
0.006789234698550667
0.006816482142554985
0.006124561441801482
0.004156680002505148
0.0024254476022627625
0.0009990173259159852
-0.0013599659173064056
-0.004340964314064978
-0.006006912227685025
-0.0063255490373746006
-0.0060091985650109585
-0.004554694318726356
-0.003416304285924619
-0.0026552365391990353
-0.0011120685861393154
0.0009125128135794651
0.0020252895424882522
0.002234039422632138
0.001998478530303856
0.0009654047498900444
0.00025310234119092957
-9.534847309446471e-05
-0.000939335915475275
-0.0020450533277300434
-0.0024131980859921943
-0.002046841876425777
-0.0012590985036616642
0.0002073456710587172
0.0015465747543307563
0.0027343456392615447
0.004396181728766036
0.006368229731431526
0.007119548912559024
0.006573597735402819
0.005342419691659604
0.003008032575221279
0.000624452796824314
-0.0017699158223758332
-0.005072649754994668
-0.009077562375549453
-0.01084188529158879
-0.010195334895686609
-0.008397129989266441
-0.004644141490661313
-0.0008874325779097632
0.00278454763331785
0.008054428969529421
0.014534173005495959
0.01779767632709395
0.017636347582113826
0.01589625424588282
0.011388034360660658
0.007133991270231871
0.0032755441478612398
-0.002735758095039246
-0.010287818401053183
-0.014885829990964067
-0.016426971832678435
-0.016645631003773968
-0.014371680230340047
-0.012902163305584942
-0.012391261819202663
-0.010188124979624338
-0.006979602696194394
