0.5898037143107044
0.33076738348826673
-1.0661042739142674
1.7174540400334322
-1.7920373894723753
1.5641186141850119
-1.0666258643979778
0.0018101859251798413
0.09751440662696811
0.9942119860491311
-1.2581128904920575
0.31597498126334705
-0.4286640332688493
1.908532332278354
-1.9590793234327069
0.493444515662208
0.1800391049437615
-0.02422451917655677
0.29889942447915613
-0.8297109344389473
1.3526964924822193
-2.0140298461864
1.9751488778964688
-1.3417831294931029
0.7160172511974333
-0.16656084182850886
-0.2574024532524462
0.7567171689468443
-0.692070639138221
0.09134125808717658
0.08522943520911837
-0.24685496755729783
-0.1060312374174054
1.4556288427899198
-1.158499109612939
-0.6449688119707173
1.4518558456636361
-1.8802892161899365
1.1303067775217148
1.031147162623316
-1.6073794148960567
0.7699139769993544
-0.0953743312757282
-0.3929810035401021
0.6799077199927236
-0.9459471220222789
0.7371871905591051
-0.1138698021340116
-0.19716326226592068
0.4381948425833843
-0.1897171083830578
-0.6751859637852948
0.8487771240339381
-0.5328036853006828
0.3445293386878139
0.2992529082155223
0.20850547918068374
-2.295589349409468
2.4198326298056316
-0.6205583451491511
-0.35432006823296586
0.536946950088869
-0.7418898638999739
0.8933408615150035
-0.8971153887502372
1.144004037151932
-0.6509730631923263
-0.8650582744964039
1.0428313381259469
-0.08806282357682982
-0.4706759634972925
1.0751787345062087
-0.665417228910543
-0.8186214958899489
1.2378288462957407
-0.9268180068809352
0.22636377962540413
1.0007928763351046
-1.3879464549686458
1.0625442492567447
-0.7663861338044697
0.43423660391423824
-0.39955183840674674
0.5468042944892613
-0.7061724923866282
1.182121673493362
-1.0599769496843632
0.015554773595726046
-0.10041550079695301
1.4789273237232892
-1.941069216330502
1.2984268815223658
-1.3183724188500665
2.0692500606653383
-2.0434648891700657
1.5437080346437684
-0.7942684316461183
-0.4674048620555884
0.7174633626843292
0.07774331701002568
-0.3768577273558366
0.05202811784918525
-0.011166853369115048
0.4790450012938821
-0.17971435878869896
-0.6975861162130004
1.1716424627449271
-1.8355934371532938
1.2261349563392026
0.9986109969241297
-1.4909684620768344
0.27415826744407323
0.25076101216226815
-0.1021929059365208
0.03235024412448686
-0.09024940424133122
-0.04479936206491937
0.3064817080446644
-0.5276123886877191
0.7675528530776579
-0.7316612322992823
0.41460932077273227
-0.11768776953964541
0.01796711752702878
0.35538363850258503
-1.1143363936496413
1.1784564155597714
-0.8503774839925813
0.3998915345550234
0.7199466876447926
-0.4778047991126463
-1.4858298619730754
1.748970768117159
-0.30287131403624445
-0.2799737167498849
0.11824147763794368
0.033759160214204866
-0.30449340508625294
0.3195610905323969
0.12094104011474194
-0.08784975397792508
-0.8572066980805574
0.8678389858079412
0.6475679496909773
-0.25926026809716496
-2.0977068184664502
2.873897429403111
-2.390345136459366
1.5146076211646096
-0.3258863729740577
-0.4500985648777668
1.1866504704417042
-1.1608717899491634
0.058279425026487086
-0.12943654792412612
1.2712875946645035
-1.6534127741337559
1.8519583520339455
-1.0672521694397556
-1.1082404201866967
1.4749833529294107
-0.1924330528612132
-0.3609557604915448
0.6589243472577258
-0.09044319722189299
-1.633425547837496
2.012722793186945
-1.056163627837099
0.718336497709674
-0.8377115332504268
1.0631641458189975
-1.3561144941014869
1.2541217930504653
-1.3319409057064793
0.5508542119878141
1.6799397918971624
-1.7568199643415112
-0.4715399067139794
1.2507396688351131
-0.710328427727222
0.557824612688113
-0.4568187565769113
0.9014992526650382
-2.042320407630562
2.1723531115191643
-1.424410806988028
0.6664296445460559
-0.04499044884606482
-0.548557014929143
1.3233953765615836
-1.2468408460485323
0.5980848490189576
-0.03212698070011913
-1.0518004083997015
0.7441051441241827
1.3534455049022216
-1.5926958878885704
-0.03251664705641599
0.7620682932253262
-0.54393736739661
0.45498200301075614
-0.8783260604950783
0.5154112315123833
0.9994382997609138
-1.1014967927151034
-0.3251911804370151
0.7876723375826198
-0.37421361944176823
0.28541269525677315
-0.1988126384881883
0.5889528126197083
-1.7900812033600144
1.829514289484129
-0.5304603052929875
0.12364039026184644
-0.8674653595212076
0.830207976709314
0.23767728886438622
-0.18491831608987755
-0.8935304709942667
1.498570646109512
-1.7177352973141788
1.522970868989968
-1.2904205905077155
0.6652618119509254
0.8850024313725229
-0.8282004839009347
-0.9551435771806371
1.314722403832711
-0.7532459895942094
-0.0514885922754173
1.822349555069683
-1.5856069921016485
-0.8845546245154813
1.402774289511637
-0.343626746254759
-0.6990257354971938
1.8222481784639055
-2.0049862183478697
1.6987743858971562
-0.70920327972333
-0.9807652840392415
1.5684695344187638
-1.5932176783567766
0.7176446041152215
1.2818594951331685
-1.8691847441694902
1.2706388946810252
-0.7952623664358952
0.18415465011686669
-0.2817521731380751
1.1350666052412015
-1.407597281373847
1.1552395757962375
-0.9416138766985233
0.6465568640772158
-0.47636057602735193
0.6158226196209188
-0.16491978635489024
-0.7486312984109943
1.36396645068062
-1.8768289980884414
1.6908646421903542
-0.9447506556172942
0.2854667668974348
0.3651477149677737
-0.5775020744215654
0.4372707309339815
-0.2148041123421844
-0.14165401049782775
0.3599424219748144
-0.201804374250202
0.3545357513709862
-1.3117779977437016
1.0331037619136314
0.8667221444349846
-1.0991075592820119
-0.3392871599174877
0.8082283249560445
-0.6461411943844573
0.21313019114389598
0.9039851135886883
-0.8331691009988544
-0.6747701764135203
0.9704575040164861
0.03786132208132792
-0.29056415001303004
-0.12577506994101784
0.2555287808458152
-0.40087743456326147
0.03800491069143355
1.1265558402277418
-1.2651372273261923
0.15207685858845768
0.05258420415603442
0.7358106794354337
-0.7149641176197749
0.09547678624689346
0.5649720860709416
-1.407752757926245
1.5970467047709629
-1.150632966685463
0.8356639918305042
-0.6933450736383169
0.41577305311278656
-0.04106720273021239
-0.23829659400654946
0.48486727196213614
-0.4796282387466313
0.3857216648776345
-0.22022612934805025
-0.29397265002415046
0.02821991245609657
1.0735335330158566
-1.4790041427072478
1.2949569266401473
-1.0737836713369637
0.7676987193720043
-0.6712632225411768
0.6641836093072193
-0.6616615216004287
0.9747402300410717
-0.6141402209608373
-0.664432863442232
0.9166796362045434
-0.004194670212154972
-0.2338047335348839
-0.3554567894931932
0.3278045193779058
0.5215567217547245
-0.7547435986454443
0.055168839369122924
-0.3307119217434248
1.5324473047424236
-1.841762439197506
1.81267146207834
-0.847521594326472
-1.2694098429878267
1.8670848938332252
-1.19093424846418
0.4780784858447318
0.19809608955158642
-0.4735884836705576
0.9125405081176523
-0.3094857172124927
-1.7540677306660335
1.9580206913205784
-0.41471066771380083
-0.36100541534784614
0.5831416854395876
-0.3108766132261514
-0.28518910483392956
0.7506323751099757
-1.4539104820416044
1.2459454696189354
0.12071181485446336
-0.41907194291667144
-0.408846226029265
0.516999434711347
-0.09027268451002199
-0.3343866200689657
0.9350012227025359
-0.8691560540912332
0.2530969032439818
0.16623697773866628
-0.6335700441432618
0.5430555093053653
0.29778413361551154
-0.4417440352511459
-0.34116972916250654
0.3963247555726625
0.4523571533521885
-0.40527068673558564
-0.44014758484044225
0.9994053321807567
-1.2445129559598826
1.1929857612602683
-1.3934760858217123
0.7299401105781606
1.436619566305945
-1.4924411311146468
-0.8550543552478393
1.4135753581574766
-0.1633419426339917
-0.25643296845609365
-0.03377872936707588
0.2070713552791997
-0.4680701977211615
0.3023056008926362
0.4561340232555116
-0.5470178092972502
0.004828369310927866
0.16955323038085884
-0.08526447286604481
-0.25462576690178673
0.732002178973722
-1.2144089953798602
1.6089874001218079
-1.6462041073882983
1.8509830045757751
-0.9500744748259353
-1.209792127205676
1.9166783138442054
-1.5605959092207846
0.9412749960499981
0.2572550293681991
-0.2972929796600071
-0.8226516635414671
1.3379422311907472
-1.2423003216557107
1.1914884608313012
-1.242293273047119
0.9901848770345683
-0.5960667896128939
0.11508255240328423
0.6445900819406284
-0.74322242356352
0.1630989630906655
0.029202356578167846
0.14952344924365413
-0.2862779293383496
0.33806316624125843
-0.5035932869724635
0.6622720474246656
-0.7807786535330427
1.1782968836743608
-0.8257618469519946
-0.5010114941189512
0.8725572706575203
-0.04327546691026135
-0.06835254504844727
-1.0654090779003593
0.8922600017957099
1.1864104225149117
-1.192500461308995
-1.2014056534446467
1.7577229064459083
-0.3638801742768712
-0.05031106746768771
-0.6303184401435605
0.7304432833760742
-0.04348609164096143
-0.016843060728673816
-0.7353762677232909
0.6538591000303258
0.17353972078148744
-0.600750816840585
0.9858996514405631
-0.7500252220303935
-0.3591351557894207
0.2957646524444735
0.6631637765352051
-1.3403500842224387
2.2930758657934662
-1.8918171218232989
-0.2147872418227924
0.7680983580762724
0.46206417011113665
-0.6062026985438551
-0.6071478237921288
0.7846771536440486
0.2579733834887299
-0.29251710592389857
-0.6244986616575053
1.133147978112883
-1.2401847274514575
1.2021480638145352
-1.183391503587212
0.7697380950864416
-0.023923505279552726
-0.40069992602531684
0.76965362714025
-0.5595758787570468
-0.22941556246531872
0.3785958251279923
-0.38393336348842777
-0.23526640752736755
1.9701275167399268
-1.886959407226386
-0.05685476043298954
0.9434476034601864
-0.8108590610261948
0.8107530092099663
-0.8985418617904435
0.8478131896726588
-0.8431150621233254
0.43049135839596747
0.3703817953209774
-0.7159789482451578
0.970538152531855
-0.7268025841560475
-0.5860166902968518
0.44259454895221706
1.6516134297666423
-1.7466285772320997
-0.24190520164011386
0.919060551584866
-0.36839752755189326
-0.053433175638624535
0.2315616678601637
-0.5860737979362999
1.1966023776220027
-1.3193307825079668
1.0692265711111222
-0.7813615582783662
0.380923697129594
-0.30316420740296446
0.5688537618594637
-0.7661493074514141
0.5506959164769007
-0.7460712558511827
1.9686179662222774
-1.474283122989673
-0.9607290004968145
1.6295197116743456
-0.8413855558614031
0.19965130132030917
0.7556774763950829
-0.6398837807340527
-0.9356141109771874
1.0807709107887662
0.4828526669065047
-0.78542463326328
-0.4148890993995141
0.5843965594609095
0.5107566884700145
-0.6176838656021891
-0.34058224867836695
0.5115863712673892
-0.12153428452157458
-0.2771052282169476
1.0423094384471736
-0.8587651145933928
-0.365930853966043
0.6476228386652351
-0.22452441526805658
-0.299975103589233
1.1132367310786107
-1.233913539729676
0.4997206758393488
-0.22259623397150624
0.676917776847346
-0.23266522284044652
-1.0276997868822817
1.6473892160615013
-1.9273735901823192
1.4885162439818989
-0.38019532061079353
-0.2567656176637996
0.6057566934018738
