step, usd->oil, oil->usd
Band: usd 0 oil 0
Linear p-values:
1, 0.5664004698590883, 0.23896100606281856
2, 0.3127658195979964, 0.41563772640980434
3, 0.8664569523066324, 0.8856536914906129
4, 0.9295346217964963, 0.9427398090501438
5, 0.9885217074427364, 0.9839537634872136
6, 0.980069923324995, 0.9807569444167767
Nonlinear p-values:
1, 0.00726, 0.14986
2, 0.00742, 0.16462
3, 0.00733, 0.17393
4, 0.008, 0.18684
5, 0.00863, 0.19121
6, 0.00891, 0.21222
Band: usd 0 oil 1
Linear p-values:
1, 0.8699823695496699, 0.08418904914535456
2, 0.9291840764730483, 0.9964752151942505
3, 0.9956665210261232, 0.9995655003908637
4, 0.9930271299644501, 0.9991637574996334
5, 0.9969389274048768, 0.9944270319884881
6, 0.9984645339627292, 0.9975060697479002
Nonlinear p-values:
1, 0.29926, 0.64354
2, 0.31408, 0.55191
3, 0.32943, 0.24712
4, 0.35411, 0.14017
5, 0.38212, 0.11278
6, 0.35644, 0.10629
Band: usd 0 oil 2
Linear p-values:
1, 0.7043346459511666, 0.07486423383300966
2, 0.8886871225734133, 0.7730062310562742
3, 0.9930554543781276, 0.9719651378026939
4, 0.9972346806598913, 0.9907458088947007
5, 0.9982013687649436, 0.9983911087695977
6, 0.9952740945503077, 0.9992191860653671
Nonlinear p-values:
1, 0.07122, 0.14332
2, 0.07043, 0.12898
3, 0.06706, 0.12304
4, 0.06358, 0.12802
5, 0.05706, 0.12948
6, 0.06217, 0.10524
Band: usd 0 oil 3
Linear p-values:
1, 0.9123674918917369, 0.1361498544803864
2, 0.7223597937301717, 0.0015557154902958957
3, 0.8020816087678182, 0.026055603230354687
4, 0.7206106807026886, 0.015699515625612424
5, 0.026831005858290617, 0.0012841810417646897
6, 0.0009386704205637769, 0.00011234443626416716
Nonlinear p-values:
1, 0.02914, 0.7899
2, 0.02251, 0.80623
3, 0.03645, 0.85681
4, 0.10686, 0.92392
5, 0.11399, 0.93897
6, 0.06403, 0.86544
Band: usd 0 oil 4
Linear p-values:
1, 0.9875186973872683, 0.5483688176339141
2, 0.9493060123058482, 0.27005202067670164
3, 0.8254827740513964, 0.5384188878260241
4, 0.12073912366498356, 0.10077943868326832
5, 0.151908034875107, 0.07854346504898073
6, 0.3770247279914353, 0.2216999824164152
Nonlinear p-values:
1, 0.20927, 0.17414
2, 0.02163, 0.11301
3, 0.00776, 0.12197
4, 0.00326, 0.1034
5, 0.00448, 0.08251
6, 0.00704, 0.07508
Band: usd 0 oil 5
Linear p-values:
1, 0.9773022074468282, 0.9820273055040101
2, 0.9999266254175485, 0.9384496852938373
3, 0.9950760488877388, 0.9774507232328091
4, 0.9965350437205448, 0.9267011780989064
5, 0.9965114114440391, 0.9726060369980838
6, 0.9340755123850968, 0.9354094336713066
Nonlinear p-values:
1, 0.33687, 0.11507
2, 0.26367, 0.08226
3, 0.17864, 0.07944
4, 0.18274, 0.04189
5, 0.19965, 0.0427
6, 0.18807, 0.03089
Band: usd 0 oil 6
Linear p-values:
1, 0.9815608022481865, 0.9951080120012148
2, 0.999591227793871, 0.9523700311461865
3, 0.7842568984103995, 0.910535443456674
4, 0.6016816781975036, 0.9685038892783429
5, 0.767876446117632, 0.9924515927075844
6, 0.8707606392045726, 0.9928951644000555
Nonlinear p-values:
1, 0.80924, 0.06391
2, 0.43553, 0.05988
3, 0.35462, 0.0406
4, 0.15312, 0.0324
5, 0.2728, 0.02268
6, 0.2578, 0.02164
Band: usd 1 oil 0
Linear p-values:
1, 4.798593172999474e-05, 0.1565629506005778
2, 0.7772840756765171, 0.36497470680887695
3, 0.9978929257535235, 0.8520032926874354
4, 0.9958633616695003, 0.8380016090907676
5, 0.9771615585636839, 0.8515670938782031
6, 0.9770378912537823, 0.8462655408058332
Nonlinear p-values:
1, 0.47755, 0.07746
2, 0.30172, 0.07632
3, 0.15862, 0.07723
4, 0.14575, 0.08068
5, 0.12734, 0.07387
6, 0.14018, 0.0699
Band: usd 1 oil 1
Linear p-values:
1, 0.8901326512436374, 0.7567003980504465
2, 0.3538874370716837, 0.11608746085255163
3, 0.8492443827210971, 0.6054296518143183
4, 0.8857612640282071, 0.6111334720100675
5, 0.981905156342604, 0.8631241778217276
6, 0.9553045788638572, 0.727245233751024
Nonlinear p-values:
1, 0.32516, 0.87592
2, 0.36952, 0.86533
3, 0.42693, 0.85744
4, 0.48326, 0.88304
5, 0.5311, 0.88742
6, 0.58216, 0.88873
Band: usd 1 oil 2
Linear p-values:
1, 0.4938750166417175, 0.12408180777715154
2, 0.8533174094874871, 0.7238698430973083
3, 0.9869788474070446, 0.9289222659888029
4, 0.9928974889261227, 0.9720962511899329
5, 0.997974838793779, 0.9901993635926923
6, 0.9909241027110002, 0.9917143975927414
Nonlinear p-values:
1, 0.88218, 0.87717
2, 0.91408, 0.8736
3, 0.93066, 0.82441
4, 0.93584, 0.74112
5, 0.95866, 0.68372
6, 0.96694, 0.63627
Band: usd 1 oil 3
Linear p-values:
1, 0.9206594522769276, 0.4623315502383072
2, 0.929631139786889, 0.11843217982970167
3, 0.9890598276528096, 0.35781891480220834
4, 0.9880184661889698, 0.39018314720465574
5, 0.9799501375546921, 0.5505915926459082
6, 0.9743134573372492, 0.569677783842494
Nonlinear p-values:
1, 0.79499, 0.61944
2, 0.81429, 0.71648
3, 0.78923, 0.66568
4, 0.73224, 0.6331
5, 0.60609, 0.62163
6, 0.56389, 0.56256
Band: usd 1 oil 4
Linear p-values:
1, 0.7980846633160762, 0.08796358890156614
2, 0.5086887481837363, 0.08804932648211948
3, 0.27806767532620164, 0.22580804236955004
4, 0.00011908981710610356, 0.0001815773992717356
5, 5.3836131935750666e-05, 6.587034181010154e-05
6, 0.009091397550932424, 0.0034576790673775297
Nonlinear p-values:
1, 0.71962, 0.09292
2, 0.6824, 0.05591
3, 0.59928, 0.03567
4, 0.62168, 0.02931
5, 0.94205, 0.03066
6, 0.96921, 0.03601
Band: usd 1 oil 5
Linear p-values:
1, 0.9801746940131497, 0.8092754968769991
2, 0.9917501037160276, 0.5120357420015527
3, 0.9089306974265079, 0.5590680354800492
4, 0.934372397535886, 0.7140584342426026
5, 0.9332600482071302, 0.7383264630344424
6, 0.983100216028622, 0.8563595695977549
Nonlinear p-values:
1, 0.59112, 0.46648
2, 0.51579, 0.29018
3, 0.471, 0.24041
4, 0.51392, 0.22918
5, 0.55207, 0.22542
6, 0.57562, 0.23917
Band: usd 1 oil 6
Linear p-values:
1, 0.9889428945405827, 0.9459157550785587
2, 0.9993616192812362, 0.6461434744165595
3, 0.9633711888244393, 0.575821282965102
4, 0.9977009040211046, 0.7902142032561424
5, 0.995191192071298, 0.9135738494651882
6, 0.9713392887303822, 0.7973773271172281
Nonlinear p-values:
1, 0.11059, 0.16613
2, 0.13789, 0.17299
3, 0.24942, 0.15305
4, 0.26751, 0.14538
5, 0.71899, 0.13626
6, 0.8115, 0.13517
Band: usd 2 oil 0
Linear p-values:
1, 0.5372840494740926, 0.925608529870469
2, 0.127696868399589, 0.9464667786432344
3, 0.4223114335321063, 0.9953992072767904
4, 0.5666968463886475, 0.9976772308020646
5, 0.6828335241282028, 0.9990171332888717
6, 0.6290202824936426, 0.9992987064156087
Nonlinear p-values:
1, 0.54697, 0.51362
2, 0.46972, 0.54562
3, 0.2768, 0.57469
4, 0.2157, 0.5533
5, 0.23572, 0.54597
6, 0.20524, 0.44388
Band: usd 2 oil 1
Linear p-values:
1, 2.0335555064008336e-09, 0.0018575849259613486
2, 0.8155517932416542, 0.015598507664005274
3, 0.8122868472211512, 0.2145431514753481
4, 0.9363057800947875, 0.22133114704060308
5, 0.8396844386391917, 0.29398846389621863
6, 0.9248713393061684, 0.018021114095569193
Nonlinear p-values:
1, 0.46488, 0.73208
2, 0.29827, 0.57403
3, 0.24379, 0.44504
4, 0.21743, 0.32732
5, 0.20632, 0.22059
6, 0.16558, 0.14558
Band: usd 2 oil 2
Linear p-values:
1, 0.053954037149835786, 0.045880882738054525
2, 0.7464550641100767, 0.6050947894692034
3, 0.9258957718271601, 0.8362665434556342
4, 0.9728927856676257, 0.9221485493532905
5, 0.9677684833133, 0.8956281315608855
6, 0.923744164803859, 0.7870641642990334
Nonlinear p-values:
1, 0.54426, 0.46561
2, 0.65399, 0.57723
3, 0.58408, 0.69563
4, 0.58415, 0.68638
5, 0.6295, 0.61491
6, 0.49914, 0.4754
Band: usd 2 oil 3
Linear p-values:
1, 0.9617263067597124, 0.9180554954698141
2, 0.9980566158079163, 0.9987626258213534
3, 0.9999488599802975, 0.9999439563951144
4, 0.9999756867655358, 0.9999970140730214
5, 0.9999963274809838, 0.9999969227770862
6, 0.9999961967614431, 0.999995544281147
Nonlinear p-values:
1, 0.86501, 0.8782
2, 0.85938, 0.84361
3, 0.85905, 0.84113
4, 0.92812, 0.73705
5, 0.94421, 0.61205
6, 0.9607, 0.528
Band: usd 2 oil 4
Linear p-values:
1, 0.537847712290412, 0.16292680948310795
2, 0.5026571975647769, 0.05132107099307468
3, 0.5225258609828225, 0.10527088234518613
4, 0.001612557363033557, 0.0009670033927079532
5, 0.0018232324717229029, 0.0017760362493706812
6, 0.00045684732644567477, 0.007114959041079249
Nonlinear p-values:
1, 0.69805, 0.13762
2, 0.93925, 0.09286
3, 0.92933, 0.07441
4, 0.92116, 0.07176
5, 0.83843, 0.06755
6, 0.85682, 0.05935
Band: usd 2 oil 5
Linear p-values:
1, 0.8878609977804302, 0.559332060117864
2, 0.9625169030736899, 0.3793794921073588
3, 0.2930173543975765, 0.22011690257675579
4, 0.3114231284236194, 0.36921820888865375
5, 0.2953721639831225, 0.2895587757439746
6, 0.8553727031559248, 0.6662739151612418
Nonlinear p-values:
1, 0.77497, 0.44747
2, 0.77728, 0.47986
3, 0.69346, 0.56653
4, 0.52781, 0.6061
5, 0.4158, 0.58377
6, 0.3814, 0.56854
Band: usd 2 oil 6
Linear p-values:
1, 0.9882089053125511, 0.8691796929968999
2, 0.9937740147832076, 0.4612905553519544
3, 0.9653398334497562, 0.4848653234643765
4, 0.8471925839373415, 0.5731781884441229
5, 0.7865112624467344, 0.6029613309558177
6, 0.8119581190725556, 0.14186936660482083
Nonlinear p-values:
1, 0.93764, 0.48817
2, 0.93019, 0.58816
3, 0.81394, 0.68237
4, 0.69913, 0.71088
5, 0.40599, 0.60131
6, 0.34434, 0.5649
Band: usd 3 oil 0
Linear p-values:
1, 0.5288437636047201, 0.9570483773125951
2, 0.6973404073454351, 0.9437417405470514
3, 0.9515700362409659, 0.9784895488500328
4, 0.9781424018271182, 0.99410493455125
5, 0.9936858688057303, 0.9683132915088556
6, 0.9951038384092311, 0.9409625343466484
Nonlinear p-values:
1, 0.13388, 0.38615
2, 0.10528, 0.36214
3, 0.07958, 0.23913
4, 0.07465, 0.31541
5, 0.04809, 0.46654
6, 0.03406, 0.45929
Band: usd 3 oil 1
Linear p-values:
1, 0.30897383720853655, 0.9747442951269346
2, 2.997315945429903e-05, 0.8163552703636399
3, 0.0011175924341041248, 0.9576996407807447
4, 0.000898850282788813, 0.9506734622060136
5, 0.0023069571953139526, 0.9676614058706525
6, 0.0026735223209407226, 0.9654316400177432
Nonlinear p-values:
1, 0.46681, 0.09197
2, 0.25661, 0.07246
3, 0.20579, 0.0409
4, 0.14618, 0.02603
5, 0.12245, 0.07102
6, 0.13068, 0.13625
Band: usd 3 oil 2
Linear p-values:
1, 2.9725495424509266e-05, 0.028357406783084536
2, 0.7200993262952581, 0.08255998919190051
3, 0.8078904225833036, 0.32035828560189616
4, 0.7885222461222416, 0.12372687234808921
5, 0.7761490983262431, 0.21991013400882664
6, 0.5074454392236223, 0.09132246938735201
Nonlinear p-values:
1, 0.10887, 0.09572
2, 0.05218, 0.08124
3, 0.04065, 0.04194
4, 0.03131, 0.06688
5, 0.03785, 0.15478
6, 0.03216, 0.18772
Band: usd 3 oil 3
Linear p-values:
1, 0.10112296015927154, 0.22440033428830902
2, 0.43827462134574446, 0.17057930563860135
3, 0.6547620409713559, 0.5100044034019636
4, 0.31447394742320706, 0.26378638183420505
5, 0.4779682159344426, 0.5427002402126415
6, 0.43046213748554796, 0.14793458098617326
Nonlinear p-values:
1, 0.52538, 0.23441
2, 0.33293, 0.2828
3, 0.10452, 0.18049
4, 0.03534, 0.2232
5, 0.01888, 0.2675
6, 0.03086, 0.23892
Band: usd 3 oil 4
Linear p-values:
1, 0.0014660545979418374, 4.864169483848791e-08
2, 5.368622612241221e-05, 0.8471633678655427
3, 0.0002256387396557492, 0.9716078210888505
4, 7.902904523988286e-06, 0.0014788184585130361
5, 2.7533890638821607e-06, 0.005600250465836241
6, 4.313954403412425e-07, 0.011548083676395841
Nonlinear p-values:
1, 0.01774, 0.05753
2, 0.02781, 0.02085
3, 0.01795, 0.01206
4, 0.02248, 0.01987
5, 0.03806, 0.08618
6, 0.05059, 0.1641
Band: usd 3 oil 5
Linear p-values:
1, 0.9350307183980697, 0.8684201004726759
2, 0.97625988219746, 0.5886813139804381
3, 0.9925526155471673, 0.7459742147274366
4, 0.94118758477578, 0.9304995049274298
5, 0.9590225205166324, 0.9632884491191036
6, 0.7664186305291065, 0.9858464717745093
Nonlinear p-values:
1, 0.1164, 0.16804
2, 0.21716, 0.22743
3, 0.38273, 0.24476
4, 0.26511, 0.2147
5, 0.13157, 0.2936
6, 0.10857, 0.37803
Band: usd 3 oil 6
Linear p-values:
1, 0.8878143587907847, 0.8281674476466105
2, 0.9872326057116584, 0.3215550742389637
3, 0.23867456518699817, 0.35715864432453875
4, 0.1587954425734115, 0.34125206251873585
5, 0.1564913444468672, 0.4701618005194286
6, 0.31393407374983884, 0.08967011720270572
Nonlinear p-values:
1, 0.01612, 0.29038
2, 0.02643, 0.11615
3, 0.05181, 0.05441
4, 0.05719, 0.05248
5, 0.05726, 0.12727
6, 0.07007, 0.2261
Band: usd 4 oil 0
Linear p-values:
1, 0.6081984043845619, 0.9856370631490352
2, 0.0026786954389072955, 0.9521357843456668
3, 0.002132616056991679, 0.9868156350136841
4, 0.004503959724391674, 0.9409024818151539
5, 0.002452214168520381, 0.9472251498314924
6, 0.005474124283270779, 0.9720745125639968
Nonlinear p-values:
1, 0.00982, 0.03939
2, 0.0067, 0.02859
3, 0.00471, 0.02633
4, 0.00309, 0.03117
5, 0.00265, 0.08003
6, 0.00222, 0.13523
Band: usd 4 oil 1
Linear p-values:
1, 0.3667136428399085, 0.9083307225325516
2, 0.12965144019492403, 0.9286361255453404
3, 0.3429788276848517, 0.922401514561284
4, 0.3316826181939672, 0.3767169884303709
5, 0.29903517720691114, 0.4243598355786029
6, 0.66309561658185, 0.03834053003322186
Nonlinear p-values:
1, 0.01717, 0.02411
2, 0.01307, 0.02549
3, 0.00796, 0.01715
4, 0.00542, 0.0186
5, 0.0033, 0.02912
6, 0.00241, 0.0403
Band: usd 4 oil 2
Linear p-values:
1, 0.920951344270773, 0.6501792916698387
2, 2.9293298103447784e-06, 0.6716693287529214
3, 1.728932805437978e-05, 0.6750947687105642
4, 4.933081759250344e-05, 0.15941007383912464
5, 3.096362856722447e-05, 0.23088296488613758
6, 0.007554202283815328, 0.15276146186396586
Nonlinear p-values:
1, 0.01276, 0.00063
2, 0.00502, 0.00024
3, 0.00269, 0.00188
4, 0.00256, 0.00329
5, 0.00255, 0.00206
6, 0.00274, 0.00263
Band: usd 4 oil 3
Linear p-values:
1, 0.00012778579151321293, 0.0014940368736054146
2, 0.10673900785130803, 0.001690531618978034
3, 0.33801010482859034, 0.005787285553227294
4, 0.0005543868589890184, 0.0076498990784065616
5, 0.004920749727060044, 0.012098147454104842
6, 0.001806539913408397, 5.762534333299326e-05
Nonlinear p-values:
1, 0.03856, 0.01774
2, 0.00431, 0.01674
3, 0.00113, 0.01401
4, 0.0021, 0.01184
5, 0.01216, 0.01323
6, 0.03558, 0.0137
Band: usd 4 oil 4
Linear p-values:
1, 0.3082118834495816, 0.32709135654963817
2, 0.5338681736554618, 0.6694370810542467
3, 0.617210056539564, 0.6888334410381938
4, 0.13617940337068166, 0.048306001670078556
5, 0.12686985591435124, 0.03445250368457141
6, 0.31464521791274525, 0.16145445195553887
Nonlinear p-values:
1, 0.00242, 0.02232
2, 0.00249, 0.00505
3, 0.00349, 0.00288
4, 0.00605, 0.00431
5, 0.01373, 0.01236
6, 0.02172, 0.02027
Band: usd 4 oil 5
Linear p-values:
1, 0.0001748299782729127, 7.145115708866776e-08
2, 0.0006994032577488433, 0.0479388829124001
3, 2.851504907281241e-07, 8.16388146894382e-05
4, 5.91375811591164e-05, 9.063025886690562e-05
5, 1.4274193184573235e-06, 1.4961669696270554e-05
6, 7.79019281860147e-06, 0.27582869932954995
Nonlinear p-values:
1, 0.01435, 0.02888
2, 0.07531, 0.01742
3, 0.05132, 0.02784
4, 0.04851, 0.03828
5, 0.02619, 0.03462
6, 0.02478, 0.05595
Band: usd 4 oil 6
Linear p-values:
1, 0.8027254026405365, 0.15805611615760523
2, 0.6157744659205584, 7.514222116537885e-05
3, 0.07637232900416935, 8.871605637764941e-05
4, 0.00684033490230271, 0.00028853850871691426
5, 0.002046836897041004, 2.4753491227153163e-06
6, 4.661839831485394e-08, 0.004268228963814218
Nonlinear p-values:
1, 0.00211, 0.13862
2, 0.00253, 0.09865
3, 0.00255, 0.07565
4, 0.00557, 0.04811
5, 0.00907, 0.04716
6, 0.01129, 0.06251
Band: usd 5 oil 0
Linear p-values:
1, 0.9550570123697678, 0.9962207334272084
2, 0.8792083469023545, 0.998536755325588
3, 0.8887440764351217, 0.968060937396201
4, 0.9684295425649674, 0.9887884570530955
5, 0.9753918671446689, 0.9916174429106872
6, 0.9878919965831547, 0.9916633083491971
Nonlinear p-values:
1, 0.01327, 0.20169
2, 0.01161, 0.19304
3, 0.01025, 0.15662
4, 0.01097, 0.15001
5, 0.01079, 0.0729
6, 0.01043, 0.05598
Band: usd 5 oil 1
Linear p-values:
1, 0.7968159516614338, 0.9705567011583469
2, 0.5915693489289116, 0.980297622583855
3, 0.3552315938367134, 0.5122989106961051
4, 0.20265316244929493, 0.9558825544565108
5, 0.2385732480895084, 0.7889111827263344
6, 0.26251042244943645, 0.8276895840063195
Nonlinear p-values:
1, 0.0232, 0.02893
2, 0.01754, 0.09986
3, 0.01522, 0.11627
4, 0.01544, 0.11585
5, 0.01356, 0.0545
6, 0.0147, 0.0365
Band: usd 5 oil 2
Linear p-values:
1, 0.7062655959731363, 0.9971894415354782
2, 0.32820250592546285, 0.9825130257972436
3, 0.35828922872206576, 0.9143609745196394
4, 0.6082466896367988, 0.12177817191096336
5, 0.6544298094947232, 0.22092788721157666
6, 0.5361124458402696, 0.029196187579346063
Nonlinear p-values:
1, 0.02317, 0.00455
2, 0.01177, 0.0152
3, 0.01684, 0.04424
4, 0.01757, 0.06049
5, 0.0128, 0.04094
6, 0.01287, 0.04934
Band: usd 5 oil 3
Linear p-values:
1, 0.3862475459876191, 0.9560478012367799
2, 0.10177197763979971, 0.889175174805826
3, 0.10695988338339611, 0.594332009452565
4, 0.300377357014748, 0.011841594707929093
5, 0.2863912967197536, 0.024430070075874152
6, 0.6361728326510523, 0.007786064077797366
Nonlinear p-values:
1, 0.0454, 0.07669
2, 0.021, 0.23258
3, 0.02391, 0.51815
4, 0.06329, 0.377
5, 0.13643, 0.32121
6, 0.14278, 0.35071
Band: usd 5 oil 4
Linear p-values:
1, 0.6915234801533008, 0.7303919445184632
2, 0.9856342133727574, 0.8184996442230669
3, 0.9962089129136066, 0.9497346766759707
4, 0.95317744276214, 0.8234757808821428
5, 0.7923138932988426, 0.5270000169181845
6, 0.7952946896097611, 0.7360155473679824
Nonlinear p-values:
1, 0.00679, 0.001
2, 0.00527, 0.00705
3, 0.01085, 0.02468
4, 0.01965, 0.04055
5, 0.02411, 0.02715
6, 0.01609, 0.04894
Band: usd 5 oil 5
Linear p-values:
1, 5.3096322964631995e-05, 0.23113783851207767
2, 8.75467338231403e-06, 0.02385254116063997
3, 3.690389298085275e-07, 0.0021581399418924355
4, 3.1484081420789857e-08, 5.212151318419229e-05
5, 3.4376543873866216e-10, 0.00012202654338171416
6, 1.5287907478779736e-08, 0.020506494302681463
Nonlinear p-values:
1, 0.00361, 0.03614
2, 0.04337, 0.07422
3, 0.08807, 0.20357
4, 0.1332, 0.24526
5, 0.08945, 0.35143
6, 0.07884, 0.77304
Band: usd 5 oil 6
Linear p-values:
1, 1.7688374003256838e-08, 3.381111962363902e-09
2, 1.10605545473301e-08, 3.833725880973609e-08
3, 1.3564778280247047e-07, 4.671404730450105e-15
4, 1.296371214380218e-07, 2.2585288093198534e-12
5, 7.06432859325505e-12, 5.10480895348013e-18
6, 7.772200824912753e-06, 2.1345029152725604e-13
Nonlinear p-values:
1, 0.01792, 0.05026
2, 0.04064, 0.10111
3, 0.01433, 0.13433
4, 0.03002, 0.17141
5, 0.02186, 0.2378
6, 0.02448, 0.63829
Band: usd 6 oil 0
Linear p-values:
1, 0.9673423493622464, 0.9990793202963553
2, 0.5896560657290912, 0.9979086386981717
3, 0.4335979482695027, 0.9604220685790599
4, 0.06794654025427303, 0.599841976547162
5, 0.15498622980197604, 0.9776713979314889
6, 0.19158445073087302, 0.8154496915038016
Nonlinear p-values:
1, 0.01257, 0.03786
2, 0.00983, 0.03549
3, 0.01423, 0.04411
4, 0.0096, 0.04882
5, 0.01155, 0.05174
6, 0.01911, 0.05225
Band: usd 6 oil 1
Linear p-values:
1, 0.9358549361898876, 0.9853128256811221
2, 0.43301640125539687, 0.9982779635530784
3, 0.16060559716411657, 0.9463177844792026
4, 5.244658578965007e-05, 0.7398084435234542
5, 1.3172479295212423e-05, 0.18217869341913406
6, 0.0005248086251271257, 0.0018596488260386697
Nonlinear p-values:
1, 0.08226, 0.00069
2, 0.05421, 0.00169
3, 0.02644, 0.00593
4, 0.02395, 0.00672
5, 0.02219, 0.00831
6, 0.01779, 0.00975
Band: usd 6 oil 2
Linear p-values:
1, 0.9691897318233691, 0.992927493292435
2, 0.9738102012519699, 0.9998396915573182
3, 0.8944305651048331, 0.997039087097178
4, 0.48490634396060983, 0.9762951442508299
5, 0.4588972344107013, 0.9175369595843548
6, 0.3632344161251433, 0.9813150519379621
Nonlinear p-values:
1, 0.90397, 0.0005
2, 0.95472, 0.00028
3, 0.67127, 0.00028
4, 0.21049, 0.00054
5, 0.07622, 0.00119
6, 0.03842, 0.00239
Band: usd 6 oil 3
Linear p-values:
1, 0.8638219196599776, 0.9916245609870971
2, 0.7047019427802368, 0.9881955691170479
3, 0.7966534865486847, 0.7049426783786892
4, 0.8694800118149907, 0.4052605459536469
5, 0.860146057331689, 0.46742320811299964
6, 0.9376676364752461, 0.5881801095962533
Nonlinear p-values:
1, 0.05781, 0.1982
2, 0.01546, 0.08982
3, 0.00636, 0.12729
4, 0.00672, 0.15421
5, 0.01377, 0.10623
6, 0.01833, 0.04421
Band: usd 6 oil 4
Linear p-values:
1, 0.1295811422231428, 0.7605573371354984
2, 1.8839716771786923e-06, 0.19681818261411496
3, 3.259604589370282e-06, 9.242356459865628e-06
4, 5.229568362947442e-07, 2.1552326840784657e-10
5, 9.326556802578986e-06, 4.47237981511709e-07
6, 4.5129084506094387e-07, 1.218329724987271e-14
Nonlinear p-values:
1, 0.0143, 0.00307
2, 0.04731, 0.00154
3, 0.02201, 0.0005
4, 0.03635, 0.0006
5, 0.07034, 0.00074
6, 0.0784, 0.00121
Band: usd 6 oil 5
Linear p-values:
1, 0.6266375085789124, 0.7222751804702625
2, 0.8081608898042015, 0.9589821967467983
3, 0.9235079691724389, 0.1482513975093478
4, 0.31340816374610153, 0.1233824188385606
5, 0.21190973556051468, 1.75265091619187e-10
6, 0.014741809979043062, 1.7485687325227856e-11
Nonlinear p-values:
1, 0.01753, 0.01816
2, 0.08626, 0.02124
3, 0.07737, 0.01412
4, 0.0947, 0.01599
5, 0.07798, 0.01865
6, 0.07889, 0.03037
Band: usd 6 oil 6
Linear p-values:
1, 2.5254957683977333e-05, 3.390020511754064e-05
2, 3.824097907987763e-22, 6.430373942300042e-17
3, 5.4137298336300363e-11, 4.3843922005114875e-07
4, 4.720926724647657e-18, 1.9244937732457002e-13
5, 5.989582843764386e-14, 6.594896623340152e-07
6, 9.86139158104807e-16, 1.8149429371375822e-24
Nonlinear p-values:
1, 0.05562, 0.02244
2, 0.11137, 0.01399
3, 0.06359, 0.00457
4, 0.03902, 0.00464
5, 0.05216, 0.00395
6, 0.06535, 0.00639
