0.031225780597174714
-0.03268442461624066
0.014337120559624631
0.041328963003826824
-0.04387248262251612
-0.019615507646515054
0.028798562765082386
0.02505777449547153
-0.03504485459339091
-0.0045733350746271165
0.012425649265084349
0.015105212339322178
-0.021106197791980485
0.0012899160645422538
0.0033128127976410774
0.016034524082387768
-0.0118439608665179
-0.019404509288915895
0.0205471261106875
-0.0006229512231573494
-0.02486863578447475
0.05815681405628615
-0.06692911454975523
0.05892885609529719
-0.03801261642812757
0.005402164039066799
0.013991974880660094
-0.02764210764238171
0.02703834778656507
-0.0006509901867716404
-0.0017510985787567335
-0.04053049209867415
0.029270477868103106
0.05470840753818949
-0.06388517548859676
-0.008956302508301182
0.025993398158936674
0.008115648787618305
-0.025091206806045773
0.03412551313874822
-0.02649561203756347
-0.007013890477663877
0.013106661824871685
0.016560273422322087
-0.013103438810826042
-0.02611858496271823
0.040580398862378776
-0.03140987121576036
0.028421030806422685
-0.028532874082504038
0.03023902586579892
-0.03873853759804581
0.03365817091619394
-0.011266400201435193
0.005097609102408993
-0.015369650762644469
0.015484148468681453
-0.008910412970145207
-0.0016783895138186944
0.011357296397005574
-0.015783108993570258
0.03308623659981817
-0.011638994845118994
-0.05561425880555824
0.06864350751413284
-0.0407831085559421
0.008678358848761582
0.03942672688079568
-0.04665481645574362
0.006489716048533442
0.007911547232121629
0.0206049802443846
-0.011017847115231752
-0.06024306795910086
0.05571419485896458
0.03211604772629033
-0.05081913036057824
0.017537126707600187
0.016719277816099803
-0.07142658180947405
0.06421840450225585
0.0022181988606578967
-0.03191330577823149
0.036173026710101745
-0.016005054167213192
-0.018587831969743566
0.04409822631583909
-0.08448020577450373
0.06613738455202219
0.023621816230963256
-0.04776602956270819
-0.00019009923738898607
0.013588979811846622
0.01958386375629223
-0.013681706297925453
-0.0372076043459573
0.04680518786952061
-0.015533295191529335
-0.007169838763959279
0.006672131919513712
-0.025619344830060186
0.08660887714090003
-0.07678756211698484
-0.008797464378521722
0.03630364248481773
-0.017383655202615346
-0.0037675938104596955
0.034182860431884565
-0.0324408546300891
0.009710588358568402
0.013262836552457745
-0.05599308179243056
0.04878340991428721
0.021336330343952867
-0.033192610826472464
-0.01467655524050015
0.027273611088375928
-0.013134172826343717
-0.003210965829454242
0.0329483049194456
-0.033558156574875216
-0.004826232213701022
0.007882483447842826
0.03146599079903645
-0.037231048162421336
0.004623294404656973
0.004692490170497523
0.01620151679282645
-0.014781009418007043
-0.01627290411912413
0.018777630176697344
0.01084326871932383
-0.01857186462883371
0.0004358606834471892
0.004411654316264075
0.012952242118177252
-0.006765777322346831
-0.028285558790068714
0.03180832240596016
-0.010113152100089501
-0.006775243704475214
0.029667017129916862
-0.026208052276227557
-0.010179679580102565
0.01632698578367079
0.011206232562701809
-0.020096999707353846
0.0026667285869353113
-0.004493907103430563
0.034483626095718076
-0.029779474616968983
-0.005333627170721587
0.022569767698698843
-0.03550290387766748
0.01955428887621856
0.028674536422843146
-0.04348467174995567
0.03361245948791557
-0.018719468145222896
-0.00861556308762164
0.008737872240662735
0.014279518749666511
-0.02599433414419286
0.037040503943551954
-0.024380712958415186
-0.014709324877527248
0.02711792023598849
-0.020483932313834247
0.010484259664181567
0.015198531809421927
-0.012077204951999675
-0.032046202268848446
0.03382233091767068
0.016626025645939745
-0.027377961588518268
-0.014720321623416913
0.01656570133362387
0.03713441887952503
-0.035518383381808814
-0.02872069511461703
0.04577067485646656
-0.014697860318574955
0.0037812071316977816
-0.012460038793313297
0.012778867314213323
-0.009218523862098194
0.00250709231682457
0.016988913739227184
-0.016049233693708902
-0.017806081675578855
0.014411700108600833
0.03650905856589379
-0.045179871226782
0.0037767316508576093
0.0035681180207623744
0.030990461174964623
-0.03403660733936551
-0.001989880885935153
0.008265782725682983
0.02374491890029598
-0.025595323717853204
-0.009174968151002499
0.011848398691410418
0.017020323681379613
-0.029731290180432496
0.03006325814227841
-0.026359034976957876
0.01552824536237166
-0.014429371474515788
0.021970878652477238
-0.02194112485208985
0.021906979953159517
-0.009187578547919798
-0.020097795789886366
0.02544117368447172
-0.013072800710203007
0.0003536092874497124
0.020909461926303188
-0.018972882462123808
-0.010608947800126996
0.018904725638216123
-0.0002798660820494984
-0.001286891228382052
-0.021799450943433073
0.018358623716777798
0.014325541237317562
-0.024878857850527947
0.01352689215174036
-0.007766533379379612
0.010993221376882235
-0.008152139190441023
-0.007601052423076052
0.0059118533664147856
0.020328915241490837
-0.021351795064508333
-0.003958893117505023
0.0077184498920472595
-0.0024181615296031897
-0.012761070559883105
0.05629138107299092
-0.04743220389995279
-0.02347136285695827
0.04175329615984426
-0.00527069798295279
-0.0054586195981894715
-0.011208990991614876
0.01524357247616147
-0.00381220124114203
0.0023438646543882564
-0.016075123999685227
0.016188674855104217
0.004857031690078769
-0.003273145632534434
-0.025524696434884454
0.029257028785552343
-0.00821265380653798
-0.0026834150270328982
0.0035145708631817963
-0.005757323155941306
0.010208547119734325
-0.011620866774372128
0.008271224349673114
-0.007781394135708924
0.014064627000959166
-0.011504949416473892
-0.007625385793935068
0.01053133283590008
0.018467154033356064
-0.010854865975566614
-0.05101141519974772
0.05232216734304488
0.01917965525674089
-0.036184705283244245
-0.01676534299375284
0.021190602350064775
0.04282357029865738
-0.0380912588598683
-0.04622806950068041
0.06776266172503112
-0.021092752486897216
0.007116450324253212
-0.03149602166354814
0.02609127475750104
0.007040578124035024
-0.026615411374635817
0.034528342688153385
-0.03413356969415654
0.029120951014332458
-0.017466037313828165
-0.0005322203842403278
0.0108519917349166
-0.018029966136242245
0.017826201283737367
-0.004745389549009851
0.0068090068628954975
-0.029248492387539553
0.0325815553489223
-0.010738996947654667
0.0076339469177545095
-0.03259035049033767
0.030792525247457837
0.009026703797247779
-0.013285836211984172
-0.034000123288106
0.03729425291377794
0.02812509547371885
-0.02456478159563679
-0.0754312080849914
0.08149564011357617
0.030520311174701775
-0.0468801521482503
-0.050247786844296795
0.061764877634827076
0.021567742091007387
-0.045608027276992764
0.003371642348573539
0.0019053298100232324
0.03208801192976815
-0.03669147071328227
0.019443912144153683
0.00038261058327959717
-0.030001447466310324
0.03513175041855515
-0.014788154169702843
0.009922967327830259
-0.01634381864114977
0.023127475288833983
-0.03585955401179895
0.03301988987383441
-0.00999512105074556
0.004294704572533976
-0.013780334297161086
0.010177208405587907
-0.008333545448218098
-0.01849583745196648
0.07439890434940032
-0.08697950263952033
0.06474903092486385
-0.028755487290778245
-0.00411948368440896
0.04105229945069286
-0.10962087980695281
0.09108016268423404
0.01485188591507133
-0.06503955377769229
0.06430649448199072
-0.0550919904658805
0.045002681286714155
-0.018779379498887937
-0.014865052414007806
0.03666753118478157
-0.07271001420346225
0.046434144956719055
0.04461313876953803
-0.07081178914833286
0.054502112081102366
-0.007395323559052615
-0.07559813537068627
0.1069811822090622
-0.09818717762469825
0.07764672835990416
-0.03652207310969004
0.020849113403090782
-0.044182465434066856
0.03296067083583769
0.027069309574104264
-0.032488891250611496
-0.02153067029143859
0.03693272784094314
-0.011019811778339226
0.0007318920187724585
-0.01640045083304431
0.007706461892511654
0.03240302312899904
-0.0327408092841779
0.003118726815415064
0.02253405725535444
-0.060321377100201544
0.05871253184474459
0.004846872205205362
-0.01465461692942541
-0.06819719434202963
0.047291875638629056
0.1102645570074923
-0.12862386712760623
-0.0018988258547684225
0.04433526434144067
0.007524783485551556
-0.022366373780575582
-0.016191257706946995
0.0066192099575248225
0.06339560667934876
-0.07383405985608636
0.02121307213365038
0.00032721279697026204
0.014101812900675255
-0.0067792193993501115
-0.017009914673843093
0.023171301288010995
-0.04987487511471114
0.024517852897482775
0.12166268455290337
-0.09409177230382518
-0.15425602674309655
0.1743258387243808
0.03037141873268001
-0.13750813359188785
0.13064638261317307
-0.13545395927055567
0.23372261830453003
-0.17755319460353852
-0.17278335143527748
0.19037752054401003
0.36400384254060414
-0.31966538481716394
-0.5852324934641382
0.5482764382268805
0.49725118577300254
-0.8060807190066797
0.4769749040793991
-0.19665411852551928
-0.0947415653276008
0.181022603081968
-0.029023469144543075
-0.013526687288918286
-0.12746188071694392
0.058985086937252754
0.23816254933034228
-0.3023767362219513
0.222633895098027
-0.0722696373848371
-0.24904182681054343
0.25626370337435234
0.10451619657884281
-0.19272583636757998
-0.017025462956503312
0.04631883566452296
0.10526377441372008
-0.17284091774814472
0.14528513276302268
-0.12783415002017204
0.21798982701166092
-0.16573350297115919
-0.18935107266319418
0.09156331336534866
0.5150833990524968
-0.6565816027045177
0.40479560307634355
-0.17753233395067436
-0.06949384135052919
0.14269028869801545
-0.04709911828948932
0.0006567536834577289
-0.006716545555167537
-0.0015648745349204699
0.03587516989917857
-0.03698274634042002
-0.0010056442807371002
-0.00040158680284744456
0.02186105154901315
-0.04707807393521613
0.11157782095707736
-0.08220384374620648
-0.05290454235156719
0.09059583402896915
-0.053394530997376496
0.018471161896643204
0.05199151099314896
-0.03401301530191225
-0.10162240643481224
0.11674961104503004
-0.0031067605158529438
-0.029932660653096507
-0.010324638510798335
0.0311607631308107
-0.04091252925791313
0.029518769659802623
-0.0036457043192034255
-0.01401385126390681
0.040855853967177565
-0.0282549831703449
-0.036855076870388734
0.04920889935548889
-0.002253278456655917
-0.005372730203569174
-0.02518898732352453
0.0353257469449119
-0.033725413017240226
0.021651041811750146
0.009992034042954404
-0.013288597456334794
-0.018138407762254432
0.02193566078863678
0.005351402276495327
-0.01097936416809934
-0.004149197713628377
0.008709918385688617
-0.011944231967719677
0.006428344839163862
0.026639586303361364
-0.016457586925280016
-0.05550178053291947
0.06070283309513862
0.013286635502178158
-0.02959629398907693
-0.02099015936823869
0.026091783526703185
0.01923751055712504
-0.031380712562912964
0.007500906988829059
-0.0010447206636365748
0.015632499490498476
-0.014109618649477337
-0.002924768387930937
0.009551214627363632
-0.009541401764541426
0.0020469568263507738
0.009544570074938048
-0.016273217937687975
0.03093035440879993
-0.02088523689002167
-0.026906039180131736
0.029480726717724712
0.019658638439591446
-0.031073126429209067
0.0008404837969245346
0.008331780151499747
0.01086754325316602
-0.007858071304677179
-0.0249025259892015
0.02786282768588054
0.0011721116593490094
-0.00859884852696424
-0.002876310706286788
0.010712347267318323
-0.018368625256305983
0.016923573696944156
-0.009539923259134204
0.0072789295941901285
0.0014120225218140457
0.012652427035925808
-0.0585951213113543
0.06676533240861719
-0.032677458591618976
0.023258731804948328
-0.03984690066311113
0.03823559350868282
-0.024355492001311988
0.00810571672782329
0.016459832197182042
