0.0032075114550522746
0.003324016444150546
0.003444323097705569
0.0035686890175880333
0.003694444124327131
0.0038223911388946797
0.003953887489228847
0.004088792979418249
0.004227061608609656
0.0043690266868890715
0.004513301024626967
0.004659912570971581
0.004809857064009866
0.004962878835867394
0.005119021842142083
0.005278425616063763
0.005440923142676457
0.005606577390431925
0.005775692185533904
0.005948294245774265
0.006124315979129862
0.00630385385762927
0.006485010633491929
0.006667628294908555
0.006852699112169502
0.007039706914814935
0.00722977199627535
0.007422986577862625
0.0076183483180658285
0.0078160974034182
0.008017648410484406
0.00822300677943555
0.008431661682343864
0.008643971812020314
0.008858865810560114
0.00907629481858544
0.009297097844729785
0.009521049115054307
0.009748460290644311
0.009979467976838557
0.010213777758214528
0.01045151434937385
0.010692724940856928
0.010937409149921466
0.011185671301122255
0.011437540899391136
0.011692538551358234
0.011950661009980986
0.012212180560011941
0.012476990150750406
0.012745423965630389
0.013017531638720395
0.013293072542302772
0.013572139108946111
0.013854918188253162
0.014141416460716623
0.014431627468417623
0.014725611063951025
0.015023232180289997
0.01532450954502995
0.015629574870523872
0.01593841723020901
0.016251046967376972
0.01656749675269578
0.01688777128609348
0.01721189208560555
0.01753991764588238
0.017871869082600744
0.018207750353566417
0.018547591320482205
0.018820934391793335
0.01902054637644642
0.019179397805575187
0.019276978488160606
0.019353627656569485
0.019410723118751614
0.019409303348861977
0.019356524969874018
0.019302927866228406
0.01924692133956138
0.019167829679167896
0.0190771350177924
0.018933247221794958
0.018732556418820892
0.01850439295461635
0.018238569370717307
0.017983311932981125
0.01774584241217423
0.017495448176433965
0.01724615694087821
0.016975911833163687
0.016682153053062917
0.016388220888779666
0.016089510982849414
0.01573887594039392
0.015335271488153411
0.014898283489698754
0.014415884618007607
0.013921369585676571
0.01341675629510528
0.012875324704563413
0.012304269104348758
0.011756226737857192
0.011233310336764342
0.010715745169335454
0.01021780883138684
0.009702505252612391
0.00916871507406558
0.008647627110134627
0.008132083927187034
0.007593494672501241
0.00703353864164325
0.006461588598331518
0.005871211344409407
0.005288200416858157
0.0047142502324292665
0.004131599874612219
0.00354633279986951
0.0029129185776858146
0.0022252321136319924
0.0015093133244358484
0.0007518470281800416
-2.4827861993814785e-05
-0.0008189774833251904
-0.0016537126978703408
-0.00252476463691971
-0.003392913223752671
-0.0042580950811991
-0.005136695459777901
-0.006019157937670155
-0.006934837699315168
-0.00788590298014271
-0.008850026170213514
-0.009833947115945148
-0.010692735921220357
-0.011409150280772835
-0.01205588530871948
-0.012590212841178089
-0.01308996487469748
-0.013558398438665768
-0.013917403389953788
-0.014180682026923835
-0.014460643132526865
-0.014754893520603909
-0.01501615743402437
-0.015270391232191193
-0.015427874776126407
-0.015480794738997598
-0.015493595452995976
-0.015444460443310591
-0.015424459354626248
-0.015448255860005311
-0.015455998209547423
-0.015474451866907745
-0.015464028002897324
-0.015419788930027115
-0.015385091591918521
-0.015351699883704563
-0.015226843519210283
-0.015008220889424244
-0.014734967422461142
-0.014383375933741048
-0.014018301244620963
-0.013643778796525192
-0.013207530515848102
-0.01272359340219765
-0.01231129535983495
-0.011976434073655243
-0.011672653722139032
-0.011432634717755527
-0.011174681453775464
-0.010896276568983575
-0.01066743978282776
-0.010472511044916777
-0.0102440319092208
-0.009985668552473197
-0.009720457071476752
-0.009433201206954121
-0.009183877024643605
-0.008976626715608995
-0.00877001093658572
-0.00857826508042
-0.0083019308427655
-0.007927446795428564
-0.007512486042739919
-0.007027983791838805
-0.006522328219499052
-0.005999490440208439
-0.005409279210225142
-0.004761040420652016
-0.004141822388955293
-0.003552007608381674
-0.00295526024993423
-0.0023729258209500125
-0.0017403501842487192
-0.001052869279897655
-0.0003600092055535048
0.00035296112345142405
0.0009686398886307183
0.0014696551860689051
0.0019215942203706158
0.002289018990333021
0.002627619212123891
0.0029405291938265554
0.0031672777329888754
0.0033174319636816393
0.0034937891675643493
0.0036955546424105837
0.0038776840204709923
0.004064386502458402
0.00417706348327253
0.004208749890370557
0.004217311820019858
0.004183781316453738
0.004170535040184448
0.004189100132940796
0.004195518598920007
0.004208478896838653
0.004203867633163982
0.004178051107049093
0.004159589545374162
0.004143440462057398
0.004060199083349323
0.003907696293967766
0.0037159537834863896
0.0034671082764285307
0.003208568846275378
0.002943355737087165
0.002632753073214953
0.0022869860115819042
0.0020186812050248925
0.0018345332395378958
0.001688686905565549
0.0016123290526755005
0.0015310182274366946
0.00144231371829494
0.0014113796584391105
0.0014240677144859845
0.001413133710052125
0.0013817684497660421
0.0013539640334154705
0.0013144811763563327
0.0013218361367218598
0.0013802428233811804
0.0014489405508154706
0.001541863671247566
0.0015698186650626006
0.0015203228025239873
0.0014460168709101956
0.0013208011517610878
0.0011873872715053514
0.0010494899990631309
0.000862446930202184
0.0006345696302062442
0.0004456011626785955
0.00029612251938593715
0.00015276144475176865
3.518327862716689e-05
-0.00011533631778684031
-0.0003029681853449906
-0.0004824202611000341
-0.0006669907294025346
-0.0008071804152363433
-0.0008929554598439597
-0.000957033872007853
-0.0009837762695021279
-0.0009908600796564254
-0.0009799087570710931
-0.000927547539003401
-0.00083653960334339
-0.000759248616055018
-0.0006961529332905982
-0.0006229495930684813
-0.0005522373209992312
-0.00044621684515533166
-0.0003013822006649065
-0.00014644230048352453
2.7679424374426568e-05
0.00020335699708750983
0.00037605448165857887
0.000560983156511794
0.0007525910339387051
0.0009550893407362588
0.0011698067545238165
0.001389733018194387
0.0016158311928670707
0.0018731564718371333
0.0021629301805712563
0.0024738035289301034
0.002812383112915137
0.003162590831198311
0.0035234098739647195
0.003908522421464868
0.0043145470918640036
0.004680798148552376
0.005002894904483734
0.005307077729606396
0.0055763569529837815
0.005849134086570596
0.006126837175264057
0.006375012357177507
0.006600926845092184
0.006843377966944228
0.007100897190529437
0.007359065654998669
0.007626787730700828
0.007871252753660907
0.008090046491642034
0.008306358053303764
0.008512395897478405
0.008753185505092756
0.009035316592666022
0.009331665430825326
0.0096554803030337
0.009985788884899371
0.010320676932318168
0.010682474938396613
0.01106711140502111
0.011433256646364413
0.011780515332235317
0.012126340505341305
0.012460513166569202
0.012813234081489282
0.013186665130013205
0.013557415938218914
0.013932320241858432
0.014270521524555772
0.014565244808970446
0.01484049780108326
0.015083732137117672
0.015312815014358072
0.015528856948622547
0.015711304677697276
0.015863114717112593
0.016022314381437232
0.016188785131666317
0.01634544556613536
0.01650128147901558
0.016627696132520672
0.016722070109036678
0.01680559419092592
0.016871340866269773
0.016939104094799505
0.01701279881987927
0.01707776076424528
0.017139951533143818
0.017192249675184998
0.01723338557428797
0.017272157511976884
0.01730702199514756
0.01731459769534938
0.017294009219669594
0.017255423297997032
0.017192752173113002
0.01712165330396048
0.017043080180601054
0.016944037456792096
0.016827846875278867
0.0167381233028628
0.01667764618839028
0.016628170716193328
0.016601801170974522
0.01657013332270907
0.01653215284305763
0.016512894220844513
0.016506938512529743
0.016487441602880928
0.016455531194094184
0.016420901284968082
0.016377407492494334
0.016348067198711094
0.016334518596143068
0.01632056966693766
0.0163116672105393
0.016274014874814894
0.01620277012410298
0.016117972243573257
0.016009684768330108
0.015893872657224466
0.015771915094046216
0.015626929773485787
0.01546199042018262
0.015307542576266361
0.015163797074308072
0.015017915493456288
0.014877385135073735
0.014719785636470974
0.014543484989851073
0.014365735913594475
0.014181433693957165
0.013998916794558435
0.013820900496253063
0.01363978467423057
0.013458441735496067
0.013276107688763859
0.013092333402503825
0.012910191213110715
0.01272965885778307
0.012538242973366098
0.012335486755836211
0.012127551676904253
0.011911303061703894
0.011694934394763068
0.011479209965621644
0.011257505892085483
0.011031732273790415
0.010802261361543958
0.010568396463388623
0.010331354173255817
0.010091054739332427
0.009845811258373898
0.009595714102970087
0.009341501433934711
0.009082823531607755
0.008822218502596013
0.008559959526378749
0.008294582086193264
0.008026787689757856
0.0077553345004754415
0.007480096211767915
0.0072022985005027835
0.006921679132492986
0.006622669443041708
0.006303855646376091
0.0059723640625283765
0.005623739146812754
0.005267215003421521
0.00490313654467332
0.004522844171618016
0.004128030638562803
0.0037293512787285746
0.0033264531046672554
0.002915134393875384
0.0024978305329644472
0.002065703130222511
0.0016180356082752525
0.0011610798295150348
0.0006927013979460767
0.00022341940416762806
-0.00024517856589849324
-0.0007196987810205865
-0.0011970608825397776
-0.0016820511570723607
-0.00217518701875984
-0.0026713501937998194
-0.0031715109324987507
-0.0036857846126328755
-0.004214352711058754
-0.004752971571356779
-0.005304192266551495
-0.005860793903920375
-0.006422305190513123
-0.0069944478488619555
-0.007575632219561509
-0.008086368981637768
-0.008519154156772733
-0.008910044017982465
-0.00923608153066826
-0.009544167451990819
-0.009835813282683362
-0.010066583537290924
-0.010244877142908507
-0.010425637841792583
-0.010606906173630302
-0.010766620881244315
-0.010917204628998502
-0.011012844370520043
-0.011049626043884259
-0.011059662684848474
-0.01103173751530074
-0.011022259179036114
-0.01103947182315946
-0.011047998648808316
-0.011064220111076073
-0.011061917037162493
-0.011038180672692799
-0.011020515401812876
-0.011003486184596234
-0.010932980556481233
-0.010807916511022137
-0.010650707745966746
-0.010447602933602713
-0.01023707418732615
-0.010021481210194116
-0.009770108420934174
-0.009491307958906172
-0.009241199685106796
-0.009021809195025198
-0.008812556970038774
-0.008628619026770517
-0.008430043792203759
-0.008215690151644065
-0.008019023373007767
-0.007832319546473433
-0.0076259281997637885
-0.007401734560597547
-0.007169276353604853
-0.006921931279475336
-0.006686804868337483
-0.006465674514996379
-0.006240012115687146
-0.006016229108571909
-0.005744868160683663
-0.005419375474814354
-0.005067908142596581
-0.004676037069238373
-0.004268225803901601
-0.0038463662457055474
-0.003385301608682482
-0.0028897255254304245
-0.0024019659787839864
-0.0019220814104962945
-0.0014324604978800718
-0.0009434226850668447
-0.000423248272151619
0.0001303836115397814
0.0006933432930763702
0.0012729008869592018
0.0017730540874987474
0.0021814003266709893
0.0025481459763927435
0.002844768435937744
0.003120676497174907
0.0033782126893369497
0.003566495105065549
0.0036941811722757422
0.003839253441153224
0.0040004997899546505
0.00414463550944114
0.004289833950177744
0.004374938867684349
0.004394620264715461
0.004393283035230297
0.004356125218376169
0.004339980299330519
0.004354477033881885
0.004361413671191536
0.0043776239271183445
0.004379362339438011
0.004363503914037123
0.0043567756988716014
0.0043542546212609985
0.004296331188848519
0.004181421396885799
0.0040349424286314755
0.0038416461434342282
0.0036429206000351657
0.003441392055159089
0.003203603329601862
0.0029385261459831525
