0.005214791566992265
0.019968905034570744
0.02152407824210313
0.008176576317815775
-0.009780582646074894
-0.037239507721082504
-0.044101846225570646
-0.02724841811872918
-0.005198115266836531
0.03014649333170793
0.04612906293200453
0.038951032678388495
0.031090972625423454
0.013900880138887248
0.0033438155555190925
0.0022664364247658494
-0.004206090852525237
-0.01189772450552294
-0.0162839220966082
-0.01856217786573116
-0.01764253749671277
-0.012633483082270388
-0.0060241798141346245
0.0026885248515970193
0.015613790338633622
0.032597893070495355
0.027882469646387634
-0.0006562393090567289
-0.04076385174464804
-0.09962861272174815
-0.11690067964711696
-0.08712530053913803
-0.04538197640762622
0.024441212222885655
0.07606333444959631
0.10431264420694306
0.14528476470453944
0.18749390705891034
0.16155579485079474
0.06367329713877218
-0.08271714401158194
-0.2973757826310373
-0.3397028130291377
-0.18979809269681175
0.01993325237117471
0.35384819228232317
0.45323712624305906
0.2816270413993441
0.06518373344808719
-0.29135704928590117
-0.4279566205332488
-0.3000730152600744
-0.15966441881234592
0.0894319444491732
0.20044430942031932
0.1341322361052327
0.08842368753374152
-0.003542517187024436
-0.043012928416028696
-0.004195513188147636
0.010978283298331884
0.03137452527884696
0.03486621386684127
0.0082097193105001
-0.014833352208334975
-0.043225138204024044
-0.04986404426300334
-0.028202994417545396
0.0011380989337729836
0.04696692975525404
0.061912834543128674
0.04063562475797412
0.013646715870874846
-0.031852461743951274
-0.05175795405592804
-0.04050953536207076
-0.03002759366176564
-0.008633754307392254
0.004948864934668425
0.00674821462085872
0.015387758893811145
0.025800011453333757
0.027392906885958353
0.021231585377476877
0.008361716441293812
-0.013708256051005504
-0.021417972105041098
-0.013420792437555777
-0.0032237336512354123
0.015050555985832194
0.01845756751560448
0.0042576833187074085
-0.011768589820570855
-0.035730413252849584
-0.04061070533449251
-0.022808689028091064
-0.0002137831443965771
0.03468990005659586
0.047300691223865175
0.03348698995501191
0.016151945854956263
-0.014071557150126392
-0.027180951959385018
-0.019190733164100856
-0.012360329420627635
0.0012840240243615995
0.008729328103010272
0.007118159583074763
0.009243465639216256
0.011505944557069417
0.0108329805522277
0.0083154961791706
0.0025481541840265366
-0.007019670153469058
-0.013173154799618225
-0.015828052268182215
-0.018977830466257548
-0.02098536640463232
-0.017617363110003163
-0.008621608389961326
0.005344844632465184
0.025621953742630137
0.03300335233929566
0.026103466369341077
0.01538199362277074
-0.0042049418488476036
-0.01364066610517578
-0.010971782091290874
-0.00962776947182025
-0.0047702222248233485
-0.0023669272405727236
-0.003952929627256131
-0.002742943064665249
-0.00036683693267851325
0.0007454059535509924
0.001248353721899842
0.0010853375959900143
-0.00013331008420274703
0.00018443681555985975
0.0020973403439031066
0.004063965895575936
0.006668914100165085
0.006428046266393559
0.002886119575013943
-0.0018672897383690689
-0.00882796800534701
-0.010618809251069469
-0.006482729886236755
-0.000794819799435331
0.008451585074443584
0.011512385358719377
0.007335656243842096
0.0022908747116877283
-0.006209494209279414
-0.00990082768398834
-0.00766844303887081
-0.005627658440245992
-0.0015710467102052702
0.0006762830300660217
0.0003140640957985821
0.0009966155859954438
0.0016713616837171152
0.00314478543406023
0.005888665175677761
0.00868950401966936
0.0118694554556671
0.011213251845938424
0.006151774452942978
-0.0010596756063670405
-0.011682099947840953
-0.017074433761516537
-0.016459466775172946
-0.015103457938382775
-0.010737355518459467
-0.006571299897418515
-0.003084274347808182
0.0032170127263296258
0.011622127488261223
0.016733481881466436
0.018548967782785475
0.019182396208396527
0.01730216824579223
0.01303763769567837
0.006235989060316423
-0.0043850539856950125
-0.0190695732503854
-0.025930656873790363
-0.024250985197664034
-0.020073395317854514
-0.010284924723234366
-0.002697455651649378
0.001996906661049507
0.010284264745276111
0.020387636705377018
0.022937341243648254
0.017744513715822422
0.007943889048321702
-0.008961728520986898
-0.015771550672360336
-0.011267964397244793
-0.005932958444528502
0.004562985007612453
0.007889329033030246
0.0023594845113041104
-0.0025711611159455893
-0.01015372864444032
-0.012284945591060593
-0.007408072377711046
-0.0020049163061794523
0.006270524385550633
0.01038992476587645
0.00921978821364415
0.008100763234868205
0.0050709166238365406
0.0020372824588774994
-0.0004756322537267784
-0.005058019549141903
-0.011232225165253022
-0.011071417412073485
-0.004190285079111987
0.005985091692688785
0.021569131806103384
0.02570696967769959
0.016925534008636105
0.005104513126910537
-0.014213797754254402
-0.02442326924655945
-0.023651166578310814
-0.023629745950674096
-0.020041669326446174
-0.014397297845570152
-0.007597289110548507
0.004689367918220489
0.02216938197962472
0.029958223746802116
0.027530970779574046
0.02195006768569827
0.009450975473205553
0.0003321262975883271
-0.004534955625870969
-0.01336237004449518
-0.02378037585384087
-0.024916859831966207
-0.016566534960087587
-0.002099355457521168
0.02141608205831707
0.02920666663352497
0.019457718802908364
0.006655642079534379
-0.015563273427556385
-0.023566791247191028
-0.014568472319088333
-0.0051747340461816855
0.010835973490899277
0.017513938319754216
0.01223195452341032
0.007727463639576478
-0.0003782902421970611
-0.0063844842481452285
-0.008746673558802348
-0.013824373289493814
-0.019992330143437483
-0.01888553751861515
-0.010430333975881933
0.0027121830368792292
0.022733229980321748
0.029663567667471063
0.021953779710745993
0.01107594713113626
-0.008178051985879146
-0.016790320044264576
-0.012624333837495772
-0.009185882850208792
-0.0015471846674572208
0.002638830025852562
0.001701637020906062
0.003339567893212831
0.005470497905380374
0.005223064064816924
0.0031985585485820186
-0.0008661412222786378
-0.007557053385163718
-0.008871253945974792
-0.004365423850030066
0.001627132167329133
0.011132967592682981
0.014045546152700384
0.009284277836840073
0.0033579561055086453
-0.006423796636790011
-0.011387329713871379
-0.010396720677508171
-0.009861518738899797
-0.007482370774195406
-0.004356902191105698
-0.0010338313753217793
0.004933797235184953
0.01328252833634185
0.01496672436135542
0.009566753197420116
0.0012512079360520597
-0.012341711995006667
-0.0167720304030965
-0.01074946313044777
-0.0032091874997473725
0.009610147043824284
0.014476567306490324
0.009724241132990188
0.004812855007354243
-0.003775631835212497
-0.007301923868371331
-0.004293886261509153
-0.0018304477015005786
0.0024909539699074965
0.003751983103425001
0.0008970607069341855
-0.0017545367946310128
-0.0056304844041688
-0.006433326187048079
-0.0033709515159096553
0.0003294455775953171
0.005928227026494387
0.007424084213144017
0.004048568922769368
-0.0002614026443285732
-0.007165672461515112
-0.009526732530663357
-0.0064866879475365
-0.0028649102463280244
0.0032592198177516718
0.007084361552363094
0.007898193171549373
0.009618295502014582
0.010982092530031164
0.009784908072476273
0.006146759708487449
7.553776846719605e-05
-0.009036504960902709
-0.013612994983053949
-0.013212967277943256
-0.012047011186393083
-0.008198031909159107
-0.0040769153834896744
-2.1252072382921304e-07
0.006835903368912614
0.01595086032936268
0.017033081422722016
0.009519666829278144
-0.001983142631989624
-0.020239191534868688
-0.02608789829185851
-0.01786610587041388
-0.007139119587661495
0.011103096999498241
0.020561808317625295
0.019246464587794387
0.019174235014332255
0.016101617943101623
0.010481205129816156
0.0032214534025095604
-0.009412074273043733
-0.02735378910523742
-0.03252067713243544
-0.0240206191340425
-0.010585430638568335
0.012474474608095452
0.021038313345735898
0.012887630686060714
0.0035840265541612947
-0.013091815729759766
-0.014381645279025777
0.00277664057192393
0.02242526476975518
0.050771046166395294
0.055969876640514504
0.03394489173684623
0.004988383490603031
-0.03979035803336109
-0.06243817362827922
-0.05860992388827547
-0.054094329863934046
-0.03882186327419167
-0.023380775792016115
-0.010157879005717688
0.01446758373317851
0.048027041563955986
0.06252024880821441
0.05737122676910657
0.04431920402737621
0.01626980136032571
-0.0029196069575707887
-0.01157038192245011
-0.027381478761735474
-0.044846025700395455
-0.04624882050007129
-0.031517166948810245
-0.004823886039552891
0.038669570359413895
0.05296711849279061
0.034925781963917525
0.010988520696146677
-0.03060555241236232
-0.045240955319954784
-0.027754073113913365
-0.009281928177137029
0.021899624451172047
0.03386556800527876
0.02151274063772947
0.009723253323206237
-0.010275414623435565
-0.019181192965578936
-0.013260004306213661
-0.008995625023175318
-0.0009398488394098706
0.004288612504027566
0.004659964565031407
0.007862903284165192
0.011923689911980747
0.009889822800815155
0.0019851010352983974
-0.010090979320249873
-0.028078452403245812
-0.031373300980453156
-0.018359718235198583
-0.00037149856251779054
0.028050537776450536
0.03844779586145783
0.027897069962346553
0.014634807641118526
-0.00886730047982175
-0.019153111189530263
-0.013116742505634242
-0.008290735318969622
0.0015303145470335127
0.004934444727130546
-0.0004929831161855924
-0.004224225080894761
-0.009471085806622112
-0.010253089776237609
-0.00494201862800003
0.0010318616765520813
0.009569420523939609
0.013678556391095675
0.012274120466587823
0.010333313618696783
0.005874059848609443
0.0025056016762865225
0.0008163602240385012
-0.0026444314173719712
-0.006974303241139154
-0.010638594371115336
-0.013906316619690353
-0.016840375117381453
-0.019128323684438932
-0.01735069342818406
-0.011007349244250612
-0.0013994242487406832
0.012598736198207387
0.022066065546777244
0.026384035206725394
0.030916540182942633
0.03341024757694462
0.02748506392632182
0.012676509727876812
-0.009964935577489517
-0.042490824441576584
-0.052727087843582564
-0.03825852836242655
-0.016401709777292536
0.021376444849583832
0.037586248044410575
0.028485251883093567
0.01934509687661597
0.0005004274908609198
-0.01145367159655563
-0.013399022472064275
-0.02126315140204962
-0.030692881518837176
-0.02930397766764334
-0.017666936429012056
0.001739459019967652
0.03201163110785666
0.043263393187185334
0.03346238229271284
0.01965316405672473
-0.0058166387299236
-0.01860530213796496
-0.015880174666955384
-0.01573005223938133
-0.0119197124282581
-0.007077161919965915
-0.0028646162413565987
0.0070448757208346905
0.021903586338285812
0.02480615697369322
0.015285777555983694
0.0009692400981177523
-0.02240498439924647
-0.029700858849298246
-0.01864194661265832
-0.00485200852622805
0.01821965108548332
0.027110027360013535
0.018858689021925994
0.010132740906700879
-0.005326243080749923
-0.013923898956470396
-0.01328745851628082
-0.015119505831358715
-0.015742805756524928
-0.0121310810457197
-0.005051766554119234
0.007073514715812578
0.024988270499902317
0.0284996411762178
0.01636099696502835
-0.0010635843608963525
-0.02905295687292931
-0.037964184310030846
-0.024904560897583965
-0.008525666527910047
0.018981464445448203
0.031637825742424935
0.02611997550270372
0.021395646580113198
0.010587732805896689
0.002336298799738049
-0.001219524977408831
-0.009916875361374818
-0.021439062021194628
-0.024651627334785684
-0.01975043288330157
-0.010279830542061294
0.0065160528169719385
0.013129389468669175
0.008325803175666772
0.0028963195456749866
-0.007540627901181128
-0.008210102396036888
0.002882392311959959
0.015119867103180307
0.03249332240129099
0.034783556495447315
0.019296757958566838
-0.0010842534378897536
-0.03206245950366708
-0.04421862703037256
-0.03428444071670874
-0.021207270533127456
0.0029233142614715677
