0.007436132230384434
0.007054983321495759
0.006941291085059183
0.00716108112027647
0.006712253216526533
0.005843554150752631
0.005191326076174598
0.004684649265084872
0.004181342482092808
0.0038164091129441586
0.0029511561782421974
0.001553661317209609
4.315830408496056e-05
-0.0017285004672598634
-0.0017564749382171182
0.00019732793901162398
0.003079830590411924
0.007474445346891195
0.01232471439161324
0.017569950348856805
0.024265749474011545
0.032216405719222414
0.03703125959304937
0.038440308032689885
0.0384094880074007
0.03574554845419554
0.03328791995197516
0.031187806894220686
0.026983153556387775
0.02124901286732935
0.009857811708449614
-0.007971566388813604
-0.02997167210920945
-0.05748691357506159
-0.08885541163190844
-0.12407224492440104
-0.16527459409212233
-0.21227493002937634
-0.2288759229023783
-0.2118445297018863
-0.17818477282900042
-0.11763249082150891
-0.05173771613082987
0.01851045270069905
0.11310381782725812
0.22795834419342548
0.29264376616351434
0.3031482407465277
0.29035668753325167
0.23519991314045627
0.18409228364153668
0.1394214552427801
0.061338432287482335
-0.04074376970419169
-0.1020031046470645
-0.12147598282080584
-0.12387692136537189
-0.09256940993463929
-0.0759473397941835
-0.07639753126898034
-0.055622611533232294
-0.023862456753666456
-0.00802991701854281
-0.006093675140031412
-0.012218458985519907
-0.032671534284102126
-0.041831574087345474
-0.03890415697477155
-0.041811415180790526
-0.04504049598418804
-0.04321696983214935
-0.03763831124089201
-0.026898987262678746
-0.009831932193644196
0.005848952052086057
0.020350177103260796
0.03856274008159327
0.05899597845963761
0.07026697679338775
0.0717364764765813
0.06775060490445399
0.055127966755671914
0.04192620174603885
0.02835094607533873
0.0074995715869141544
-0.019105417840218207
-0.0350735725631936
-0.03977781815315355
-0.0400739305714652
-0.03163852836373925
-0.02599443997390133
-0.02375777404673349
-0.015458883765556262
-0.0035104217484974074
0.0037168149140157612
0.006615316710017642
0.0075612837729354745
0.004562190513573138
0.00497692639076237
0.0091116879744535
0.011662131022782768
0.014231150209658058
0.015358439505606454
0.014332838782733545
0.012976892087084102
0.010736372166578124
0.0071053910561807
0.0021947221495227523
-0.004268076149422638
-0.012415384128075229
-0.017206989909690693
-0.01827098626493782
-0.018131659662574344
-0.015427851104570015
-0.013156001652058104
-0.011539774479887304
-0.007911640362385355
-0.0029031827937092978
0.0004518194660512011
0.0022194636334637733
0.003430383507837495
0.0033476190594558686
0.004422011364965937
0.00677789244352572
0.008586553956066001
0.010384812604201649
0.011062494582437186
0.010303828361334519
0.009006233787562786
0.00679501719072789
0.003847228519555961
0.00020480366762154337
-0.004575218860605377
-0.010482048076827144
-0.013582262975493925
-0.013587262167266743
-0.012377585900884756
-0.008877455021799366
-0.005498987454245175
-0.0023915723575598947
0.002588650468781498
0.008949469133113256
0.012371533972126206
0.012724508857201838
0.011739162771205526
0.00828407501755776
0.0054322616791757225
0.0033346390535801585
-0.0005164514327995164
-0.005482395198398396
-0.008222139649140384
-0.008724608793694846
-0.008147187643625972
-0.00563536234849137
-0.0037891237404795073
-0.0027131448066945734
-0.0003783523099617811
0.0026738089637998656
0.004323567887523993
0.004608747255915099
0.004168136854406661
0.0024690584568449812
0.001280512507542944
0.0006618516770467963
-0.0007243288535940744
-0.0025097214945454405
-0.0035116404594712166
-0.003771018882379758
-0.003597408486676112
-0.002697053406605424
-0.0021138285194228115
-0.0018764278278534793
-0.0012131311046230018
-0.0003404090517518352
0.00045472897122123706
0.0012346095762066154
0.001989564452212923
0.002663613975236804
0.0036345155982514424
0.0049093782242705325
0.0062581019578812
0.007764531553792384
0.00827249902736588
0.007646547533161008
0.00649168810177347
0.00447221944953301
0.002194444178099801
-0.0003070745865914421
-0.003638835999214743
-0.007688787091817536
-0.010010551319591965
-0.010457087907715545
-0.010122776453102082
-0.00834446182538992
-0.006710290483585424
-0.0053059807122311925
-0.002759319469911302
0.0006067054100932893
0.0027625912514814654
0.00369651350006007
0.0041654585613444175
0.003655989437030144
0.0037169309379421764
0.004426844833665809
0.004580492281760038
0.00450981448979825
0.004178732342906056
0.003438109772018867
0.0025287307478816965
0.001395462945822905
-0.00025585011647587784
-0.0024261938650524963
-0.005034998713560358
-0.008159649777812476
-0.009607011538635583
-0.009172903173152959
-0.00795950116564596
-0.005351671978565222
-0.0026073790921297504
0.00019469672092384637
0.004227271822292653
0.009241322680322718
0.011843885943910563
0.011869296243863485
0.010769458273116091
0.007635354146559621
0.004749225268318755
0.0022275237426947077
-0.001859984760378059
-0.007046674517159255
-0.009834693762890511
-0.010134399758327863
-0.009297924996858147
-0.006409884488378636
-0.004013462239865525
-0.0022238256514262853
0.0010182864986822545
0.005187299176312206
0.007340135697833477
0.007446917929621777
0.0065516210669196
0.003894260109508787
0.0017290991339107286
0.00014643482387317902
-0.0026328733407104538
-0.006142563324809933
-0.008024732091245157
-0.008266066705246775
-0.007669974098247825
-0.005628162285787059
-0.0039824655488119864
-0.0028004700516491027
-0.0006380755653249107
0.002125728005376469
0.004048516365051263
0.00516796934204073
0.0059163032762945935
0.00593712369337481
0.006459113212994097
0.007528550162144612
0.008232532735448835
0.00883202922631335
0.008638343619906976
0.007475271152154458
0.00584272327472611
0.0035103244160236296
0.0006297978227507771
-0.002782392765628557
-0.007022560051491946
-0.012079817334129252
-0.01475104074605107
-0.01478274708743265
-0.013698195442445674
-0.010609876123305642
-0.007464204165133228
-0.004371323477031774
0.0004239036582375852
0.006533715318798181
0.00991029076094799
0.010403491100865121
0.009689015538627093
0.006699513298530282
0.004258802429296659
0.0025123191247476656
-0.000869503415418955
-0.005299856340103875
-0.007533159800001118
-0.007547966884477931
-0.0064921236933213255
-0.003533405296198302
-0.0011680702314063721
0.0005003287008503352
0.003430244879214813
0.00710169942911329
0.008891609968412605
0.008778461465174811
0.007651060359368349
0.004828310818154579
0.00234746083826177
0.0002782857440477886
-0.002987200138784996
-0.007034116756103141
-0.008964872662130361
-0.008692803583796996
-0.007311954268285269
-0.004052967738985732
-0.0010298434462278705
0.001675460589993829
0.005790791594925319
0.010889172016916339
0.013578766749547735
0.013748227663821638
0.012723369281038475
0.009605304816691999
0.006829535330986286
0.0045011668914787676
0.0006223286696422139
-0.004310295106215656
-0.007901908261265819
-0.010178773731741492
-0.011954799805900074
-0.012633590208715401
-0.014149473512621049
-0.01659110956911004
-0.018493598544684135
-0.020272322058148697
-0.020185426639666014
-0.01788335561928933
-0.01446473794330321
-0.009373401018408573
-0.0032246997312078696
0.003942885654834147
0.012962154904596231
0.02374971483992163
0.03001540253308705
0.03129622660177247
0.03054687540427152
0.02603771239257513
0.021666610531667848
0.017656503008352035
0.010541824122184405
0.0011077118309722547
-0.0046970911209381445
-0.006775133903058264
-0.007456618161458308
-0.005219676251486903
-0.0044576856506016406
-0.005404579366599403
-0.004580703360582957
-0.0029246820849648685
-0.002818471791731519
-0.004076477984246548
-0.006210693494216785
-0.009776912711985341
-0.0124984645734848
-0.01431245753956424
-0.01681349544761525
-0.019516268461927173
-0.01984825770529045
-0.017712650579095116
-0.01397066024630227
-0.007911195718793345
-0.0014263375084667123
0.005457398697574192
0.014332290053175536
0.02484864543844317
0.030165521384565304
0.029825117943556058
0.026844810884219146
0.01933750366375317
0.011726133453294154
0.004215711835424456
-0.00707449723319619
-0.021272150220468165
-0.029223769947727598
-0.03056967871760662
-0.029100189193545428
-0.02239047449832708
-0.016818067424580783
-0.01270398805753756
-0.004767690179370633
0.0056724151281753584
0.01263841147230936
0.016230719236899522
0.01842166986788886
0.01773269139519524
0.019044562278934866
0.022574712631784424
0.024651768188296848
0.026324029542873627
0.02588547697278569
0.022737704663608027
0.018398475702388287
0.012252006859686571
0.0043195054296770174
-0.005349484007136066
-0.017365672976392174
-0.03178603846406626
-0.039454926682100086
-0.039631597750293
-0.03673686685282957
-0.028235611127668685
-0.019629427901128545
-0.011245745987945567
0.0018950017008731218
0.018690748500335835
0.02846074791580089
0.03085994908554663
0.030261999981328776
0.023871133551246346
0.019228670149386895
0.01672829656102369
0.010207222447142648
0.0012441455367916184
-0.0052096154078291835
-0.00945603444907351
-0.012801137654574099
-0.01408895108845061
-0.01782512338027446
-0.0241946762233379
-0.03001348957759036
-0.03627106155103622
-0.03814556384776753
-0.03481963758971426
-0.02926269224030855
-0.02000606572210099
-0.009017335709759194
0.0035425786290511985
0.020003623978004564
0.04002903751529954
0.05112484206258511
0.052459643355060016
0.049786249274337224
0.03969964000221816
0.030099870924898707
0.021434884235938183
0.006782342661901364
-0.012253609763174082
-0.023537505202213094
-0.026828065701577475
-0.02685669093017826
-0.02049213541598534
-0.0166355194265548
-0.015734368711268078
-0.010677449127431063
-0.003342851799288845
0.0010650672432562965
0.0029152678264747294
0.0034137995839660976
0.0013477933928342785
0.0016018205132723035
0.0043424709299694384
0.00614212737927166
0.008058472054636057
0.008966899964561837
0.008400294390679313
0.007640084615073888
0.006284694994940907
0.004101356794467538
0.001175334150602788
-0.0027497984780697014
-0.007735625356831332
-0.010519157940778779
-0.010867721086912422
-0.01039672521571941
-0.008226540969215717
-0.006311565436206978
-0.004794085861065956
-0.001941044848572139
0.0018365871736834782
0.004137748372885277
0.0049608893050962005
0.005176444230427757
0.004180156709470542
0.003811977250919621
0.004160957792441984
0.0038000885952637273
0.0031220181459410386
0.002557416857220808
0.001978038843877531
0.001446546372332401
0.001035212822162424
0.00012219067073697686
-0.001303615683921708
-0.0028843184513088808
-0.0047606579531220975
-0.005482665184705577
-0.004881400140586235
-0.0037468689137691515
-0.0016634523295990316
0.0006200011443810356
0.003049441291245358
0.006369393795665226
0.0104345573891269
0.011951426405710439
0.010704653739954344
0.008162398619276971
0.0034216736607458084
-0.001413094483297212
-0.006238039191687462
-0.012900409735649414
-0.02098185803116367
-0.02459698976779799
-0.02341522532089085
-0.019950381734118488
-0.012601186649895528
-0.005272157239791001
0.0018575563298308723
0.012147429119416152
0.02481860397480477
0.03122488012443089
0.03096696614511896
0.027636306550424823
0.018911722503181395
0.010714616271599255
0.003320520070441482
-0.008255067012319135
-0.02281248892830667
-0.030447427359503412
-0.030842864254217894
-0.02790866874712151
-0.019030806162963817
-0.011294155977695878
-0.005020161161642525
0.0055933049063702864
0.019091403299163295
0.026279631554003
0.02699591942398661
0.024633641016737935
0.016801501929057206
0.010381904236547855
0.005664614886971458
-0.0028474632424638213
-0.013732756473444517
-0.019600538005542335
-0.020409199678623646
-0.018710047310636194
-0.012601728619348211
-0.007837750302145374
-0.004640253431108854
0.0014973288463348993
0.009384418923064866
0.01364285217969651
0.014294954993039588
0.013088289880150015
0.008650861414532196
0.005307539727240112
0.003212625641644244
-0.0009700616185599346
-0.0063448848491122435
