-0.010064222793726098
-0.010441313776317969
-0.010829737283706542
-0.011230197131694758
-0.01163546535011785
-0.012047725165364271
-0.012407708302719617
-0.012708562584811756
-0.012979595962643036
-0.013203378847828892
-0.01341217531802851
-0.013607278273405642
-0.013756569800870531
-0.01386573724681782
-0.01398002655379842
-0.014098381472138828
-0.014201870502871914
-0.014300906342783463
-0.014359151268874916
-0.01437344035937326
-0.014369774430343454
-0.01433930242353362
-0.014319966349548845
-0.01431777734937844
-0.014307969018138484
-0.014301664982446883
-0.014282174704695007
-0.014247448079592257
-0.014215614745604191
-0.01418319763317222
-0.014111890482494973
-0.014000762612913113
-0.013865916446795508
-0.013697564762255088
-0.013522541891732442
-0.013342505666795648
-0.013135841808338435
-0.012908354177504308
-0.012707930862572929
-0.012536819555258689
-0.01237652958279702
-0.012240150467230291
-0.012094726918882784
-0.011939244593747128
-0.011801854575223574
-0.01167622638382164
-0.011535484494290007
-0.011381108434565497
-0.011222205182157188
-0.011052719840257236
-0.010896606537670592
-0.010755502310927164
-0.010612862655435217
-0.01047436452374406
-0.010299801646699955
-0.010083703961567657
-0.009849319458564588
-0.009584895146373194
-0.009310020744045525
-0.009026284443324869
-0.008713371879250236
-0.008375056751851634
-0.008046415203460177
-0.007727580033859882
-0.007403903727521091
-0.007083975040857347
-0.006741698332706947
-0.006375180023027938
-0.006004377888931372
-0.0056233353552271785
-0.005260407797530542
-0.0049206323960230836
-0.004586412770759279
-0.004266496926011485
-0.003949268343154734
-0.0036338123752707994
-0.0033340032124963065
-0.0030478885331045266
-0.002747603281577752
-0.002433018695928062
-0.002116710085190715
-0.0017919858917626848
-0.001479320885019249
-0.0011805305592963481
-0.0008801572212569051
-0.000583085404956717
-0.0002771536812863609
4.035994231813921e-05
0.00036003320422305405
0.0006856381542819122
0.0010134269449420662
0.0013426451782520188
0.0016785309881816122
0.002020314646638539
0.00235274474734597
0.002675248266552359
0.0029946706165212673
0.003307072573532145
0.0036226115567316803
0.003941981805859659
0.004256798506079197
0.004569264886627732
0.004910549568305253
0.005282795378254135
0.0056728985206739285
0.006089583812639474
0.006512872558346604
0.0069421042422023235
0.007395125038200668
0.007868187780178375
0.008341959595646096
0.00881729306062901
0.009301334322258471
0.009789705403806373
0.01029902411313447
0.010830549436747411
0.01137268533906418
0.011929420084696985
0.012477137429639185
0.01301248365296939
0.01354965133911157
0.014081742158117269
0.0146199516717796
0.015165328000819009
0.015706139267267355
0.01624460133643351
0.01680226383111969
0.017379363326795544
0.01796690255978322
0.01857024202803635
0.019173673764203883
0.019776123224325818
0.02038982501204329
0.021011262405717566
0.021552734304169926
0.022006593058151475
0.022411337721846628
0.022741786776695028
0.023051059687435073
0.023340718525424794
0.023561201079434997
0.023722050902290428
0.02388166496201389
0.02403765513438284
0.02416694079587419
0.024282617300549113
0.02433524329322464
0.02432060901103409
0.024273067103470543
0.024180475020110694
0.024107248052166123
0.02406254162105711
0.024006440292885324
0.023957582248165955
0.023885504821080396
0.023786917886469812
0.023693416408564746
0.023598681445295134
0.02344188567401486
0.023221882627129358
0.022963719830304992
0.022651954537101428
0.022330013950767603
0.022000539580867902
0.021628929129627425
0.02122460865835483
0.0208466325517053
0.020496862777204694
0.020154079589212823
0.019834173007718642
0.019494517443659366
0.01913391650024406
0.0187877788815686
0.018447831342532677
0.018083619121048045
0.01769717440249486
0.017298047052721456
0.016879448774800507
0.0164694919223105
0.016069973018512245
0.015661733274076932
0.015251405134472358
0.014785922266037772
0.014258309263636604
0.013698577074632958
0.01309124395941134
0.012462682498017843
0.011814881779902999
0.011120774078499006
0.010385399272162548
0.009653817528315364
0.008926033993916213
0.008183304947622068
0.007436585826693144
0.006651988850508582
0.005827012356476785
0.0049873555513330016
0.004125227362080141
0.0033670318944330722
0.0027284362063738983
0.0021446166980507845
0.0016529641420696543
0.0011869926199323136
0.0007437062321726151
0.0003906374127130072
0.00011608374057981525
-0.0001803794753607951
-0.0004969424384074862
-0.0007910869778849925
-0.0010861355310289454
-0.0013027103717727195
-0.0014339229796470948
-0.0015371575826466737
-0.001593180767685259
-0.0016790311031327128
-0.0018074617475164415
-0.0019273056987394285
-0.002061312525704651
-0.002176688752123671
-0.002269255981723427
-0.0023754786841025206
-0.0024885673154655015
-0.0025289317350477326
-0.002494551973004364
-0.002419226479623335
-0.0022826260312555397
-0.0021402430192250838
-0.001995590435237663
-0.0018039208636884314
-0.001577275496306296
-0.0014222888641531608
-0.0013444039191707114
-0.0013018819416254982
-0.0013240209861532437
-0.0013383723641413109
-0.001342721309542228
-0.0013994911304955192
-0.001494852795556364
-0.0015679634989815903
-0.0016220960032020872
-0.001678271848322821
-0.0017228045083452059
-0.0018096491081086527
-0.0019426054903988548
-0.002084413450247403
-0.0022479224492813346
-0.0023452101388280106
-0.0023642695456535814
-0.0023563244877278424
-0.002295707693118732
-0.0022251389335913277
-0.0021482045463342187
-0.0020206213233382817
-0.0018506887915331332
-0.001715748897015367
-0.0016162291610355441
-0.0015198951296325706
-0.0014457670964245178
-0.0013365719516186872
-0.001188232701960147
-0.0010447587344957331
-0.000893151100745251
-0.000768273122905313
-0.0006784670581548996
-0.0005980343330671523
-0.0005382770368992756
-0.000489536105267266
-0.0004504325148193823
-0.0004363175719604208
-0.00044579316247952137
-0.00043742678580094215
-0.0004104025630058355
-0.00038438973661093984
-0.00034925168361033926
-0.00033384490766789557
-0.00034084272417885274
-0.0003478095646244667
-0.00036159554016677994
-0.0003743428494884737
-0.0003829740352547714
-0.00039632144952245863
-0.0004116481864721465
-0.00042869834412701094
-0.0004482226253889712
-0.0004678852142753737
-0.0004876760937088562
-0.0005228378372764583
-0.000574312458732173
-0.0006347764590275785
-0.0007082919508637303
-0.0007855936766448465
-0.0008660320734546981
-0.0009577168943538294
-0.001058698192524704
-0.0011207773580565873
-0.0011401279325897106
-0.001138072060127927
-0.0011010013494975148
-0.0010586698423580196
-0.0010121887162342507
-0.0009344141081149086
-0.0008309128277257581
-0.0007333360093192045
-0.0006405473562503454
-0.0005404965860321641
-0.0004404369466578086
-0.0003138115780125258
-0.00015858849841501679
6.454091775338688e-06
0.00018766403237839213
0.00035058261260099223
0.000490105093512304
0.0006273181358355411
0.0007520990398203113
0.0008803537431587923
0.0010136311126884338
0.0011349621545745127
0.001247483310162839
0.0013833846742419113
0.0015430758870811907
0.0017129941629440407
0.001901158272560221
0.002084251802735332
0.002260659418646286
0.0024485940492865697
0.002642832220472879
0.002806037442564017
0.002936426204723997
0.003047749451433122
0.0031296834365899286
0.0032079683557678634
0.0032831440484966043
0.003333006411356294
0.0033623291231091213
0.0033911928289856535
0.0034181783999555583
0.0034363261314720142
0.003449967213203399
0.0034405720139977915
0.0034066843558835653
0.003360660829886637
0.0032979401229367776
0.0032504389254185
0.0032222429511410675
0.0031946965567602645
0.0031769600318106114
0.003153014501147729
0.003121386176313313
0.0030981504620619217
0.0030800457817625696
0.0030390831723592017
0.002974966645022364
0.0028990412660613737
0.002804298461089122
0.0027112466684071877
0.0026211709776330174
0.002518032538537977
0.002406348427791937
0.0023036983267519283
0.002210024416475234
0.0021202482592543453
0.002038957173465023
0.0019521076748965649
0.001859442188667642
0.0017720310065917778
0.0016871352201626253
0.0015977598726439357
0.0015047188476910436
0.001409665029339402
0.001311143013764381
0.0012164968527992232
0.0011261538776723575
0.0010354062589383707
0.0009460079207217281
0.0008397630088609803
0.0007144969205193425
0.0005801330017138683
0.0004314248890240965
0.0002778545784607884
0.00012009169487793193
-5.12903263879784e-05
-0.0002344592674031736
-0.00041470013392567827
-0.0005920688834071459
-0.0007725527297416219
-0.0009525845575300204
-0.0011433839067021283
-0.0013457545748131296
-0.001551236604205606
-0.0017624032659551254
-0.0019389765374601298
-0.0020759401281801658
-0.0021940163304863644
-0.002281288067090369
-0.00235887071199774
-0.0024277277319091845
-0.0024663747665190504
-0.002478529542651006
-0.00249625181502527
-0.0025189747822301654
-0.0025331159685753053
-0.0025461253692962114
-0.002532690711254395
-0.0024906163872968857
-0.0024382144881315657
-0.0023693543256433154
-0.0023083024244078747
-0.0022590998949767044
-0.0022055754843513025
-0.002154899901270364
-0.0020967950554237726
-0.002029938746994909
-0.001965795212687126
-0.0019022348183441236
-0.0018140911451355014
-0.001700716771818787
-0.0015728089810605598
-0.0014239365453086452
-0.0012716251267191117
-0.0011169840515156569
-0.0009458702589372895
-0.0007620849054549526
-0.0005990894833572284
-0.000458576729359719
-0.0003274621058485583
-0.0002149329058562534
-9.822614606831523e-05
2.3356812417223872e-05
0.000130222529801531
0.0002267204408058877
0.00033190870113389444
0.0004447611856121188
0.0005587086228739735
0.0006780399691991106
0.0007858487372819848
0.0008809494213111443
0.0009750200555540689
0.0010640375866073854
0.0011756097835525503
0.0013135077797792622
0.0014616589255917968
0.0016281250593864947
0.0017994932370597363
0.00197464208673178
0.0021674804868424043
0.0023754059001249903
0.0025741519896539697
0.002763589804397051
0.0029538375130643973
0.003138930911003303
0.0033368493693097037
0.0035488765455707985
0.0037612053583630438
0.003977919829213217
0.004154686764461974
0.004285455046046825
0.0043939037417107035
0.004466760987619343
0.00452616874440812
0.004573205936893781
0.004584585502147023
0.00456413134064047
0.004548787390731573
0.004538049370189152
0.00451594145223162
0.004491078985106454
0.0044346919851186856
0.004344224554495881
0.004240609236368046
0.0041168624885138914
0.00399831130813148
0.003889338631437411
0.0037726057609651386
0.003655616673986139
0.0035279847362845902
0.003388254630468679
0.003248221260975311
0.0031056979666901287
0.002933543030939324
0.002730959894514368
0.0025095256306296603
0.002262257352224477
0.0020078420113330588
0.0017474339658890101
0.0014658140551766555
0.0011669989930039677
0.0008910904169158187
0.0006402874551703644
0.00039850504918374915
0.00017678449546771908
-5.1772903015775055e-05
-0.00028805313952303877
-0.0005087425711847005
-0.0007189903181349329
-0.0009423094772457023
-0.0011775527894875213
-0.0014164931730450633
-0.0016644673021529467
-0.0019009025801142649
-0.0021243627128133833
-0.0023491784266446536
-0.002570475669197733
-0.0028206794809846445
-0.00310430465991264
-0.0034023822818105933
-0.0037244134364198232
-0.00405481289385317
-0.004392277659878225
-0.004753105205897402
-0.0051342916389440175
-0.005507128377157485
-0.005871462524296003
-0.006239332385969609
-0.006603692185334937
-0.006985795608405157
-0.007387184435578144
-0.0077915531416972005
-0.008203745259530727
-0.008561450370277867
-0.008856510579659024
-0.009121570930580018
-0.009338068969764617
-0.009537875314658077
-0.00972247303263733
-0.00985886103981374
-0.0099525816650103
-0.010054450646399574
-0.010163663143710502
-0.010258430522873034
-0.010350571746792171
-0.0104002270288944
-0.010403880421884363
-0.010390428127017902
-0.010350192831219072
-0.010319979782188472
-0.010306008561878242
-0.010283442971430103
-0.010263161196781648
-0.010229760666058022
-0.010181173857944016
-0.010134677727946382
-0.010087047792982662
-0.009999528762351141
-0.009871047614906037
-0.009718081661059929
-0.009530686645350448
-0.009335692769562764
-0.009134766575348213
-0.00890614271157388
-0.008655606073781734
