0.0070980531504405845
0.007185132723492651
0.00728484988493176
0.007399974643521215
0.007498106697765187
0.0075884644920743
0.0076119791517368085
0.007558859720289662
0.007463193904610545
0.007306747620424144
0.007115420163399931
0.0068905971294489846
0.006602340222363992
0.006254790180417255
0.005901962794770453
0.005543438587405072
0.00515474701723789
0.004748484674286305
0.0042835533051117595
0.0037560178119224793
0.0031959353226330067
0.002593197054104421
0.0019765515770198577
0.0013514497382840951
0.0006964137803172791
1.994750102002369e-05
-0.0006887151029759906
-0.0014316110242891908
-0.002196009689876284
-0.002984393710175108
-0.0038308256555748556
-0.0047367473304766525
-0.0056876615899301985
-0.006692575300902363
-0.007728951695818066
-0.008795604405708122
-0.009911570203312882
-0.011072219393961715
-0.011972154340402866
-0.01258258926622853
-0.013043440112959834
-0.013266742252036027
-0.013432523636818409
-0.013547100898684487
-0.013440302481128362
-0.013144708801592526
-0.01287315117025618
-0.012618635695238398
-0.01229611872246013
-0.011954105729169962
-0.011416310587529807
-0.010668055690222757
-0.00983379314782417
-0.008870703370346681
-0.007993918288247737
-0.007235423273376162
-0.006460575796035784
-0.005732184664983105
-0.004951262840430104
-0.004107115774368414
-0.0033046935594141383
-0.002523799452176949
-0.0015581425227360677
-0.0004039413306869557
0.0008526736674340327
0.0022638358432684647
0.003682326987041907
0.00509872116560401
0.006629881304817046
0.008243529129883171
0.009512334296612334
0.01040627566440148
0.011102932875737142
0.011482010844194004
0.011817301905859738
0.012116851581921845
0.012134858756732066
0.011921941008844038
0.011743298585815068
0.011586462827534205
0.011352182106275666
0.01109990853848597
0.01060021203127106
0.009834947497721104
0.008962869438326082
0.007928295593102791
0.0070650538762456055
0.006419481600876025
0.005790960538831693
0.0052764243928486955
0.0047154721987792605
0.004092689008356402
0.00357405563706045
0.003127293807855967
0.0024481073573016476
0.0015326528716778974
0.0005067807814689842
-0.0007056584886325599
-0.0018835980387034862
-0.00301255985947416
-0.004265740449365985
-0.00559415146940127
-0.006631592736794881
-0.0073603874629977785
-0.007917456513013654
-0.008201752861329958
-0.008465335447586693
-0.008714144027611056
-0.008731079245026542
-0.008563296083724305
-0.008411498933454737
-0.008262566383350618
-0.008047080738151201
-0.007808927127241794
-0.007365096223517242
-0.0067016881479952765
-0.005942078535619898
-0.00504168058052142
-0.0043144948815837195
-0.0038014091788231715
-0.003319548897741889
-0.0029595102123232374
-0.0025649058444779283
-0.002121850070519281
-0.0017886949824960133
-0.001534084491728474
-0.001083097423684242
-0.0004333686217699352
0.00030271531277965705
0.0011935576872150679
0.0020368029407827645
0.0028191928721125947
0.0036979605827210673
0.004628066901108789
0.005359232570725563
0.0058835396766507295
0.0062862167022465845
0.006499186430229627
0.006703915348713217
0.006903817822023688
0.006946945460823498
0.006867417832161927
0.0067884057811796045
0.006699546743190455
0.006561475594974587
0.00640037823848234
0.006098133284683417
0.005645989142675804
0.00512154814351291
0.004495850383338416
0.0039996990660371694
0.003661717470769156
0.0033502697688276043
0.003131593769605485
0.0028878183243392086
0.0026089502187008795
0.002412469441569759
0.0022747252598209794
0.0019990779318178747
0.0015843193514324151
0.0011100212499811923
0.0005273933606230097
-1.7618854956790795e-05
-0.0005155366795403044
-0.001079256557989198
-0.001676265357579009
-0.002169222789105329
-0.0025567069121152875
-0.0028799210484148187
-0.003102243443684968
-0.0033296742481189914
-0.0035637394438664282
-0.0037186598937546207
-0.0038145499363401334
-0.003909602552418591
-0.00399726845396
-0.004061522829276992
-0.004114243039414729
-0.004095393549656932
-0.0040007688634230605
-0.0038684977771343953
-0.0036837986685247124
-0.0035845440831763016
-0.0035870056516715634
-0.003614455981469613
-0.00370630340937704
-0.0037904238350584298
-0.0038610776899165146
-0.0039891746547679316
-0.004160305099383552
-0.004260617214086085
-0.004289816615453194
-0.004293572225305246
-0.004243791834656739
-0.004225921181682872
-0.004245540753260411
-0.0042370411093033186
-0.004219547110996174
-0.004186011686144834
-0.004128454815973339
-0.004063806348981946
-0.003988159014325816
-0.00388976448312058
-0.0037695707638556344
-0.00362950004844604
-0.003466812964335729
-0.0033100610112082075
-0.0031612039187238175
-0.0030042204376696828
-0.002846468581960879
-0.0026717241104095863
-0.0024781059710288337
-0.002279703325141564
-0.002072677314928525
-0.0018357310411295617
-0.0015683517533992613
-0.0012777434823484505
-0.0009581999288826122
-0.0006249855865420922
-0.0002784160019277756
9.423378973205158e-05
0.0004900708273229282
0.0009003827197101652
0.0013261805698301416
0.0017699658391664035
0.0022299937187531694
0.0027152029527289854
0.0032262672569454954
0.003757559473580035
0.004311313794179672
0.004753014733968908
0.005068541895708199
0.005322651129067917
0.005476294030775232
0.005605491070783994
0.00571332627934428
0.0057262003305537145
0.005657841870408627
0.0056069880136812335
0.005571111744304083
0.0055099585055084915
0.0054462941218709725
0.005300097929341005
0.005064700258820907
0.004797335029394231
0.004478672074894434
0.00419698830722892
0.003966106352997342
0.00372951587089835
0.0035131769355780714
0.0032778942013198865
0.003019210506160542
0.0027796926069369706
0.002551370540019078
0.0022471183917946906
0.0018651675968159287
0.001442297680340019
0.0009564597914708649
0.0004693732168706598
-1.4940410268164584e-05
-0.0005456340500597645
-0.0011091608778160016
-0.0015746431607169915
-0.0019344972408393694
-0.0022406000207585808
-0.0024566008836493414
-0.0026696830654727604
-0.0028823033468940336
-0.003018133986955666
-0.003093522933192652
-0.003184866981777262
-0.0032880386521506773
-0.0033757113658183634
-0.0034649176146232946
-0.0034881020032069554
-0.0034401637425392727
-0.003367489730476221
-0.0032537637937187034
-0.0032054036431845077
-0.003236845169738713
-0.0032853055788572426
-0.0033816804862651616
-0.003474130918791655
-0.003557980499239155
-0.0036865667599775384
-0.0038495808846682926
-0.00395218550288739
-0.003993498027151082
-0.004012706993836204
-0.003986244350908803
-0.003983672865540725
-0.0040096721113926925
-0.004010194761112552
-0.00400079115960195
-0.003941673443589316
-0.0038226573242384357
-0.0036733553051335717
-0.003480552463539674
-0.0032539656197949707
-0.0029949028354210854
-0.0026860102353663128
-0.0023283675582209916
-0.001970066119286579
-0.0016118601628170091
-0.0012303106889864253
-0.0008369858617771073
-0.0003981405351873814
8.964648605347476e-05
0.0006005633205953785
0.0011428456553979022
0.001709185633596845
0.0022964391959003835
0.0029144271045278987
0.0035606943324141046
0.0042343516650414775
0.004936519800326253
0.0056656066438712455
0.006421724924499202
0.007221840637628275
0.008067369006230635
0.00895049450658589
0.009875987965297392
0.01083422239587225
0.011824798843917149
0.012856823509736324
0.013928522993399148
0.014726433409014661
0.01521981610581148
0.015554366633423926
0.01563946838626052
0.015657319939698187
0.015614481548933627
0.015337190039879876
0.014858282465470992
0.014399813740319397
0.013954888651910581
0.013433986271967072
0.012887808703264418
0.012133501985667245
0.011155712892809366
0.010083857625269949
0.00887349944808947
0.007741123272976042
0.006719293942498921
0.005671463496087616
0.004660880545890443
0.003588731393529596
0.002444081901395508
0.0013321433323206886
0.00023267807377893676
-0.0010638615780801143
-0.002561553298665516
-0.004172799108042
-0.005950666447928589
-0.007746133771244061
-0.009549723896627088
-0.011480056912254207
-0.013504542888730868
-0.015115010496981805
-0.016273430707134662
-0.01719505016265952
-0.01773617446850389
-0.018217429778540167
-0.018648542989530406
-0.018738936523051426
-0.018547649535769997
-0.018397368889787147
-0.018273853214765375
-0.018054610777829768
-0.017812216445271978
-0.017269943382536655
-0.016405656649781566
-0.01541158484193217
-0.01422054146872332
-0.013222090756507147
-0.0124709596289786
-0.011731316506230518
-0.011116373362413542
-0.010440301357728422
-0.009684852536935342
-0.009043075872584534
-0.008477473792149047
-0.00762969705887394
-0.006494830431976231
-0.0052213091654803355
-0.003719282373729099
-0.0022482184673883626
-0.0008250249274274446
0.000754094370785619
0.0024317647419924314
0.003790140657342701
0.004809925029873757
0.005646458530236465
0.0061847815495180095
0.006714232206876787
0.0072417492127610445
0.007519230017180644
0.0076010337427202404
0.007714192381450054
0.007843745476365996
0.007912017227970216
0.007968716360180412
0.007806361507698725
0.007409452297455317
0.00691793922784911
0.006281426471256372
0.0058600364715282035
0.005700670810766409
0.005594302489043466
0.005644946485712186
0.005673213577393827
0.005663438327830231
0.005797475153100171
0.006039531869984344
0.0060754665293757445
0.005902862939428475
0.005650349012199403
0.005239949353378046
0.004903435147181424
0.004656190275839624
0.004318590014834372
0.003942398769622034
0.0036300038485821665
0.003371747710732337
0.003156447854763666
0.003008570148963022
0.002826112102452232
0.0026089445664981867
0.0024292634470504523
0.002266916036252621
0.0021131900729282585
0.00197595704588557
0.0018464245554895842
0.0017248040896174124
0.0016377524318375426
0.001586027774060883
0.0015576482253390129
0.001559306126036848
0.001453095135467677
0.001225308346937906
0.0009464929711019
0.0005776856872204008
0.00019630173188494183
-0.00019273791299215877
-0.0006626970975596204
-0.0011983694964630169
-0.0016977672455143204
-0.0021620613071591114
-0.002630950528307051
-0.0030798579082774395
-0.003588609894017429
-0.004162604804061415
-0.00474230308937457
-0.0053459346631555904
-0.00580822131669165
-0.006106081300651924
-0.006330199755104351
-0.006431185880433436
-0.00648991998616779
-0.006510954771089238
-0.0064085936581128045
-0.006197046313260832
-0.006016654614877733
-0.005866119760360261
-0.005684865448855094
-0.005505968306883858
-0.005221486629569456
-0.00482210884810519
-0.004387251238031838
-0.0038909960057492226
-0.003420809436677994
-0.0029927794232497305
-0.002545884494609917
-0.0021063817408544516
-0.0016403289002834653
-0.0011428166848857584
-0.000654085108416109
-0.0001671552393250908
0.0004140514288809929
0.0010923337441488812
0.0018260089778984721
0.00263967661364521
0.0034673204485869396
0.0043046021616087145
0.005205095269316639
0.006154438376605751
0.006879853692830042
0.007359913439105844
0.007712451573643094
0.00786013693301232
0.007972668414935066
0.008055503354835505
0.007953696191415593
0.007698493900047732
0.007466457017991578
0.007250332691615636
0.006982487168315688
0.006702826428044729
0.006261279255097936
0.005645837469233345
0.004961291680997782
0.004171284852488727
0.003479199323674226
0.002914099984182346
0.002351942572769525
0.0018519598979505
0.0013181585135413228
0.0007409534628134918
0.00022076079143196694
-0.0002617741922239722
-0.0008954870787471625
-0.00168310418100155
-0.0025461228899761484
-0.003531920882114001
-0.004504125604289298
-0.005453808024279462
-0.00648821344904483
-0.007577183044730259
-0.008419233718011851
-0.0089958296108731
-0.009426888143458522
-0.009628156684482107
-0.009798574325019845
-0.00994337852592854
-0.009886898300317835
-0.009666012293376592
-0.009458605033702413
-0.009254943399320295
-0.008990244697625879
-0.008703924542239071
-0.008238691965921256
-0.007582202277589461
-0.006841998354266865
-0.005979765132669451
-0.005240472402080417
-0.004657106162846463
-0.004084275242966419
-0.0035928365220253226
-0.0030630337498858723
-0.002483653157216002
-0.0019772061505272244
-0.0015195470281313382
-0.0008910419362237486
-8.919000525112037e-05
0.0007957755354315485
0.001818762885265308
0.002819495619219457
0.0037875755783216836
0.004848317475590482
0.005966220237320767
