-0.000930509692864717
0.008838229624052047
0.013713453981146102
0.012828757862028549
0.011742942982429984
0.008256349756581228
0.0049110192104837155
0.002234766919536099
-0.002849904934773821
-0.009746280693653114
-0.013123064377218536
-0.012930854290949931
-0.011314627541228577
-0.006942861686818378
-0.00320104479703168
-0.0002781376437512047
0.004634432471613846
0.010828809225987538
0.012854379436995108
0.010526163269085323
0.00594375236974179
-0.002344981028463604
-0.0064761063711442
-0.00588745325630874
-0.00565003830637849
-0.0038243184844989125
-0.002006248982215412
-0.0006516726812310951
0.0025897739664305116
0.0073412131291746546
0.008049497244843292
0.004566948258923489
-0.0006957599735045256
-0.009151020621812991
-0.011283902856203397
-0.006250586725373995
0.00020218100230398774
0.010570345567220259
0.013778215084344741
0.008534772319526861
0.0022133543928108093
-0.008157925374340843
-0.012401778337363304
-0.00915503589804918
-0.0057689458213940805
0.0004976955811553625
0.003889383073288766
0.003376042911418441
0.003995748018310093
0.004189911036949577
0.0038850421592029356
0.0035516453358576195
0.0019619416130456095
-0.0008344285662203674
-0.0014943326072525479
3.16168381738374e-05
0.002152967568940506
0.0056749984787159745
0.004105261057148391
-0.0032094694369490277
-0.012530558605814101
-0.025631356355151427
-0.02713845872309765
-0.015461339551887056
0.0005954364912106713
0.025267017073354422
0.03514269593861257
0.02782962969346079
0.01815969576652183
-8.255389615322554e-05
-0.009501984856591204
-0.007799202444133835
-0.00855588553816028
-0.007261076396133899
-0.006794354260161205
-0.008586456778091984
-0.007625582161395275
-0.004812750520177283
-0.0023565781780659142
0.0003428935389572324
0.003727007099553178
0.007521882865589231
0.008780071405425393
0.007193483410415825
0.004001575242548196
-0.0016838395115465559
-0.004649796124408162
-0.004532491201164514
-0.004664674548420369
-0.0037592946922321738
-0.002312333977701619
-0.000559682702414089
0.0027979530188202255
0.00767974009109408
0.008348807121028978
0.00452245449779213
-0.0010717113183130735
-0.009928428102886322
-0.01189036585393115
-0.006011782153184972
0.0015857014614404084
0.013594129912250645
0.017338868359740658
0.011375607920504729
0.004015026775036177
-0.008145566480730015
-0.013861053756405464
-0.011647961898262903
-0.00974485991544712
-0.005153303247090859
-0.001127357683769528
0.001463524362484701
0.006679427639213047
0.013666782466549445
0.013755430417116684
0.006665935052652796
-0.00411486745917817
-0.0208607287442868
-0.02517266907503287
-0.015487625275823994
-0.0025603539867984325
0.018454261076667797
0.026709475753976177
0.019875492993133365
0.012002295525654934
-0.002422235232501592
-0.00952414464712983
-0.00718195174174425
-0.006627637118566738
-0.004166021888040657
-0.0032164750811870626
-0.005079101756958187
-0.005123243965594586
-0.004403713476563178
-0.004162661483046779
-0.003889353545815407
-0.0037986214090799083
-0.004018526637661442
-0.0009846889616835644
0.005559923792063338
0.013868580823750396
0.024902839483720587
0.024349278156601335
0.01080445721693379
-0.008142416557876167
-0.036484655734521226
-0.04116843722531686
-0.01900299879521553
0.010812620463959768
0.05721771868956232
0.07039503198251863
0.04507209652592553
0.012626247777630883
-0.04029412145100586
-0.06571733304199737
-0.057754256491149826
-0.050629366500200376
-0.031653498789328834
-0.015484050835343356
-0.005729803936105645
0.015222782254787553
0.04359734048268246
0.055407872999820744
0.050810419371006846
0.03850913177898226
0.012581503133543831
-0.0038122058079192544
-0.009215134250817344
-0.0199536556621548
-0.03064790205175504
-0.03323819292682087
-0.028342993195028
-0.015615648529864492
0.007136904189891849
0.017523112945283865
0.014557826942921969
0.011140388911890156
0.0018514622669299984
-0.0015716389148551129
0.002564383819214422
0.004221713063308086
0.006378675337865296
0.006354961661564292
0.002833242473353741
-0.0006309200071926725
-0.0050383173816004444
-0.0076861405546693636
-0.007929394782726097
-0.007919366224637134
-0.006796890397006774
-0.00445263463380308
-0.0009596077722857932
0.004429132863697029
0.011819047050091066
0.013395755123731003
0.00862139343091864
0.0013598832969956103
-0.010486739654356177
-0.014193353529654288
-0.008586683014319774
-0.0015644398988553282
0.010205496351184389
0.014215684860166382
0.008915937551525723
0.0030617101992205494
-0.006687912566085572
-0.010052603402082283
-0.005492969209830732
-0.0006835381023193863
0.00719607578503779
0.008059746207813735
0.00039415246667080805
-0.008660674967844041
-0.021934693924476306
-0.02502554510701881
-0.016129943840194755
-0.004486420497557209
0.013895636332032267
0.02426805744646215
0.02487813753009824
0.02620889282423837
0.02438296485497651
0.018283185076710905
0.008445505846628103
-0.007884302584864113
-0.031176053546020946
-0.03927632535755216
-0.030921339486426877
-0.01728784160114445
0.007392142978339815
0.019185326024848987
0.01583831009604167
0.013780745945098616
0.006964980236002203
0.0018455654949061104
0.000146431027503715
-0.006158760511516973
-0.015379129210210745
-0.01693857796007696
-0.010958105238152402
-0.0012579390955338742
0.01474655522302094
0.02106302740484248
0.016441424153791438
0.010744454709280092
-9.63702972879499e-05
-0.005631415684644828
-0.00439416917170464
-0.004756283641645675
-0.0039966334158125245
-0.004322230274053425
-0.006691057468591711
-0.007870461205694809
-0.008568483446315606
-0.00804792735541997
-0.005773278680336832
-0.002621507696605522
0.0017969264593579862
0.006245675087249336
0.010598084048912226
0.01585309310080344
0.021712121584680645
0.019050543115365238
0.007033467636417334
-0.010298077276529592
-0.035579648733105124
-0.039693157427985605
-0.020048525659291418
0.007150870965150299
0.049767645402417945
0.061674649113264694
0.03817853563703457
0.008012658928763405
-0.041130028879395666
-0.0612115682602876
-0.04645587949835432
-0.030190482252190783
0.0003682934514439405
0.016063399929942438
0.012094091781482267
0.01306362671808176
0.011169064620146225
0.011319880543853989
0.01625731164098041
0.01734751570653007
0.01628454411852399
0.012818573980237875
0.0055923356897074165
-0.004045931276937906
-0.016723753851712764
-0.023956518803259906
-0.02491272751721316
-0.024337893363498824
-0.019893182667381853
-0.013434701040700102
-0.005113570993584257
0.008093440512136948
0.025997841142784934
0.033491337855929414
0.02975308521688363
0.022026044652208174
0.0063374857476408255
-0.002706310391838481
-0.003872079709050189
-0.007652735478180832
-0.010507202910363505
-0.013089948499099516
-0.016337748099604373
-0.01715016992242105
-0.015763198233637695
-0.011373976302481206
-0.0032071451960449374
0.008353244651539492
0.023924410165386073
0.027795823907672434
0.018630247130010342
0.004565479179708637
-0.018705625330581843
-0.027244253604703346
-0.018819799543024415
-0.008639351436958478
0.009526334797546686
0.018434049193001702
0.015695105302817206
0.014752905293429309
0.01107461755242932
0.00716324688874369
0.004355367590631755
-0.0022458494621414066
-0.011887978310716746
-0.016915122567680865
-0.017423347041799698
-0.016570931892808956
-0.012553859402538387
-0.007949458543133845
-0.0028851869852212757
0.005439050738828921
0.01659821670792477
0.021206824067622646
0.018836620539087943
0.013759117862385258
0.003515352114000259
-0.0028801988864213188
-0.004722624669581474
-0.008509156899180276
-0.012088960771312737
-0.012862837361804673
-0.011128132495283178
-0.006427973479043673
0.001943706009089952
0.00514659672474715
0.002788027829076181
-0.0001864305525139259
-0.005940985662002775
-0.004358666920785962
0.005737895641397658
0.017773514987363168
0.03448352871872256
0.03592822547849258
0.019823505484694647
-0.002095285273083426
-0.03539486548804257
-0.04905156644400539
-0.03985750034291541
-0.027439142667970907
-0.003533737788820352
0.009084041679368122
0.007420202753535379
0.009384168807237398
0.009098240271001166
0.011777332106010879
0.019496063271372814
0.02507065036664742
0.03013851619816201
0.026995298918859333
0.013860543411026324
-0.004418786194844256
-0.030446802757863073
-0.04195190090906463
-0.03684802914835249
-0.028166189759355004
-0.009925299697564815
0.0022829535683273608
0.00670259777168887
0.01600068908024017
0.02637756866078398
0.026776657147994872
0.017368130374330486
0.0004380761227252227
-0.02695989666531131
-0.036063368417259635
-0.024942590564591204
-0.01004768127869412
0.015967819847909796
0.028615253254087838
0.02503453089446339
0.023098626458770255
0.016479132408608186
0.009889547336800116
0.005091751975473295
-0.005357639452209035
-0.02018778827760879
-0.027181561277868797
-0.026365205081849367
-0.022715935941756076
-0.013272794454099082
-0.005772460819423593
-0.000721038584798278
0.008169792554707742
0.019222895301205644
0.024013329324018996
0.022459449852373886
0.017375242526146337
0.006561462545327281
-0.0003579957424082261
-0.0028606025919157194
-0.007572188762049521
-0.012276142163353156
-0.014338756609069088
-0.014060802939707616
-0.010978677569867616
-0.004374861582985161
0.0004494786498565285
0.00347422536562587
0.008004110601840754
0.012912602174432878
0.012605541741717095
0.006791445807456797
-0.002739136757508256
-0.017590443846419054
-0.02026293243867573
-0.009381036083925282
0.00524381072387348
0.028225180190261004
0.03490724863624204
0.022692286662811825
0.007244063013560109
-0.018016236824993755
-0.023467417421170172
-0.005534760755585951
0.016149801526199596
0.04961739835339261
0.045216584956651505
-0.0029298595973685027
-0.06454657457791085
-0.15343873256087248
-0.16717479850197112
-0.09485587344971715
0.0030540970109136276
0.15466859348269582
0.21041593822789822
0.15446151925773005
0.08231590788032576
-0.04591770034380149
-0.10348469985741937
-0.0740077053150238
-0.05176883367263645
-0.0033828671775364694
0.018793978130261887
0.002698319369352641
0.0006881506826994272
-0.0018899089989009234
-0.0018271760435686548
0.006993145481344709
0.011461442175672
0.013943666743785266
0.012597121656473658
0.005182556273486459
-0.00543886489946319
-0.02065823287970073
-0.023980965948133287
-0.013802412847654957
0.0005650835663430684
0.023644798885720957
0.025802670349523056
0.0040277025114383
-0.023679569366764616
-0.06529485400067353
-0.07777666204236032
-0.05632859660610005
-0.02819704258006188
0.018265420584839775
0.05364510889908966
0.0741289450352942
0.10381539854798824
0.1352885559040557
0.1227123458420028
0.0637291459580475
-0.026021394744237435
-0.15948303618019896
-0.20044403069473588
-0.1379840009266948
-0.04877089585922369
0.1031760407609045
0.16717010562053908
0.12720083219517786
0.08599866830756474
0.004358534741942462
-0.05613770569861855
-0.08340769531872545
-0.13950222493931394
-0.20843253367266815
-0.20032212488712373
-0.11366502616288617
0.021305395402117795
0.2283030826162532
0.30190120210691473
0.2260614054925127
0.11987423585121602
-0.0701290882261486
-0.15819937523225325
-0.12301702356911472
-0.09863961881212688
-0.03701982354343367
0.004130241356180449
0.009619150808251776
0.04636403457902117
0.09859694606692064
0.10312273259177454
0.06253084618807575
-0.005062206661261444
-0.11478126327416947
-0.14667637470796405
-0.0918220474897871
-0.020499996579417392
0.09812453776266078
0.14026112988368294
0.09143393294819528
0.036458764822083906
-0.05752416694404734
-0.09792680663790027
-0.07081503565982128
-0.04772597895539369
-0.003594776747608044
0.02182713231045389
0.019301354132090144
0.02854493418209875
0.03837039449192272
0.03330648261263352
0.016105147187624194
-0.014907525372430053
-0.06319226037326553
-0.07559805676377991
-0.04897110576014523
-0.011820756465340683
0.04947937862787146
0.07591077820675682
0.06131164713713259
0.04538983560776759
0.012776481220315793
