-0.006147907913181357
-0.0072620587167023225
-0.008382069445041338
-0.009501770605053505
-0.010697896246795633
-0.011949172276436016
-0.012897605403538648
-0.013515471699654986
-0.013955463162974678
-0.014116004722469011
-0.014221128303573758
-0.014277552984749324
-0.014081014114270726
-0.013672539778307454
-0.013281799865213446
-0.01289879905950675
-0.012435543288862946
-0.011943638307994088
-0.011226626158855809
-0.010268554755403959
-0.009205864199355391
-0.00799072163063278
-0.006895835730038434
-0.00595956592446833
-0.005016087397645677
-0.00414456787651203
-0.0032150551911938985
-0.0022145367715031236
-0.0012779002779082004
-0.00037876794324587633
0.0007349758311600294
0.002067056621571117
0.003513202516485969
0.005136796635755358
0.006755809266715186
0.00835855185975793
0.010088427010652492
0.011905342434373915
0.013336547065514438
0.014350234498800213
0.015139608476900773
0.015571853278492599
0.015953088398490682
0.01629185002591732
0.016314812097057624
0.016078538279479082
0.015871281713239576
0.015678633199682233
0.01539357263570765
0.015080391048540667
0.014487639913622246
0.01359539739321888
0.012576773136805153
0.011370590377868778
0.010352679463854588
0.009574515650857268
0.008811267706501839
0.008171846215119778
0.007474273113741708
0.0067011821992423925
0.0060398552715220126
0.005453587211893564
0.004601891782818872
0.003480565882048132
0.0022299541187118716
0.0007648302110584349
-0.0006671275996833831
-0.0020498264204150264
-0.0035772818215470317
-0.0051946741633552415
-0.006475463529397455
-0.007398206856119537
-0.008124000690316291
-0.008534930672350392
-0.008922800510708144
-0.009294634674132786
-0.009398216507791853
-0.009288086833616413
-0.009201030665046194
-0.009122044037039546
-0.008968538130708623
-0.00879243752845995
-0.008379022855181125
-0.007711931235824867
-0.006936324680016594
-0.005999921839235142
-0.0052662417397528645
-0.0047828835849299985
-0.004337653593512012
-0.00403550546667251
-0.0036959107110344394
-0.0033027650704888344
-0.003039211464846989
-0.0028690634128913286
-0.0024730514513267832
-0.0018483482674105294
-0.00112562773735549
-0.00022543297247390478
0.0006174426242446511
0.0013875935711500033
0.0022675358545215536
0.003205010056875629
0.003927813374751182
0.004428652352292407
0.004797919028124951
0.004961936978350244
0.005120871556692065
0.005278346735466945
0.005268132043189657
0.0051279883875579085
0.00498772363109362
0.004835735299177402
0.004631741676931541
0.0044031579066679555
0.00402372748276782
0.0034842481752642876
0.002867165801287823
0.0021415347195143813
0.0015625134703599179
0.0011614387411610853
0.0007936227979787184
0.0005322536063939447
0.0002463849705217197
-7.489757006273107e-05
-0.0003014040809448703
-0.0004593533799593636
-0.000764553127735146
-0.0012181233214222792
-0.0017328487256514772
-0.0023621818449171337
-0.002945494217379132
-0.0034723049551701247
-0.004066599322660537
-0.004692526429685828
-0.005163555658465293
-0.005474365126491219
-0.00568671391411913
-0.005749908830487962
-0.005800669518368846
-0.005841249890875056
-0.0057576264255485
-0.005575398150284347
-0.005383937619403496
-0.005175137288834927
-0.004920822714164844
-0.0046397374594511565
-0.004244789710657828
-0.0037294225377401914
-0.0031502422852314367
-0.0024857483417994814
-0.001912001260389153
-0.0014504504953423282
-0.0010010138478668963
-0.0006140604464341491
-0.00019890738811139012
0.00025216222133271713
0.0006493790101556826
0.0010110450027418522
0.0014864182962195317
0.002076454030050043
0.0027210937379324764
0.0034574441928485007
0.004174721216388732
0.004865868241212056
0.005616718921359928
0.0064026895193010445
0.006991015083138295
0.007367487800274841
0.007623606152666187
0.007694208805229709
0.007733477432386006
0.007745151830737147
0.007593066064224264
0.0073056241326800095
0.007019358316380493
0.006726467250448573
0.006377100826725629
0.006001314560531068
0.0054776663924538446
0.0047964442067335656
0.004040220786217321
0.0031792457967630655
0.0024065818465596354
0.001747867908458338
0.0010887253429498975
0.00048483473660698533
-0.00015891158102986894
-0.0008514774517135284
-0.0014961939609476602
-0.0021123619896949025
-0.0028726197350410383
-0.003779018979249
-0.004760976491107517
-0.005861750735633124
-0.006955451182967328
-0.008034070630551303
-0.0091962444588197
-0.010414206542541866
-0.011351590114606675
-0.011985258621987708
-0.012453125584123854
-0.012660483788175619
-0.012824223376299801
-0.012950307455557548
-0.012844422029553455
-0.012546499235242268
-0.012262936748812514
-0.011983477482282952
-0.011631011130116938
-0.011251530683308619
-0.010665228174332528
-0.009857707598681514
-0.008952706694736998
-0.007906388668659248
-0.006986089180224517
-0.006228399267969622
-0.00547306886997107
-0.004797506382731091
-0.004072228551377577
-0.003284751352760647
-0.002568189661624717
-0.0018963353948318615
-0.0010264341414466063
4.4652708001217324e-05
0.0012169853501356968
0.002551422225966185
0.0038716424195084018
0.005166294264238019
0.0065737321307484
0.008055022774309637
0.0092380929560491
0.01010075850880266
0.0107898418426142
0.011201558166375528
0.011583001638250205
0.011940611918491086
0.012057036711855531
0.011978170351239537
0.011921772826082118
0.011875711279647918
0.011761216787789481
0.011626505870260817
0.011278404915298735
0.010701858405978463
0.010028802949156007
0.009212219603535172
0.008557907588249498
0.008106873544843634
0.007678289302684299
0.007360615192180678
0.007003970806885602
0.0065945020106299235
0.0062853939559922994
0.006046505189407433
0.005604802999345253
0.004957360267972694
0.00421634622966379
0.0033136007300748637
0.0024487506962399225
0.0016348252724739571
0.0007160084248640445
-0.0002634002921417377
-0.0010638209514042703
-0.001678471479418685
-0.002188266584711929
-0.0025283705379792196
-0.0028740177468720776
-0.003228671045235286
-0.0034465972512140422
-0.0035609828590681195
-0.0036880083592769975
-0.0038178065559982544
-0.003914097483310003
-0.004001661766436459
-0.0039686742782231174
-0.003807118935710275
-0.003590578707259027
-0.003291802395461327
-0.0031328595051728675
-0.003141354330448271
-0.0031912544574705906
-0.003346420044459274
-0.003493526504238967
-0.003623218757688261
-0.0038487371975958603
-0.004147525661251146
-0.004331384107899131
-0.004399436561368545
-0.004428081978982032
-0.004370812613718168
-0.004367835332278404
-0.0044284645339978225
-0.004444704986351064
-0.004447974564363308
-0.004422100691032946
-0.004353447723185273
-0.00427197317369433
-0.004169888766685302
-0.004030524943108291
-0.0038555068646028553
-0.003645404329409242
-0.0033961648735231715
-0.0031583489792676163
-0.002935084378510084
-0.002698502340174485
-0.0024615258485528963
-0.00219453925469558
-0.0018941847154029304
-0.0015857102294218521
-0.001262079818335767
-0.000892585006050175
-0.00047698561993346684
-2.4530289094682367e-05
0.00047291060297194516
0.00099231680453172
0.001533370025237667
0.002114845197876812
0.002732404685321928
0.003375723001959219
0.004046519580370178
0.004747251631969481
0.005476054468793622
0.006244730654897005
0.007054200473094694
0.007897487679951434
0.008777626690199283
0.009458289292130759
0.009914964352877186
0.010260764166170978
0.010427145919748405
0.010548337675525595
0.010629690616426145
0.010541619141259784
0.0103083663657755
0.010102333790466912
0.009918960490325807
0.009688112049311422
0.00944948257879303
0.009062990722441103
0.008516957539567915
0.007911414724786696
0.007212497935683823
0.006576556276502758
0.006027914251159591
0.0054667463784698455
0.004938985511734605
0.004374894733287867
0.0037665873185540877
0.00318955776921056
0.002629614078764396
0.001932970760771669
0.0010965354694417555
0.0001851328065859728
-0.0008401542720278476
-0.0018703009863819146
-0.0028982246125596393
-0.004010730602673759
-0.005183897527991573
-0.006140645755153063
-0.006862855447057588
-0.007463624512140833
-0.00786537348442791
-0.00824837024706903
-0.008617840990353738
-0.00881357026858461
-0.008869086457254455
-0.008952282001869746
-0.009054822910936051
-0.009114944925188082
-0.009170213075740319
-0.009074175444991766
-0.008815459314468562
-0.008495116692760383
-0.008077676528287161
-0.007782649582492128
-0.007640245847839677
-0.007519486596205053
-0.007484112526004747
-0.007428108392248514
-0.007341534602052802
-0.007333871380584931
-0.007383888654259967
-0.007293244666196981
-0.007059693350667174
-0.006765248683197767
-0.006360413332758502
-0.0059898223013816485
-0.005663054034965842
-0.005267167391029701
-0.0048343273625705415
-0.004444522628292232
-0.004093065325920414
-0.003765173794401985
-0.003480588142754192
-0.003165993506455604
-0.002820736534435793
-0.0024986397874429468
-0.0021851966400722573
-0.0018636091307335238
-0.0015389544595582382
-0.0012099791936819111
-0.0008740669207255077
-0.0005568796225498214
-0.0002594481674895851
3.2432215749863535e-05
0.00031255183460673225
0.0006770840157863718
0.0011363267929554019
0.0016400504582367412
0.002215671716180872
0.002810685897030545
0.0034216977191690195
0.004099378701235387
0.004833529346315107
0.005550890239875069
0.006252172679945602
0.006966469346165835
0.007676144776103387
0.008438127320588249
0.009256418679612135
0.010088521194276334
0.010947513391564202
0.011568510339304575
0.011919959632646207
0.012135361199489747
0.012136700034069449
0.012065884969788056
0.011929055110755787
0.011583781975403669
0.011055156663105963
0.010548958050885569
0.010060975222482109
0.00950478400632178
0.008928010626413201
0.008166774403640678
0.007206913631800728
0.006166405829281596
0.005005501405503105
0.003887910684101183
0.0028402831404372407
0.0017546983569772454
0.0006793778042651473
-0.00045624700052122435
-0.0016610086889252938
-0.0028571168459556465
-0.0040591948114678785
-0.005434650893156807
-0.006987624625261612
-0.00864727026041656
-0.010456326573608309
-0.012297789657087667
-0.014164292964357441
-0.01615007899958401
-0.018229765743518863
-0.01983180059044399
-0.02090899492796339
-0.021711409640092303
-0.022076247995241258
-0.022354607746230784
-0.022557809833819904
-0.022362431341247387
-0.021832715489992677
-0.021345570515352283
-0.02088615665890217
-0.020308258691522058
-0.019697129552931653
-0.018734208176017234
-0.017393596732478072
-0.015898089300649183
-0.014170338282396505
-0.012633344535495496
-0.011347889172134695
-0.010054515544418769
-0.008876376202008814
-0.0076145022085326725
-0.006248608616478334
-0.004987034004447204
-0.003789461194548508
-0.0022603778462460373
-0.0003936339838037246
0.0016464137262792783
0.003959244267528504
0.0062601225798935515
0.00853061876352765
0.010995311291689193
0.013591446000932523
0.015688448318383695
0.017247820857086392
0.018520834222287747
0.019331484413030273
0.020096302138460677
0.02082655031834883
0.021154958370231722
0.0211589849331029
0.021211091354520522
0.021291205076958693
0.021264089593954687
0.021212502975077763
0.020807655951407638
0.020024016391196865
0.019086878183841437
0.017916373426263375
0.017024887266567736
0.016481682469375064
0.015983069855280117
0.015677463823721215
0.015314853783047413
0.014872081175887451
0.014605518058964602
0.014464985343135398
0.013991573810951202
0.013180335892076274
0.012220223155333452
0.010996722579412492
0.009845200710241324
0.008787684585742441
0.007562467490949031
0.006244055976004921
0.0051378494127081965
0.004245319450484511
0.0034760414725242255
0.0029107110047334036
0.0023106407688686338
0.001671967949510503
0.001185838521419266
0.0008064283564766228
0.0004084123750328515
6.239428704575297e-06
-0.0003676436452224376
-0.0007389474948839539
-0.000977169090811481
-0.0010737655669904773
-0.0011117923709513093
-0.0010594721118946054
-0.001222887036451497
-0.0016383425862147962
-0.002136609705277498
-0.002805441957454816
-0.0034850434610889337
-0.004163176400053527
-0.00499760469335857
-0.005956763890652839
-0.006789766101474108
-0.007496511798225858
-0.008178142177796506
-0.008773125999631388
-0.009470770593326927
-0.010283857688288123
-0.01106793252620615
-0.011865730839566215
