0.011633696778473092
0.02882173707791825
0.04766569900428972
0.06807619795307374
0.0927558607689073
0.12119991203722748
0.13230212132947936
0.12435671436163286
0.10701601372413422
0.07435220137322023
0.03931947663703278
0.0025016876505456116
-0.04787804176685218
-0.10933491247865142
-0.14563129429012175
-0.15489936065356513
-0.15278802265474314
-0.12955527479360934
-0.10949909211867082
-0.0938715980676732
-0.06205677324007548
-0.019019876955897033
0.009800443264682487
0.024683948009050653
0.03452018279777408
0.03301378610639919
0.040511399655733145
0.05802536073276968
0.07016842851679131
0.08135657698034524
0.08419656751941279
0.07617280245273543
0.06380447366467493
0.04445547408173046
0.018429802550215393
-0.01403025819813088
-0.05562708134439041
-0.10653656227511853
-0.13322544795920538
-0.1330899366743399
-0.12233821200955257
-0.09174769102510516
-0.06161713512600947
-0.033206419245524275
0.011698026515037162
0.06897806172304285
0.1036388532983965
0.11478485999603287
0.11639927700356904
0.09939693391663336
0.08894917302752844
0.08634972920800801
0.07127106462065595
0.04900726441096764
0.0320918989150664
0.019187310116750993
0.00785899059735691
0.0008555882405020098
-0.014472134822873834
-0.0386035238262471
-0.06308423601716809
-0.09074209103020942
-0.10519458439643191
-0.10401685566317377
-0.09699277757406075
-0.07927737116994485
-0.05823348641225292
-0.03449087713221516
-4.758412065228833e-06
0.04384961860773555
0.06858592952450521
0.07271717107036602
0.06900174774977924
0.049844431565639745
0.03398764031358223
0.022542083938785585
-0.0003986317709609639
-0.030926021397283985
-0.045774492767260734
-0.04473454161835282
-0.03625007441564682
-0.014359480820031049
0.0032883203721897226
0.015915936103600026
0.03742315862079062
0.0641168989490805
0.07669882316091395
0.07494263879580088
0.06546408400981445
0.04322745577105698
0.02305302037442554
0.005441085047279904
-0.02139018031188784
-0.054439224105386465
-0.07345634495111888
-0.07792989023139564
-0.07546312639459365
-0.06072397608011597
-0.048666354835507256
-0.039899402147099694
-0.022326240953910188
0.0009980479378846622
0.015948102352965246
0.022695566087775256
0.025944046422824402
0.022169562967772533
0.022863972316561045
0.028528671015479692
0.030466996009129117
0.031133817820803097
0.030002941328347507
0.02600190084882001
0.021048191346620657
0.014692723545654977
0.004952122101210806
-0.008144919912308748
-0.024114575243041666
-0.04346814012898566
-0.052784507471916244
-0.05083668454063353
-0.044407372847573956
-0.029750670777717158
-0.014564979775396045
0.0006460005605573913
0.023028328988583584
0.051041381176685635
0.06504274612033903
0.06411491413604037
0.056591454636399786
0.03722167848992443
0.019294719157938154
0.003481128484278901
-0.02141835795813721
-0.05268486073515132
-0.06844321855231715
-0.06800430694384973
-0.059939814232809155
-0.03847280485539339
-0.019260781200078642
-0.0029952933090419236
0.02315378701454876
0.05598279389430501
0.07261167887286073
0.07242826860181678
0.06414626713551959
0.04174283689590053
0.021913828220687756
0.00536083242950363
-0.02147764769532461
-0.0551873107528295
-0.0724581357462663
-0.07271841853418232
-0.06474348904072588
-0.042409536068349844
-0.022869149495853894
-0.00683250709074991
0.019574278396139316
0.052840585019374095
0.0692418367840243
0.06819602797976412
0.058604689273935195
0.03423031313992174
0.012546796770036214
-0.005732499046613052
-0.03474547664356942
-0.07092190184994321
-0.08958761135880416
-0.09010283018077284
-0.08178143490503749
-0.05812608867756052
-0.037238364901801324
-0.019861145500112455
0.008685990410844611
0.044707555241158194
0.06690331082629676
0.07506027535898546
0.07684319613885306
0.06676982190286422
0.06116878484440745
0.06073607568824271
0.0526254959264651
0.040243555390401205
0.030399007880187123
0.022161165868389274
0.014557915910254599
0.009026553421229827
-0.00183905684391125
-0.018297220831781067
-0.035557981662709064
-0.05528867127294694
-0.06645501258751556
-0.06753933689876933
-0.06497581621389377
-0.055540137696949744
-0.04442985142326154
-0.03207750421753237
-0.012997371573259035
0.011817686756986495
0.02750351736191935
0.033484010280585126
0.03626407821506493
0.031966140677981834
0.030732458610774626
0.03319513640477521
0.030998342346865288
0.026311431261553893
0.020746088794570853
0.013388761499505832
0.004904446214792046
-0.0046071897896184395
-0.018259031746770727
-0.03616998539477142
-0.05684878989419339
-0.08107907591922335
-0.09177995379393278
-0.0872270124852485
-0.07611017461904865
-0.053581254357385505
-0.029219553462263965
-0.003606249625846376
0.03236577740470281
0.07683623976035557
0.10233771127988005
0.10751190265033775
0.10424620647879619
0.08519287914290986
0.06877045695404368
0.05595885770021762
0.031186995717910795
-0.0017562655536625988
-0.021893021338779465
-0.02922935025581733
-0.03125363771468809
-0.02267661175342527
-0.019834323703949806
-0.023494156181028795
-0.021042638269189305
-0.01596191182745083
-0.013973520989727574
-0.01414662447884384
-0.01614951908224972
-0.021183591699068808
-0.022649706183396227
-0.02041785457526391
-0.018721719316655505
-0.016125584322855668
-0.012668921566944416
-0.008719522059165326
-0.0031921477805980335
0.003870104986649467
0.011422186560671697
0.019619695545785208
0.028985598015788983
0.03936710174425682
0.04248542931410182
0.03755526408199235
0.02837441578538964
0.012554731958551557
-0.004912991331151605
-0.023847030982302685
-0.04891643940189
-0.079206928324638
-0.09365983501622996
-0.0908885204908806
-0.08031500927299737
-0.05616430808781822
-0.031964812937164515
-0.008396663303680635
0.02638385639751893
0.0696756814675991
0.09539615408193781
0.10261370548397714
0.10197561627655517
0.08659994680486446
0.0748362442977169
0.06759447455401514
0.049772501202836016
0.025169620751953562
0.009228063902956132
0.0015063400911679275
-0.0028318884036195625
-2.6280181793291954e-05
-0.003080363409257255
-0.012566003871526003
-0.018879556460776898
-0.02483623277701425
-0.03214035652130533
-0.03990318661137758
-0.04929633425600522
-0.06054148086421896
-0.07020373849847397
-0.07834401187075463
-0.08681894559946887
-0.09490028542580753
-0.09398928369361606
-0.08330953868007908
-0.06632186562197889
-0.04049221088649592
-0.011235777847876594
0.021399433977155536
0.06249284199004282
0.11113622966952891
0.1382727113961085
0.14181719742984042
0.13501962018938363
0.1098555438216351
0.08469808101183632
0.060485614457554425
0.02095226000293919
-0.03025220431575479
-0.06126312134672024
-0.07124227028155303
-0.07303040996156322
-0.05835776508245333
-0.050188084697883495
-0.0497348339156371
-0.03848228027983557
-0.02128297885489213
-0.009391413013815669
-0.0015913928195384626
0.004217764754406279
0.005563169001950808
0.013836533959410879
0.029445735594019515
0.04476903342492662
0.06233884014547473
0.07041257519989846
0.06710494545085702
0.05979785612428966
0.04499582554636332
0.02758117698333728
0.008048505509437058
-0.019185376606942244
-0.053203222615138476
-0.07314653105759586
-0.077889816566758
-0.07682805793387737
-0.06438847882067097
-0.05418254526042657
-0.047018698640715846
-0.031289953733919205
-0.0098275397541896
0.004256841670485961
0.011220143960776592
0.015441385818555598
0.013706698996447796
0.01669473587690593
0.02491285660307097
0.030368429632457384
0.03537816367972985
0.03761514538593953
0.03594068115228909
0.03305636285907924
0.028044156641472195
0.02019548285711066
0.009619873936212848
-0.004231632131308633
-0.0215942239292546
-0.03190136413460877
-0.034348633755140405
-0.03419960362638143
-0.02858169141958353
-0.023825315851932156
-0.0203844154275988
-0.012613706102769077
-0.0018360403252616307
0.0046395136173915585
0.006870106183394834
0.007471560144398371
0.004632954965602943
0.004068662414167219
0.006071026654782681
0.0062823897140826075
0.005941869057380201
0.004141999370685657
0.00028618227950091336
-0.004345864409428239
-0.010160435318631237
-0.01775211458095636
-0.02708200828615864
-0.03826724462556412
-0.05148330772921512
-0.05274327647667369
-0.040738633591754676
-0.022216140233375068
0.006794592182478589
0.03817928739745497
0.07153331138928372
0.1144733293958423
0.1654572332974551
0.18725464166073838
0.1772735155638612
0.15215096205959086
0.10159831334994934
0.04923615238789772
-0.0038207941078875463
-0.07849178412602495
-0.1701364475120949
-0.22028685302418702
-0.22609975308617664
-0.21234129760372317
-0.16331162739235736
-0.11863420102196823
-0.08025531889666081
-0.01470084672963624
0.06996320448693816
0.11920106618197351
0.1321068244561014
0.12931037277576476
0.09673734382722554
0.07504806021487648
0.06615054367625174
0.03772058568142598
-0.0017134135305850373
-0.02556075634497737
-0.03520717661018353
-0.037539513099255364
-0.026199709608212034
-0.025154775276532024
-0.03524258446111083
-0.03923772967807735
-0.042280959194620396
-0.04221110894381049
-0.03694042529029027
-0.031078279976117337
-0.023538167311444494
-0.011068243844231329
0.006087900388403718
0.02739206915836146
0.053612824770321345
0.06731276179115037
0.06697306267626403
0.06149918204639215
0.04608159608341039
0.030680321793968
0.016007739470928553
-0.007108459302710689
-0.03663120868401993
-0.05278478272802278
-0.054914053241293004
-0.051094385310850934
-0.036137894680096115
-0.023920090045969546
-0.015147281886576706
0.0015694841883274907
0.023342954145316386
0.03584361267178985
0.039114598062953365
0.038028733228224705
0.028956571495228928
0.02321627305242941
0.02127279827718657
0.014390169530632607
0.004944815682697021
-0.0007208162781017536
-0.003029643422463682
-0.003376347008126693
-0.0002558215894428494
0.00033983404096081906
-0.0017587351651354155
-0.0023096291001504362
-0.002585770952482575
-0.00496305646230792
-0.009228968829807097
-0.015160391948432045
-0.023338707535662993
-0.031278981701785606
-0.03898460528247881
-0.04820885812899413
-0.0584632764509138
-0.06210560557170084
-0.05856299362618947
-0.05109732400003065
-0.0375497097687774
-0.022823319200368775
-0.007080933314789654
0.014079692466202855
0.039741664236519904
0.05734869625936347
0.06631379468762616
0.07204806868266843
0.07120653818002451
0.07234735654873609
0.07593576313900537
0.07480797200103627
0.07074065289863739
0.0630801007232184
0.0507825944377228
0.03526044818329633
0.01596197381745047
-0.008707280281402123
-0.03887760396368255
-0.0744294876434507
-0.11589793540690525
-0.1368625736796003
-0.13488148739545175
-0.12292114362045545
-0.09353097040123784
-0.06211995032861736
-0.029552664520665087
0.01850352452250379
0.07904767686253066
0.11201636908694694
0.11555818698474478
0.10682812813460718
0.07515079298055215
0.047698965941117694
0.025911900269152775
-0.013019786563753317
-0.0634857503998011
-0.08816885942803616
-0.08636543781842923
-0.07205455269835209
-0.035539442854537966
-0.0044868718578120114
0.019893711471339347
0.05975823372404245
0.10937645968378283
0.13455740619396112
0.13467792151161176
0.12207040874771066
0.08778664437818935
0.05750783696554851
0.032207402097979086
-0.00870524796190706
-0.05999635573391785
-0.09350839172052128
-0.1090938056116038
-0.11665533659676196
-0.10898256571301303
-0.10801438584058148
-0.11466992264069921
-0.11183683001231579
-0.1041052612147663
-0.09249986861855691
-0.07498227482346165
-0.05407609887050095
-0.02937735049912562
0.004356390958034595
0.04728044087110558
0.09743166064515502
0.1561868798543037
0.18632319944015285
0.18425048434706595
0.16868994169462562
0.12913454804821897
0.08679437355204107
0.04295066007199212
-0.022332021763378083
-0.10490382653577288
