0.01065946257572142
-0.01732905582583687
0.0167128530166265
-0.010643461581612931
0.003061515500227204
0.006093289537429634
-0.011636534688475876
0.013439186548938924
-0.013420819380973156
0.014378029949805126
-0.010214744103226732
-0.00363914427461382
0.007346704847055785
0.009127423168779753
-0.003971477114625971
-0.03580156734299365
0.03378026324386925
0.01644047620437206
-0.027387580474551313
0.0001825845222494047
0.01201253091959987
-0.012573423158888507
0.010717595795518144
-0.002914145288029303
0.003116486289069997
-0.022704131192756927
0.0254675905987463
0.01667945527175084
0.0031042462252883546
-0.10940640630062069
0.11087457281599936
-0.02082575836634143
-0.021733197443046554
0.06757119657839752
-0.0237400970493045
-0.15041595808630653
0.15759519013858245
0.0035159253078541827
-0.07594280465384846
0.0626236157810326
-0.05311829455731369
0.0679902323447518
-0.046914684904424866
-0.03343560073636764
0.027985027761109404
0.049117452720116
-0.08372169947744691
0.11616466920074307
-0.0622902142509778
-0.11657964449571032
0.18692211008869103
-0.029161879388553413
0.07956526262898526
-0.521548200406721
0.40711306055556723
0.3279241206062063
-0.5468337391678983
0.28264420851111244
-0.1119427033422091
0.045241869303549315
0.029107964542722544
-0.13224262499981165
0.13997610429810475
-0.06978755020158968
0.008666294518455677
0.05363646046711692
-0.06253964650953396
0.03874770629129627
-0.003586100909591924
-0.08486531960915196
0.08601832369436233
0.06425143115920237
-0.04485901391737895
-0.20557398747720645
0.22041223779489397
0.025977846075382074
-0.09133118868213372
-0.021527806977299745
0.06293474511904923
-0.04471373051815067
0.027013865823518765
0.006593890478551263
-0.005731575333374584
-0.048296700737601325
0.04186161166982838
0.03324603006477091
-0.05212315817089953
0.014570255767215844
0.006118044470579941
0.0031677026986552323
0.007752086380763844
-0.06351657048234051
0.051534535627952585
0.04381757179424013
-0.0620040269933094
0.0014835278418605727
0.019365439470367094
-0.005026491692505539
-0.0037206225273665842
0.012947620900004692
-0.009516836191472587
-0.00789322132131533
0.008366578710385304
-0.0028058827119567865
-0.012514584621717575
0.05212699121959352
-0.046313903404619924
-0.004971646394640698
0.021941712099448448
-0.01903604823897853
-0.0012330586926182397
0.053672025653918605
-0.05927477195543848
0.008346924810587991
-0.002049048918168838
0.04186581441411394
-0.051559709675321995
0.04088799872835401
-0.02579998331513863
-0.009150243204432772
0.005201272329600685
0.046961629992105035
-0.05121653140605077
0.01143358357430895
0.011593335971927554
-0.01928952346177032
0.01490467981332335
-0.01283557509079877
-0.010572032660815127
0.06574353411484357
-0.07086605092681558
0.030076401752418554
-0.002651349227602462
-0.01475562991005554
0.02313401825763704
-0.01766233018442895
0.017168796184606115
-0.03706153602486287
0.024463433998066803
0.03590334230061198
-0.04053581598588465
-0.021595068181494488
0.03922565945565369
0.009081636871825467
-0.005075336115603895
-0.08408737528219833
0.07441847487550277
0.04905541227394042
-0.06850096316460981
0.0020214097998174155
0.05068489647655887
-0.10958418047372963
0.1069798789165877
-0.03800886222183179
0.006964751123688707
-0.023174052185901094
0.013587003640964256
0.03070472539630955
-0.030152380084971186
-0.0064220402389797045
0.035405481975411324
-0.060684992480529755
0.056081224188100735
-0.038979281065513405
-0.0009209496192009075
0.0732273800732163
-0.09142653478552906
0.06339621592260881
-0.040520870977760685
0.013984581665903285
-0.010418718481159597
0.03287466647181957
-0.03309777025745625
0.01650892327377053
-0.0017658172152714808
-0.01789851553387177
0.016146994634920087
0.006283477602458012
-0.016649981825515345
0.017876319791797414
-0.01278453403471361
0.0051482495618335785
0.0024212531161186246
-0.01540172418039006
0.009336889524616606
0.010626320203532613
-0.023964767104182442
0.04593854136046095
-0.03736743458839615
-0.017803152756013157
0.01974353660103803
0.04075722879571699
-0.05164825971006658
0.010171538203525687
0.00472086002448132
0.010293938012096805
-0.010596274277793659
-0.009324645281403997
0.01113395957059837
0.011617755225012686
-0.013258451825614016
-0.013020877304193783
0.014213864194634305
0.013008852483352701
-0.01790318390993667
0.002247123076442333
0.00667948686696648
-0.011484054407264018
0.01075742602614843
-0.0031619978013487024
0.000898197207423961
-0.005927802501109744
0.005150390701410396
0.0021845987431204235
-0.001963801977249346
-0.0009469709650292125
0.007794299060538534
-0.023402149418910674
0.019102586722517457
-0.001476372872601061
-0.012746915688744628
0.03824138391189919
-0.029176150830765395
-0.02230822580958674
0.030378086035855643
0.00012950055414852508
-0.01891561540834466
0.030002010289122676
-0.025116245078707855
0.012277918014912282
0.00562804126912522
-0.039699370371683605
0.04164770042907494
-0.0006948514490383063
-0.00700341025785789
-0.03671939832461183
0.03211190726176318
0.042004222738056124
-0.043770092278845985
-0.04176914374635318
0.058023890335271916
0.002594507957496151
-0.013676246984461985
-0.022891570996546564
0.036010906193102155
-0.03515590804339523
0.02138409898088459
0.011156231543716864
-0.01694449263262843
-0.0023557847425765503
0.012323306329519331
-0.014584833609547149
0.012066978093702444
-0.0075980968502759845
0.0010902971229492541
0.01317183689718137
-0.014668987351982328
-0.003916098992164396
0.0009214381027428044
0.030278500291932492
-0.03585023165838914
0.009894322194288367
-0.00811491379322165
0.028190394356273473
-0.030781325379638978
0.03186425272819956
-0.008082440810347268
-0.058547392506209064
0.06897181006238319
-0.005161766993130937
0.0018349050856769997
-0.07293775635899011
0.07523882226477785
-0.016569801496827404
-0.012994935977543644
0.03658971129914912
-0.015138421183688421
-0.06841170474449212
0.08508756194254857
-0.020217042130043522
0.009113228700976049
-0.06718853901434187
0.06022749754623141
0.005492825320039162
-0.03455269437509875
0.05174131822038851
-0.020966634905929513
-0.06779649628706841
0.09156273436674077
-0.05695070530154365
0.031512210728525704
-0.014055929942756196
0.006718722013586481
-0.003956600063582431
0.012665495518864003
-0.028817490811747205
0.03628624619776712
-0.04747812610630207
0.02862052905028474
0.019473547347319625
-0.03948423725732311
0.04603691602426016
-0.029119890841419426
-0.020911937838388947
0.02710262913474351
0.000820708943212024
-0.015942664420190347
0.043311454966692704
-0.017129509252315753
-0.07808464587550608
0.09877336185166075
-0.03735547369721774
0.013795810462812242
-0.04773529621857301
0.032045795568039305
0.056240586922527924
-0.0634125808959171
-0.023897809382820708
0.04170640404566908
0.01819683641900565
-0.033487646709479825
-0.008634614011720939
0.010138410866414163
0.04160143161292291
-0.03990368911815793
-0.018330017082489294
0.0438009036883247
-0.029904492346220116
0.032119827420427655
-0.06092195172393952
0.05058347590889322
-0.004641924519342885
-0.021339289566684825
0.03552809393018279
-0.028509111212803483
0.003901720102967741
0.011073877725298583
-0.02878417743383431
0.023599591223167283
0.019163529037221506
-0.017460296008619564
-0.03623640097145529
0.04331479628037404
-0.009475047414696574
-0.012380943344007075
0.03149360080623758
-0.028605736626560282
0.0011340995126171774
0.005059594151902925
0.006131186504622889
-0.016353822635178848
0.027106973654541382
-0.027017028397746848
0.023341233734943352
-0.012970371124165304
-0.017069820203688812
0.015586147629029828
0.030577635051876578
-0.030596842678295818
-0.020949929735765795
0.03246917849014955
-0.006495042129322471
-0.0088094847084525
0.01599009022334992
-0.01887193803958327
0.015228970495786164
-0.01731514145107602
0.024726829467269614
-0.02457274371811839
0.024719508729756937
-0.014506159046250874
-0.018466980402737913
0.019354978637091447
0.025733466293759846
-0.02587877124885875
-0.028555209030602748
0.03509925097211152
0.005787047827864534
-0.022465437228243384
0.019067750238998604
-0.011994208163784824
0.0002358991148590974
0.005620212675885161
-0.004552096541067189
0.005668597893219066
-0.011673317645258084
0.010371286061309635
-6.66326468735743e-05
-0.0016445196997748699
-0.004937890771180103
0.007996728956487247
-0.007129555281109465
0.005826891990258844
-0.007698041960390546
0.00352352391905999
0.011739989006415758
-0.01198103314438034
-0.005066476657508151
0.00670915587822178
0.0036888719824643623
-0.012511211047186077
0.022149414338085996
-0.020110818254278347
0.010321158696609283
0.002114488854113839
-0.017081142193970975
0.02115240444493348
-0.02377566207886988
0.011420469672093056
0.022927586288608366
-0.025421593252449567
0.002063496929189862
0.012709752670763602
-0.030502993612112998
0.019578199162605347
0.023671844268752733
-0.038738482025093855
0.02688107394645217
-0.020891691673864878
0.0188422562479972
-0.01619167399164756
0.01855984890280727
-0.009621339247452674
-0.012422632195516408
0.016662426104920903
-0.010733315243593975
-0.001178160143973179
0.03101992562988878
-0.030736731706283642
-0.011145967829126543
0.012083099322866568
0.033692895338389144
-0.043538091159452896
0.016161553194340747
-0.0045114160540542314
0.011762998164533462
-0.008017158299656373
-0.010165342425473397
0.013673697683326661
-0.00159578433683839
-0.0014031144907919848
-0.00536074326845205
0.009574965977296356
-0.0028831945499657144
0.006510843784126211
-0.03694170051712187
0.024641268608023802
0.03955504848047361
-0.05198947513898024
0.017715563584533436
0.0013267488536011312
-0.014630870396835735
0.008616117866890663
0.022800259320027286
-0.029435433221809807
0.00536804616261756
-0.0014849218774943204
0.025167659319992652
-0.022617430789344674
-0.011947180417563973
0.021517821314234645
-0.0014801603207879564
0.0025981402020704082
-0.025520428778558923
0.034074531397869555
-0.027073601772238116
0.020310090273375495
-0.02716121858639347
0.014627035951864984
0.042892438231723694
-0.03804600075607743
-0.0560615393028628
0.056935980058440784
0.051866632523268424
-0.07501694849682948
0.007683492864714574
0.009395237199454756
0.019319021865675582
-0.03255179513145179
0.039622509422185925
-0.029270857960761575
-0.005213426329537842
0.014258506111362916
0.010591729158289879
-0.011450608896398609
-0.020045515437898717
0.01512353866559561
0.02355324278021792
-0.04571416930226143
0.05547130029289604
-0.05235728503509963
0.04283072058352677
-0.03110350737721297
0.0018318493225676896
-0.006058601881997739
0.05349231487263267
-0.048589931060354516
0.006297139592145132
0.02995131492673391
-0.08569348496467735
0.07802647512279895
0.03144743597328521
-0.054595601180089465
-0.07717652399709303
0.022973829751067598
0.24291854231295062
-0.29572674072022836
0.15500851014956663
-0.019734591387493054
-0.057379981732131914
0.17031145813985193
-0.41917414268348235
0.3900119368735824
-0.011640418802323305
-0.07006383893825896
-0.18841646029829306
0.20819368543134606
0.010091557856303127
-0.0957124195680543
0.07776587387234683
-0.031166514807480283
-0.04641794929115723
0.06970118165865777
-0.06535292654547283
0.022457673010446842
0.08149154885089015
-0.10658563099069632
0.023426461870363912
-0.014020971830551135
0.1344329308010219
-0.1071585595614565
-0.11567652376023703
0.13736860545867283
0.054325612814085544
-0.11778820449634227
0.05766737574489686
-0.03531376418502502
0.03895938272388361
-0.046079422277929535
0.08005054216914642
-0.06478134731067378
-0.030606430771023232
0.037870807381845874
0.07751568062762484
-0.07879621283491856
-0.06493754447343415
0.08451208636593682
0.04091371244434633
-0.06170787800005839
-0.031273075342627354
