0.019174020284889796
0.022818179576815704
0.02682292335765433
0.031206997875814685
0.035837202789553914
0.040763256870015356
0.04338666118723377
0.043431772912693206
0.04215462188036614
0.038800081237791204
0.0348328464716498
0.030312939612134125
0.023819653660978674
0.01561744170390645
0.007630318921210001
-0.0001889284169529227
-0.008626329681922576
-0.017237415474040417
-0.02757713783199371
-0.039774892862439536
-0.05271632008777291
-0.06677660010568788
-0.07564557134134098
-0.07858080910816428
-0.07882717023887975
-0.07454099573888276
-0.06911131406760448
-0.06271225814504164
-0.05197462068204984
-0.03751752981918813
-0.024327509387122186
-0.012333093124820544
0.0005310420638127665
0.013089868597733525
0.029256829197357847
0.04934768020459037
0.07049690977831845
0.0936342434664607
0.10897377855303121
0.11524856476182636
0.11774924097460608
0.11359331474162819
0.10778283196838546
0.1006156701789206
0.08697350103117477
0.06777103338940937
0.05118493627437831
0.03715534123689034
0.0222403917455618
0.00838922492306449
-0.010678515117621159
-0.03546662262939361
-0.061311796810760634
-0.08969482563973029
-0.10930418799612271
-0.11853413519581243
-0.12379939280951323
-0.1217369981660748
-0.11782527672420048
-0.11243708837145625
-0.09977820478243457
-0.08084813521995367
-0.06563090947084106
-0.05411475799475463
-0.042028858664840366
-0.03177574538548109
-0.015834768175295586
0.006397452864341017
0.02926836769339672
0.054541074587191
0.07231203482870453
0.08100829995472893
0.08658809091868316
0.08606842026048236
0.0838911482871021
0.08041251416925418
0.07069799381452807
0.05555261417204224
0.0443396169728415
0.03711299925527268
0.02978795822326214
0.02464046046190852
0.014775668245070489
-0.00036232056859682984
-0.015519358919922078
-0.03230260959390296
-0.044077475236551505
-0.04962821107907736
-0.05325440701161223
-0.052916609907912186
-0.0512540615558988
-0.04852637854991719
-0.041551214440557295
-0.030796187149676475
-0.023117174512458708
-0.018605105096744696
-0.014190383731060522
-0.011555110341716114
-0.005779043930806206
0.003542467592563206
0.012605857845341352
0.02255431578606283
0.029527297617665572
0.03273024834134687
0.03481256909570679
0.03456260109705615
0.03334331234650206
0.03131117739549955
0.026671195437834316
0.019654743971238144
0.014557969609794809
0.011458320826290901
0.008388791288818056
0.006407809532755314
0.0024852253679471304
-0.003635848123293098
-0.009594060002982612
-0.01609484672537084
-0.02066011018850983
-0.022786011671251088
-0.024151575759990516
-0.023979031294724965
-0.023162649064272157
-0.021799074226960067
-0.01872514794929408
-0.014091540440457717
-0.010636620282324986
-0.008406089789144987
-0.00614656525034921
-0.004530787510971688
-0.0016185729876965057
0.002755864928114781
0.007086102276485894
0.011825366320548012
0.01513459777463991
0.01666770959307754
0.017620496043861705
0.01742321653149893
0.01679685649952416
0.015810467995003567
0.013580700557165759
0.010232210313821192
0.0077004486557726085
0.006010918590467043
0.00428999111993631
0.0030113715132583383
0.0007863060276899639
-0.00250206756830723
-0.005782448448994068
-0.009379298318970563
-0.011835809754676395
-0.012891706177241113
-0.013469256508636208
-0.013120894738894303
-0.012444953093271281
-0.011494697966949402
-0.009561034125918027
-0.006748737907046387
-0.004538366169049232
-0.00294545432537561
-0.0013078421690958277
1.3302570792928713e-05
0.002090046245954732
0.005011929580346002
0.007956152055999623
0.011173442890065438
0.013369369277520532
0.014326822082739811
0.014837895580217478
0.014508437115041104
0.01389903335045073
0.013054969942106396
0.011335482077571818
0.008839688269134033
0.006829799640130247
0.005314465765353741
0.0037352333181257342
0.002398459863067669
0.000379021856134707
-0.0023999589817564073
-0.005233580569130184
-0.008338754993494697
-0.01060121422633902
-0.011835622531860376
-0.012725495804791345
-0.012932649720684787
-0.012941526632057325
-0.012792474912155443
-0.01193482388566436
-0.010455347835281273
-0.009439171841727113
-0.008894742930958346
-0.008344030772620149
-0.008051273305526104
-0.007222903431810915
-0.005794130229406468
-0.004371597651427102
-0.002770168623576986
-0.0015443002302025454
-0.0008127998532849199
-0.00017849895142511537
0.0001845844250210872
0.0004603162277729993
0.0006744079544152271
0.0005760787049338503
0.000197792185438
0.000180852855541229
0.0005405659030786198
0.0009837920313117386
0.0016706172541345466
0.0021567380354936376
0.0024061333353626964
0.0027706939103571064
0.003148728634989283
0.0035108581918052552
0.0038931919571841057
0.004236195312109651
0.004541409020590497
0.004906786839713732
0.005328237601055659
0.005760122905730325
0.006222981763757078
0.006598674634519807
0.006873754804092798
0.007119685952259834
0.007303933677810827
0.007481521167435499
0.007659000435144541
0.007781080856627897
0.007859758488389393
0.0077569069018590875
0.007449929640598725
0.007010525746759506
0.0063949626409566295
0.005668136642364526
0.004830874516419723
0.00380882676782451
0.0026110190180347738
0.0013609677735569254
5.569987441352578e-05
-0.0013625103778808112
-0.0028662098260282573
-0.004553682445779487
-0.006435729726959346
-0.008443773602239558
-0.010603244622468474
-0.012055935585192853
-0.012709258405266032
-0.012985724601177008
-0.01263625850349325
-0.012141217688923036
-0.011522344905336589
-0.010313160186350721
-0.008601444553180656
-0.007036480747840938
-0.005605207528180392
-0.0040427996408252485
-0.0025008635842849124
-0.00046057909745810823
0.0021199372272373306
0.0048649584540075815
0.007898375260736942
0.01005562456717626
0.011183941877942801
0.01192397161140693
0.011933294473433968
0.01180122948521925
0.011565967525878412
0.010623057012758837
0.009081753778625785
0.007929859267939918
0.007163427357847215
0.006367594878334533
0.005779745395980178
0.004648055714739977
0.0029138789149164
0.001140283118475241
-0.0008483662578118119
-0.00241735170806098
-0.003446135597308577
-0.004363536229586748
-0.0049748374309516764
-0.005520301523430698
-0.006028445762641469
-0.006202651171251508
-0.006087143834488562
-0.006359354849790503
-0.007032277138479769
-0.007803385007556423
-0.00884116265154328
-0.009668125992745535
-0.01024688696945808
-0.01095267011064679
-0.011676477776273073
-0.01195763622681236
-0.011790181650503053
-0.011310857322941908
-0.010395995726691034
-0.009396059564085192
-0.008314705166407265
-0.00686521240403847
-0.005112852657813067
-0.0032416748786251847
-0.001227525608890858
0.0009807744834088757
0.0033475973230508516
0.006069519180092251
0.009161932989657133
0.01250403684191376
0.01614572254624082
0.018570137020826803
0.019616397967374036
0.020036283789795505
0.01939188028542384
0.018532423503015972
0.017499219900869938
0.01547154150391705
0.012606734558344856
0.010043485689220462
0.007760234026661365
0.005296638612975423
0.0029199266287977628
-0.00027723222237738244
-0.004366048146789672
-0.008686419643690277
-0.013453442308342577
-0.016747903022856725
-0.01831289223082782
-0.01921131827138535
-0.01887716716449807
-0.018270484093249762
-0.017453849673906903
-0.015434431759821031
-0.0123892104619041
-0.009958170988856669
-0.008135212592175029
-0.006227883413588452
-0.004629971969540388
-0.0020952687541226215
0.0014745862650998166
0.005146501590223022
0.009212271562227446
0.012076763505246982
0.013484780695599611
0.014401947752888923
0.014347723039841272
0.014032206442768607
0.013513766835343232
0.01200050832352531
0.009621454822522524
0.00789100127461641
0.0068189849256859066
0.005744403229373644
0.005035908161803401
0.003580964884793833
0.0012901985859687748
-0.0009870443423179967
-0.0035096827483931925
-0.005342209074942149
-0.006301669712407898
-0.007017975942595156
-0.007200901158548364
-0.00719796428369052
-0.007047832690394303
-0.006311431238515782
-0.005049828975176715
-0.004272227890738329
-0.003995851086731647
-0.003764201446461823
-0.0038262418941303923
-0.003467055731141982
-0.0026276846299061775
-0.0018652588315891737
-0.0010142485652921958
-0.00034998114586526634
3.991654877411365e-05
0.00040565431598593086
0.0006533303742943224
0.0008154479067985367
0.0009080091448627762
0.0008275170399584138
0.0005772503917134948
0.0005782105136416535
0.0008472825186621539
0.0011798870222378373
0.0016829373155733424
0.0020821421539907467
0.0023535885407659014
0.0027218082490354394
0.0031241890454706627
0.0033373883523158733
0.0033646413910078036
0.003266008609341383
0.0029839369260379355
0.002698495095687618
0.002412403359426964
0.0019849160356479943
0.0014510016393485346
0.0008795223434620448
0.00025812276134969635
-0.00042476717692781
-0.0011564444727178269
-0.002019082914279699
-0.003017712310381596
-0.0041033745509179015
-0.005296383726191789
-0.006009880340859309
-0.006181530965728456
-0.0061028615098508735
-0.0056045105489066155
-0.005013967937757528
-0.0043473245994541205
-0.003287699133902652
-0.0018957990186603687
-0.000610524625140304
0.0005765435585396538
0.0018428174437932071
0.0030853527883359156
0.004653971743497994
0.006576162636583475
0.008597529780033331
0.010801037378047941
0.012247428475457886
0.012817187759959828
0.013013334716978783
0.012559616011707256
0.01194028517847215
0.011183348447615033
0.009795790439680315
0.007866076675120449
0.006169397137833902
0.004698879487550711
0.003129074431355107
0.0016442561922278159
-0.0003536849703409062
-0.0029128969937317205
-0.005590702503842988
-0.008528430386862754
-0.010660317970172896
-0.011835208824541086
-0.012659220472336249
-0.012815835783155776
-0.01282109584022505
-0.012710802821575613
-0.011939740226267632
-0.010602518474855799
-0.009641704409966808
-0.009056862588744772
-0.00844544516083431
-0.008034732937256301
-0.0071160193825792325
-0.005632952542719673
-0.004119314325088901
-0.002409404214444679
-0.001097828562391987
-0.00029854592002694807
0.0003908708093116591
0.0007875448884686665
0.0011152760469111205
0.0014005331336183213
0.0013654143906393467
0.0010508272026085244
0.0010956397571705563
0.001512143233592524
0.0020142976974077374
0.002760905384087391
0.0033017995139701843
0.003601477751396576
0.004013541222598063
0.004435065612965917
0.0047030301148586594
0.004839588880900066
0.0048466025839356015
0.004686397742786042
0.004533864403422462
0.0043870592794793255
0.004125686542835583
0.0037836204952614604
0.003339450955311582
0.0027764330788145985
0.0021259424485880075
0.0013772060876211752
0.0005051159967355927
-0.000491018438147867
-0.0016104681391304872
-0.0028610962043352788
-0.0037975209247664353
-0.004378210173817942
-0.004820327726015716
-0.004997866702749221
-0.005169611444818642
-0.005349388217013482
-0.005295305178119719
-0.005057203223648033
-0.004954498258525863
-0.00498122253950879
-0.005013527503200475
-0.005127225683162365
-0.005066924520120123
-0.0048145312685296095
-0.004557349757381278
-0.004236130199827496
-0.0037017257849555414
-0.002956743057635003
-0.0020262575964046874
-0.0008697407746259709
0.0003861014854765693
0.0017441824623927996
0.0033059251788748324
0.005049724273947898
0.00693951455498009
0.008987868576400182
0.011201794582069149
0.013578065856862056
0.016173040515596548
0.018993225081885223
0.022011932087923406
0.02524579872898217
0.027198817316609624
0.02771929748038557
0.027522912973615317
0.026177598073100626
0.02453987903187145
0.022645435255048103
0.019673447827306133
0.015780359989567633
0.012055405882575438
0.008471135029931683
0.004588226841145255
0.0006587885143418827
-0.0042003240332595644
-0.010060824670020492
-0.01628930466241861
-0.023097799980312694
-0.028051389590427727
-0.03084585312339726
-0.03278549501351969
-0.033157247390625956
-0.033226715309509776
-0.03306965357249255
-0.031407801206746196
-0.028475289374861986
-0.026277223538652056
-0.024798156475598264
-0.0232025255266256
-0.021969189147684875
-0.019554485036981744
-0.015837347883114278
-0.011965050931197839
-0.007575304000046404
