0.0005738194136442714
0.0006371516674757372
0.0007014708975552082
0.0007665842543321748
0.0008349995553012306
0.0009060348281729458
0.0009573228395407787
0.000986867507703188
0.0010046618357824903
0.0010042853412942547
0.000999174842799947
0.0009897651693026531
0.0009634857474238321
0.0009227675150543364
0.0008827787171816823
0.0008429580845566891
0.0007973038760438684
0.0007492483004745685
0.0006860772264825931
0.0006067287516279431
0.00052011113283118
0.0004231242468976322
0.0003319785499452641
0.00024902652164062133
0.0001642091144700084
8.22408760355762e-05
-4.452316234337843e-06
-9.667693291227986e-05
-0.00018649031001550804
-0.00027544430909354906
-0.00037890429785546615
-0.0004971442446943418
-0.000623787219568908
-0.0007627180778662754
-0.0009029460734653055
-0.0010437779459768937
-0.0011939359152058266
-0.001351015594701016
-0.0014676405354407888
-0.0015399796544322128
-0.001588530519046281
-0.0015998071310629855
-0.0016031106794379398
-0.00159934383301355
-0.0015615973009974746
-0.0014952216168893466
-0.0014311283119417626
-0.0013680378729261334
-0.0012939930964655795
-0.0012159575486822229
-0.0011076600229997877
-0.0009669522679847971
-0.0008121349987367812
-0.0006368117823727542
-0.0004765443936142976
-0.00033638400172015447
-0.0001945842030890051
-6.1476670458829e-05
7.978348761957015e-05
0.00023091027912102514
0.0003743602233652944
0.000513558799169295
0.0006816155185042055
0.0008790458239076942
0.0010921369344366267
0.0013292239328537955
0.0015664606820944497
0.0018023204831977655
0.0020556232088639777
0.0023211242486023105
0.002525396452137686
0.0026631038564447944
0.0027649439151907385
0.0028101782312127507
0.0028455073511591366
0.0028722828482898605
0.0028483450958739364
0.0027822819179656078
0.002720095248159242
0.0026596445241786064
0.0025835529236742554
0.00250212040510557
0.002375636287020756
0.0022009107399772565
0.002005408232658736
0.0017794620621338951
0.0015801550447880276
0.0014154130775401999
0.001250794212999705
0.0011028541910836516
0.0009441774268815338
0.0007720797946583259
0.0006148965188525253
0.00046707838012154487
0.0002763600034443993
4.202796501526581e-05
-0.000214338923758692
-0.0005058544206148459
-0.000794650432053707
-0.0010782832278502133
-0.00138650749798052
-0.0017109645151624395
-0.001974449080991459
-0.0021724878760607156
-0.0023353576131766264
-0.002441564700113979
-0.002542645444544338
-0.0026399400239666073
-0.002688269665128445
-0.0026972277579257464
-0.0027116217112880016
-0.0027289134104631083
-0.0027330048146969933
-0.0027338116827697687
-0.002691469375598183
-0.0026028938067681065
-0.002495288621116847
-0.0023589596828770365
-0.0022576590973303313
-0.0021999152370523376
-0.0021481207808879297
-0.002120720307710149
-0.002086423063452811
-0.0020423623939437702
-0.0020205064737124686
-0.0020145749158338054
-0.0019678128913923217
-0.0018796393629591354
-0.0017733738547127762
-0.0016348633047853422
-0.001505660116443484
-0.0013884892715268589
-0.001250958216309045
-0.0011023010741437913
-0.0009753849835403176
-0.0008698911445266131
-0.0007769467845640211
-0.0007051085350506198
-0.0006276605550885045
-0.0005442275059874524
-0.0004757468209548408
-0.0004170530755663645
-0.0003561651207091405
-0.00029476432094790246
-0.00023543091566792453
-0.0001757882871935586
-0.0001290912910186955
-9.615051325699369e-05
-6.873739686016659e-05
-5.007905127446854e-05
-5.597393575912225e-06
6.869898330559774e-05
0.00015397272377491475
0.0002601201479159535
0.00036886070231453974
0.0004788522319132066
0.0006080232943773603
0.0007527770599580627
0.0008852994340372157
0.0010056475221939614
0.0011249872063994286
0.0012365265200332824
0.0013614062569437357
0.001501066073579359
0.001639459340301074
0.0017813779761848417
0.001896480113866036
0.0019799369760091544
0.0020494098767266386
0.002095665101600126
0.002132306216357204
0.0021602031969868746
0.0021640473874488565
0.0021461534722898483
0.002134155344803028
0.0021279598802854114
0.002115303209191777
0.0021027341700536988
0.0020694305663464378
0.0020135369704418417
0.001950513009010373
0.0018753474715185472
0.0018023834062031523
0.001734493820973829
0.0016610851429826482
0.001586501616988608
0.0015056603331866235
0.0014176739334574517
0.0013289207070054112
0.001238323973773376
0.0011290064910908057
0.0010003667864248032
0.0008597954581824763
0.0007029226244677355
0.0005410993546975311
0.00037504887867436895
0.00019540868741593363
4.613198254490652e-06
-0.00015040152997340382
-0.00026601098995779413
-0.0003625569686593774
-0.0004267775017824903
-0.00048796834144147354
-0.0005471251402106774
-0.0005776133071141951
-0.0005848734618687291
-0.0005992953390041142
-0.0006196784903548827
-0.0006344682553707295
-0.0006505723850594182
-0.0006422425715829433
-0.0006074691980901489
-0.0005643162312668306
-0.0005065861659451447
-0.0004691937864998918
-0.0004571770350818025
-0.00044931138276834044
-0.00045580219335158414
-0.0004602577511148644
-0.0004610845562476807
-0.000475541065598278
-0.0005003626044685703
-0.000503216864402771
-0.0004836856405635777
-0.00045528428697872597
-0.00040993844288345456
-0.00037108112512175627
-0.00034029425614085467
-0.00029923876602002943
-0.0002531362665197456
-0.00022157980832532073
-0.00020448853233473888
-0.0001963787264959612
-0.00020238048594059126
-0.00020682706294808655
-0.000209488526473223
-0.000222751517617166
-0.00024359764803907395
-0.0002646222798105468
-0.00028680854844430353
-0.000311872162122282
-0.0003383328453884292
-0.0003742266083730115
-0.00042006324405488246
-0.0004708235908581147
-0.0005284696708041471
-0.0005730584639821657
-0.0006022706055672606
-0.0006270550268875845
-0.0006417074481833646
-0.0006567281029540183
-0.000672911519041708
-0.0006799500624806751
-0.0006799212888796184
-0.0006890016578675611
-0.0007071839651333458
-0.0007279772598043117
-0.0007553461830944292
-0.0007770497140363517
-0.0007922664604213473
-0.0008103254401005291
-0.0008284643211407328
-0.0008356890395731485
-0.0008318737128853416
-0.0008201638732574654
-0.000797598009108455
-0.0007726706400010126
-0.0007454443434976317
-0.0007089903547275339
-0.0006648796585504654
-0.0006175992996947974
-0.0005665648495239459
-0.0005105090744766339
-0.00045030015533276504
-0.0003811454656948187
-0.00030266420438785404
-0.00021779916814235726
-0.00012533055624571712
-3.6512675607057704e-05
4.738311336510287e-05
0.0001326658129023536
0.00021615634735075743
0.00030384701674950184
0.00039625416358809697
0.0004876006240488859
0.0005791222464303787
0.0006801509888715393
0.0007907541458997536
0.0009072643409653046
0.001032019126364441
0.0011580865917701516
0.001285059941492277
0.0014183419589756075
0.0015564182464809539
0.0016581675647478799
0.0017199915727025346
0.0017600663257202039
0.0017665966079313607
0.0017644712132333712
0.0017544619204759098
0.0017133670685162549
0.0016456832322833542
0.001579050618634798
0.0015124007934208352
0.001434828046264774
0.00135256690151084
0.00124233936291471
0.0011021943790722104
0.0009483895006375784
0.0007752372226853077
0.0006131087234121743
0.0004663607038049153
0.00031623111239500833
0.00017153815391367838
1.798572821117084e-05
-0.0001459351347200154
-0.0003053085844337628
-0.0004630677093428471
-0.0006478408379378671
-0.0008601295685642176
-0.001088084850921751
-0.0013389450315109985
-0.0015922056058688297
-0.0018465809077966538
-0.002118337580665611
-0.002402993339956616
-0.0026222780784461125
-0.002770086425563135
-0.002879935157296416
-0.002929612732437419
-0.0029680005212652906
-0.0029965904807024487
-0.00297077614346516
-0.002899518011820617
-0.0028332513505677738
-0.002769824020273162
-0.0026898946476759237
-0.00260481611068152
-0.0024715423841811354
-0.00228658878991815
-0.002079901223567527
-0.0018410123223878017
-0.0016293826172405369
-0.0014534091654631008
-0.0012769191121335996
-0.0011171894289017886
-0.0009459491910843959
-0.0007603733201290362
-0.0005898641493569174
-0.00042869496102989615
-0.00022184293147777074
3.1497333140499765e-05
0.00030853707251108514
0.0006231002345825868
0.0009354513870862208
0.0012430241918301894
0.001577103156411226
0.0019289255332270664
0.002209164312591961
0.0024122918669874163
0.0025739819022992804
0.0026692734331260214
0.0027570310579251803
0.002838838326342396
0.002862698646039003
0.002839540252345881
0.002822319294852832
0.0028081949188553837
0.0027778704970008758
0.002743108933543
0.002657207398117799
0.0025165195444107075
0.0023530455389777854
0.002155429530022825
0.0019961757866857085
0.001885086512954243
0.0017791374061498868
0.0016993225787310172
0.001610269235734779
0.0015086824932031794
0.0014308227703373607
0.0013695785590067465
0.001259923541101703
0.001101136553279172
0.0009199782549150766
0.0007002095350476332
0.0004893124900622315
0.00029039231413551545
6.636348202695196e-05
-0.00017223737325500004
-0.0003657954143625154
-0.0005124333902992431
-0.0006326288045341606
-0.0007101980949816911
-0.0007883326576136518
-0.000867910635104846
-0.0009128171175212764
-0.0009312164874170399
-0.0009526089459016854
-0.0009745890685875815
-0.0009877704122010105
-0.0009984722376987713
-0.0009785606083962469
-0.0009259979822484753
-0.0008593716718806988
-0.0007718253130754599
-0.0007179239775739183
-0.0007044981089513599
-0.0007004556754445896
-0.0007214949112986989
-0.0007398704877836753
-0.0007532653234622205
-0.0007894567289070386
-0.0008429153792182447
-0.0008671661999686505
-0.0008619633759308424
-0.0008461922598006789
-0.0008083550024629259
-0.0007830086971629773
-0.000772443234644423
-0.0007500030599728555
-0.0007234229761127718
-0.0006987347958444004
-0.0006735929720394565
-0.0006506823578086822
-0.0006309907115064835
-0.0006046535140944606
-0.0005718645851593064
-0.0005382994635952732
-0.0005019289996327889
-0.00046803236699493635
-0.00043759790848445435
-0.0004066776963806562
-0.0003768177591862724
-0.0003466149241674078
-0.0003157436523417719
-0.0002862528591268186
-0.000257844973959203
-0.00021611313968246374
-0.000159964951126916
-9.602176516943132e-05
-2.028388954765996e-05
5.846417799464902e-05
0.0001397907936445122
0.0002316365194328229
0.00033229037489150733
0.0004325381868608461
0.0005326650397509561
0.0006360611141495959
0.0007405725091885544
0.0008538333071712905
0.0009763657125930287
0.00110267506077525
0.0012345376859754988
0.0013369346546961598
0.0014057559924293326
0.001458720982840805
0.0014855600999422592
0.0015051072792798433
0.0015182294481921274
0.0015061347556616094
0.0014721983197996085
0.0014435730905318922
0.0014197432426545273
0.0013893891222914274
0.0013588294396598558
0.0013065087454299507
0.0012306105179446763
0.0011467283130099696
0.0010496704590011122
0.0009607437620360714
0.0008834744853923028
0.0008038345088906705
0.0007281337997205053
0.0006473007353177748
0.0005602243604067509
0.0004770283386593276
0.0003958646325328088
0.0002949501793512613
0.00017377978649114184
4.1641663730302954e-05
-0.00010699655532424979
-0.00025685816984655154
-0.0004069417265528076
-0.0005694855528362003
-0.0007411439741352206
-0.0008822141416433172
-0.0009900908989014926
-0.0010810480432909774
-0.001143974956195569
-0.001204663491607408
-0.0012638804854342152
-0.0012987012265134397
-0.0013139329900383127
-0.0013336927675635642
-0.0013568042000588173
-0.0013744005351113901
-0.0013918898177603843
-0.0013882801154739713
-0.0013619517595891606
-0.0013274175983405026
-0.0012796033014713293
-0.001249740543576513
-0.0012421497553843283
-0.0012381827540993312
-0.0012469185569301412
-0.001253318233251453
-0.0012559754009043595
-0.0012704596824770317
-0.0012937672510857888
-0.0012976488469285876
-0.0012817898013423755
-0.001257892296590426
-0.001218912645027921
-0.0011854563165193035
-0.0011588977578668633
-0.0011231593815626795
-0.001082830865325399
-0.001044017500418347
-0.0010055150341616722
-0.0009677022096792687
-0.0009318562838050231
-0.0008905744953883357
-0.0008438742597936521
-0.0007965000354432538
-0.0007469306455706069
-0.0006965816129673269
-0.0006460638009613269
-0.000593650628241571
-0.0005398401838642631
-0.00048516710967899223
-0.00042951390098606073
-0.0003730702862859215
-0.0003159617828703471
-0.00024813617398096254
-0.00016867821494815193
-8.24341150987803e-05
1.3435531954059645e-05
0.00011311081959890073
0.0002162937019266303
0.00032843233128369316
0.0004484142675960388
0.0005693521686255945
0.0006914184280552839
0.0008172731049277649
0.0009453036314627767
0.0010811002335263163
0.0012250733237663877
0.0013731771650412746
0.0015267245917320734
