0.001975465057096297
-0.003779586060502768
8.26774779651183e-05
0.005664203183392157
-0.010083410251800292
0.024048121693650455
-0.015920277869966613
-0.023491378814979896
0.025177772540876213
0.01082880146837121
-0.026224046973756153
0.0230087650532724
-0.018002761724238606
0.013510687007071625
-0.006211498481346317
-0.006341975708914546
0.010132023255560252
-0.0028342140286101037
0.00251737127271027
-0.01229400804675811
0.010693143759861946
0.0008022808948697112
-0.004469683676059027
0.011147605334155514
-0.0030198692770407633
-0.03814552903197296
0.03310465643382864
0.036058083186843795
-0.04139908213455548
-0.03204359401724291
0.04554723265677404
0.01553866661419488
-0.01841787365973828
-0.04377752338186637
0.05540227398102588
-0.021441370224547125
-0.00025765523456001624
0.016466714970467537
-0.01814685829164047
-0.002426916802723926
0.004167548947947131
0.025393072217003997
-0.020476616952502105
-0.03193472103404456
0.038693570873739015
0.011362816462924122
-0.016515721799294135
-0.03227913931902305
0.04135603372874501
6.2639541533396e-05
-0.005481362259367243
-0.03705421683570958
0.03379891438448342
0.019183750804923835
-0.03655792340193859
0.02067167834777904
-0.012501453310371599
0.009384312739319965
-0.009696895254163444
0.015717551665469464
-0.014151010409715751
0.0036319434185440253
0.0009009416574075024
0.005589731654213364
-0.004362729017167945
-0.015769853586058244
0.009128384217548906
0.035664907551698447
-0.04012365347908198
-0.0032518886722898727
0.010294068305988835
0.021279647338899865
-0.028970974212163568
0.014528518670391628
-0.005721660029427514
0.0008642536645462756
0.0011914945011797231
0.0033403475667390307
-0.0026771315631945085
-0.012299283932172127
0.006203627573650344
0.02672962121853532
-0.02822378562359983
0.005054113984916793
0.013028485175452888
-0.035855653312373226
0.03077516381953168
0.005552437508654593
-0.02002958522413114
0.00850811293248612
-0.010125931225368827
0.028867879626917482
-0.026686813556475803
0.008622001613588687
0.0059802189554031444
-0.025906241102428094
0.023035857340335957
0.0062124932818516205
-0.012680739478972193
-0.0019597567158764154
0.009906322316804949
-0.01370143621417512
0.013272833278558117
-0.0034169644595401436
0.0027681416233759203
-0.01755159300443476
0.00874399157451998
0.01749877305383255
-0.034012174432348094
0.06025258209714813
-0.048807019692509196
-0.025235565754688
0.02656002941170185
0.0569313370069485
-0.058051335627819084
0.002808778354297648
0.051542421403100766
-0.139792423962816
0.11775337539736812
0.003246844606703443
-0.06180446403496842
0.10445834315171051
-0.059762158602168845
-0.09835971267771437
0.12413555967790575
-0.02261114335698425
-0.0383401275648074
0.02899024724453812
-0.0539480832929074
0.109325467661657
-0.034267090199895565
-0.021666824103008908
0.301598285459761
-0.9006848195867466
0.997132950971534
-0.631158773168486
0.3621678911130512
-0.18503869955129137
0.048921800103322644
0.049837319011223256
-0.09839122058081577
0.1273929593945543
-0.09294411878149295
-0.008905054138930914
0.03668413990171001
-0.04020829949479884
-0.0027534388672113587
0.17173773317883664
-0.12629237389324754
-0.1746435437588704
0.23852429521174073
-0.07136602904658436
-0.01254681997643068
0.011097284296370637
-0.018839728514375962
0.05743129003573002
-0.04382636718768756
-0.041269017095823965
0.05218960660362349
0.017928410084794264
-0.03153560847241178
-0.002393638363985637
0.02579432914875463
-0.047303545367871874
0.03671491915573549
-0.006122542278064878
-0.024912767159809338
0.07036503258760435
-0.06517344394518136
0.013998016219507043
0.017272094692743423
-0.039166261711620784
0.039410787115476076
-0.008494105752027876
0.006870559749167771
-0.039883740519149155
0.039226550969930364
-0.013472369135791504
-0.009467053789019303
0.037221170862000025
-0.0321253733476321
0.005529243045606532
0.022003789326117212
-0.06655189326450549
0.06375746318174012
-0.0063290624649233185
-0.010182942067324329
-0.015020705255306419
0.017743134903649233
-0.007547734809341475
-0.006193440419948017
0.038224893286097066
-0.02822427741829144
-0.02540327132426666
0.04287462702547409
-0.035815334406704195
0.017373962445499765
0.023637312937705306
-0.02867400185433742
-0.006990294282477107
0.01159365984842408
0.009720510606316318
-0.022773281047111668
0.03660217617887784
-0.02715624858885431
-0.00616778114257362
0.019832633445876872
-0.021778786699975468
0.015441938275955507
0.008060553658933841
-0.0035916798957427135
-0.02844295842642891
0.039336840204401397
-0.037270668405740365
0.021996943310983123
0.006232363414583439
-0.01681073525660093
0.02125691268536283
-0.008682022123661991
-0.03426656586748832
0.03753166552904814
0.011657529899254714
-0.016011610982969018
-0.03609432432930951
0.041324029632203614
0.009123965694132142
-0.019289580749275555
-0.01825822820307718
0.022624488668815994
0.010687916737374447
-0.01606831419670836
-0.004381047308445311
0.01369075663466903
-0.01897132773806748
0.013273517536985954
0.012128619186929646
-0.012808740025625473
-0.01841695176353364
0.02005275562335989
0.010769761752447243
-0.02011072018101878
0.007823019424887891
-0.004099132649329541
0.009555236064249475
-0.01134968408517609
0.009456891197723003
-0.011564603991282264
0.013202292854089815
-0.01985302671642681
0.03572336169884579
-0.03439930678825433
0.015474247660610504
-0.004003178492252245
0.0026701844806332076
0.003307417047484181
-0.021893988861224803
0.024202451183677132
0.00364543470120307
0.0036588384427937103
-0.05738823418731618
0.061289069610556156
-0.015186059426210832
-0.005042556971472397
-0.0001414420387424232
0.004459586447259594
-0.0004145028505890896
0.01033932424530017
-0.03965579851080312
0.04188156888498904
-0.020514179204943864
0.0047868354511357205
0.005198628528930304
-0.006624733478811691
0.0073288318311689575
0.008371862725185317
-0.03784720632658656
0.05048095318934469
-0.06026259791385093
0.04128881644119138
0.010472060531067796
-0.02740854978395097
0.010081158278099618
0.006136478324562329
-0.0051419827551479665
0.027316602711446945
-0.09283036701350603
0.0889182421179215
-0.013289575612682606
-0.01510958670041909
0.002993029495475469
0.012401504950635583
-0.02561970542479375
0.03547562180881287
-0.054205385732452524
0.0385294405800097
0.015047935808856229
-0.04074815509368751
0.03382545960919116
-0.03961917797352809
0.06344920485376046
-0.059550430258632374
0.036644028230731
-0.014284909907873141
-0.016943520287357242
0.012972491537997023
0.019834686824885872
-0.044764118976940756
0.06145574585058424
-0.05622799185332529
0.06086259932797913
-0.022811005293915693
-0.1084859411928525
0.1058623432762404
0.07965293026331598
-0.09046136798407915
-0.10563151486666404
0.13972101535702194
0.0007195609195701294
-0.04144500979904854
-0.024510578261742327
0.04073681252701445
0.010551240088923445
-0.01602566672688627
-0.054609896455551046
0.0390897885420188
0.08813456728143562
-0.11063968507586384
0.010772069638228
0.008084112014618332
0.07138837358637294
-0.07876759038826056
0.0005483140560940646
0.010534086726389254
0.03863475614514949
-0.052959477743185567
0.06281478287696254
-0.01908707574291786
-0.09198651676884473
0.11441901004791791
-0.05933243147931681
0.009185966361296947
0.028925389923151707
-0.056123419627639594
0.09626035226741228
-0.07614129432968975
-0.010011446993469238
0.03579392823912194
-0.018696752094025063
-0.006761310984482741
0.059655681758268166
-0.05091897260787848
-0.015372814250157778
0.042844575162295284
-0.056220744759002246
0.031087123955994354
0.06306054972968758
-0.07204185158685884
-0.033514932289574584
0.031931134344899435
0.09620366498050437
-0.12897634549137915
0.045496663918403554
-0.03419296161066005
0.12263361188220813
-0.11339181001047995
-0.006225976316856334
0.03983886305735767
0.012515620215727106
-0.03408071011693722
0.022505483774699644
-0.025690814251737658
0.040892222030736065
-0.045720767795698676
0.05255044749418564
-0.03514538657580288
-0.009362036054656448
0.01856262707794956
-0.010075480605219855
-0.016093305559767984
0.07644304780033069
-0.07472658361202468
0.01075736866678998
0.021139591333840312
-0.020264294973158865
0.021558708324281133
-0.035573742834271886
0.028000534547098267
0.015996723782402158
-0.018809634562367738
-0.036002988449054134
0.035613696553076946
0.03142187805819234
-0.04206225567091028
-0.004555158794658598
0.01962628751675331
-0.010309276247390652
-0.0010046279899481956
0.022254808872045704
-0.02034829471933938
-0.006695426529530759
0.013718632693691129
-0.005115429537780445
-0.003738956777168828
0.017057795895107843
-0.01666112983477321
0.00014202924211013587
0.006920629445273335
0.0014821357649034896
0.0037398632303529736
-0.02911432803169662
0.03024362330595516
-0.0014266301864446114
-0.008621195118884255
-0.014730489968363866
0.007321267038457953
0.05362135107990076
-0.04872287367982333
-0.03744535929290355
0.04864273772173691
0.015067214342043151
-0.040854882524002295
0.033084675283511625
-0.02414628773585828
0.013346121210262303
-0.004924288137548923
0.004005155446433754
0.0022029907488378044
-0.023733775893490964
0.018036939069968318
0.01963051495469779
-0.027657783113617447
0.00991143029945848
0.0009115072064421218
-0.011327529279623914
0.006444913202739888
0.01453961734108582
-0.02029725922991095
0.017081115947106075
-0.0075600635998195175
-0.014518116320528466
0.01562135299903945
0.007089430183118777
-0.014194084369120431
0.00012065342992312236
0.000898107998197646
0.021228517114506965
-0.01437036618450786
-0.026165353445471877
0.035113081947705564
-0.01658909756565579
0.003203888911483852
0.0070402663082193735
-0.006372474166447411
0.0009354659542538165
0.01040306725263389
-0.03607639072392176
0.038086460764684575
-0.007701703306452724
0.00519423954012116
-0.03934327844441824
0.03979897563659652
-0.0023689301447855967
-0.0073559275656455946
-0.01057633131132075
0.01748702739159777
-0.012117898129231926
0.010513092768487692
-0.015860649219001786
0.0107658576960679
0.0013939474587100005
-0.0077508220614827174
0.02048282514776013
-0.009286306852065994
-0.03651388136349983
0.041724978389334186
-0.0003388441861515157
-0.010583401574210161
-0.013473538847400183
0.013673228661399372
0.009938805130647304
-0.018844690947662533
0.01886784295543105
-0.013324341897936489
-0.005026052823529869
0.0024028350995149075
0.023977635600861223
-0.029966012302880082
0.01750503266969718
-0.009028504551101746
0.0028413471720273517
-0.0013207624916307655
0.00300997338941149
-0.0033036731711112927
0.006200791037393053
-0.0005195871557239438
-0.016443336861453745
0.021139367396050095
-0.011812223070782195
0.009954463777508478
-0.017636391256850865
0.016607126180179902
-0.00630938283697659
0.0016531090233856969
-0.004398725265628722
0.004926919178724994
0.005360829428696293
-0.0022572594759478672
-0.03290572304552332
0.026175842949473338
0.04366891073519787
-0.041316666296186196
-0.04186052038059905
0.06298763782149429
-0.022921539375262836
0.0022959190845883333
-0.005651070711447328
-0.002566867189604532
0.023469693733430722
-0.02274936901999091
0.017742410071121366
0.007405080092714391
-0.06994654219428939
0.06678559137484685
-0.0008400624157690849
-0.03340670337469365
0.0429906712788639
-0.03761482742684781
0.018815273281603602
-0.005069204405317235
-0.0041901271573101685
0.008681064232715809
-0.011047510653730223
0.008347928843110785
0.0012953369220434188
-0.0038035101813630357
-0.0022398870303892045
0.0022302650675833915
0.0045854892809129464
-0.006262085503805328
0.0028906326149856767
-0.00102079711947515
0.0026520035403341646
-0.0021575595533574942
-0.0035882603857107197
-0.0014693925560011036
0.014159386127404607
-0.02274630440545275
0.034292599209052595
-0.027865748593218973
0.0009736526626859532
