0.00659088800163327
0.006937362005980252
0.0071722918574770676
0.007282123732597906
0.0074005766799617725
0.007486159644661076
0.007406977689721974
0.0071627071553735265
0.006783932191343765
0.006234680099911002
0.005619935055358992
0.004938557985369471
0.0041046989052190685
0.0031366895287962653
0.0020769862306835867
0.0009162607587767785
-0.0003566967660980012
-0.0017355981335818998
-0.0032740966005857133
-0.0049777045137114695
-0.006817491817903085
-0.008808397685105124
-0.010140588932352576
-0.010731360405956616
-0.010973230254530739
-0.010632769805473142
-0.010171485386089394
-0.009610137769294263
-0.008506533422473105
-0.006945820702414504
-0.005524122107409156
-0.004228175928846627
-0.0028182288688086894
-0.0014333087195139477
0.00040627331575967185
0.0027385174708208695
0.005216845671459998
0.007955527261940239
0.009859686630010928
0.010786249443218252
0.011335685400239562
0.011186087742592487
0.010892462430481961
0.010490334704961603
0.00941084816935393
0.007756712906838037
0.0064525543723756565
0.005494060598426471
0.004492933452167598
0.003671045381246834
0.002323387684862126
0.0003947265447888399
-0.0015877744637356435
-0.003789070052970828
-0.005602692980159028
-0.006914845045063438
-0.008133367117165611
-0.00907266708085517
-0.009965144545057075
-0.010838132101301225
-0.011407402559286803
-0.011715994221637003
-0.012407502436409168
-0.013494184248514457
-0.014689493076502575
-0.01615358464186677
-0.017432416797424213
-0.01849071644394112
-0.019685361707930765
-0.02091287062986356
-0.02158594562557693
-0.021683681880413964
-0.02140611480667319
-0.02059227621491275
-0.019661097882179155
-0.01861909101840322
-0.01711109950766203
-0.015214484605822117
-0.013211777415850444
-0.011076775566708491
-0.008716978040160342
-0.006190794611782702
-0.0032230858071643207
0.00020832949323496106
0.0039261390672890905
0.007999297074781586
0.011606312312499594
0.014653196810233698
0.017581783769884566
0.020156497503465296
0.022817706431148
0.025596096528562862
0.02806172188412984
0.03030061926827314
0.03297705446783048
0.03608918145730516
0.03936998380980487
0.042981364926975005
0.04641684348469287
0.04964157956489367
0.05303906079924348
0.05649415009961199
0.05794855474720392
0.05723080106586503
0.05521899831471298
0.05132260246106956
0.046808337570377286
0.041708411281568346
0.03484870009023672
0.026455168054406866
0.017861642346183426
0.009006154006609849
-0.0006359309164231375
-0.010769109787878439
-0.02253942091736837
-0.03604642675570782
-0.05050279300536758
-0.06619240234650547
-0.0771554048188622
-0.08272379910567393
-0.08591495414112493
-0.08499838653773632
-0.08324203823278474
-0.08081168587816766
-0.07450572101585422
-0.06492696993857913
-0.05668867862715727
-0.04971832783808423
-0.04212844854713581
-0.03500623236022094
-0.02471185159334168
-0.010957499257745454
0.003594571631144243
0.019806294941886883
0.03156007438661914
0.03798365637313928
0.0425991313938659
0.0435937814190815
0.04390882466685531
0.04376180410771105
0.04004276082764571
0.03329797305276185
0.028980848330546528
0.02710120579960607
0.02533695201643432
0.025010764255592923
0.0220479316872303
0.016131962491988547
0.01035122440851069
0.0037600295369069415
-0.001042932884183369
-0.003477077279819444
-0.005460775469427106
-0.006174318781692316
-0.006418555712104916
-0.006320259866193375
-0.0047313874716052974
-0.0017931917218688114
-0.0005808697447454738
-0.0011750525274716306
-0.0021619375334671308
-0.004311800960408561
-0.005513166289054216
-0.005594814574779302
-0.0062384397355767715
-0.006962155702947291
-0.00739936315681192
-0.0077017269645560165
-0.007695299206034539
-0.007323590410793513
-0.007186736218911678
-0.0072724349282745964
-0.007239694085237233
-0.007212279585978522
-0.0067889438858082796
-0.005902679204311578
-0.004831964569182549
-0.0034602963305172263
-0.001920559907885997
-0.0002350840898524577
0.0017644942438793637
0.0040508236473485145
0.005691571834969794
0.006621411396113329
0.007264397598089941
0.007363923818569495
0.007499366561996678
0.007700052969502003
0.007449945870209618
0.0068635026160056775
0.006527567476350089
0.006424303134566956
0.006342942148320296
0.006421629735804778
0.006173510879014592
0.005567271231801935
0.004955046791788201
0.004224901071448751
0.003569352594895927
0.003041793101440162
0.002468205397845753
0.0019100263889050343
0.0013363783771765888
0.0007327257998360321
0.00016909191149191055
-0.00036144816144242486
-0.0011241994281606916
-0.0021314302392555795
-0.0032599166561118483
-0.004578771164162602
-0.005918285435313382
-0.0072663792872599345
-0.008766163954522599
-0.010381016401493165
-0.011320203038767764
-0.011521065864183284
-0.011329275459441955
-0.010521004680129816
-0.009585613172454974
-0.008539975159537114
-0.006936994022577431
-0.004867357893902552
-0.0028458262179003784
-0.0008523667308693991
0.001309843195963867
0.0035238049862604793
0.006224595357858479
0.009446445831109056
0.01288398401479049
0.016642060348207696
0.01909796745096942
0.0200603231047643
0.020370648660463335
0.01955568322923973
0.018483419859041915
0.017200727339765104
0.014844711415404992
0.01157519027877835
0.0086793159953387
0.006140637594573319
0.0034273586517654625
0.0008440588949426312
-0.002615211068750369
-0.00703033409233682
-0.011661604582927105
-0.01674683831945237
-0.02026913947857931
-0.02195255320053854
-0.022921992989653025
-0.022580587118388583
-0.021926107273604434
-0.021023949087281148
-0.01883361174238053
-0.015537945946327509
-0.012879611577823167
-0.010853171745275605
-0.008718710811255822
-0.006894604861158153
-0.004059708053904591
-0.00010867592261915132
0.0039688814396069355
0.008482830538598371
0.011642733969820017
0.01316805366715361
0.014129674508358737
0.01398943880988475
0.013557772786684998
0.012898896300149534
0.011118374016148685
0.00836352713659695
0.006313329486031289
0.00497647689626519
0.0036226003820919003
0.0026596057449959735
0.0008486100523200027
-0.0019099050773306054
-0.004672735690369332
-0.007728589657041591
-0.009747396739457672
-0.010496697527933242
-0.010813503700163925
-0.010291273580099108
-0.009483265947717881
-0.008438850114372495
-0.006509999274245352
-0.0037947864026441225
-0.001622996961089093
-7.788896833520154e-06
0.0016423240424753571
0.003002890730025552
0.0050387587943100925
0.007829642145663148
0.010635237911373992
0.013680751229668593
0.015657184938785998
0.016354081526772642
0.016550988312525345
0.01585099196345203
0.014840320477230589
0.013562107904878204
0.011359938393160438
0.00833716377829155
0.005731165095783705
0.0035459577509674325
0.0012369211153957613
-0.0008975823981334685
-0.00377463910058704
-0.007471189729045509
-0.011294128195762919
-0.015459727830851765
-0.018235986047893168
-0.019376932897359717
-0.019855753911357417
-0.019156049833597057
-0.018120568520919297
-0.016803428765741955
-0.014312637886792401
-0.01080008225930209
-0.007791184381403806
-0.005281659576690406
-0.002616569359500339
-0.00016128319190700778
0.0032384314383047262
0.007677060686104944
0.012291298556373996
0.017353399192892156
0.020837617168806156
0.022452700796497856
0.02335233938866859
0.022932998639926146
0.022169640023995858
0.021128886129559946
0.018774483214167102
0.01528370880233448
0.01245885739534815
0.010298700556416705
0.008029920710300105
0.006086341236971901
0.0031126187645697584
-0.0010004845933617207
-0.005233666034758637
-0.009904846178204446
-0.01335658220754705
-0.015318462215286845
-0.01680495061309974
-0.017315564341603543
-0.017578087233337276
-0.017654346306850192
-0.016725458286409027
-0.014923688733073873
-0.01384635071674917
-0.013506247947416885
-0.013204174847928008
-0.013329970145135239
-0.012715652440073949
-0.011267634739016947
-0.009880525577585819
-0.00828307143908291
-0.006896584323236361
-0.005856568985733979
-0.004764954509247933
-0.003763849215312404
-0.0028109827674516427
-0.0018775338964497211
-0.0011147134126799005
-0.0005163181643210291
0.0005754426973897625
0.0021906899715648433
0.004013198916845667
0.006212549485363122
0.008367764673306202
0.010444839798401297
0.012795114374740388
0.015324975838339326
0.01695580209768256
0.01762024788078208
0.017758706261588524
0.017070984688561268
0.016260331497902646
0.01534845942925292
0.013713656274478469
0.01148792960894554
0.009308127013462647
0.007141550566276693
0.004757811017183985
0.0022994034030701265
-0.0007917368511137602
-0.004557965078150258
-0.008614434255606915
-0.013095801869706852
-0.016192394823226083
-0.0176886485311132
-0.0185378161431193
-0.0182132287133815
-0.01767486127323086
-0.016978844763285292
-0.015169568521485599
-0.012425955640059709
-0.010199312927704403
-0.008475379538361458
-0.006656128232894401
-0.0050875334848620845
-0.0026444365752349396
0.000760199544625515
0.004292644662691908
0.008216678858262858
0.011027613935662492
0.012490958674760974
0.01350995841912384
0.01363356208364764
0.013542639320311727
0.013292810107326062
0.012134574962305909
0.010192904545911746
0.008875475505470676
0.00819060443533392
0.007527986702802983
0.00723047936016927
0.006261420496130582
0.004538696066765175
0.0028536135321283345
0.0009655347166248194
-0.00047180165712721825
-0.0013099783831055749
-0.0020331571279348535
-0.0024340678953743387
-0.002710822557399419
-0.0028946942826734816
-0.0026970129109914393
-0.0021519838969979842
-0.0020413545317107995
-0.0023854983481411828
-0.002823338215710293
-0.0035503652513337878
-0.004029762248569394
-0.004217338882235743
-0.0045400020800072435
-0.00487477980174989
-0.005086267180085889
-0.0052082069265777
-0.005215363668199064
-0.005080714800664671
-0.004980049786102348
-0.0049105187171528866
-0.004761909950866331
-0.004569361132689407
-0.004259934047832085
-0.0038150898051653444
-0.0032929750834590128
-0.0026701416590111807
-0.001955414483054392
-0.0011517996684412715
-0.00023313793989233924
0.0008001499743667745
0.0015204099523165296
0.0018905885187743426
0.0021132032560409447
0.00206788975890484
0.0020086309972929934
0.0019480714255694584
0.0016517770951397569
0.0011685941673807059
0.0007926768478489828
0.0005169291707497489
0.00022900206534761606
-1.889349635587638e-06
-0.00041466621261641504
-0.0010263121477590794
-0.0016633403203434238
-0.0023814695225941166
-0.002736614635092955
-0.0026669209265566887
-0.0024222971724822467
-0.00187108169947935
-0.0012295697073291551
-0.0005122467149691255
0.0005085669122985502
0.0017933797299012405
0.0029579512218504203
0.00400345907519026
0.005093732157089119
0.006136618749021307
0.007423018250890982
0.008976362949280342
0.010578842393940028
0.012298828020663266
0.013338858634254172
0.013595775628097889
0.01349406390649169
0.012797851048584916
0.01191653450124676
0.010872150983126454
0.009244742766159872
0.0071077334632771065
0.005120289280727674
0.0032752517564003814
0.0012933934296104513
-0.0006696808951079645
-0.0031249094436312697
-0.006114855629736536
-0.009263837074527721
-0.012693740183053205
-0.015109904045233224
-0.01634507368891735
-0.017098549627652615
-0.016989070461215637
-0.016679860327067437
-0.016210364615200333
-0.014902830770467
-0.012878646181299571
-0.011220673206149799
-0.009921149036313665
-0.008524553326687537
-0.00728915297896113
-0.005383377288734206
-0.0027406917835466867
2.1172984317379036e-05
0.0030981509608411515
0.005344272027253681
0.0065829691001937
0.007498963934024956
0.007749332480028535
0.00785790551500614
0.007867124386590188
0.007204312100765178
0.0059660111883433125
0.005221775895701158
0.004977939997137694
0.004772189499977745
0.004865252847232256
0.004468964042068805
0.003521401447796584
0.0026244949512755577
0.0015956135437670996
0.0008351113500181638
0.00044617157917188003
0.00010638519562005782
-5.459250733093376e-05
-0.00013145376775099886
-0.00014576391427337796
6.857522498011909e-05
0.0004957416524432036
0.0006116295370769838
0.0003989057163261552
0.00010378962105199601
-0.00040612358611687697
-0.0007798574841581272
-0.000988475200151761
-0.0013156525115183627
-0.001681644049704132
