0.06647564402564657
0.27603267464340236
0.3112905307643173
0.14873900082573135
-0.06940985783210545
-0.40909519569449304
-0.5027655482846553
-0.31135307655627437
-0.06625784670421478
0.33113498070121444
0.4904142377453118
0.3644725424356993
0.22303432407316506
-0.03807013365001667
-0.1719610180691691
-0.1390837850900152
-0.14453087031220427
-0.12233738599321714
-0.08559661304823288
-0.05379151408636329
0.033002553255957884
0.16920058865839063
0.20351839081563558
0.13312549498109533
0.027137637713342204
-0.15167305044283028
-0.21662268032662998
-0.15045484829230762
-0.07369567709367689
0.06178709476557979
0.12148739776329956
0.08596958026954989
0.05928179716767786
0.00550255455760198
-0.022456918859574935
-0.011321641429212029
-0.015801022790256296
-0.020753559055118206
-0.012132170475128653
0.005396508915567543
0.03732950710834203
0.0862111298629265
0.07648572382355251
0.0031558797620351445
-0.09566293653608357
-0.23999174217680266
-0.25825415631907345
-0.13373773263129113
0.03495343201959465
0.2944481329011634
0.3770026567676312
0.2547387944997425
0.09524227427571073
-0.1731571381821018
-0.26558298837188504
-0.1478235645788654
-0.016424423071294148
0.20457385672393627
0.24476501173871332
0.06603432457096453
-0.139828314187593
-0.4472382471333461
-0.5139158032298246
-0.2949822123551292
-0.0154576690795186
0.4197589275689907
0.577830403111357
0.4073367622181429
0.19580785445854212
-0.17362503968423643
-0.3418710289787185
-0.2602679447005491
-0.19914039959938787
-0.06312610094219429
0.04080710719226405
0.08238589099865185
0.19147220967548853
0.3385240769159595
0.3388440345221638
0.19163640781774804
-0.03787686735544099
-0.39664625636137496
-0.5102747289400704
-0.3487289333025772
-0.13152396782731635
0.23882095259627675
0.38330387769128205
0.25826594900446204
0.1267864124839701
-0.11087083494453472
-0.2075391726775121
-0.12281280528493907
-0.05715189615739524
0.05665520960906061
0.11001877370745934
0.07567691432909127
0.06042039444869229
0.032299750366248076
-0.0082724550673306
-0.05074968612875016
-0.12185208794020498
-0.21966882505389465
-0.22554491567672558
-0.133193363821616
0.0023241008923207906
0.2123241312144897
0.29945904606620116
0.2461078986483228
0.17366058998854503
0.030600236720530558
-0.05261186404650961
-0.058661032426606245
-0.09351066844606289
-0.12393728126181768
-0.12963943976069545
-0.11853023994998886
-0.07386130628855196
0.008805811830142065
0.04430827307275487
0.030749393795913738
0.013867716727674402
-0.026414621858046834
-0.016257660957564157
0.0532411708905842
0.13074481574231006
0.2358524143577408
0.2416792282779149
0.13234024667022423
-0.016056989152702737
-0.23945784301562853
-0.3262914004176311
-0.2546458069603482
-0.15667491015957094
0.02425751499519495
0.11652873572529407
0.09868255466935663
0.10104856491086696
0.07922929649197301
0.05842741787149447
0.0515168846224049
0.010387941952651802
-0.05753598297106971
-0.08009340736388505
-0.05853672729736106
-0.02247967356727951
0.04491504980126066
0.06372590202141315
0.026958071155461245
-0.013228019501087287
-0.07711508373645604
-0.09980325814831927
-0.07185868647368374
-0.0407243654588564
0.011383451037574563
0.04925473012357019
0.06652293534823488
0.09502292591231744
0.12533381543054645
0.10797585017381983
0.04112727534607264
-0.05954607858902411
-0.2077947934331771
-0.23052839061541494
-0.11345866730770712
0.048693174523905806
0.3022864778033753
0.3764479816554833
0.2438022211923367
0.07318263694686375
-0.20755681462629755
-0.3346460532661485
-0.2759438440730548
-0.21840395545733793
-0.09220772562717812
0.0020214030139219692
0.04273994649251838
0.13633955808137418
0.25644742814517585
0.26302521901091136
0.15549419885130056
-0.019848151432029514
-0.2990933094767473
-0.3725179278507042
-0.21585516005764482
-0.008627285868518932
0.3298174915626379
0.4308423176799999
0.2532192435393767
0.04053303609205146
-0.3054368609461511
-0.40775526022967545
-0.2171556977138107
0.0046927469186977405
0.3602552864876759
0.4482442219514058
0.21460018161172686
-0.06382285266311942
-0.49730200093292265
-0.6119754517419579
-0.3467265944786247
-0.020000923710776223
0.49823735745732683
0.6572265245214786
0.3878519915366877
0.06250918135722548
-0.46852569565909025
-0.6551974844925355
-0.42491528967130565
-0.16611112423804486
0.2701667766775592
0.478238949599193
0.3955928636744176
0.3406969175440684
0.20364177146478943
0.08951931365418973
0.03299167134154927
-0.10734052658424746
-0.30181559602375374
-0.3716799292094179
-0.31971846872081827
-0.209038297209156
0.003823448213293735
0.11266937068432042
0.1032190673989219
0.1120223812729783
0.08910238466401042
0.07345337053868914
0.07826306999315065
0.04482836848543646
-0.016723598355466576
-0.05703772507485548
-0.08113138577249453
-0.10630467612725444
-0.12287831807536306
-0.09229894052360421
-0.010165325923723273
0.11317180597587588
0.29042574508237734
0.3113372609901576
0.1588115097330328
-0.055011976488766406
-0.3867826674470761
-0.4569624730743143
-0.22809885796985915
0.07037359307935448
0.5401431653259025
0.6794939538918412
0.4320921784973576
0.12316454028081955
-0.38211367056503465
-0.6106135912566647
-0.5018190409310106
-0.39545392415150643
-0.16535006344577494
-0.004234818867826676
0.04742317821144483
0.18716420087721639
0.3639391159775721
0.40186848387706214
0.3073287632047975
0.12449630917148435
-0.19016889285219396
-0.3076555129799177
-0.20623504601213868
-0.08193551615354805
0.14782039973240968
0.21743092780448825
0.09262135281959079
-0.03177870613451641
-0.22602841346169325
-0.2707864401663034
-0.13042783686860665
0.03337171498142172
0.2826337370154459
0.3479065690828657
0.19307872785091726
-0.0012373129752646875
-0.3098380475053314
-0.4027070943114172
-0.2394910932665495
-0.041107932494725795
0.2819244819003867
0.38226959443073777
0.2150469040014343
0.021147050163328927
-0.2936250614676497
-0.4045988738887944
-0.2665161002451668
-0.11308845571297607
0.14425360755999098
0.28227695616361004
0.264988729958888
0.273353274325291
0.24687435881898445
0.18163064034505202
0.09186292433317446
-0.07088784685991828
-0.3073713275562292
-0.392550724614791
-0.31663931561806213
-0.18981704958302764
0.045298097349351606
0.16424512929849752
0.14616557648758347
0.14775549557151701
0.11287299334053644
0.0688312291189226
0.02945265888123737
-0.06393557435626974
-0.2044041131999048
-0.23358432838829865
-0.14705877664281508
-0.01660369105288784
0.19769074572739412
0.27436796353999826
0.1934480638395346
0.09469076752146904
-0.0792482970992666
-0.1496788351970466
-0.09259694577368895
-0.04101410546075644
0.052595685170838395
0.0841270530562962
0.033733068379500505
-0.009930792950595237
-0.07609831685020348
-0.08821267201154792
-0.031090968730044164
0.03489228204104243
0.13232940366261173
0.13806230234360295
0.03604842895753107
-0.09602920424507491
-0.2928597568837338
-0.336544842207644
-0.20336981126357717
-0.026821973715519334
0.25245996461854875
0.3684549310601513
0.2912529423129282
0.19856212202014842
0.01966466374246703
-0.07879318311324221
-0.07147786316351391
-0.09754651202383101
-0.11334373603290186
-0.10698005899892107
-0.09023456271634109
-0.03369536420617823
0.0642928962631885
0.1037510292876187
0.08304725362484801
0.05272777047508015
-0.010926838343671513
-0.05161016217220607
-0.06293941687044514
-0.09148382015173406
-0.12368038902610161
-0.12158438491604057
-0.0863347042305594
-0.025548835454743866
0.07061592327890141
0.13411516243687965
0.16136769895692032
0.1941172985568018
0.21596853019436238
0.1795906298951507
0.08231513652849674
-0.06723679372789503
-0.2837412981558215
-0.3500247369429793
-0.24980587510229033
-0.10061301597105628
0.15503543657661678
0.25793080309709965
0.18193057718051317
0.10026730836801846
-0.05426275704110864
-0.12719997148608178
-0.0935441324290876
-0.08267422036162612
-0.05337804798398465
-0.03031229519152296
-0.027681494653496775
-0.0004670425254262346
0.042837340299424854
0.06828679515549455
0.07952798591187654
0.08640921573137327
0.08210376089445637
0.05828293862708165
0.013128474204717027
-0.05518605384059494
-0.15053785020499602
-0.16264875076928897
-0.08297533998928423
0.0319214572033209
0.21187296962522933
0.25984525257035035
0.15708544163312982
0.0233544702938309
-0.19365803492722183
-0.27905927872913827
-0.20780585248665445
-0.12666947488172436
0.021447246177185762
0.0852627146129455
0.041717792571973625
0.010693173099015569
-0.04846665267797579
-0.03604935849749647
0.06761545282308722
0.18209187503774613
0.3364418234998311
0.34019618049301986
0.16864827596484694
-0.06365950330552136
-0.4111627487506771
-0.5227782000606894
-0.36239515021839447
-0.14470921798651096
0.22483325602199727
0.36224134248651807
0.22330578126908662
0.07191263719818414
-0.19344028926489565
-0.2647949483160407
-0.09629427132109138
0.08118441086174649
0.3518159778422904
0.41328788684117257
0.21978434854864234
-0.015269141777564471
-0.3770324286511879
-0.494897451893519
-0.32147787098937614
-0.10568616820966163
0.2540081735174892
0.38389634994879107
0.23571938133310044
0.07381488446237336
-0.2023750568773049
-0.29123547875652844
-0.14708318073200463
0.0025525498788757407
0.24035475713361296
0.3097658343758668
0.16976068937114577
0.011115577823070023
-0.23815196455077406
-0.32235123778522484
-0.20454709324042653
-0.06720024832747896
0.16044391852239095
0.23889151354062887
0.1343205987333195
0.020624838600998695
-0.16756610457090915
-0.21437089231470297
-0.08758909478858501
0.05543989720545632
0.27448437425460115
0.32764794098487837
0.18143014867831928
0.0009640201631806473
-0.28101901184359795
-0.3734438851271046
-0.2398976251197378
-0.07619946487310413
0.19688287648696537
0.30070729392713663
0.19848312572398036
0.09009452744217504
-0.09944707701331224
-0.1803428700709571
-0.12140284264715125
-0.0756471078479099
0.008796210400401032
0.05748316732365234
0.05081195303647178
0.0670626929722148
0.08460037585415418
0.06487946157435166
0.012667560428331903
-0.07135808848780802
-0.1962249624008618
-0.21602417882811673
-0.12047635209965751
0.012913889211205868
0.222578080791973
0.28851443935457727
0.18871118323680136
0.060853709769387664
-0.15343430675061345
-0.23363846990010634
-0.15271422212757943
-0.0650691775965857
0.08804855121838825
0.14450731652686613
0.07902316839504836
0.017736322978047184
-0.08360319737893504
-0.12764926680508215
-0.09537016030859843
-0.06973088808914933
-0.023123737255775618
0.03081801354730134
0.08402090221660576
0.16624155443171656
0.27338091520004204
0.2664695715187539
0.1368477283824971
-0.05253431000106113
-0.3393381383198956
-0.42801827166043005
-0.29235939350716833
-0.10621912304102682
0.20869623119622768
0.32709835782843183
0.21255623340500235
0.0868643115142175
-0.13564402935612535
-0.21547910558051778
-0.11625865424700266
-0.023259356965045722
0.12849055546385937
0.1827919595585946
0.11028244664223527
0.03883165214683694
-0.07600688440979202
-0.12485858902035754
-0.08726779150465458
-0.05256492616786038
0.010382413680193738
0.04833678062295214
0.049436947197588864
0.06534158318009135
0.08108959849978885
0.05777996700965602
-0.003167452909340248
-0.09559137592926564
-0.2296569280686988
-0.24857112209491605
-0.14019752466092056
0.011719319737360142
0.24903102049062606
0.32727432614031465
0.22220383939819668
0.08630855131925827
-0.1452478898816002
