-0.02987422378207496
-0.023262105684507987
-0.01693884327127469
-0.011154180520126143
-0.0016684227398943052
0.010528895619237139
0.01734764866486681
0.018569487902193444
0.017396140096446543
0.011715928652769898
0.007369073115867836
0.00464115128781594
-0.0011964374260094687
-0.008925121191825213
-0.012848366697321225
-0.012999178770855708
-0.011261328832504136
-0.0061922668010303454
-0.0023417146385845064
0.00011439226833813773
0.0046766533670177185
0.010394138049525182
0.012819388860839404
0.011926924598156963
0.009169918358055243
0.0033911128059088717
-0.0019106396628270498
-0.0066284339397229865
-0.013517804220883218
-0.021872392306177903
-0.02451387144087654
-0.02106916487435503
-0.01445499452628114
-0.0027111016710017533
0.009263446325404654
0.021280715724842022
0.03752570204002112
0.057036818523225424
0.06598651249441531
0.06356930037005522
0.05570432503323651
0.038615341622685234
0.021454523344650027
0.00463486088060195
-0.019746276943711623
-0.049871145741522904
-0.06725466209408054
-0.07115696037015197
-0.069177892821959
-0.05640471930228934
-0.04571854881540071
-0.0377428693245063
-0.02178461526642406
-0.0004889265535918841
0.01301702140826355
0.018846660401554468
0.02150465324951663
0.017712425405933572
0.017967358699883234
0.022749921439649854
0.024069256186395504
0.024173051400927167
0.02329495267477801
0.020519725046445964
0.01726868277116057
0.0133351216433469
0.00649518719293796
-0.003241003062495211
-0.015041153766725547
-0.02944764834714484
-0.03715565875436936
-0.03728264415548758
-0.03467734010395142
-0.02674824669918396
-0.018713336063556768
-0.010952298919972422
0.0014125586798231875
0.017321094423442512
0.027058657985456543
0.030372547605139365
0.0312085870441431
0.027052788364980686
0.024836018314277324
0.024933979350674963
0.0217476640418307
0.01674512997844252
0.012559206739968007
0.008743619570395053
0.005025658553054811
0.0019293874061794005
-0.003543208163543578
-0.011498915422661621
-0.020060633815483935
-0.029913596775197983
-0.034935818990123164
-0.03436591021139908
-0.031602961156881736
-0.024875461876117316
-0.017267982272067234
-0.009006892372262335
0.0030343400152321696
0.018263968740615692
0.026623009170504343
0.027605898078507694
0.02563622029469257
0.018029828731142537
0.011475612668732954
0.006349812903625724
-0.003007653526935654
-0.015210467583717082
-0.021192647779694433
-0.020802034480162906
-0.01741987015150266
-0.008698496325901008
-0.0013828436954642122
0.004229533805448887
0.013521579391835209
0.025092114011007506
0.030779806630026937
0.030442956127859355
0.02699882001116819
0.018311229868201686
0.010529525877695942
0.0038808007809444938
-0.006561571215850404
-0.019547102774087718
-0.02699950008379061
-0.028746896234628134
-0.027787709975146162
-0.02200772719220198
-0.017426929313386994
-0.014293012459793586
-0.007770602640860844
0.0009039750203866214
0.006456932166487846
0.008986379743245993
0.010180326209878514
0.008731066316749936
0.0090089414459496
0.011196366815018883
0.012015007658648127
0.012398212669147798
0.011671528597448312
0.009385898867406843
0.0064945105797759315
0.0026929561257911226
-0.002494399610019322
-0.009043191399237687
-0.017028254950764193
-0.026590927335549183
-0.031048025944782735
-0.029812138287632236
-0.026174091794009247
-0.01826789080867434
-0.01000338630966267
-0.0016156170704643004
0.010498104115337237
0.02556275907440015
0.03408018942848086
0.03563130737714581
0.034233844782442985
0.027360212569663672
0.021491673319900116
0.016962427268224545
0.008347110404926038
-0.0030188618678130786
-0.009788357700433879
-0.011951213169237428
-0.012118215690010767
-0.008428271131540094
-0.006592124103251935
-0.006868619693588196
-0.00483130502054884
-0.0016897844973990193
-0.0006813493141351529
-0.0015983406450368394
-0.0037336433359038378
-0.007860502587625065
-0.010946915923130879
-0.012913737448217468
-0.01592165166898369
-0.019332300340409902
-0.020246753556866663
-0.018605483397115076
-0.015324213481762328
-0.009620052960383114
-0.0037343746863607395
0.0022942841865032457
0.010288701845984658
0.019821300808323755
0.025654728702359856
0.027515981253538883
0.027614228708990527
0.024531181870821116
0.021827433577699673
0.019668218002332344
0.015031422334484198
0.008634557669754617
0.00421278206928457
0.0017189677559819843
-0.0001680779797290238
-0.0005296291661983657
-0.002368661995694704
-0.005843371052362386
-0.00869699149531102
-0.011588235116077891
-0.013961669444403484
-0.015509531140590503
-0.016955157800143894
-0.018071847281965467
-0.01861327285494543
-0.018613693391217562
-0.017973819887701508
-0.016623390380281804
-0.014684810191062159
-0.012104307936000905
-0.008737024120425185
-0.004568512002738119
0.0005271278674796892
0.006614234643865779
0.013680820416841648
0.02179835498328663
0.026425483285563323
0.027135112658089454
0.02614170401106521
0.022157978367920446
0.0178532771383862
0.013370213306436299
0.006224565658202464
-0.003067869719442282
-0.00881927770995862
-0.01084087626199386
-0.011525221600843568
-0.009390416509232813
-0.008434313546482873
-0.00888623410095231
-0.007488653311660357
-0.005091230339921079
-0.003619779118016923
-0.0028531613011441395
-0.0024454643510569128
-0.002814689113469392
-0.001995882356306227
8.209410419615682e-05
0.0021141287916795542
0.0045388610274708484
0.005982992163876725
0.006192218317593915
0.006138582879792946
0.005411745680295566
0.004486330364459339
0.0034383491456583355
0.0016670754676738908
-0.0007316040839117536
-0.002238085132111149
-0.0028064139243099287
-0.003107671547502868
-0.0027537068373900057
-0.0027811552467515363
-0.0032616261621615165
-0.00335368318569819
-0.0032847225330159165
-0.003055589876424172
-0.0025631368431121627
-0.0019614725851681146
-0.0012183285263509674
-0.00012210806991565007
0.0013288535037458808
0.0030700834191563766
0.005156781863776505
0.005783873756095984
0.004779019307337263
0.0030401080635791104
5.7060730178610005e-05
-0.003137552587298159
-0.006484221185094199
-0.010953268415752074
-0.016344214860017536
-0.019131830784002907
-0.019108585685652685
-0.017818718435921647
-0.014303939350600814
-0.010869618993924215
-0.0076304845332049705
-0.00259445535098728
0.0037749658802683174
0.008948162819146678
0.012954377608328125
0.016705754456644715
0.019581385353881608
0.02360025793833585
0.02887348164233411
0.03388298935374979
0.03907413309864193
0.03990001416026198
0.035725548248623736
0.02899134718250962
0.018330427869522242
0.005968779420441882
-0.007988157037078399
-0.025915366358042854
-0.04743514003053851
-0.05905178962897277
-0.059822656390315525
-0.05593875596615499
-0.0436936167482598
-0.03159577300851896
-0.020101772953595474
-0.0017019131490964667
0.02189825777283503
0.03566679311924947
0.03917094029877911
0.03846116174253182
0.02961497187813377
0.023392694457008
0.020343455298765956
0.011734323314215648
-0.00018004098970227837
-0.007586942617661654
-0.010822685448348234
-0.01209182454351696
-0.009516068245850336
-0.009932790963167182
-0.013608888880283467
-0.015579418612548487
-0.017318642576894215
-0.017133111506483507
-0.014307778303456198
-0.010667808959223219
-0.005585660569411824
0.001250812168214095
0.009752150702041823
0.020365300379062434
0.0332017420695861
0.03842087496600057
0.03519473091929014
0.028295960776191547
0.014986125764389084
0.0010879414133301761
-0.013059307825595438
-0.032783989369005534
-0.0569323807185939
-0.06775551382483441
-0.0642487095074084
-0.05407717527418412
-0.03242106493615774
-0.010985348214241639
0.009668402117146677
0.039617917858131256
0.07651594500096848
0.09574360726175624
0.09623147484068645
0.0881202549171872
0.06482444946477316
0.04333216893457681
0.024433760116398754
-0.006095476477447947
-0.044802718333046956
-0.06430980182042499
-0.06378641459284828
-0.05394195329467219
-0.027560346510975477
-0.004336132645033362
0.014850750946371324
0.046084405601949964
0.08532151954072972
0.09788735542987535
0.0823816570728655
0.05249533473822953
-0.0010814185337006314
-0.054012038411451566
-0.10532210426667057
-0.17534044331841858
-0.2591999036442481
-0.29627660191156646
-0.2832167333228006
-0.24547890048636906
-0.16652764763945954
-0.08694040515765561
-0.0084560092303073
0.10379643896165744
0.24178364698590682
0.32080055763148896
0.33725621244749754
0.32615385507110645
0.2648991355333108
0.2121740224578495
0.17079390180973175
0.09181358738551096
-0.012764448049764898
-0.07777704158563793
-0.10328258643770118
-0.112399900340056
-0.08869621693796836
-0.0832015283562747
-0.0982892365530023
-0.0946290767134686
-0.0830963741408336
-0.07532761137308186
-0.06779088297522468
-0.06236808552522776
-0.06100560237364265
-0.04667202946505098
-0.019090232755841298
0.011955893093736018
0.05030912085860554
0.0725611127145467
0.07576013591193337
0.0739066769430921
0.060363574039531874
0.0462978327603885
0.03286815011320824
0.008701908139183305
-0.02388098636865361
-0.042016342739963096
-0.045166993254783176
-0.04275490756678059
-0.028918033958166958
-0.019836822370425437
-0.016453800194373952
-0.005745144948648183
0.008819379512122943
0.016967717231258013
0.0192765216779275
0.01824341121651322
0.01141101427198048
0.008054912908967253
0.00845603263635384
0.005935636120905659
0.002457437377565931
-0.000309781885153891
-0.002936316298316279
-0.004848468495559473
-0.0057536275843864055
-0.00838947479669118
-0.012736094513516896
-0.017206291328421313
-0.022380438344242637
-0.024882652516523048
-0.0242499569836264
-0.022495382425768533
-0.01864104931430818
-0.014194504124850776
-0.009297035989535315
-0.0023252197312352892
0.0064292251930372964
0.013317477250199867
0.018246834261514647
0.022791691656658456
0.0260234605413375
0.030506989448953324
0.03641440146846516
0.04169188961740304
0.04690354866989753
0.04683323347733074
0.04069710159034084
0.03132013667494917
0.017107658906097025
0.0005312926619717682
-0.018307036371622593
-0.042130559442742396
-0.070540934077246
-0.08423716403137843
-0.08176520016900451
-0.072055493609721
-0.04976117930005409
-0.02685677645578684
-0.003965554405689621
0.02962340735701057
0.07154141312212701
0.09347109586777283
0.0941250262005065
0.08542551734718057
0.059806838533068514
0.0366002126201093
0.0167682393364919
-0.015917149500828225
-0.057498395669022845
-0.0803618955837066
-0.08391972823717925
-0.07866495720460749
-0.05740817312951496
-0.04049808459699807
-0.028847587589328025
-0.006112138989635159
0.023488084477567277
0.04029729685254608
0.044431892147102005
0.042391657909994475
0.029199805995039525
0.020606670507388222
0.01722510520425764
0.0069534911295179155
-0.006911534376421799
-0.014226728639304895
-0.01543701363672921
-0.01310931205150748
-0.004762381381568936
0.0005088032345655197
0.0024421242871346246
0.007674004352200556
0.01429890154612035
0.017590367484550992
0.017826130026973423
0.01592554741073659
0.0107271112184736
0.0067398927723120415
0.00403644287952508
-0.0006340880833142193
-0.006352510154088723
-0.01047627434569557
-0.013118426176447356
-0.01490896367660826
-0.015193067083536533
-0.01640969457974187
-0.01861848933053094
-0.020042470933468504
-0.021187328847749213
-0.0205046231750339
-0.01762726428449896
-0.013617203775581937
-0.007962946389144267
-0.0010580308193274528
0.007067516732767999
0.017100306315284426
0.0290069353607633
0.0352434347578566
0.03520561653768174
0.032472250482853494
0.02494772034525263
0.017213101244635914
0.009521625806388365
-0.002267630365002422
-0.017246800260218405
-0.02561615112581289
-0.027000050926543874
-0.025477891883581946
-0.018462442295905542
-0.012766498297742358
-0.008743678426359393
-0.000762436047050438
0.009761631572212966
0.015479840845984551
0.01639312729231917
0.015046905225162048
0.009575557939569417
0.00572925623321828
0.0037504820465747847
-0.0008179061966556077
-0.006767935069476161
