-2.7954825946363356e-05
0.0009426527410177865
0.0020480109793009783
0.0032835791149251783
0.004783940983652491
0.006529865687612124
0.007137096928353699
0.0064897567095371835
0.005230970002468106
0.002971351147899238
0.0005494597377333759
-0.0019952519517692307
-0.005430038105914198
-0.009593870785153835
-0.011620965526704956
-0.011338083967309967
-0.01000145616090908
-0.006829649616315205
-0.0036940406001410627
-0.0006862752504827501
0.0038152651326535405
0.009435811685774126
0.012258989335184278
0.012118966843908152
0.01062952952598901
0.006745502991052993
0.0031752846193341296
4.697483572301404e-05
-0.004901386381547949
-0.011117301032291523
-0.014077243332291961
-0.013629611935002232
-0.011552433108986591
-0.006646929525075272
-0.0021388375876496366
0.001831333792032711
0.007916759349951034
0.015459962779770006
0.01916913104101138
0.018862966292285132
0.01661151246580172
0.011008598680117875
0.005831472781625161
0.001239741857827003
-0.005878552489797166
-0.014756976234918295
-0.019414737780961453
-0.019665397835224467
-0.017837648701282592
-0.012350577455131864
-0.007510916283192441
-0.0035054869909860844
0.0031890264991156427
0.011692403497995657
0.016337085830493966
0.01701821029915844
0.015841001160554015
0.011330770654905939
0.007721991417500198
0.00519564829250969
0.000367178736723122
-0.005887642913903308
-0.00959044346679309
-0.010774081412534655
-0.01074093226921694
-0.008486635707459588
-0.007224415972482228
-0.007079329653701856
-0.00559339833519179
-0.0034408077961874815
-0.002038756285812112
-0.0012333394680598836
-0.0008090838132707211
-0.0010849039797094042
-0.000584004040310652
0.0007313079286003732
0.0018661804265376703
0.003139627708017668
0.003918403518536271
0.0040417149867991095
0.004036626261679172
0.003702583382489865
0.0031465969429899936
0.0024058682639305513
0.001245676338059512
-0.0003161057121137468
-0.001640488686235406
-0.0027156900864536877
-0.0038460004786419807
-0.0048758119154609925
-0.006240817991510899
-0.007982000102316247
-0.009758821322392862
-0.01167475937403531
-0.011240392800491378
-0.008164782873880859
-0.0036893134183152375
0.0029182788805065304
0.010305880575060862
0.018416833308856156
0.028598070030853986
0.040610016440291746
0.04566162729406313
0.04308691564491911
0.036900206684167575
0.024655888146222802
0.011819621639253224
-0.0013444895992536913
-0.019740265539277508
-0.04229993035080401
-0.05474525691858838
-0.056362105631188174
-0.05324588657414066
-0.041559189816243895
-0.030925874041405416
-0.021826283044199517
-0.006109399535772149
0.014264579916063568
0.026133323206419794
0.029290230764831723
0.02870716612569628
0.020992757701194992
0.015978579271841046
0.014128672986162123
0.00764057146984417
-0.0014201185186483356
-0.006389970696416231
-0.007574108181108376
-0.006740723032956702
-0.002280161635929819
-0.00011206374896102024
-0.0004381380217036392
0.001038416870042445
0.0030570275206596048
0.0039675888640696415
0.00407829234939777
0.003288761513334853
0.0012432067311926695
2.0603432907589068e-05
-0.00038197730110737865
-0.0012984048765658331
-0.0023003711858064855
-0.00280093228980061
-0.0028699940855758483
-0.002481390457709182
-0.0014878195472271107
-0.0006014836609860657
0.00019245034486153542
0.0013854223722565865
0.0028433123626787167
0.003766646824099781
0.004135288593649359
0.004241768473696509
0.003874102127260848
0.003648816249486955
0.003589666643747975
0.0032041056102923428
0.002618312794156675
0.0015741662836557726
-2.0121207091848735e-05
-0.0019647567307280608
-0.004358184311031471
-0.007191400096532617
-0.010467756443349173
-0.014292801621827106
-0.018681312565942115
-0.020257672374831805
-0.018712636906959564
-0.01565626792079637
-0.010130943774854507
-0.004123521332104482
0.002269876341813015
0.010901459091857656
0.021393325026172107
0.027186480898826054
0.02790582915617967
0.026428285667139482
0.020977319767318477
0.01586979877652656
0.011327247962657841
0.0036403018120461164
-0.006316329946020225
-0.012036855235928762
-0.013383907589339883
-0.012880423325622817
-0.008841104262020645
-0.006041848890849131
-0.0047150251814463565
-0.0010354565770464305
0.003994820823947882
0.006160607872557221
0.005519707305729762
0.0033934933500212993
-0.0012785057250476969
-0.005049490936516979
-0.007795884633984156
-0.012141484561953521
-0.017367024881636457
-0.01950030003814855
-0.01845313241835905
-0.015607370070875344
-0.009906732891281356
-0.004341265726275514
0.0009998154982532974
0.008540829359262755
0.0176896092141381
0.02275561348926603
0.02349186232534474
0.02220668072249071
0.01737203082315219
0.01295804139899784
0.00913854086407899
0.002593654627001318
-0.005874930898186266
-0.010952296562559014
-0.012558151976325227
-0.012696301589217354
-0.00999824388940645
-0.008454422167749323
-0.008253922701553605
-0.006237661711581133
-0.0032456198045426898
-0.0012114691667809297
6.485460210954908e-05
0.0009376689184632484
0.0009760580217629095
0.0021369933880065408
0.004484815968818435
0.006700662348018937
0.009215044804553601
0.010241858742208879
0.009475501097543798
0.00806849448467406
0.005483555009169713
0.002417090742745104
-0.0010561505457459205
-0.005769537253185616
-0.011595426793621175
-0.014419041824258698
-0.01397456106323928
-0.012142746824050997
-0.007804546719933894
-0.0035684919824202476
0.0004193810383031553
0.00643978596052789
0.013963360032277368
0.017926740212312327
0.01814039344296243
0.016660325617841202
0.01214425133115611
0.008134755084889035
0.0047994059175809935
-0.0007947441459994349
-0.007921233886846273
-0.012240605090664991
-0.013707540338043804
-0.013902523510816717
-0.011710733142361146
-0.010435914750645177
-0.010223921559747443
-0.008472963461296607
-0.0058746157962698865
-0.0038535374745673565
-0.0022270935458930797
-0.0007798444455485401
0.0001827832954663171
0.0021829483405195528
0.0052720166667780104
0.008454676360582418
0.012071048432005868
0.013639131550711253
0.01282037537071662
0.011032510037239257
0.007547238055665492
0.00354820199492792
-0.0008757023854169879
-0.006972280254569861
-0.014520481206391496
-0.018584171506710906
-0.018875409160945513
-0.017607906071764868
-0.013449384058837197
-0.009604970936970157
-0.006252955122519484
-0.0006332794724760588
0.00659796098781512
0.011167464638533145
0.013027826141021458
0.013782557529169695
0.012339826201534022
0.011917359501204608
0.01267163675553976
0.012070126407235895
0.010794502239715264
0.009156733913987459
0.006873940668974862
0.004251176083182899
0.0012774415489861454
-0.0029005097876845408
-0.008304149953500357
-0.014557239289783794
-0.021873339663212466
-0.024987738151604755
-0.02337569531520039
-0.019692623140947923
-0.01244440328635553
-0.004596651254236162
0.003676192516041237
0.015188989422241738
0.02936816440827425
0.03640542064556423
0.0357462538781449
0.03168373896530473
0.021563595374389684
0.011837085157229234
0.0028341336012541536
-0.0109876920398136
-0.028321714597584147
-0.037631247084165445
-0.038524340794303814
-0.035619988549548384
-0.025871224686365036
-0.01745379325053966
-0.010750136038084453
0.000959785303766081
0.015994494745829306
0.024323297623609966
0.02582367897446071
0.02413893147939977
0.016680870793063952
0.01106211363043751
0.0076072767382641335
0.00029595842744415584
-0.009288315978322683
-0.014141315320880001
-0.014314154691010467
-0.012059805173573922
-0.005600142809801924
-0.0005950291025267652
0.0027522405930549593
0.00878852645287322
0.016338181368225756
0.020183292571913425
0.020327228338099655
0.01844077040337044
0.01317888292908692
0.00872423509551628
0.005209439552022442
-0.0006188046344663351
-0.007907379498080354
-0.012900856502454188
-0.015633339177521847
-0.01731943922133272
-0.017010103392713104
-0.017775750074411352
-0.019733698949653204
-0.02054368738131248
-0.020850058660555403
-0.019888908194837348
-0.017297498429519494
-0.013860863845139397
-0.00926811277942995
-0.003322241740269243
0.003970637863089135
0.012830466614836167
0.02334600469677053
0.029365667731208463
0.030368350848065877
0.029360250770294406
0.024630711725606644
0.019835018548226283
0.015193746827904399
0.0073727303435904045
-0.002897942386950278
-0.009669918810007902
-0.012840404727859024
-0.014784175108578207
-0.013983544627167681
-0.01480259178215028
-0.017486886624501773
-0.018580497651139134
-0.019023095225139678
-0.017821003349778184
-0.014448960264454157
-0.010003432039814696
-0.004061970313334514
0.003702474082761036
0.013280846243151784
0.024946136999205195
0.038832528349767484
0.04480341275707876
0.04196816423964618
0.0352542707651201
0.021821440022216223
0.007648420994431558
-0.006926945542530488
-0.027412053179974527
-0.05263331137775437
-0.06443795055029496
-0.061818721627088874
-0.05263232270858427
-0.03196287698971052
-0.011816001818187044
0.007216913370919155
0.03543720614841671
0.07042364812953493
0.08791817720784859
0.08690771519170999
0.07730580638147183
0.05263360021708167
0.0297153006978332
0.009324027554224432
-0.022588080032331086
-0.06260093099718576
-0.08481485642977168
-0.08852154303112734
-0.08375504568480723
-0.0637159306419496
-0.047202534273792014
-0.03505618833134798
-0.012014679342078005
0.01804853112343725
0.035497682016820645
0.04034841530087933
0.039347872890819716
0.027508835610052105
0.020311967045180995
0.018401220738766794
0.009805031783513562
-0.0022250244909238904
-0.0077768672005490425
-0.007306971126295034
-0.0033015192463352943
0.006655484490449181
0.01365623950222817
0.017442817298438513
0.024498942114364177
0.03295528892368945
0.036441219006176875
0.035043201794315255
0.030469728309997324
0.021071519237904335
0.012251841872088214
0.004109835746068812
-0.007504366059236919
-0.021520351348504177
-0.03157128293524235
-0.03755177572643099
-0.04178140713578698
-0.042602194208838456
-0.04488644482138738
-0.048836410373606205
-0.05059041956478103
-0.05115789759652098
-0.04830339342321021
-0.041297712814877305
-0.03183219808326697
-0.019083921412410092
-0.003264782633800871
0.015631473233974815
0.03854092943970803
0.06554187281202678
0.08109413567343254
0.08390587450822302
0.08146244169266888
0.06943846008709365
0.05717707975131889
0.045215078560234524
0.02506349357380546
-0.0014213290695462705
-0.01764607985010021
-0.023202510266941454
-0.024821434610536718
-0.018219105845406335
-0.015352595370884249
-0.01688029876459869
-0.013198137313912344
-0.006852774569134644
-0.005723631467948469
-0.009408275704005186
-0.015901995260339058
-0.027098101218059438
-0.035952825333116736
-0.042239654180355544
-0.05105282572021515
-0.060897166468370276
-0.0632758221026058
-0.05788116554062273
-0.04765285161398105
-0.03026386722199729
-0.011928704729022594
0.007229026819225995
0.03241185520402496
0.06244720059901862
0.08029424384664809
0.08498503507228737
0.08385492521580576
0.07226899844834511
0.061601597718784595
0.052394822901836995
0.034896874393127754
0.011393137010612354
-0.004253968894396056
-0.01202687258919445
-0.017067114217458806
-0.01589709836276557
-0.019251151245577323
-0.027693389954261988
-0.032960237418322325
-0.03737638202820688
-0.03961741139566052
-0.03857891872127499
-0.0364755876686008
-0.032640625696919764
-0.025713665857189892
-0.015745327158926195
-0.002715787508578134
0.013760699458080916
0.023551268363244254
0.025836168474578775
0.025784644497653712
0.020634333535371047
0.01634743189531659
0.013375652229165995
0.00635537501492037
-0.0034611276049388378
-0.00867642323544324
-0.009299850337194137
-0.008029874042376515
-0.0030152513224984126
6.647759565240493e-05
0.0009287556373896327
0.00395532989475734
0.007925263619812443
0.009731006491620352
0.009573844769328547
0.008076157816229544
0.0044882455373143944
0.0017257758692799708
-0.0001547327087688962
-0.0032458329893767083
-0.0069466351413499305
-0.009093049883464792
-0.009704470880404855
-0.009390537643330202
-0.00758988457006491
-0.006126558355125685
-0.00504018504796554
-0.002927387110153935
-0.00015256453021454282
