0.0008902157275631516
0.0009109405318367764
0.0009328363623364171
0.0009561319799674033
0.0009781788507545498
0.000999726325018026
0.0010086805522597341
0.0010034910593469488
0.0009903357788913763
0.0009656056264542618
0.0009355736947448519
0.0009004903453694702
0.0008538863444682523
0.0007968336548814954
0.0007389609973156273
0.0006800662194939537
0.0006160095157991152
0.0005490019093270904
0.00047138690783497415
0.0003824659474022391
0.00028771954207602006
0.0001852656538211663
8.246443517719101e-05
-1.949347025277087e-05
-0.0001255550491173754
-0.00023357075705636874
-0.0003467223172111705
-0.0004654452977973307
-0.0005862738630452294
-0.0007098940314461037
-0.0008439873085045259
-0.000988782675210117
-0.0011410667195338744
-0.0013028273033631275
-0.0014687679607713938
-0.0016385856763419435
-0.0018166140797582651
-0.0020017309544204226
-0.0021364729717618094
-0.0022154879735609614
-0.002264906753474052
-0.0022681828656308106
-0.002259345108237459
-0.0022395487724219845
-0.0021766922316285406
-0.0020769220699204875
-0.0019799872937732873
-0.0018845260062802527
-0.001774676151648512
-0.0016594699885182484
-0.0015058581899395583
-0.0013110746459157432
-0.0010983831249081841
-0.0008597379648218639
-0.0006359634194715499
-0.00043307660652401446
-0.0002255724535907916
-2.534815996230214e-05
0.0001864834561614242
0.00041196450513687364
0.0006311592481312459
0.0008479353817919792
0.0011013319792092717
0.0013920705339623394
0.0017038963997277376
0.002046685519010615
0.002392579279885169
0.0027398126631831194
0.003110519389908804
0.0034986044628260993
0.0037924401665988252
0.00398319284558959
0.0041188661356021256
0.004167744770725579
0.0041992658084217035
0.0042155582190453005
0.004153096398594993
0.004024590321899228
0.003902307089176527
0.003783198222585436
0.0036394557742438546
0.003487351379646716
0.0032653074337566745
0.002968319005700556
0.0026392455227499723
0.002263105573021535
0.0019241852754464906
0.0016344178651677799
0.0013424093457693256
0.0010726485287190638
0.0007851283927111687
0.00047581854604835896
0.0001863529735965616
-9.138644307694793e-05
-0.0004356028429337215
-0.0008474730852155956
-0.001294608296180569
-0.0017966736695061184
-0.002297261152372988
-0.0027927417194110456
-0.00332757404511386
-0.00388933343529891
-0.004329782800024048
-0.004638891852628966
-0.00487734494309673
-0.005003480856535884
-0.005113160236292366
-0.005209064249739874
-0.0052055339149387645
-0.005120276443826714
-0.005043844012114049
-0.004971732118560217
-0.0048702794891824636
-0.004759687991889484
-0.004561026142455367
-0.004268034077284065
-0.003935069563912471
-0.0035429279443359146
-0.003209209038342998
-0.00295003671787389
-0.0026950109258581205
-0.0024782122768274217
-0.0022427348664709576
-0.0019831364924213744
-0.001758000252809691
-0.0015558445329331716
-0.001270040571708817
-0.0008992605788962014
-0.0004874606391740775
-7.945307430209283e-06
0.0004617463468237439
0.0009165794522722253
0.0014173089471950814
0.0019467769027111473
0.002357771358747509
0.0026421782967036653
0.002856831714610088
0.00296083704702344
0.0030533835775347937
0.0031369395591287173
0.003124981762625866
0.003035976742850519
0.002953859511665366
0.0028736251126988076
0.0027654097719162943
0.002647698070909786
0.0024452005925645224
0.0021520960034861155
0.0018195214826886234
0.0014291344424198224
0.0011040971683795653
0.0008607137915743095
0.0006265969951941449
0.0004373268864989482
0.00023210903946523738
5.4066082534360375e-06
-0.00018091551228805526
-0.00033907778398966124
-0.000578177044720326
-0.000899299553372459
-0.001257734943349466
-0.0016806901307771427
-0.002088199199443646
-0.002475046323749674
-0.0029035528653413366
-0.003355961151264438
-0.0036879586136883244
-0.0038918190455819054
-0.00402252358995782
-0.004039994519853476
-0.004042038232476838
-0.004030944185483245
-0.003921579143119545
-0.0037321001108572395
-0.00354372760886111
-0.0033513827237072373
-0.0031262792582756565
-0.00288619423728123
-0.0025577333935344715
-0.0021351660332180134
-0.0016680743017095149
-0.0011385067321387716
-0.0006686345190045182
-0.0002744504643355363
0.00011572497277817178
0.000466676636660966
0.0008390632183387066
0.0012384313595529275
0.0016033545052695942
0.001946082505397336
0.0023745220899668825
0.0028897772874262057
0.003447790870217164
0.004075514364006362
0.004693875479111754
0.00529778889131718
0.0059489621222699645
0.006629887869447026
0.00714009941209047
0.007466066983719468
0.007689241920000754
0.007753208205075927
0.007787836194350419
0.007796561628319796
0.0076632686443933
0.007411828849700506
0.007164085520492492
0.00691375513747084
0.006615443963253658
0.0062961996768841596
0.0058493515860296354
0.005266313427735414
0.004620233789674968
0.003885042887766036
0.003221303764947877
0.0026508153883508475
0.002077472997378864
0.001547693580098875
0.0009833622586634524
0.0003769344338270777
-0.00019157706885909915
-0.0007380337728407117
-0.0014078852308357494
-0.0022030337477189983
-0.003063756115679391
-0.004026552359347257
-0.004985784940298972
-0.005934718682542278
-0.006956313975933666
-0.00802729156743768
-0.008835552321423214
-0.009358674587354355
-0.009726381697605884
-0.009850550324462483
-0.0099303371079257
-0.00997136843593404
-0.00979410917992504
-0.009435145082465667
-0.009088978951526586
-0.008746354246463597
-0.008333917057784967
-0.007895124427509583
-0.007261591890985071
-0.00641975352527728
-0.005485830745696029
-0.004418776843211728
-0.0034630504492279184
-0.0026524071986933416
-0.0018395706689045086
-0.0010953734796811888
-0.00030202912549379124
0.000551981103815622
0.00134521500135099
0.0021015503797447163
0.0030443561979897355
0.0041766791891369075
0.005406441999447489
0.006789710587332451
0.00816460518806337
0.009520730315351111
0.010985313171779853
0.01252265420610438
0.013721958518647251
0.014555820740157812
0.015191465091675831
0.015513507154779097
0.01578851923129185
0.016023817581372977
0.015981609443695203
0.015711119758710586
0.015461870928925342
0.01522120096571387
0.014896586410993102
0.014543596271847993
0.013944126495819994
0.013080863079392952
0.012103747960235542
0.01095966677999364
0.009976610125877852
0.009199343256454818
0.008431822073655794
0.007769033886830145
0.007051849803003791
0.006265087523519914
0.005572262601452103
0.00494124327556413
0.004075247950517818
0.002970608876421258
0.0017495285562925706
0.0003376984604351724
-0.0010489721338099447
-0.0023965021118795404
-0.0038740575987749643
-0.0054338820378040074
-0.0067352693912966196
-0.007762760935542297
-0.008642292912289355
-0.00928016644012991
-0.009913012851943057
-0.010546393064108652
-0.01097766870736084
-0.011251274131205602
-0.011551402233900105
-0.01186572266966169
-0.012131392906632133
-0.012388665525746958
-0.012468736148779476
-0.012358977541542042
-0.01217305530675462
-0.011869929736803097
-0.011745354018168837
-0.011837693276306774
-0.011975520482281775
-0.012244211864176706
-0.012496123081539339
-0.012718388918201783
-0.013060459429343165
-0.013492858589927235
-0.013758042298245718
-0.013854054134121618
-0.013886242987445863
-0.013790679108052453
-0.013757454730525677
-0.013799160257894226
-0.013768483223009711
-0.013707866109371693
-0.01357244576352153
-0.013341034031667408
-0.013064659945005786
-0.01272584937592021
-0.01231463283963883
-0.01183336909152014
-0.011270000317089659
-0.010621028064279432
-0.009971595502093943
-0.009325194707958966
-0.008636788735651605
-0.007927475288256674
-0.0071430651038776535
-0.006277530285999553
-0.005374582507185035
-0.004421040816733852
-0.00339185441563022
-0.0022889213889202677
-0.0011139332567915634
0.00013949230169859708
0.0014482129839076521
0.0028129245845739765
0.004251128403408687
0.005758819432723291
0.0073385448255977774
0.008993227818047789
0.010719698846684113
0.012519829726934764
0.014398316504276
0.016355954768074527
0.01839278493305905
0.020510669360118177
0.02213080368555019
0.02319472082505707
0.023975232488019308
0.024304668653317554
0.024515609874865917
0.02462055984509578
0.02430028114980392
0.023614699786955
0.022980022834896117
0.022384222794172806
0.021658602533183073
0.020898538805382068
0.019763467264087817
0.018224817092934366
0.01652457826967022
0.014580143161393042
0.012784092174625665
0.011196341239603334
0.009567850778921467
0.008013570084077735
0.006356045375044635
0.004575412345103662
0.002861901424027714
0.0011792341568100794
-0.0008554543666480578
-0.003249773136064287
-0.0058431360368797255
-0.008732505921313086
-0.011646067125245832
-0.014566410171140897
-0.01771000827865208
-0.021017366169060147
-0.023611534933396842
-0.025428287665225785
-0.026836818960311662
-0.027589572416951886
-0.028242734093714406
-0.02881305503242106
-0.028798158885625383
-0.02830064250089819
-0.027873001966271106
-0.027490356594495603
-0.026944038749292742
-0.026358204382302564
-0.025257724107852958
-0.023604777470777112
-0.021729048883072494
-0.019515228526572222
-0.017639023265592108
-0.016195033974092693
-0.014775186451527929
-0.01357582161381222
-0.012273947126703825
-0.010838087366944377
-0.009603447813357936
-0.00850493638385082
-0.006922847310232099
-0.004848925372313553
-0.002539790076738017
0.00015982018791809815
0.0028006705682652555
0.0053534090208204365
0.008170540820284919
0.011152635324547078
0.013580775281902628
0.015421863424327472
0.01694256591109155
0.017945055251906285
0.01892744599668781
0.01990152243918236
0.020440170449049687
0.020636885829645023
0.020881427273836153
0.021147872967675903
0.021302881428148054
0.02143166344756074
0.021177509135662406
0.02051367425220529
0.019680472333881226
0.018591164684317794
0.017866213411756777
0.01758624795312125
0.017391112442901178
0.017459916844586077
0.017483252098653063
0.017434023035575785
0.017625557754873747
0.01799603130164258
0.01800429089008321
0.017646089971143863
0.017142804148417966
0.01636003327483752
0.015696908212611157
0.015179811894609334
0.014499243409794742
0.013744260184961214
0.013058301323738164
0.012421249356165039
0.011829073672714761
0.01131425083054627
0.010719747503220502
0.01004586552810278
0.009398705179864028
0.008746768769855409
0.008098442644475751
0.00746642584426639
0.006825840000583865
0.0061822724754815
0.005562170427058929
0.0049650426747283646
0.004383778119670854
0.003825046343222748
0.003073590733833637
0.002109039558996401
0.0010385181238342246
-0.00019868903404257295
-0.0014795957217323347
-0.002797034049913562
-0.0042664779891778875
-0.005863991697306222
-0.007435930517044784
-0.008984916087862262
-0.010570345405478623
-0.012155592946675285
-0.013862807161136982
-0.015700467664085033
-0.017578553305093152
-0.019525240898844668
-0.02107164201465446
-0.022160681371993802
-0.023032588907002095
-0.023549202465176437
-0.023958603475079727
-0.024272344482631505
-0.024240011641746377
-0.02390570805780291
-0.023639155293787708
-0.023433794171579345
-0.023134099937441845
-0.02282614597498411
-0.022217749948816472
-0.021283964552893192
-0.020236430068057865
-0.019004636118797328
-0.017869935213301942
-0.01687934034005534
-0.01584600847344514
-0.014853262777211636
-0.013782248038489688
-0.012617961404406318
-0.011493507582878116
-0.010384496620555815
-0.009000278411261001
-0.007333702589219672
-0.005508696296084439
-0.0034512197213235362
-0.001364259711356306
0.0007390555183494501
0.0030219543756677242
0.00544017098557555
0.007386145746066673
0.00881731545622391
0.009987649674091546
0.010726414919217081
0.01142256954708738
0.012088115029653887
0.012374296458680795
0.0123534014472749
0.01240343576307362
0.01250718031680693
0.012523649100426493
0.012537954453326174
0.012224188972288266
0.011556977048953053
0.01076267573604107
0.009762533172384109
0.009026358346317376
0.00861997377829496
0.008261041409746062
0.008086309959052927
0.007871240431836837
0.0075944785422442426
0.007489545298993546
0.007511552713794017
0.007231990065512654
0.00664572433312776
0.00593066017542029
0.004979819053996731
0.004104919310618063
0.00332674121256724
0.0024016359338982106
0.0013989653736129577
