0.0005099663175633571
-0.0002769998281944906
-0.0010676335711464636
-0.001846504713809806
-0.0029079909559243536
-0.004183703669569288
-0.00484791678116929
-0.0048585652521760565
-0.004562070226338169
-0.0037351418111242493
-0.0029357097833507635
-0.002189170791722797
-0.0010209443880392162
0.0004569748469265518
0.0018587800766274776
0.0032129487307043566
0.004634004791340923
0.006036516585382219
0.007777898795454433
0.009879677050675788
0.012098792083878604
0.014518911322959216
0.01512715225277157
0.013696799008844492
0.011233964496755922
0.007151667128276822
0.0025498606383631676
-0.0025209874583028875
-0.009145340911205377
-0.017124247110736814
-0.02154033120615264
-0.022076097162167498
-0.020945930724940574
-0.016807050214062366
-0.012817861475083283
-0.009144682953191261
-0.0030318920860592366
0.00488438618693696
0.00941461069793105
0.010427761484644632
0.00997998506051025
0.0067220486987587995
0.004411417698116202
0.0032365478955981193
0.0001670883905935289
-0.00400860791798882
-0.0057383950216739685
-0.005049079508672641
-0.003092361981167196
0.0010314002115876398
0.004469992089064855
0.007118370513627805
0.011168671027360138
0.016027289652290378
0.017773233417110696
0.01627493490968025
0.012976434184057821
0.00682326366319408
0.0006605592909790355
-0.005420881386136798
-0.013774955753736533
-0.02384194424928519
-0.028682053673345975
-0.027918380001422854
-0.024469961604083438
-0.01644830558532521
-0.008522274125781732
-0.0008975102758623805
0.010421950232190957
0.024506288698084546
0.03138347098258472
0.030609103719230823
0.026306625017857983
0.01580473914609483
0.005971194453218058
-0.002873476485471454
-0.016489014322622075
-0.03348032692543521
-0.041409737113960086
-0.039803568050582785
-0.03363339714487973
-0.019584931564011324
-0.006407309133050287
0.005515250090573054
0.023441347507462348
0.045595253102274504
0.05612855456835467
0.05441726640013495
0.04679171185837895
0.0290167062400749
0.012221849103432833
-0.003114296129425446
-0.026250221639103656
-0.054936323148748585
-0.06862195405408175
-0.06648595518491908
-0.05677935935166912
-0.03401034661477395
-0.012581939343338688
0.006876920046297215
0.03635463579687099
0.07293567098340006
0.09138731746446452
0.09078614678846071
0.08116752530324331
0.0558199160508224
0.03259786728377128
0.012286168534658144
-0.019876063830878362
-0.060256925021653106
-0.08308993121043871
-0.08775930764639273
-0.08409329090007202
-0.0653516861445121
-0.0504577189652255
-0.04024583834356702
-0.019451392448092516
0.008018547780215997
0.024694361598167545
0.030796487618290784
0.03202291971181321
0.02400181693743904
0.020963610205162724
0.02348942287777301
0.02078463240007021
0.015863447240064246
0.01332702428217746
0.012364368534363858
0.012854504789212283
0.01575280539094912
0.015548760134328042
0.01214877649193948
0.009049202378850693
0.00505349488410876
0.002569920422948295
0.0021411810649845523
0.0017508322672211052
0.0021218839273002177
0.002761787247949419
0.0034910767360639317
0.005182597898663203
0.007718821553584311
0.006537523410815832
0.0013388594155125373
-0.005789765097941232
-0.016090685751004936
-0.026744565118048295
-0.03759753377949944
-0.051146740738208976
-0.06682712407104277
-0.07259441084185073
-0.0675805529116893
-0.05709266622076108
-0.03777469644192663
-0.017235342699075024
0.004206323518485302
0.03335005710473117
0.06873213726289967
0.0883681054036918
0.09105451517078364
0.08629317113363509
0.06813659503615294
0.05121867291193147
0.03626578406731187
0.010766281522125928
-0.022318733193751637
-0.04235514603829703
-0.049009292360832596
-0.0501704561487022
-0.04053145510791842
-0.03546012490785459
-0.03571089164913656
-0.02909521180184553
-0.01885893977685016
-0.010819719336624517
-0.0040405345341253535
0.0020673954777313402
0.006316557474515278
0.015299025429201777
0.029224447834505014
0.04391550912323106
0.06085780451647384
0.06798996848854882
0.06375471403133534
0.05493599499402644
0.03802620644645327
0.0189585285255294
-0.0018239695579588102
-0.030432131862256004
-0.06573795588937603
-0.08443317845187237
-0.08517045764110612
-0.07833321631214268
-0.0576264583170245
-0.03822425959601793
-0.020951283380544264
0.00725592842123835
0.043301353858677345
0.06364717643941442
0.06773429140574135
0.06471445981909596
0.04846049355893101
0.03611381490644019
0.028487783295395225
0.011765087214941003
-0.01048227053711084
-0.024846721491074114
-0.03175256814479694
-0.03518194981025499
-0.03185845558692143
-0.033232242735311335
-0.039750693367733986
-0.0429648144661657
-0.04532384512577623
-0.04393066227716758
-0.03753259039979284
-0.02917355934529097
-0.01775178329205823
-0.002711279713579817
0.015836648490518235
0.038695023771254555
0.06608978896325997
0.08073639880944117
0.08120490895162087
0.07592369556034971
0.060102768453279505
0.04402160447666108
0.028306762422026215
0.003608512949324382
-0.02801270488189953
-0.04535374533179356
-0.047652979388824755
-0.043667248627586745
-0.027816270754483983
-0.01491373533197657
-0.00572513920272091
0.01194858699165536
0.03502448934841816
0.04329787236379666
0.03632022462187025
0.021589994571446773
-0.006190782479829808
-0.03212179382644619
-0.05560648344857045
-0.08868069925459182
-0.12830373441432222
-0.1452553125118825
-0.13814497913956922
-0.11874189803073128
-0.07912142469902081
-0.039399727192564286
-0.00036776683731071735
0.05501937412070332
0.12278225617199823
0.16267245756545445
0.17302627107465457
0.1703641056010815
0.14395535125097303
0.12183487054863737
0.10532964645835419
0.07111038993557986
0.024909375136439517
-0.00458883187016322
-0.0176506980030206
-0.024175374366272883
-0.017017310688451914
-0.019144853620636972
-0.03163812631415367
-0.03705443375005341
-0.04033373618485511
-0.04708700831731093
-0.05586212143569812
-0.06742157132100693
-0.08281808401536331
-0.09431572756413249
-0.10186589690108704
-0.11012034024442942
-0.11740682310902954
-0.11394143971418351
-0.09906706237995365
-0.07609415939116441
-0.042165088528812324
-0.0040646056130306625
0.03823959411295598
0.09083481581980442
0.15259278974367008
0.18763105854113413
0.1933231064341169
0.18601477277496406
0.155765192528915
0.1252378973632293
0.09556411156567696
0.04662111035629366
-0.01711201791003502
-0.05487929603278775
-0.0655282045195813
-0.06561526516343304
-0.044539659747480434
-0.03151114337373524
-0.02808530977248169
-0.010632295339881928
0.014680375679699374
0.021895403850111336
0.011385606032795842
-0.00872135738280434
-0.044947105105647846
-0.07611238737222274
-0.10145781480662643
-0.13710733664642086
-0.17864173921232981
-0.19286113905641558
-0.17831943157184282
-0.14761771867386755
-0.09170462118144827
-0.03398381240507778
0.02482697786174388
0.10448747783459378
0.2004683645020633
0.25305787847493527
0.25904081774021115
0.2438026911043579
0.1911511745697661
0.141223370436907
0.09589434635374816
0.020905867955777244
-0.07567584417066961
-0.13224462653690935
-0.14739008084565852
-0.1451699748415777
-0.10959013323882477
-0.08574520311260964
-0.07584382747875107
-0.04368735520911196
0.0012666006795737155
0.026926023229341258
0.03465429136927129
0.03333794437039172
0.01522484923446456
0.008477930685615384
0.014132225412164339
0.011688294448007047
0.00717614785870079
0.0042540362456630326
0.0010303151142364274
-1.4605510135591213e-05
0.0016001010722962164
-0.001578451766631145
-0.009433846226695793
-0.017939603323877923
-0.02868504602282218
-0.031139638055146898
-0.023990168388973956
-0.013383591517936631
0.003679530687404502
0.02223487155921739
0.041816863906467605
0.06754795587944169
0.09843419236447876
0.11234987039902271
0.10786730972869153
0.09482705819882511
0.06717057388125006
0.039013538081100474
0.011050429709288857
-0.029109156757139865
-0.07866042144512513
-0.10924250938600659
-0.11978300564131714
-0.12194982821465518
-0.10824142144521053
-0.09849015741548704
-0.09368529400189034
-0.07744215382223568
-0.05386102151172494
-0.035927452003233974
-0.022762341626309232
-0.010855519401333264
-0.0031784153837215133
0.012230381045041224
0.03593323935823511
0.05960864547103887
0.08594209724384472
0.10089166938297751
0.10223335876464842
0.09852894498693789
0.0855727494971298
0.06943047871985311
0.050629138276580554
0.022325068377680248
-0.014376193216629522
-0.03706762978580071
-0.04470934470437794
-0.04737633433640408
-0.03917124712473295
-0.035030573788397225
-0.03590886864776659
-0.0293212367747048
-0.01844892675520051
-0.011853546565380808
-0.00876968331647228
-0.007248151472899342
-0.009201662795557402
-0.006435677182330135
0.0013848134925012353
0.008665610352303581
0.01723447327883841
0.022169880532251968
0.022452604817639273
0.021744032382391844
0.01854216777269954
0.014323058390190916
0.009362994778302816
0.0015832013259587214
-0.008727428939777192
-0.014859424081986842
-0.016528279561328726
-0.0167808715920138
-0.013871681678726535
-0.012230529475127653
-0.012160135043293874
-0.009974488090156037
-0.006630146687212331
-0.004220673017805656
-0.0024862485868070213
-0.0010779895879613297
-0.00044354070419627136
0.0015661037507011058
0.005026733326076895
0.008521057095782004
0.012529126838365753
0.014223435407008655
0.01319233518281495
0.011119903588603368
0.007173009966761637
0.0026323801859737955
-0.002391476236959505
-0.009287528881447411
-0.017814498178054215
-0.0223959267921355
-0.022705061528619237
-0.021247619496097034
-0.016518551664619425
-0.012127336262808245
-0.008275536074350812
-0.0018508632927797758
0.006408000527028517
0.012302391354289594
0.01584329759460933
0.01855029046198378
0.01937335550769891
0.021586384000989823
0.025354607531895324
0.028166047946513475
0.030727177168301874
0.03052569716418304
0.027008336973652573
0.021833011605810512
0.014182030723249174
0.004844723074498187
-0.006124035339800132
-0.01989606746009035
-0.03637671445059964
-0.04564097149259894
-0.046939703966342
-0.0449582222553369
-0.036960881221189665
-0.02905752840146326
-0.021597703259858943
-0.009124485718682122
0.007135048430119277
0.01687633649641678
0.01985474475883388
0.0201884545321485
0.015212532102661293
0.01238672572792376
0.012103845076844187
0.00837129073593336
0.002767896358457942
-0.0001303925559970968
-0.0006163719982852106
0.00020326826045915212
0.003404880368225038
0.00477163638059138
0.004159215370572642
0.0045556646580457135
0.00505193666021033
0.00474753925243719
0.0038635356346073614
0.002176938454640959
-0.0005037414050932528
-0.002892575633811253
-0.005018845802115307
-0.007691920456945721
-0.010659612217278087
-0.011761037253463854
-0.010858507193743929
-0.008793602820467773
-0.004956183756236579
-0.0008323898137519091
0.003542863731530253
0.009467413677662347
0.016665789362540435
0.020231463090601195
0.019865031353166727
0.01772143298279462
0.012461611447522131
0.007303770307028731
0.0024066510515400466
-0.0050140369293464465
-0.01431248223347333
-0.019510201415698796
-0.02039783968154863
-0.01939469333938335
-0.014922302636047413
-0.01120218492320848
-0.008438171480998418
-0.0031580117151358126
0.003766926353030645
0.007916170077423797
0.009303151266939046
0.009449949677675616
0.007239829492574013
0.006164808826001377
0.0063753346251545166
0.0051822131545215
0.003323409851725417
0.0020089599429454425
0.001036268761001062
0.0003316899894635839
0.00014574293877321455
-0.0009335467125154657
-0.002938630660874667
-0.004972120713618653
-0.007345022964574427
-0.008406995196130489
-0.007915106373898311
-0.006875387287598333
-0.004803835361607428
-0.0024247513799103048
0.00019210028470523265
0.003841233889584173
0.008383568310849436
0.010707088576847974
0.010631986953845658
0.00955276761261475
0.006630368018801354
0.0038802130207189244
0.0014144238304733235
-0.0025034665172788194
-0.007461044497216167
