step, usd->oil, oil->usd
Band: 0
Linear p-values:
1, 0.47489067305913324, 0.003950582944729608
2, 0.1846423899124047, 0.40798137020421255
3, 0.7332814639178455, 0.9162106580696777
4, 0.8184471363077601, 0.9530745720975029
5, 0.9420955242610556, 0.9931902534517049
6, 0.864737984489589, 0.9666187492899458
Nonlinear p-values:
1, 0.0258, 0.00797
2, 0.02579, 0.00789
3, 0.02581, 0.0079
4, 0.02582, 0.00781
5, 0.02596, 0.00772
6, 0.02612, 0.00761
Band: 1
Linear p-values:
1, 0.6023648713800854, 0.0008907585805185866
2, 0.07637833588205858, 1.473200335951111e-05
3, 0.4502635136728429, 0.0028476880924195305
4, 0.48732445893316423, 0.002466931424993167
5, 0.7240842658611224, 0.01709647295280835
6, 0.614466559889213, 0.004290813520569964
Nonlinear p-values:
1, 0.99111, 0.02379
2, 0.99325, 0.02233
3, 0.99414, 0.02677
4, 0.99723, 0.03111
5, 0.99872, 0.03471
6, 0.99936, 0.03788
Band: 2
Linear p-values:
1, 0.0007076899576566324, 0.0029866547729772907
2, 0.18898802600057651, 0.4662296515038977
3, 0.33810464891835146, 0.7914759181296506
4, 0.4664346568398945, 0.8688060922679117
5, 0.2663251818369801, 0.7974619022293716
6, 0.033017469352525246, 0.5533106773397062
Nonlinear p-values:
1, 0.06469, 0.43622
2, 0.11016, 0.36699
3, 0.18239, 0.30424
4, 0.31537, 0.18749
5, 0.49896, 0.15237
6, 0.50137, 0.1121
Band: 3
Linear p-values:
1, 0.4496636657694477, 0.3887320486104533
2, 0.9653402546929873, 0.8730103125899314
3, 0.9958662075488006, 0.9659289888784578
4, 0.9751227009258994, 0.9139353536180161
5, 0.9941850162650425, 0.9452882152906297
6, 0.9979564837409589, 0.9350686553113547
Nonlinear p-values:
1, 0.8205, 0.8796
2, 0.8923, 0.98089
3, 0.72474, 0.98065
4, 0.38236, 0.88942
5, 0.29504, 0.76194
6, 0.23655, 0.8543
Band: 4
Linear p-values:
1, 0.685948800759117, 0.2835925429935138
2, 0.4698459833205444, 0.2490665980112538
3, 0.5990307300519302, 0.20366277604076105
4, 0.7272025127982091, 0.2678037010870885
5, 0.6263899252495302, 0.10225090967994557
6, 0.9601543079109895, 0.20364770614360736
Nonlinear p-values:
1, 1.0, 0.98577
2, 0.99999, 0.81757
3, 0.8226, 0.68866
4, 0.62383, 0.89835
5, 0.57433, 0.90817
6, 0.45883, 0.81403
Band: 5
Linear p-values:
1, 0.5589585213943566, 0.623293072540787
2, 0.2528668403974385, 0.2531743031566843
3, 0.3906256886014112, 0.567366092890139
4, 0.8404927149466259, 0.926297034951081
5, 0.7796157734841582, 0.9091504173586089
6, 0.6308706938886495, 0.8138398524931765
Nonlinear p-values:
1, 0.27272, 0.08201
2, 0.21069, 0.10848
3, 0.15895, 0.09277
4, 0.30713, 0.26218
5, 0.1981, 0.27095
6, 0.29932, 0.68874
Band: 6
Linear p-values:
1, 0.11283120016253725, 0.08687983190642132
2, 0.6974547873143598, 0.36628860637813165
3, 0.43269294863864627, 0.04503113029169845
4, 0.11466536891869486, 0.03185540925108182
5, 0.3095580299860803, 0.05763892562880404
6, 0.18920007925080012, 0.0007619420942101862
Nonlinear p-values:
1, 0.39185, 0.70063
2, 0.60448, 0.93988
3, 0.13648, 0.68236
4, 0.15181, 0.53932
5, 0.24972, 0.20697
6, 0.56219, 0.26066
