0.015322243908605064
0.006341990856330579
-0.002403278006868296
-0.0165775763054245
-0.008870345980580837
0.024153389003828657
0.018827922984252937
-0.022034373229859724
-0.023922780812875577
0.004720976321162667
0.008369844138791535
-0.0024590842170427642
0.003429707087847257
0.01926873175804426
0.010693797411786745
-0.020450499729536498
-0.020760176791647055
0.006355199853844922
0.011132924680651241
0.0015835026244500293
-0.002425247321801417
-0.00840664137631558
-0.0057728782932783655
0.008226852974840833
0.012814191843783499
0.0100460268132899
0.005251731299527124
-0.005553707680927765
-0.018442577033119627
-0.03369261465949408
-0.017582725078173437
0.03411898837186276
0.04111739094105741
0.007015105963150654
-0.009619164631201842
-0.023049184850531902
-0.016160112360933735
0.0212826454025062
0.021803974186541245
-0.01155570585838029
-0.021081246015717547
-0.0175697521066967
-0.007979239278210907
0.01715869548778073
0.027182175635669426
0.021885241757502033
0.005599848686551784
-0.02951790245093151
-0.032688589367108056
-0.0019523857667607955
0.009855280296259254
0.01230849667246504
0.015167543492408316
0.010154853911954562
0.003705583923186194
-0.005058390120679533
-0.02067743813864254
-0.042693922548657476
-0.020821927421984167
0.04906052056370635
0.05461421092760262
0.00076488928885981
-0.012306183050515937
-0.0028258714800385313
-0.01842306023372334
-0.046044628164407526
-0.019812889413736084
0.06028811613802877
0.0472774734055858
-0.05487003297322206
-0.053667497750674274
0.031702975132877766
0.05073574732532861
0.031219600134431164
0.010732336074489406
-0.0341438928679123
-0.05154814656961548
-0.03767056475636517
-0.00830886974424981
0.05056572499920427
0.053147537655733754
-0.005654185122780906
-0.023735455676599036
-0.016933353738948873
-0.004093903098101849
0.03224067105743096
0.0271536468765851
-0.022099459618454945
-0.03898490221859057
-0.034611583627251565
-0.01458399125231221
0.03554471161670182
0.05107025735794294
0.03148765809345598
0.0055722883354296215
-0.04150219631704025
-0.044928175680192556
0.0015641797217836569
0.021792381687380527
0.029002526567808877
0.0009158449070898623
-0.07830487624360408
-0.05176810835792835
0.081997623466188
0.09870092592319153
0.01941088242181225
-0.0008502251606159477
0.002991814799269129
-0.07301116783302818
-0.2149886129290669
-0.12010649827490102
0.21992864478941693
0.25350261796333096
0.01422128077021303
-0.07197230577061499
-0.09654481450819512
-0.0884593686960033
0.01825954051101719
0.04945406443230673
0.012487434224977051
0.01400820056875128
0.023335950142134562
0.006254543811996804
-0.027977250639206135
-0.042888012683202505
-0.04046008913300308
-0.025973386440066235
0.009562753566158134
0.06618620011374891
0.14745507495734578
0.07281464349422456
-0.17386634482916802
-0.16464340257144236
0.08480780897542446
0.11563387891403439
-0.008938857348599338
-0.04892052951137712
-0.07308605622063674
-0.04078571061835728
0.08322211970168361
0.0860442310371611
-0.025885170648096128
-0.046721649012235966
-0.00975324037682731
0.01120985170457035
0.04766877120786494
0.034336261249340624
-0.039794044286148064
-0.06425601884420261
-0.05083590459897469
-0.020317448576007265
0.04894342753347587
0.08331587177630295
0.08118838008120427
0.028148528103548454
-0.0978814303138448
-0.11512222416917371
-0.02157491732334107
0.022843266268534976
0.052828173678956925
0.05849191538713973
0.013802420811369832
-0.012706307573107645
-0.03000678003934457
-0.028646905913557123
0.005271359690427034
0.01702642603399062
0.011153032276340081
-0.0058531034348842225
-0.045460034394270536
-0.03684747418523426
0.02276578227592518
0.05642704395651564
0.07715590177779015
0.03101352812320482
-0.10160199059228725
-0.0979392461334815
0.03920663909660013
0.0550451390415964
-0.01661133929769373
-0.008544194300141424
0.04408565726515443
0.028644476683354854
-0.0380151625472092
-0.04488627992562898
-0.004168871512968007
0.012355646056887541
0.022279458499288543
0.014888259467471602
-0.021600175536434868
-0.02062707813149358
0.015740110178462864
0.019292042830904167
-2.7877904500045003e-05
-0.0025525540956258756
0.002228174295227251
-0.004420793445687254
-0.018246900037473687
-0.006058330877203947
0.03229063015793542
0.017567870264031622
-0.04878524618637833
-0.037674989194943005
0.042771949134876704
0.041451201792216646
-0.02551806060142893
-0.03212808214900435
0.0009904175019321759
0.021591404965857045
0.04864706500200199
0.02954148293082806
-0.04593704126015464
-0.059443467149542926
-0.018518862815760585
0.007800208349407673
0.0408606984236024
0.037011456842973516
-0.015793623405356068
-0.02275073835507683
0.0077556531999921395
0.003517008164848069
-0.021620473802114883
-0.014640365454139423
0.017154153986112107
0.0200261187563195
-0.00020042420024682234
-0.007778455352719432
-0.011128652577308308
0.0006389853428496665
0.03414615415876206
0.027821307491911657
-0.01822677667295226
-0.0388703274160228
-0.0443243234156174
-0.016300288249843416
0.05954697623343524
0.052959618211597205
-0.03662412350790049
-0.04558172285535175
0.006700223989619697
0.026790841757818956
0.03992513748987052
0.018528716217611128
-0.05296548211951081
-0.05089267729295454
0.022017425420825843
0.02871941267160392
-0.01244884415459623
-0.00029757567667900147
0.04744845291480507
0.032835383524826484
-0.035077239684458306
-0.056884585959568364
-0.04550227206154871
-0.01789512978212428
0.045147622303996
0.059467330261135154
0.022001211776052066
-0.012940731325673801
-0.06425771462999746
-0.01929958431182525
0.1378559155021535
0.10713481460943167
-0.10251343416110902
-0.1571321339801893
-0.10075143082351609
-0.0313853714925138
0.10993062462149653
0.15509252172766563
0.09088515874036684
-0.0037491799921625353
-0.1727022741896642
-0.13262291388136396
0.14217573095494487
0.13976830877249818
-0.10036067051925472
-0.10223123927468733
0.06313525318135739
0.07064326961766297
-0.018234836744515967
-0.04846587531135249
-0.06356516725241172
-0.03584553082434826
0.05907573945580017
0.08277767576825826
0.04068972738477411
-0.0010693886832049242
-0.07033544531928719
-0.05997197058457078
0.043984714949577744
0.057716037842393125
-0.0009382175047928179
-0.03165634286770181
-0.06489951610249688
-0.031222011539469935
0.08813579914694175
0.07244725183452594
-0.0722134830413355
-0.07150610484909062
0.04516908820576542
0.050252529264505644
-0.019150327857051376
-0.029366157500510606
-0.010709753672899355
0.018101340792128696
0.07708466922710391
0.04767264126766603
-0.07757157738273272
-0.10074221431592736
-0.03807532199529472
-0.005897389097926612
0.029775039133739852
0.08804208766259587
0.15684781752630633
0.07340544625479307
-0.17899148686810312
-0.19688794983565483
0.00546144426999681
0.057845174688307084
0.02652257114418062
0.04758691887105178
0.06824917450115886
0.007139695079688087
-0.13297020579698934
-0.07222056848179509
0.19450393630450383
0.15070232027071176
-0.17517809987775632
-0.19014788332280003
0.038289869862160444
0.0880586151370402
0.04499587420559981
0.055439879992308254
0.061812419416681474
0.056628066266804646
0.05130844357352066
-0.14653561467399126
-0.554942910758837
-0.3412138223518566
0.5165894745332846
0.6257546029258543
0.08837798203238993
-0.15798562355469842
-0.34857793559935013
-0.2268707977273869
0.36727579861751075
0.35644475142538
-0.21773555174226228
-0.34738213715999117
-0.20011277999124383
-0.042703495872037665
0.28665149998285855
0.3217268796880907
0.024212635947454653
-0.09015046091561933
-0.11356879880952656
-0.13511742127268442
-0.07352884995531908
-0.0003598294419725392
0.0941256965771362
0.13670883040772877
0.10905563373610631
0.025158053290692137
-0.14410742866283538
-0.16563200457137758
-0.028946868662485623
0.018878865160875568
0.022486930305168542
0.06691381160763854
0.11749360289768761
0.021233542696552896
-0.23145897154288908
-0.09720444455733439
0.4299118794937846
0.3251667536504337
-0.3614381065618325
-0.44560383587367347
-0.06431521851630385
0.08179810903929839
0.17726710565224907
0.20969556205271275
0.08005872556851838
-0.02112075028182556
-0.12570078082778594
-0.1511858790436495
-0.05832296861394562
0.021333933782286294
0.11832504130851663
0.09758894761666123
-0.07248455743366827
-0.09109381549881232
0.018183119127047835
0.048822555028181544
0.04911097339392467
0.020952889236791557
-0.06697940274390338
-0.052909308851540056
0.06470370036531777
0.07024820445503158
-0.013615039811703603
-0.060599827894266746
-0.10524205897788061
-0.05241913434068885
0.12445850461709826
0.1187142750675476
-0.06093796725429632
-0.08719620114453482
-0.006272807426354854
0.03677906100018308
0.09295853838015895
0.05223119014270283
-0.11048983840363771
-0.10253495782166083
0.06336828670196422
0.07433130200109989
-0.0281022099283243
-0.04136165851879079
-0.009326794212456722
0.00047101810837436604
0.014834364467469028
0.026050507052933693
0.0276350406691262
0.01320049061623608
-0.022541202771453425
-0.03997800595653842
-0.040140022072444485
-0.009695845188990977
0.06301649477564955
0.05238396536032427
-0.04417655012357333
-0.040834527543862686
0.04533703012215724
0.03525226075784337
-0.04720931558348886
-0.030845792541106504
0.06452306594385288
0.02540895311941893
-0.1323057616602156
-0.0980638603675124
0.10831356684843266
0.1380509255801561
0.0318586124408168
-0.022017464812668665
-0.07980783592486741
-0.07633984667697306
0.01774467582575581
0.0344602964264713
-0.01103037719954113
0.010413478472168813
0.07492326902751302
0.0402607720553556
-0.08487596303248289
-0.08186684229821231
0.035722542005746184
0.04569177222652538
-0.02079295577130409
-0.014006749833533958
0.03623335408683351
0.01981234996187695
-0.04814297057445328
-0.028767579023511534
0.06857464508788491
0.050433256310588856
-0.06876424751475947
-0.06917520618544792
0.02531845425456668
0.02775677669966609
-0.03234366250943891
0.002581395838496004
0.11199969495471533
0.06932742029785607
-0.11487662276896038
-0.11863352073308127
0.032665936354363496
0.05806482635404429
0.005039229320711767
0.0005700182037832405
0.004762152701289114
-0.00015199853531908873
-0.000922805602111916
-0.005520189919719659
-0.014030986038415544
-0.004667387443081396
0.023135777413719853
0.013637224788955234
-0.032465627431233074
-0.026827384343384816
0.024420681305779936
0.028219068721202358
-0.0036740771256510616
-0.012186158333205565
-0.010937825952664897
0.0015460300186854728
0.0347735860307733
0.026356838843077806
-0.02491551045857209
-0.041393246435194576
-0.03285170731563558
-0.010068842890280847
0.042014206320405985
0.047631961656790574
0.004098914972739961
-0.013406562461101376
-0.019255229108323495
-0.018329511886167806
0.0016536158848117922
0.008982982372130733
0.005368198143565019
0.0039961201922153935
-0.0011382908049835973
-0.002477718818584096
0.0011115103367810007
0.00017806595806422803
-0.0037589456386113826
-0.0017164537838286163
0.005495404389324208
0.0030379559884801044
-0.008486468212805564
-0.007671313520157524
0.0038273498847695643
0.006979489824513535
0.004919091223504018
-0.0008665827044095384
-0.013855614663304767
-0.004217302637712431
0.02969689769982996
0.021382152465367846
-0.02685221737097758
-0.03106171617862462
0.00011683893478022186
0.009135516800024345
0.008817385742504256
0.009231189562008047
0.002173699475457112
-0.0010693899183478856
-0.0005984815711393193
-0.004162141255321706
-0.009824258343344897
-0.0009339914739106027
0.023146867355784313
0.01051778471569269
-0.0390359047760387
-0.026650948478466965
0.043185402838766936
0.033263433122169436
-0.0453547404545408
-0.041112591916512606
0.029172863230361525
0.040422925470449456
0.013227906539815261
