0.0020807562197971705
0.0021931571754979532
0.0023101398455325256
0.002432047951800872
0.0025552884106139232
0.00268093726709957
0.002785991366085967
0.002867703767959305
0.002937612772481867
0.0029889310610154295
0.00303399329963227
0.0030733109323836977
0.0030944869467279955
0.0030996875537554628
0.0031067634930674348
0.0031153308751248002
0.0031178710165279634
0.003118502044334969
0.0031029708082436777
0.003070030494120201
0.003029910903111388
0.002979141974442
0.002932165835138077
0.002891304458869354
0.002847054532986388
0.0028036569593185524
0.0027548279391069667
0.0026997782921165604
0.002645379887694324
0.002590320958930587
0.0025198727595397478
0.002433663968761115
0.0023379005886449734
0.0022288144132394214
0.0021166916160846845
0.002002167000123477
0.0018769384701656437
0.0017432278838948297
0.0016200336955326162
0.0015082771515478935
0.0014005645567173324
0.0013020960293400234
0.0011998626045720163
0.0010934577544157262
0.0009940247931319109
0.0008990659907557938
0.0007978222580802074
0.0006908712312188758
0.0005818825510310069
0.0004684280305519388
0.00036005946631517883
0.00025743193339470736
0.00015393560417684157
5.1833561176937334e-05
-6.470860414711023e-05
-0.0001978555197610217
-0.00033843156056182703
-0.0004910680021839259
-0.0006480710072362572
-0.0008088136567564582
-0.0009812885604221922
-0.0011640139631614844
-0.0013431370935066444
-0.0015186019417973537
-0.001696198943137246
-0.0018725350466742487
-0.0020579074911286294
-0.002253064021694276
-0.0024501256727075004
-0.002651442633452262
-0.002827194246752223
-0.0029734739099554416
-0.0031059328818755453
-0.003215690499111876
-0.0033179885428366506
-0.003413545095990513
-0.003486578427414964
-0.003539744043234011
-0.0035973939649713844
-0.003659151845724117
-0.003714581547462923
-0.00376935284898688
-0.003804383068289381
-0.003817994552567409
-0.0038240353220623463
-0.0038178775785838283
-0.003817079832000891
-0.0038246204777868994
-0.0038286471203976065
-0.003834354869148793
-0.0038344174990783252
-0.003827853472112868
-0.003822902660360334
-0.003818035647106626
-0.003794750547461483
-0.0037525387314198758
-0.003699277747384615
-0.003630223866521164
-0.0035581907364654695
-0.003483979890019379
-0.0033972046875417523
-0.0033006321904029776
-0.003220529733447153
-0.003158300171551094
-0.003103512411666258
-0.003063394317206975
-0.003020239582397438
-0.0029734841136801957
-0.002938442214574543
-0.0029117301827968505
-0.002878114553578377
-0.0028383708061568004
-0.002797805954347071
-0.002752976314264087
-0.002717285311649911
-0.002691674073536816
-0.0026668415688933748
-0.0026459715914007305
-0.0026076581285502704
-0.0025489458130802784
-0.0024823397845268828
-0.0024015787005337093
-0.0023170002392041973
-0.002229472111767254
-0.002128227185724741
-0.0020152661987231186
-0.0019094960237828102
-0.001811021059202707
-0.0017119357322515477
-0.001616885715836128
-0.0015118760655840819
-0.001395901269416245
-0.0012797088395787568
-0.001160116381303898
-0.0010522149547737053
-0.0009587138344937688
-0.0008702521522503952
-0.000791501773528739
-0.0007163308151054462
-0.0006442693314991527
-0.000582701915555951
-0.000530614118309769
-0.0004731539263423298
-0.0004102655255387398
-0.00034868315683014725
-0.00028485200172320913
-0.00022970465970934586
-0.00018422698193072806
-0.00014019114582387214
-0.00010021815894688535
-5.785664086126887e-05
-1.1672896285869761e-05
3.33003681027105e-05
7.905337655534538e-05
0.00012358087675100272
0.00016646464660252937
0.00021047237247679245
0.0002551790157103421
0.00029244457152494786
0.00032194651296447047
0.00034731532778522784
0.00036643602007634866
0.0003847005455174388
0.00040246202451610363
0.00041523832330406083
0.00042418590844423335
0.00044608662164630816
0.000482085363601805
0.000525093490281851
0.0005797987869505002
0.0006354305959074753
0.0006916165078082161
0.0007579541408125584
0.0008324109279260992
0.000904531589096243
0.000974757967530401
0.0010469374092458687
0.0011186892591003724
0.0011989642043422168
0.0012884261975882787
0.0013808001391906193
0.0014782220626550764
0.001567963330971838
0.001648200915984875
0.0017265626026340337
0.0017993186753072392
0.0018724762509371641
0.0019465840012873957
0.002015312106434957
0.0020798367975509587
0.0021517499821704367
0.002231163910150607
0.0023132153763809247
0.0024007761897508802
0.0024853709781416508
0.002566405135691431
0.002650452491616668
0.0027356033427536424
0.0028071652367149904
0.002864354845774222
0.0029126739913665043
0.0029480296878817537
0.002980389056094282
0.003009952185006558
0.0030280199548203468
0.003036420915876446
0.003043254544691646
0.0030479644678563953
0.0030476657895797976
0.00304410216875446
0.0030298534062654725
0.003004314710435135
0.0029724332939663973
0.002932370543783434
0.002896517430147027
0.0028664617898338037
0.002834897380597342
0.002805371763862514
0.0027716730617204166
0.002733207087119812
0.0026961928818506975
0.002659350990541409
0.0026117090660254675
0.002553126565493781
0.0024880353622502545
0.002413672297608272
0.0023380298616536167
0.002261592531673006
0.002178070207584157
0.002089208423073541
0.0020024392428796118
0.001917779627872385
0.0018329533542510868
0.0017499025389524775
0.0016627867227889113
0.0015714741554596916
0.0014805925393898303
0.0013889927830066785
0.0012935094256821171
0.0011944543765885973
0.0010926221751567336
0.000987330981287822
0.0008817713714786821
0.0007761202838458063
0.0006682788854963163
0.0005589963972737992
0.0004407592102901719
0.0003126401653647796
0.00017874373136336568
3.688872583673511e-05
-0.00010906474162849725
-0.00025885372402976916
-0.0004163662641367478
-0.000580869261659453
-0.0007462543276000852
-0.0009125540209469795
-0.0010822843320770971
-0.0012539742411191931
-0.0014322932920003185
-0.0016175909820587918
-0.0018063669290984176
-0.0019997034028526673
-0.0021716544612286792
-0.0023192000995454175
-0.0024552752721765958
-0.0025722548239542355
-0.002684204393775134
-0.002791715280922614
-0.0028807712327345377
-0.0029538647384393835
-0.0030309455825521603
-0.003111581115786196
-0.003187431136838338
-0.003263105688541862
-0.003322652617698895
-0.003364697912927012
-0.00340070188927736
-0.0034267942576600963
-0.0034594006065910127
-0.0035011584047501417
-0.0035413299499671164
-0.003584747441126719
-0.003624253417447259
-0.0036589739834874293
-0.003696749162316109
-0.003736100456477735
-0.003760396333203359
-0.0037692424213182905
-0.00376966409334608
-0.0037574224867199836
-0.0037441802915718094
-0.003730674532764378
-0.003707533850102541
-0.0036772931275085726
-0.003660821151897349
-0.003659114736682633
-0.0036641318574325565
-0.00368158846518892
-0.0036971563084223047
-0.0037104087265201506
-0.003733616884317545
-0.0037640410187176807
-0.00378998825394542
-0.0038121177721252637
-0.0038344143070649086
-0.003854255332632504
-0.003882089445708052
-0.003918645401204383
-0.0039567321098481455
-0.003998837670090397
-0.004027494807744323
-0.004040339364096861
-0.0040474988746849565
-0.004043878193962603
-0.00403800837662579
-0.00403059601391261
-0.004012824669763341
-0.003986350439810864
-0.003966446069068663
-0.003953185547024634
-0.003940212733618411
-0.003931279361921261
-0.003915051612666129
-0.0038907216258240755
-0.003866985746942759
-0.003841269129911343
-0.003827261319015285
-0.0038273070905058765
-0.0038331422809308575
-0.0038489782479657476
-0.0038690112472164508
-0.0038928335831690864
-0.003927237302985688
-0.003971253406096701
-0.004011816803668292
-0.004048918048037965
-0.004088436423683104
-0.004127259298180991
-0.004175099705771513
-0.004232832275515258
-0.004293191990734052
-0.004358513493818994
-0.004422604268038802
-0.004484159117348689
-0.004547877656467664
-0.004611868162238152
-0.004678197672271355
-0.004747259346987564
-0.004816346170963063
-0.0048858970106971265
-0.00496345996262185
-0.005049320393803459
-0.005140144076249669
-0.0052378897732496404
-0.005337521383057168
-0.005438714770479627
-0.005545642267723367
-0.005657224765209467
-0.005758914594922635
-0.005849755303272804
-0.005935841395153246
-0.006013121004843954
-0.006091007443697714
-0.006169825671765118
-0.006241233166528704
-0.006307012819080458
-0.006376137527059173
-0.006448220632189106
-0.006519990343176204
-0.006593490389255424
-0.006661015152705925
-0.006722000794933109
-0.006781847447432996
-0.006838720149774532
-0.006903777532026758
-0.006978611701786004
-0.007056567822366562
-0.007140917147579641
-0.00722637942752794
-0.007312481850757591
-0.007404785242895777
-0.007502260452732512
-0.007594800563820188
-0.0076823176688214385
-0.007769054783997718
-0.007852513802161941
-0.007940104528160808
-0.008032352032605833
-0.008123524078159855
-0.00821529538385948
-0.008294452385140262
-0.00835900504878283
-0.008416332120981718
-0.008462425646840684
-0.008503492526120569
-0.008539865709238193
-0.008564738593944417
-0.008579158589585691
-0.008594729184098215
-0.008611346575092958
-0.008623888018796603
-0.008635072712890454
-0.008636007728295796
-0.008625885640062718
-0.008611224634694613
-0.008589863660729072
-0.008568811135974436
-0.008549348672713742
-0.008526500921586792
-0.0085023548109261
-0.008474177654458952
-0.00844154061416622
-0.008407641270762115
-0.008371893012536939
-0.008326446472088321
-0.008271037086006038
-0.008209033656627786
-0.008138401470731454
-0.008064468545349408
-0.007987556409411426
-0.007903278437402949
-0.00781276865219894
-0.0077289940462040956
-0.007652719410968092
-0.0075786210861685495
-0.007510279744872898
-0.007439117734006394
-0.007364834959276931
-0.007294918544867946
-0.007227724658015446
-0.007155447088922308
-0.00707843289752611
-0.0069994516556755385
-0.006916719283026227
-0.006836983308678298
-0.006760714227740664
-0.00668317784409627
-0.0066059674014689075
-0.006518811018991164
-0.006420252662323488
-0.0063163331664847265
-0.006204033507561482
-0.006088239828036172
-0.00596936211568343
-0.0058422505476818844
-0.005707841712635926
-0.005575298951690106
-0.0054446727502261375
-0.0053121015527901015
-0.005179832235003763
-0.005041089075770718
-0.004895374354170125
-0.004747884062516894
-0.004597070336812878
-0.004440020350493251
-0.004276987288094583
-0.004108204355443703
-0.003932951020708552
-0.0037540912330873153
-0.0035715859557161164
-0.003383355121972926
-0.003189933231005947
-0.002991434159402747
-0.002787588727019534
-0.002578653769770375
-0.0023645587580517777
-0.0021445639900530182
-0.0019186128224398414
-0.0016869563404561688
-0.0014493771782351566
-0.0012097080007957997
-0.0009682872220492801
-0.0007231002901182319
-0.0004751988188511617
-0.00022235713085389143
3.5604085135873415e-05
0.00029666517078349097
0.0005612969589672477
0.0008323850263723191
0.0011099361798732536
0.0013928884526095003
0.0016819681589406745
0.001974985762354566
0.0022718323130168834
0.002574211471319318
0.002881655189906787
0.003194748967996843
0.003513759395201419
0.003838098009201932
0.0041679991237016005
0.004503574676027897
0.004844816885807442
0.005191907777101863
0.005544903851742877
0.0059028466178248275
0.006265720383916827
0.006634061673185613
0.007007650277859338
0.007387136984715005
0.0077726130877091544
0.008163595737910109
0.00856025987224779
0.00896299592988636
0.009371812518332053
0.009786675864144305
0.010207705057344063
0.010634609688593836
0.011067418701139475
0.011506400478310048
0.011951523102447023
0.01240278046138456
0.012860230398399527
0.013323882469817236
0.013793767465095731
0.01427000946460825
0.014752644143970766
0.015241660762461867
0.01573711481157973
0.016166963825307645
0.016523822639987563
0.01684143243791953
0.017098831925908248
0.017337282549177258
0.017558209120309736
0.01772178455456753
0.017835341337042704
0.01795058502589852
0.01806590437642508
0.01816016660419954
0.018245130412031855
0.01827827599747912
0.01825592627109831
0.018208093421666814
0.01812437356898334
0.018054060530612762
0.018004550855062966
0.017944469356680873
0.01788816497862621
0.01781311949174883
0.017716730852087248
0.01762286086605037
0.017526820021137368
0.017380435120429357
0.01718265220204052
0.016953504831114442
0.01668071434134572
0.016398321873775736
0.01610840405473245
0.015783666447218597
0.015431475697653699
