0.0035319432790081114
0.0019840017769495156
0.0003708702172801959
-0.001275972757108414
-0.003549334675922264
-0.0063189423693036095
-0.007600896235669897
-0.007281665519296418
-0.006217347899193819
-0.0038683689396270707
-0.0015453480595907325
0.0006894332967914727
0.003964766206767646
0.008018200807566513
0.009780325067479508
0.009099542742585082
0.007258119479371439
0.0034278149895201645
-0.00030949901777728607
-0.003858901172851379
-0.008986063862270409
-0.015272237542275899
-0.0184126870204793
-0.018216813257848775
-0.016449391089617633
-0.011955612242154535
-0.00770551055904889
-0.003832838064721858
0.002155081133381404
0.009657866210226844
0.014485984660824446
0.016559414556729775
0.017476817171041274
0.01615333810759924
0.015697613584648416
0.016256011771795115
0.015348170741752855
0.013625062701860115
0.011756211334104814
0.009492210072649146
0.006941422539380663
0.0041906617848715575
0.0001834230756552305
-0.005120580061847291
-0.011159946859015597
-0.018192473118499027
-0.022178483043495054
-0.022693444338624254
-0.02184813623816574
-0.018495478083055735
-0.0148529006136712
-0.011067471357246284
-0.005011959503490357
0.0028789709399870385
0.007732608591812339
0.00938991877160375
0.00990402408842858
0.00800761541526725
0.0071127001566872175
0.007416761788939781
0.006138661703537933
0.004004339570529279
0.0027604870426799293
0.0022292411048075757
0.0020682904332217393
0.002664710818782282
0.002283615845459932
0.0008629125280597251
-0.00042648794520596734
-0.0019687142021615183
-0.0029026909454195732
-0.003033007653216148
-0.003047295892530965
-0.002680821138646729
-0.002141420942050166
-0.0014835551495264723
-0.0003682767345373648
0.0011620728249339487
0.0019207760910203463
0.001854183018172851
0.0015061044932095603
0.0005668160331861898
-0.00019206927787159884
-0.00071757516300486
-0.0016571561201721241
-0.0028448697020067196
-0.0034172319772893573
-0.0033700473222772784
-0.002998717054740432
-0.0020812104577129344
-0.0012797694680423246
-0.000618664812814937
0.00042409095173362915
0.0017126830251005328
0.002627428852466065
0.0031725078477926605
0.003551465963849614
0.0036074237962568497
0.003841420677938134
0.004272890650581086
0.004518142344675362
0.004682208742552514
0.00450605604233504
0.003916103485276998
0.0031029362397647863
0.00197631754602004
0.0005803204242009212
-0.001081864334742138
-0.003120709667588424
-0.005537544945527569
-0.006969283283038881
-0.007307245197841401
-0.007204969618913147
-0.00628513713993835
-0.005374576978924349
-0.004521670468606727
-0.002981210676861482
-0.0009188493522351654
0.0003046557827878178
0.0006617437099859252
0.0006951569812985671
5.5409020602862946e-05
-0.0002648351281772173
-0.00021162343601304582
-0.0005763396450571307
-0.0011470715960160982
-0.0010754115939612676
-0.000372858947097156
0.0007046178172971643
0.0023720391320260297
0.003935883732824439
0.005375011282166153
0.007220640216688843
0.009330587570565948
0.009782011074299565
0.008444057466544318
0.00612399190867742
0.002283927070463619
-0.0018266115827804007
-0.006165174741772747
-0.011840167652557803
-0.018615426659966967
-0.021452649773835004
-0.020007761127205575
-0.016514102007729233
-0.009580022257020726
-0.0024305292547715774
0.004784975645978128
0.014911266803834825
0.027314594725461102
0.03330464909186814
0.03241723162244052
0.02836314015511138
0.0187907543998027
0.009511471177787579
0.0008026589017045623
-0.01229884518328422
-0.028622424153831125
-0.036760189673868834
-0.03625084612404694
-0.03173680306799921
-0.020176371461161326
-0.009518332162234416
-0.00012815868358923954
0.014611758819600619
0.03308255265678437
0.04291569891843553
0.043755779234539584
0.04039896280753131
0.029589468557432497
0.02027413109609703
0.012847087487707043
2.151424160304555e-05
-0.016365915531619958
-0.026817216841767463
-0.031334772003353724
-0.033213330902579906
-0.030042477606655696
-0.029294803935918084
-0.031289797826097074
-0.030249588176349818
-0.027748606627824295
-0.024482513576396542
-0.0198135079480759
-0.01445997946318043
-0.00839983459481717
0.00031911145923664824
0.011738062104613171
0.024988069737247137
0.04055225571590085
0.048727194885217345
0.04854759029044238
0.044985359282522994
0.03529985630582095
0.02492504333201561
0.014208555261414908
-0.001996471340517912
-0.02262210737827217
-0.03431275640399031
-0.03651354758893937
-0.03490699234920713
-0.025963024795965302
-0.018830278896408176
-0.014006882390671712
-0.003886142537409939
0.00962484775515423
0.017224013174748316
0.018978753631340786
0.018037440806832877
0.01206343299338544
0.008455911606926866
0.007530781480420737
0.0036201938648934276
-0.0017093536767642207
-0.004856964066725698
-0.006135200766684579
-0.0061778541031169655
-0.004145467836079863
-0.0036103239163647848
-0.004653658413812772
-0.004796077335958605
-0.004792955665040239
-0.004476949580683128
-0.00356933249759679
-0.0026766199271529094
-0.0016900424305532865
-4.151536181297652e-05
0.0022320209239043744
0.004955982015939476
0.008255814277183242
0.009725291339686625
0.009137571654184296
0.007728940364080908
0.004827532444476297
0.0017711606503189197
-0.0013490244212296053
-0.0057931477612699735
-0.011294264118742955
-0.013804065303463182
-0.013103174067646679
-0.010939313275063528
-0.006218477465642137
-0.001619319291618714
0.0027258345650725767
0.009111916082497644
0.0169980073724456
0.02093799235647366
0.02070097260642206
0.018513237007148898
0.012918451719213615
0.007687572329717408
0.0029925305293261664
-0.004320215033141648
-0.013485555359985892
-0.018698068033119665
-0.019801227353084774
-0.019046803873764614
-0.014912321004936316
-0.011615112519301017
-0.009345907845849039
-0.004684591033647771
0.0014981752653586175
0.005327856488101309
0.00686044760129437
0.007358788711076066
0.0058570318660660405
0.005520801277279509
0.006482184159884425
0.006348132292302446
0.005791933169389249
0.005080933894491786
0.003960913539695836
0.0027632466490222526
0.0014830766153815182
-0.0006660199302656988
-0.003686426205572692
-0.007217082280349821
-0.011443183262864502
-0.013482793157067593
-0.013043640195566577
-0.01163364517412387
-0.008440785813958587
-0.005047932596372152
-0.00156477192897133
0.0035172482105379
0.009883832809008121
0.013612185161732288
0.014537731596973972
0.01432696157544537
0.011941821877398657
0.010062862978808379
0.00883423418975206
0.006022745063540981
0.0021855180655144025
-0.0003135690552204622
-0.0015337583586430544
-0.002231342643741647
-0.0018287040024738124
-0.0022908239401632623
-0.003705569715262349
-0.004613197369986079
-0.005438636354478641
-0.0061428643217858875
-0.006558455960305094
-0.006999596046921861
-0.007411727751508387
-0.007442431928385696
-0.0071048192132744
-0.006514235481374645
-0.005588584719120731
-0.004724187004665418
-0.003947998854441644
-0.0029998236079797768
-0.0019757376939815285
-0.0006677531251802634
0.0009625494773374641
0.0027399109360804253
0.0047221734764999156
0.006471491998116498
0.00792835361543013
0.009345928190310732
0.010596074822312188
0.011905586364624252
0.013293060115813231
0.014530819453222262
0.015663810234227082
0.015486615130311533
0.013837731429870114
0.011303326249000769
0.007515288466223287
0.003097494678247158
-0.001938655737841463
-0.008252340424714618
-0.015746696951713386
-0.02049643229138126
-0.022226796515517257
-0.022752460886743577
-0.020997088719760987
-0.019440364664632344
-0.01822046005569529
-0.015154638387078648
-0.010743654787163904
-0.007350457544210885
-0.004897449998278539
-0.0025704740494707765
-0.0009278693752346289
0.0020041796390924222
0.006342533724742236
0.010656853875699562
0.015394999019161651
0.018553118875763854
0.01978421162697296
0.020356514600477667
0.019660712531165924
0.01851126729693321
0.016984577128696523
0.014118480203461166
0.010058131958701868
0.006777861652249057
0.0042970782630950685
0.0017376606774586912
-0.00041876647574035
-0.0036029528204172775
-0.00793310803650613
-0.012311042641742096
-0.017070644586510895
-0.020020361686359338
-0.020822178475192677
-0.020749008446275356
-0.019139205619187787
-0.017005160860789625
-0.014415525732811893
-0.010258297629773332
-0.004711948937900889
-0.001414114692518426
-0.0005319901965298512
-0.0004255231015581419
-0.002050680200263803
-0.002970811733217935
-0.0030275992869190256
-0.004250845627466921
-0.006119107778044786
-0.00519740725946048
-0.0013973354206009603
0.004014705090719137
0.011947090563243683
0.019902805432262805
0.027791447828357883
0.03765451495532425
0.04899136661813106
0.052387591222426054
0.047157579905322836
0.037400582207124534
0.020481526142102007
0.0023773542125308947
-0.01668031990347704
-0.0420420428132024
-0.07256973128848689
-0.08714278385523258
-0.08442957303744031
-0.07371227727388655
-0.04920520061306453
-0.024628962931422808
-0.0006406562934209682
0.034714838324592906
0.07870759611781596
0.1013345471781724
0.1012764641151509
0.09100007745900737
0.06248770555403847
0.0363812981116047
0.013671981951877701
-0.02292573742492868
-0.06919969662093399
-0.09338704404975977
-0.09462310550896458
-0.08519315879409141
-0.0567578755175635
-0.032359930904802325
-0.01302408555968266
0.019964517227726467
0.06186248502459802
0.08435736077376557
0.08703637254506176
0.08016080521921304
0.056384944021108864
0.03712173691072727
0.023247465856467635
-0.0022578627044623273
-0.03497289969921979
-0.05515530281151776
-0.06298912858167305
-0.06488693349261443
-0.05586798736170506
-0.05195307459701135
-0.05375926216503644
-0.049054423841059625
-0.04119991024161824
-0.03468876482215726
-0.02849494611204326
-0.02274868877622592
-0.018294191767611295
-0.00924624301714206
0.004530093117895239
0.01949499893204562
0.03697442834792603
0.049603215023812576
0.056391941459500605
0.061823083165413795
0.0637870613666395
0.0656832937502986
0.06787140152723657
0.06680174739523909
0.0631713619431686
0.0568689995217907
0.04730078259836698
0.03488224046100852
0.019318269094481966
-0.00030953711063717556
-0.024174683185790188
-0.052236995724535086
-0.08486269907655665
-0.10280298526498965
-0.10428211885688372
-0.09874134855165947
-0.08075273939095025
-0.0616022534447474
-0.04192465037455565
-0.011250017863354056
0.02821861934943235
0.0520622779478082
0.05942109448644945
0.060548174360686574
0.04905186306288294
0.04200128355745089
0.040346870958912734
0.030102009560050165
0.014866991747057526
0.0050764370193457494
-2.5056884215765682e-05
-0.0029959710170192047
-0.0014355031485303459
-0.005065010244466522
-0.014268874224853506
-0.022266445261955366
-0.031197698977883426
-0.03450299101778145
-0.030841738992685108
-0.02483960464750032
-0.01446505031056657
-0.0017962767151821386
0.012874536505597844
0.03243602575457921
0.05652890931985265
0.06601482584067671
0.05951642746085949
0.045920356312384426
0.01996643746131039
-0.006494759261866725
-0.032812051058039006
-0.069531404002135
-0.1142820326380213
-0.13539753775455027
-0.13119698467040175
-0.11513727071482673
-0.07864590493578913
-0.042878844314662684
-0.008825033509045201
0.04160239619163479
0.1041562338108667
0.13956595151768394
0.1463991845710165
0.14052327332442582
0.11153454078377727
0.08710618972977549
0.06854173985550337
0.03300522760676745
-0.013820167774366121
-0.042087150815537
-0.051833092782514564
-0.0534917015367327
-0.03951762774136841
-0.033367451160648806
-0.036083061519635286
-0.029569980775585303
-0.0187979479486658
-0.01334259629672291
-0.011992131779265405
-0.013591258550620045
-0.020246762294681912
-0.021658910907532334
-0.017589031876715615
-0.01486461751568966
-0.01125772145985292
-0.00785554529133371
-0.005405065110796676
-0.0017719525718976948
0.0026347265442796296
0.006691106628478479
0.010613023455782362
0.014619465794370843
0.01852174677034422
0.020858079792174286
0.02144179302272867
0.020812076568343222
0.018498910045412206
0.015481062296654365
0.011733994178822097
0.006305161466602421
-0.0006643239956000857
