0.0072342828045985595
0.11804552513849319
0.16785051789137917
0.14840564730472586
0.1179495570379189
0.05090851201996277
0.004417914276416051
-0.01425630452086791
-0.05434047010751214
-0.1018939829103525
-0.11448116580872066
-0.09326860856517744
-0.04775037405405177
0.03298542258128581
0.06841520479000003
0.053754985787176524
0.03753167823923709
-9.211006359351745e-05
-0.018369007504118875
-0.011015585141369447
-0.013775236562470707
-0.016216726276885928
-0.014562219997019798
-0.012218981066441188
-0.0029040544091646888
0.013626409053770118
0.02444800200396591
0.029976584883081882
0.03677652195602488
0.04214354980618882
0.04044586201539668
0.03142341709642963
0.015624657149318788
-0.008747720139354577
-0.03469423193430178
-0.062377466643314256
-0.09708975439606216
-0.13758624530701544
-0.12526843013368089
-0.054887922027923926
0.04681211190447703
0.19658022737930167
0.2397895063565377
0.1628098955313375
0.05423582593533236
-0.12722603571504293
-0.18959757284881879
-0.11242452944970371
-0.022625919225925967
0.1303955957495115
0.1632640541374807
0.0512718585658857
-0.07618047063889462
-0.2690177521141382
-0.31529601074938746
-0.18648254840046724
-0.02501022899056899
0.22793689863226016
0.33196422266704273
0.2571987990093122
0.16839346994678936
0.0006872173174557569
-0.08805378977915128
-0.07369472600168459
-0.08642338920870118
-0.08454030063685183
-0.06853467138557955
-0.05011239339689748
0.004729540215864638
0.09459569446483929
0.12939786576174622
0.10807465583440846
0.07372915890144106
0.004837548348690477
-0.05494725232305909
-0.10135598918392448
-0.17347879126028676
-0.2616395426982807
-0.25305706567698466
-0.14138161655490358
0.027014233134893154
0.28308552985486335
0.373021273828135
0.27562467000291
0.13949608080376039
-0.10198787669060692
-0.215897780796001
-0.17551303864834816
-0.1487620711588876
-0.07536350311549733
-0.00971255100830544
0.031057951392358236
0.12251698923173975
0.2501738543842856
0.25774663128527464
0.14131124182264518
-0.03519872177073895
-0.3119809574713191
-0.3854633195439423
-0.22955683145011468
-0.02373931413490601
0.31176907945475
0.42559712633915564
0.2778930522927066
0.1035242273403958
-0.19103535667737984
-0.3201864399414884
-0.24377042363421436
-0.17638019601010335
-0.04132472002467334
0.04425423003525511
0.05364197500205224
0.1064038549311581
0.17025259293966905
0.15912257207461714
0.0780777824275562
-0.057671213253505264
-0.2693174954098014
-0.32368133491995965
-0.20434522036195024
-0.041378873461741364
0.22567981454518318
0.33894358415027187
0.270591277411043
0.1949006258013241
0.044326140704459914
-0.03733605573172246
-0.026162074698670455
-0.04710330310947865
-0.062115021440135386
-0.09019414993101987
-0.14557569320379882
-0.189077254227018
-0.22836747119456255
-0.1982340697175054
-0.0859932548257217
0.07197268182154934
0.29710748192785785
0.37173176619021514
0.27603920279119376
0.13348423130101972
-0.1146459059028905
-0.21844419287531142
-0.15192620757892325
-0.08520724314093278
0.04647921709020227
0.09122027806028535
0.02375569404917605
-0.030096566209879615
-0.11146069090283105
-0.13110030955606053
-0.0691250814162854
-0.0011864891781588481
0.09943276004561567
0.1405570468740375
0.1076132562583917
0.06724089788871747
-0.0066602176547537785
-0.04694556880181018
-0.04355196145339963
-0.050987467602125615
-0.0514740770215055
-0.0412469187268008
-0.02461852319778952
0.011148146864223375
0.06677927820393938
0.07833261241196646
0.043018007032687273
-0.00746741401005119
-0.08936978235851582
-0.10524763533235022
-0.04556672376475085
0.02953481905373503
0.14591253077656524
0.1737483168867718
0.09798174478050925
0.0021069099286789264
-0.14912666048558346
-0.20294996922923736
-0.14099581314353177
-0.06595049331010448
0.06335790500572716
0.11150223751428626
0.06004169679895447
0.008231513163589596
-0.08035451263752236
-0.09391569650907217
-0.01470310861995308
0.073986348801107
0.20341240746836636
0.22343221030984078
0.11385184569129844
-0.027889779042280106
-0.24399285660274994
-0.3044075266963618
-0.18309694415597616
-0.02579360387609018
0.2299936393254087
0.31682974167372857
0.20311339873726825
0.0694967640957792
-0.15565252988024264
-0.24834949581843957
-0.17713152864012424
-0.10890139528448534
0.01669094399232837
0.08143319527952192
0.062168970295807605
0.06540384153875822
0.05848346121539498
0.040801049258911634
0.022504990295592962
-0.022724966511911793
-0.09348249312324769
-0.10940180581689349
-0.06833086035635173
-0.008028419058919312
0.09147254932388392
0.128560451978012
0.09366288448403295
0.05213913931770652
-0.02235020227950187
-0.05154523641347154
-0.02450445571738627
-0.00044933853043089243
0.041523375661260915
0.03986405411883252
-0.01596313696862827
-0.07962749838682019
-0.1686866871567374
-0.17491892572839066
-0.08467647662170383
0.03597568922980215
0.21759519546083472
0.27007598681508843
0.17335920348565909
0.044415159874728535
-0.16812029857717134
-0.23868488565286491
-0.14144080791420072
-0.027703749594390415
0.1626478585269301
0.21399990855836867
0.09715709916552474
-0.034972329606084915
-0.24106527215673446
-0.2952564463889006
-0.16617879551706444
-0.010288635453849573
0.23490866632364552
0.3260178696804338
0.2311487454671437
0.11921154470694884
-0.07605050970537616
-0.1555829792273521
-0.09073317943008358
-0.03232496704587501
0.07329252244601221
0.08460310780763534
-0.023384400207046904
-0.1391776895156132
-0.3028146526880478
-0.32624844300513206
-0.18280780328045246
0.004949067426601072
0.2905682365727105
0.4035564834362274
0.31343107726477726
0.19544721919121083
-0.023215028390884317
-0.13317413520032761
-0.10661162334176734
-0.10550730194013011
-0.07523710609183908
-0.049793338130845806
-0.045714791211321285
-0.0023785945836732837
0.06999250309717896
0.10067818283282617
0.09282692871177996
0.07325931112012046
0.026207748144204936
-0.026720709253422285
-0.08462047190060067
-0.17121392279000278
-0.28308580000089834
-0.28202913409753705
-0.15848829633041514
0.02367098095538071
0.3022814901160243
0.40459511074344745
0.3066249479166563
0.17180715611353292
-0.07154580736265946
-0.18336046503352285
-0.13503254531291647
-0.10204183358691409
-0.022037265904758026
0.018544036657659073
-0.001581755012130781
0.009782266224889417
0.028589387101036964
0.037465692438299635
0.04581210697190589
0.043300192219330666
0.028244859157483485
-0.0023731805867824823
-0.05229288397100976
-0.12171773153169937
-0.21372625378338078
-0.2193611567805137
-0.129392208416686
0.0010166049666793507
0.20189803930408987
0.2877908091163702
0.24167188533454081
0.1784472508606089
0.049551508332697856
-0.030106142176804202
-0.044921252782016786
-0.09102167892332044
-0.13937720042347532
-0.14832439628267532
-0.12328658657804514
-0.06121957098955799
0.04812868808180595
0.08998383092432612
0.058984178941050874
0.01987817778132285
-0.05547709671676138
-0.07222386417924659
-0.01871856431206716
0.036704265527816714
0.11898691983441692
0.12907579006611522
0.05235223258862808
-0.04386689206335688
-0.18765056445329417
-0.2040758884005014
-0.07292068601030641
0.09877309877452443
0.3593367350914391
0.4235221156586058
0.26041290033149017
0.047188591941448366
-0.2934020784348725
-0.44058594036411886
-0.3570858696869097
-0.2618094707639879
-0.06953002381356417
0.043936664448620544
0.04936084901228503
0.10231982185122938
0.15671940667829612
0.17251867529659481
0.16163861530029175
0.10662220676964561
-0.0008897391841373361
-0.062446488905938194
-0.07703432077484454
-0.1004233150718493
-0.1105217235248142
-0.08409541959880423
-0.021763234380660725
0.08316198005200434
0.23855446732098406
0.27460185487346545
0.1801648968201211
0.04441512714899242
-0.17713211024068348
-0.27646366790838567
-0.23301830628889478
-0.18430192173506682
-0.07639108333144999
0.004023237059152446
0.04111516028688697
0.12142027095161978
0.22296303943946202
0.22569427567606712
0.12828938247921573
-0.029003050086445815
-0.2775085751127752
-0.3446706849422324
-0.2090624551060431
-0.028389170260499714
0.2684121048184855
0.36287153464828276
0.21945025916838523
0.04988476751602182
-0.2304364404968928
-0.32607954870225364
-0.19708469850056368
-0.05491940940483412
0.1804866831239821
0.2757537025187367
0.19499801064362798
0.11636938083867965
-0.024095346184778908
-0.08321662741905664
-0.03437477440677103
0.0008884422454490896
0.06249789425079296
0.04450658474014123
-0.07411687151201499
-0.21042339062207419
-0.395776321578778
-0.41089264029871425
-0.22876946957856262
0.020057729461381145
0.3976711785476524
0.5461200798951893
0.4285637690360545
0.2698095817038327
-0.025647861667415003
-0.1774132192585161
-0.14967813687074397
-0.15770973181267334
-0.1289194298898475
-0.10485421931097319
-0.10717685710371572
-0.05724004784132956
0.03237187617059982
0.0705847605441507
0.061929541792429474
0.04162087258352669
-0.010279031461130652
-0.0171552769911839
0.027601469469601625
0.0712403477240584
0.13269253004062903
0.14148428193284832
0.08665370299735284
0.01655315234192528
-0.08900596231609861
-0.14996624949012144
-0.15653153046542548
-0.16439809847587442
-0.15216550207833252
-0.11387976309193266
-0.05190794480834261
0.049377156262677524
0.1928899726792985
0.24117912829780247
0.1860369704591896
0.0967831147238352
-0.06258177136942115
-0.1423693510180447
-0.1286206676943412
-0.12414553019798562
-0.09119820322835914
-0.04269819512185123
0.013332063819290007
0.11414016381091016
0.25709394172705125
0.26672016648464575
0.13354359434928795
-0.059689787998455944
-0.35924949183664073
-0.4283363297910181
-0.23587822021331176
0.01779794877624092
0.422216732122358
0.5410482603613496
0.3256297190538169
0.059652478276183696
-0.37381181562909666
-0.5240380542616139
-0.3339168007324595
-0.11669434933580902
0.24911358499108183
0.39202717078162214
0.2577836339318198
0.12521306539950317
-0.10663125410984929
-0.21755408359151931
-0.16668224687355207
-0.1430197209256201
-0.08553659651452025
-0.03523387631537292
-0.01270442945147671
0.05189920016840784
0.14531866983218078
0.17141800008180758
0.13140148406457522
0.06104561718927692
-0.06287888626318633
-0.11293553134584103
-0.07915639012127326
-0.042341917313095924
0.029583405436513305
0.054777200415492965
0.020884010285876824
-0.0067543561599316074
-0.0499594732521038
-0.062434988384658656
-0.034085703353300925
-0.0045648198410399455
0.039796956048835395
0.0552276198156251
0.03435002410179731
0.009527148586155637
-0.03177683169550059
-0.049183666750923394
-0.03694067179378783
-0.02504793515514253
-0.0025535080138873343
0.021795855812683416
0.04518863355279071
0.08106267415644865
0.12724591815174738
0.12933347688594132
0.08412972732173976
0.015948488555719544
-0.08990344644001792
-0.14847445147696944
-0.15272159818240896
-0.15628710545992924
-0.13750258901194898
-0.09751865846160343
-0.03883085025728604
0.057588134975871876
0.19294724958644974
0.231289283943867
0.1645363082049236
0.05981845455555723
-0.11867397780296376
-0.19141643234569947
-0.14187941124560535
-0.08688517900350881
0.019720548642254948
0.08431222106959299
0.09154034009961497
0.12447447826859571
0.1587498764410375
0.14572042656346632
0.08909738154111094
-0.007366245243268187
-0.15594496851662945
-0.21843086850568671
-0.18637423732695108
-0.1371478787688759
-0.035661511002996235
0.028040424702938396
0.04337006427158281
0.08313767234441163
0.12513460005618285
0.12298507231838153
0.07920261587334423
-0.0016133151845573197
-0.13159666870110265
