0.005964776055889217
0.006230128024146416
0.006504648882699817
0.006788963028366688
0.007076600385382277
0.007369506858225936
0.007628277739550596
0.007848179200514026
0.008049055921248792
0.008219277899374575
0.008379909748306094
0.008531840054574368
0.008653865050787446
0.008749687594161287
0.008850015858387813
0.008954210769064564
0.009049330031769665
0.009142468196178427
0.009209153667586428
0.009247251045803014
0.009274350608179232
0.009284501364995316
0.009302326328179527
0.009331805920911849
0.00935671705448784
0.009384298834888546
0.009403879804422966
0.009414118938843521
0.009426723699652237
0.009439471466103634
0.009427202007087607
0.009389282920850261
0.009336333212153007
0.009261919622012461
0.009183613147914858
0.009102505339440289
0.009004421446078485
0.00889316185760924
0.008801405569813365
0.008730754624445938
0.008668481578710486
0.008623539045842824
0.008573586006970255
0.008517929488184965
0.008475731324731142
0.008442708552202605
0.008400333417448657
0.008349603644873499
0.008296856840504171
0.008237915964943733
0.008189231181137074
0.00815193851153056
0.008114662975848872
0.008081307641065042
0.00802469251389259
0.007941104862078637
0.007846313894167033
0.00773237441864599
0.007612496760805185
0.007487765464005963
0.007344467656738878
0.007185153530522547
0.007033629560836063
0.006890000841960132
0.006744325101745142
0.0066024395365305195
0.0064466643744179345
0.006275722641967072
0.006103156818894553
0.005924937725734266
0.005755097545522125
0.005596525770905175
0.005439732697480222
0.005289143497259988
0.0051398668732524485
0.004991391999105561
0.004850257938181058
0.004715676822797189
0.004572488476681744
0.00442049534222088
0.0042667076766437
0.00410744214175931
0.003953521895473602
0.003805919192264574
0.003656323099508024
0.0035073016794437343
0.003354161132277937
0.0031955945192683175
0.0030357384767847207
0.0028730738198498706
0.002708529163851988
0.0025424348323901083
0.0023729612860236664
0.0022002994145750186
0.002031329454636774
0.0018663700483006643
0.0017022278565721166
0.0015406962236206884
0.001377343601667874
0.0012118548223697455
0.0010479570468814878
0.0008846925680251177
0.0007047615195931618
0.0005068688371234876
0.0002984729950171335
7.470234696473313e-05
-0.0001535850211540973
-0.0003860156459549403
-0.0006324137713505329
-0.0008907534695557123
-0.0011499898064507774
-0.0014105712912286037
-0.0016766600665317996
-0.0019457464501434838
-0.00222722034000887
-0.0025218059901644316
-0.0028229213483793713
-0.0031328226117129264
-0.003438807405345951
-0.0037390405389681786
-0.004041242696690559
-0.004341699688935916
-0.004646366838243644
-0.004955821860742656
-0.005263787617727477
-0.005571448501561798
-0.005890554786026168
-0.006221255801976469
-0.006558636452402901
-0.006905629187834415
-0.007253713817196486
-0.007602312845106632
-0.007958089832315694
-0.008319144277782714
-0.008639365568297133
-0.008914767684336527
-0.009165563630015694
-0.009378528294936388
-0.009581658185026775
-0.009775783455007868
-0.009934833167939047
-0.010063848523232924
-0.010193462407505875
-0.010322422222774125
-0.01043865247783991
-0.010549027459112988
-0.010627604402268483
-0.010672185974278128
-0.010700806006207316
-0.01070710070005572
-0.010725001790907653
-0.010759334096804626
-0.0107891036627697
-0.010824134407943733
-0.010848381454317609
-0.010860124378686869
-0.010876017174432626
-0.010892740383082793
-0.010878303700673629
-0.010832117347599016
-0.010767365778270505
-0.01067593620990865
-0.010580692586210796
-0.010483035553031941
-0.010364769699922281
-0.01023086651128954
-0.010112159854894907
-0.010009615241326543
-0.009912196100763623
-0.00982820193343321
-0.009735358682033794
-0.009633053180700669
-0.009539789787317282
-0.00945125213473894
-0.009351605157704628
-0.009241923786281548
-0.009127171578135635
-0.009003828490359123
-0.008886551146209648
-0.008776283470586928
-0.008663059360028123
-0.008550344051471662
-0.008410391977583876
-0.008239569166975737
-0.00805357190574336
-0.007844313499373255
-0.007625606858854799
-0.007398500999854524
-0.0071488445473766715
-0.006879284952518892
-0.006613380327285504
-0.006351140934133845
-0.006082783270029758
-0.00581404153745804
-0.005527210716422009
-0.005220992703710009
-0.004908828923998949
-0.004586655919308613
-0.004285926386198728
-0.004011274044787638
-0.003745009597761686
-0.0034965979900287375
-0.003251106851252914
-0.0030076444794584645
-0.0027823638729830625
-0.0025726624597177767
-0.0023508783192729915
-0.002117173537120621
-0.0018836113390999735
-0.0016436404536701778
-0.0014183139777923486
-0.001209456562796998
-0.0010014826001035581
-0.0007994374900200696
-0.0005867681277046886
-0.0003603567370937449
-0.00013184541678437384
0.00010376061950161553
0.0003401723341292888
0.0005764661467506707
0.0008202243217420085
0.001070164769412826
0.0013078690702577772
0.0015327962965097737
0.0017529854720168079
0.001963725877131836
0.0021776538116157033
0.002395615225998229
0.0026073606446430806
0.0028156483109023434
0.003050290582370056
0.003313090729192549
0.003591978213752982
0.0038952353269281004
0.004203212008366632
0.004515303634664596
0.004848779856035414
0.005199937944395688
0.005551068217415814
0.0059030563933865346
0.006262270102288431
0.006624727866754632
0.007005924033425688
0.007407011053125928
0.007817266949015278
0.008240412036686944
0.008652910700779334
0.009051505178050347
0.009450147680648346
0.009841980174215528
0.010238335135022708
0.010640234691550846
0.011035913096286513
0.011427608194412023
0.011836432517626392
0.01226257948278196
0.012697271571008662
0.013145745588249743
0.013592522823800274
0.014036541490650046
0.014489810799610855
0.014948856775355453
0.015317428306305546
0.01558695936863458
0.015799964778918145
0.01592875426307375
0.016031269215987097
0.01610922233295396
0.01610832951208784
0.016038972464479728
0.01596574778488675
0.015886064841835707
0.015774266094314884
0.015644845164183664
0.01544325277383607
0.015164818125174699
0.014847475890186734
0.01447781962335163
0.014126095195289828
0.013802321729570481
0.01346283433083954
0.013127956550775038
0.012764543162926235
0.012368976268600939
0.011975661179684202
0.01157770572470602
0.011108527639592958
0.010566835047022728
0.009980045111485107
0.009331234080394232
0.008667860919585439
0.007992796020032706
0.00726816961240422
0.006504265703143153
0.005766899124170532
0.0050582102537945
0.004354381687408709
0.0036731322136592873
0.002967104782723753
0.0022349425405832667
0.001516038038239498
0.0008011924146379063
5.618857129789309e-05
-0.0007167454526072718
-0.0015068272412101652
-0.0023217053209467703
-0.0031299263522637836
-0.003929485506738908
-0.004741874285279068
-0.005559683186052388
-0.00644178637109471
-0.007395959165834043
-0.008388878677886421
-0.009437736682957944
-0.010513345009671398
-0.01161350706161502
-0.0127682407231298
-0.013971979657471469
-0.01517466222001544
-0.016376286866247355
-0.017597710214275284
-0.01882676805599
-0.02010111049214563
-0.021423530375377583
-0.022765489148383444
-0.02413565231389736
-0.0253111301117803
-0.026266039076829825
-0.02711095307869609
-0.027780317015191656
-0.02839518891488355
-0.028960492586148752
-0.029355591685535518
-0.029601846883224942
-0.02986995440598824
-0.030156026563247663
-0.03038861623813837
-0.03060705506803309
-0.03067447052181414
-0.030578969664271812
-0.030418612605325038
-0.030160094173407568
-0.02994548435906367
-0.02979739347192605
-0.02962299083925038
-0.029463968707467925
-0.029258031739364306
-0.02899752546288941
-0.028750293068472276
-0.028503381497100903
-0.028113134918414332
-0.027576072949178437
-0.026952667282843595
-0.026206232258474727
-0.02543740184069645
-0.024652427840397555
-0.023770287101799036
-0.02281276938147516
-0.02196011755606654
-0.02122085322192707
-0.020525366297335916
-0.019922954754945987
-0.01928970541455576
-0.018621829945136455
-0.018025270972673837
-0.017476253609200187
-0.016873582578407736
-0.016222849683772172
-0.015558413798305349
-0.014857497974096016
-0.014210323212942438
-0.013623088628996832
-0.013033524890757691
-0.012463038573548938
-0.011760511273767977
-0.010905400977018255
-0.00998516271182094
-0.008955642978861743
-0.00789049750186662
-0.006795732368597341
-0.005595020091284939
-0.004302576344939118
-0.003050342949875778
-0.0018388569916167536
-0.0006130622442114616
0.0005947073263500859
0.0018825439840938988
0.0032575349123420846
0.0046445961262507945
0.006066091783480804
0.007301672775454564
0.008320660533141736
0.009242327134296234
0.01000062138077181
0.010704233019403878
0.011358751153115442
0.011849080002823332
0.012194034941160859
0.012579854150930951
0.013004384067452891
0.013386913476554496
0.013771055571438016
0.014012654784478417
0.014098989448691618
0.014135428680048828
0.014087099326295555
0.014077524311648583
0.014128524372848924
0.014155021393026466
0.014193776335141345
0.0141950050227085
0.014151668399226143
0.014121080513565924
0.014092841005018515
0.013933423923122202
0.01363891986222828
0.013266612904067701
0.012782205837135267
0.012277571339741047
0.011758507011372515
0.011150280180119834
0.010472719304996502
0.009928066601918447
0.00952773456723847
0.009190392769809897
0.008971867339240049
0.00873716157542062
0.008481912191550058
0.0083235798989934
0.008236436226192677
0.008101460531953177
0.007924502722071711
0.007747535646120753
0.007543619201666551
0.00741689123676195
0.007374758348713275
0.007344817130977703
0.007351835157397077
0.0072333418752505325
0.006966754215168801
0.0066474680027704776
0.006227950671497267
0.005786337115843367
0.005329302652243823
0.00477530713160625
0.004139513389705746
0.0035662914504286077
0.003056565255582886
0.0025499426953667047
0.0020819617489117523
0.0015460311689574587
0.0009345361372801399
0.0003295092105749355
-0.00029323805046851785
-0.0008229658490216394
-0.0012393918742291074
-0.0016117595795812926
-0.0019056527107745257
-0.0021652421424558197
-0.002393951826827045
-0.0025378289204740605
-0.0026040899488428662
-0.0027028003441989423
-0.0028344161543014134
-0.002948785165350144
-0.003072236463076887
-0.0031239038073961264
-0.003096421336265409
-0.0030506485663493953
-0.002967157985031585
-0.002892227447930359
-0.002836286845280408
-0.0027627242196411462
-0.0026858177249110314
-0.0025914924180689978
-0.0024766443482667566
-0.0023609397674499077
-0.002241338127756659
-0.0020585130760681636
-0.0018100021698710673
-0.0015222491703918116
-0.001179776685693174
-0.0008216533019329571
-0.0004503835681045154
-3.331303971525741e-05
0.00042123505161128437
0.0007880366586693957
0.0010585073211356747
0.0012858040708303585
0.00143496474163473
0.0015862462428526218
0.0017424976379191107
0.0018322043081487054
0.001870552758201442
0.001935962861082655
0.0020252222244157973
0.0021094835517395417
0.0022066592329852554
0.002249828688438673
0.002234073481198731
0.0022064444827126495
0.0021510165555494298
0.002162526597151616
0.002254625984682573
0.0023705646860131472
0.0025381506133965196
0.0027128274160583784
0.002890564831340037
0.0031184764942197244
0.0033878839093313107
0.003612485262905317
0.00379148882355128
0.0039611992704871625
0.004100274758387684
0.004271882914230259
0.004480509307968476
0.004677245969913859
0.004876368663198826
0.005046100537240458
0.0051777888282788925
0.005296533807757428
0.005391719925732052
0.005469983030822224
0.005532600270394613
0.005566274118316895
0.005571738841285293
0.005589980069151537
0.005621960952243587
0.005647733557291604
0.005677333825489309
0.005682669821074542
0.005661018040732259
0.005634330292180872
0.005595888056148654
0.005550175499493683
0.005499859760086804
0.005437758061204753
0.005365602037667954
0.005285397887027024
0.005196445947227118
0.005099272727394315
0.004994176247677376
0.004868312233782477
0.004720644201439745
0.004557458550894566
0.0043752190754537176
0.004181200239991762
0.003975851137667947
0.0037524288562363352
0.00351237500461215
