-0.23850018979650767
0.2448919988768807
0.1463982308491545
-0.45305219171957306
-0.09519475947087472
1.1348971037242148
0.7673009683018445
-1.0876268443886115
-1.150470312375733
0.2819574289907948
0.5655602266983097
0.18461972096860518
0.009458214553110779
-0.35008386835515576
-0.23623913715309444
0.46278382898772813
0.3760089523257639
-0.40721079800606846
-0.30237206073935
0.5248422365994792
0.2537018077331408
-0.9487617629426489
-0.6615375284137702
0.9410714352612196
0.9326486019184743
-0.4000901766936519
-0.5260193465996545
0.1493503187695699
0.11088204392951084
-0.304890011164949
-0.25738561028326634
0.0878478223915865
0.28138748744680026
0.4340177406413144
0.11977487506387269
-0.7757863206203098
-0.4331575307512165
1.1551870431122415
0.9001565182645734
-1.0063856300807388
-1.1114839618305064
0.18283431991029553
0.4118750599368708
0.07084696235850511
0.15142611904644918
0.3277007865264003
0.11155051668927021
-0.43196759454351186
-0.41060963886740126
0.15254390092661183
0.211175249955906
-0.10210107560544605
0.006913667816891397
0.4008017821819986
0.25683151610936134
-0.35899596153005364
-0.4275456720815616
-0.043565083392709106
0.0856586029954228
0.12242902708701615
0.10229980675624861
-0.08142133043813618
-0.18708428327241686
-0.2332186252411803
0.13933907133403894
1.0199218977720386
0.6290919143195762
-1.065383921185456
-1.099056705139023
0.3193831619916023
0.5802203481632959
0.12655310677284176
0.012200715275444002
-0.1438914601548365
-0.08531851041124319
0.31321066174145795
0.04411669505754803
-0.8704010117739533
-0.5953722912523115
0.7936402778293739
0.921887987110259
0.0180009268657599
-0.23926164709328332
-0.21685928235075785
-0.2589882912076331
-0.12856221594823472
0.12012638934173554
0.5031990580465182
0.21125849962001284
-0.8341489536039913
-0.5445142405038206
1.0239063527652585
0.6906172044956528
-1.3211300044039673
-1.0960693175443923
1.0006655672918259
1.2098831188724155
0.04581989286933025
-0.32112249798885495
-0.4463898036588748
-0.3568818070819457
0.26080721497508935
0.3434479800720059
-0.07275594364197785
-0.1778173181258709
-0.15178431251296243
-0.07688327382320413
0.16479220188823449
0.18327169557846468
-0.02570520021971257
-0.1254323904854976
-0.18773687898579894
-0.003243681225932834
0.5029625271510987
0.3065254748604981
-0.5997917417665369
-0.47911264514499674
0.5590875990679185
0.5061158326902738
-0.41995312698478576
-0.46487918082144997
0.10733224272948542
0.15294689820390506
-0.09382365070341711
0.024713711550289515
0.37660387954538715
0.1663569529788478
-0.5677548519993321
-0.38498295802945337
0.6554067779420977
0.49527996323179785
-0.7047817928732497
-0.5444037215320146
0.734555804284408
0.6033014331292553
-0.6551422645344486
-0.57471044453557
0.5388028703521518
0.5080211551456377
-0.3602496467878393
-0.4246930413867639
0.03328234977725965
0.10290616549571076
0.004823655633140267
0.10796553242523028
0.30751730130366806
0.12302283152417866
-0.44102947381582747
-0.38594388443797584
0.25393417867619367
0.23219355638048716
-0.31847327678310544
-0.0627322994860052
0.8610516179047484
0.5720054601648253
-0.8214064230041372
-0.932250317000459
0.012632694438022169
0.23939664046372647
0.11116822897974202
0.2670837651787946
0.47161749177537704
0.14395341600684838
-0.713888744997236
-0.5441569395578015
0.6407526352493115
0.6065351166181169
-0.4464506583248048
-0.4634306528850394
0.25354854211427386
0.34258558847255094
0.0772952482184449
-0.20072177200958136
-0.696480627728936
-0.3958688688921796
0.797056432664158
0.7830743005657235
-0.3239051947721084
-0.42946384632646245
0.16203425075875083
0.11607069965703845
-0.2850900479199068
-0.15613638180234193
0.3663954736130565
0.23429933938244912
-0.4766667776275302
-0.3784089446291978
0.41460939535086794
0.42912495365919634
-0.1586176870514927
-0.20981594003533977
0.07440438577802025
0.07407496406069045
-0.06151763299656488
-0.015323146250228122
0.14713704529771612
-0.02713144761828195
-0.5262505724909349
-0.36823209839520155
0.42459035793152744
0.5959175533410209
0.279924432650043
0.008450236178391819
-0.4409527078849126
-0.46155492354653527
0.03770409715831287
0.22241627276607365
0.21872740269012597
0.10958531788117815
-0.2545860575181195
-0.1681235949234333
0.38538860642732636
0.17652729248636614
-0.72066723385974
-0.5032036082629235
0.7123428292351929
0.6979069200439096
-0.3327667167937085
-0.39989596931266314
0.19134734968423447
0.14352268744469945
-0.2853397105253179
-0.1502462477362229
0.4149603498152453
0.29053369895365366
-0.437955669102234
-0.2894077760969112
0.6169236220122167
0.2908424563669939
-1.1207859526849693
-0.8179538920834074
1.0071054721664696
1.059823418316768
-0.3157346017879529
-0.5618115589512097
-0.15264679606373463
0.08076659737943717
0.5162990240105002
0.3532892586020679
-0.5302682644166258
-0.547666064362398
0.18744231306562462
0.2747017440291919
-0.05501601350766232
-0.06036338709655874
0.06828401978745233
-0.016354757976689328
-0.23986068963000803
-0.04689146393861137
0.5559073844717461
0.3120244827965015
-0.7523373677630449
-0.5391453213894427
0.8294456120097617
0.6744370880885759
-0.75939569595148
-0.6469073241355103
0.6845930615384723
0.6579393336165337
-0.37443711650773126
-0.5660219362622798
-0.26430553713888594
-0.019857791008626387
0.44705898599767624
0.4216576145196748
-0.18064145458869424
-0.2859955272659057
-0.019909018853585092
0.05956079523208878
0.12096797858388837
0.05103323294688713
-0.2282111780776386
-0.11619148507470345
0.38039468079714206
0.27785766862406613
-0.36385922028956946
-0.3485138362679029
0.2047478043273384
0.24321356302767105
-0.07084172167909154
-0.12525241369444934
-0.0654710377418515
-0.02887370387590661
0.0667641376426265
0.06799014315074699
-0.039352566038967404
-0.06687877987880872
-0.04256903764489345
0.10536731311441627
0.42059675391969736
0.3200570680230969
-0.2124956975647965
-0.5152140071065489
-0.6909149385807751
-0.264467244529845
0.9394519066641353
0.8155365079970541
-0.6242667389083516
-0.7122103291962922
0.2501454064261548
0.4313251607428137
0.2203034800149351
0.027124479434369485
-0.41219221299695774
-0.32505355816782866
0.3505146646264313
0.3521779305060631
-0.2099006622369726
-0.25549254024936363
0.037890256863274414
0.12182507908032474
0.1469469565129336
0.012858291812472254
-0.3669901094558624
-0.24053606849622852
0.3990134948008495
0.3396206030356756
-0.3324480599982411
-0.3385086852490633
0.1623067523742457
0.2889905905172283
0.22304132753498632
0.08837023864800707
-0.2534038867013812
-0.3195974757877609
-0.0963153238808908
0.049830733540593156
0.21817052553537053
0.18213405772634064
-0.12723053358859412
-0.18250569076939702
-0.027766108095068458
0.0438518177228026
0.12193087848698354
0.01945358547799326
-0.31605924487343134
-0.04860242284820893
0.8295630788959194
0.5829470045322458
-0.730391176023896
-0.8819839088313769
-0.09619611353302483
0.2002032940854521
0.36067272007365514
0.32505027223540045
-0.12213302666781195
-0.22277575570720273
-0.022364926581590415
0.09090401566547524
0.2540451371998495
0.21318547439925595
-0.09073548040439898
-0.34630565503435545
-0.6201235753578145
-0.2786103798153783
0.7901734260822962
0.7547902230550826
-0.33462529676010117
-0.43086096715277744
0.1963990499792268
0.11622972180825974
-0.39543475098564423
-0.2521473893237742
0.4011789146836394
0.3447541277062607
-0.3119279799574877
-0.33325301411949104
0.12130625852095112
0.27066088312990966
0.29537711135218886
0.1407517921457999
-0.3224779784063691
-0.3879355244551693
-0.06368639000295795
0.08723168183884801
0.19462319537133002
0.1286942570257335
-0.20831888720924946
-0.21849768750077725
0.07347788196795407
0.2602875430036314
0.44928919664555145
0.2775199659971762
-0.34663522510874223
-0.5868188665575531
-0.5061526056356037
-0.13040720534670858
0.7323452464909357
0.6629035783089895
-0.385488246259171
-0.4986630002364084
0.10414951960249055
0.24485954659708303
0.2123943666459158
0.10168414422735773
-0.2535312011108285
-0.30129005956334526
-0.03966086418902803
0.055218616986671104
0.08274765847458669
0.10986383643411396
0.06656792505477767
-0.029240695458893115
-0.1922783558382976
-0.053019338829609346
0.41998399720501534
0.32695248329635074
-0.30373184773113543
-0.4333971876095474
-0.19009760183534682
0.037176377727670226
0.42824948583616534
0.32851423092823284
-0.3419430605676032
-0.32657812457405905
0.2828700361675893
0.19980875680146204
-0.4114341643752307
-0.3945649946487264
0.09774469796708662
0.37067524058172385
0.5978059078302924
0.18971256465109826
-1.0173605209406709
-0.6361323017045951
1.3282407326633514
1.078775752062429
-1.1156356259180087
-1.1921911725589749
0.35447229025852933
0.6123561978940941
0.152558136683405
-0.02064082135111075
-0.31840729041380256
-0.17893130082948558
0.5293210377139737
0.252272082299718
-0.956217307416244
-0.6815391616162294
0.9253302293636908
0.9522784024606561
-0.3062058239418787
-0.4337131174610388
0.16195970840019877
0.02993271999078525
-0.5197970264090184
-0.290778271744203
0.590870922397395
0.49555319796258274
-0.4662514452427161
-0.4884802098829721
0.21449084226520657
0.37515812125353654
0.2528977886234654
0.05276818942892023
-0.4218874370568251
-0.37482959542280214
0.23323846662381054
0.23513997916373244
-0.25236564745828405
-0.14686544078918767
0.40378648585099564
0.24991486701673296
-0.5019015296449121
-0.3163233742559738
0.6959135811412788
0.6064684462933775
-0.4103752252746036
-0.6075756831629341
-0.25235515206397463
0.11103242774297997
0.7726341395245085
0.34231611390496286
-1.3226703958473622
-0.9712514274498294
1.2728789241238874
1.2777597273644121
-0.5463394907048686
-0.7470584885106596
0.0992717287604565
0.1497705619443434
-0.12588069151686562
-0.16919256268482016
-0.198677348520364
0.15541535104718318
0.9849128981250159
0.5683993717722204
-1.1251904990211727
-0.993290236404281
0.7866959984276959
0.8636136440747029
-0.3390846979381179
-0.6105332344150395
-0.4306037442433535
-0.1590870954184371
0.5334434479610481
0.6508140963376224
0.1552899356419074
-0.1113677449355754
-0.3485442973329296
-0.34767417829002334
0.03357094935500084
0.15131362209169136
0.06983311423296892
0.05284735783722962
-0.010050285047202708
-0.08764203775278442
-0.16269133171521757
-0.007134366299685715
0.4160196080359277
0.21004188906273144
-0.631453621173138
-0.39531860668677893
0.8410996822521318
0.6242769505296432
-0.8617977035985853
-0.7341116011280711
0.7166738805408364
0.6584156206639591
-0.5483494963362727
-0.5354646725754036
0.3380006644517203
0.35604949112008893
-0.1813271763050498
-0.17979700157577472
0.14611762799498387
0.16095803498553313
-0.0020161911078873567
-0.12658887634463634
-0.30276605312850785
-0.15693594688308315
0.36485394615762784
0.3302382952946608
-0.2252359761832767
-0.25842757419852064
0.0990429952280098
0.1734647544464791
0.11490600977150833
0.052794042366139285
-0.10914920615882831
-0.20093797336495348
-0.2167479421994545
-0.09940324835446852
0.2035953328655203
0.28531612460953326
0.15013429444029325
-0.023192910859325157
-0.32559561427254424
-0.20745264565568128
0.3863336236713782
