2.8389003058831632e-05
7.178262266432384e-05
0.0001177809184037919
0.00016660765359046125
0.00021589910840138764
0.0002663596359894016
0.00030447349151338916
0.0003285979083117607
0.0003455631662721722
0.0003513734439777263
0.00035321482635356725
0.00035138997328859373
0.0003386363285392184
0.0003162125438630136
0.0002946984444014766
0.00027387594333318254
0.0002492719267220813
0.0002233296181787179
0.00018762597628688615
0.0001414216622427464
9.077044208290979e-05
3.362151191669535e-05
-2.1630311687434883e-05
-7.362508185165469e-05
-0.00012791293840128172
-0.00018202715757147537
-0.00023959920053334005
-0.000301091568338282
-0.00036251963663199387
-0.0004246430520309827
-0.0004960729207088844
-0.0005770314979521636
-0.0006638870147860725
-0.0007588447938603322
-0.0008559026662012464
-0.0009546912453679945
-0.0010600619478677363
-0.0011707198874439432
-0.0012753672644994195
-0.0013734476361433
-0.0014693773880881996
-0.0015600624901014766
-0.00165321963083347
-0.0017490927126059008
-0.0018410634160268644
-0.0019306136354850076
-0.0020241736358209963
-0.0021214036897031423
-0.002220104194047222
-0.0023217283532611733
-0.002420580933599725
-0.0025162713925539
-0.0026127462327905234
-0.002708656928008174
-0.0028133844238596604
-0.002928215164174121
-0.003047708096021404
-0.003174608396650758
-0.0033043659276578187
-0.0034366096817932605
-0.0035760727310243916
-0.003721879553121089
-0.0038658123667155197
-0.004007837638838835
-0.004151393364144122
-0.004294466998987203
-0.0044431657391353725
-0.004597934011742605
-0.004754099163799045
-0.004913055632743067
-0.005054506293716061
-0.005175865891541117
-0.005287638178364046
-0.005383795886679989
-0.0054748734258431644
-0.005561347422349274
-0.005632413829026
-0.005689912532218126
-0.005750159637363354
-0.005812872779209225
-0.005871095659462483
-0.00592861635779559
-0.005972575291110014
-0.006001843401864988
-0.006025720767474707
-0.0060410848312786375
-0.00606014016727698
-0.006084921037950416
-0.006107257637625682
-0.006130751861595373
-0.0061502388093540175
-0.006165041151952867
-0.006180912693900314
-0.0061967750967204804
-0.006199904737124458
-0.006189961081318689
-0.006172342996239574
-0.006143790401960677
-0.006113138886014473
-0.006080938566170188
-0.006040037116224388
-0.005992342585487746
-0.005955398114829765
-0.005930115063267755
-0.005909567772274417
-0.005898575903470345
-0.005885258523844231
-0.005869239168065933
-0.005860763999463675
-0.0058575592661946445
-0.005849521165206024
-0.0058371720451208245
-0.005824010286467972
-0.005807752806986333
-0.005797312557673265
-0.0057933109922056
-0.005789567943232327
-0.0057881988716936604
-0.005774810429979392
-0.005747421201490217
-0.005714418991125724
-0.00567159368950073
-0.005625908949869303
-0.005577943995944377
-0.005520451318096728
-0.005454776548602495
-0.0053935960489205625
-0.005336974085766447
-0.005279610582462393
-0.005224617250808221
-0.005162598915541819
-0.005092878266076706
-0.00502266226737888
-0.004949812030872381
-0.004878465713735788
-0.0048098214780846115
-0.004740391826845369
-0.004671564476425921
-0.004602645256627062
-0.004533430227452216
-0.0044655602705411905
-0.004398956927486569
-0.00432794256899659
-0.004252339313206436
-0.004174903714192426
-0.004094220535410494
-0.00401408712811522
-0.003934852883084773
-0.0038534831353854004
-0.0037708657415895072
-0.003686771289883259
-0.003600846674460197
-0.003513850615203985
-0.003425636257855949
-0.003335665346175461
-0.0032439954774812923
-0.0031507513436432287
-0.0030558207661176657
-0.002960649235784235
-0.0028653592149536244
-0.0027691754497838118
-0.0026724886268347427
-0.0025745085210611227
-0.0024751646069022643
-0.0023751857092643995
-0.0022744027515682226
-0.002166053866108213
-0.002049547976644643
-0.001927941969829446
-0.0017993073118253136
-0.0016677035639880513
-0.001533279663414998
-0.0013922581154611506
-0.0012453859907317433
-0.001097222634848499
-0.0009476098015280628
-0.0007947656708227264
-0.0006397309195083587
-0.000478704085108278
-0.0003113799103708442
-0.0001404419776408267
3.5026920252646336e-05
0.0002103828040849343
0.00038493144085980746
0.0005615694355311233
0.0007389374580430328
0.0009191626378939167
0.0011024698978113945
0.0012865921554712913
0.0014719589688933707
0.001662999409197249
0.0018597882544690986
0.002060468831344255
0.0022661558350277494
0.002473677427828268
0.002682825080996437
0.0028961055141871676
0.0031128186457914267
0.003305315167583625
0.003471043948263509
0.0036224431094996237
0.003751543586768734
0.0038747846578856163
0.003992687891140623
0.004089753345330375
0.004168931566237286
0.0042491469547911226
0.004329702830617413
0.004403039162459746
0.004473428920710382
0.004525036093859201
0.004556513257558315
0.004578942333507068
0.00458844634721113
0.004604830358163426
0.004630970870688013
0.004654494831347072
0.004681150869545754
0.0047016961663880474
0.004715116742572992
0.004731087237129262
0.0047476948198664085
0.004746030969787932
0.004725727825505833
0.004694611236152636
0.004647880642171607
0.004599002167115885
0.00454880405322063
0.004486548943299175
0.004415163591010058
0.004353886080271474
0.0043033895822878155
0.00425666630698195
0.0042189143067710416
0.004176390552542352
0.004128708705496979
0.004087360653525949
0.004049689887544929
0.004005609550640103
0.003955774701503114
0.0039034124616751935
0.0038462746672444743
0.0037936164403209213
0.0037460443225129543
0.003697244739908089
0.0036494085826722536
0.0035854957125838367
0.003503257156821534
0.00341238231678915
0.0033079028840493968
0.0031982656695270354
0.0030841232312924078
0.0029568031294757505
0.0028179276488614134
0.00268205526734688
0.002549205109705583
0.002413326457052145
0.0022779691133611585
0.0021322196221200645
0.001975281443806249
0.0018154568485443806
0.0016502456058780839
0.0014768252484405732
0.001295773392164712
0.001106575470837933
0.0009086005753446112
0.000705362793980043
0.0004967461222166677
0.0002804244344682662
5.704964521138335e-05
-0.00017450689021481953
-0.0004146478986705974
-0.0006624508478434635
-0.0009183373309478951
-0.00118243602668558
-0.0014547601666182386
-0.001735676008902505
-0.002025284317431491
-0.0023185904607191552
-0.002615241233194756
-0.002917739913741705
-0.0032247451888664774
-0.003539332886595267
-0.0038617411227712104
-0.004189288434296447
-0.004522636412894065
-0.0048652900216662525
-0.005217245530875777
-0.00557728703227268
-0.005946301644067816
-0.006321586864297032
-0.006703028953079905
-0.007092731087554493
-0.00749012700070715
-0.007897041978880987
-0.008313926145076119
-0.008739554772685497
-0.009174544892998867
-0.009618422976940391
-0.010071169078288046
-0.010533620182070743
-0.01100574651151826
-0.011485616724527907
-0.011973249096346493
-0.012469626176992637
-0.012974315958864259
-0.013488762646108906
-0.014013145181899899
-0.014546437362124718
-0.015089021182158524
-0.015640713669992055
-0.016201433996142912
-0.016771592565487856
-0.01735115172698804
-0.01794006897128081
-0.018538429946215303
-0.019146254111246715
-0.019763578651322274
-0.020391082428465816
-0.021028865929523858
-0.02167667298576725
-0.022334726831471134
-0.023002720985480375
-0.023680683925866353
-0.024368996230634644
-0.02506763754390413
-0.025638882249586086
-0.026068650587477624
-0.026421351262755993
-0.02665691840966133
-0.02685432089595337
-0.02701627035598619
-0.027066588184520308
-0.02701930606522303
-0.026973117105712797
-0.026924921367207557
-0.02683439864341696
-0.02672398283019242
-0.026512457079676702
-0.026192794503250034
-0.025822293399127973
-0.025381075413768446
-0.024963544021860094
-0.02458384145824668
-0.02418191109636146
-0.0237852249961919
-0.02335061231076294
-0.022873088143011592
-0.022398363092341087
-0.021917443298151346
-0.021338136400207784
-0.020658426686141283
-0.019916637151778497
-0.019089267431416226
-0.018241471189650377
-0.017377217656645957
-0.016444264236702425
-0.015456707228333541
-0.014517189236234601
-0.01362983123692741
-0.012756136360547739
-0.01192395624388233
-0.011061143018834471
-0.010165537234618051
-0.009297980616865702
-0.008444530803231527
-0.007549528317946886
-0.006616273353193207
-0.005663023818512183
-0.004677274298590254
-0.003709301650332598
-0.002762426146039342
-0.0018020705429719907
-0.0008401086602195635
0.0002122733837002958
0.0013669996276344915
0.0025732548358428213
0.003856996200525624
0.0051746053311841084
0.006522679634080215
0.007946294750664003
0.00943709857754029
0.010918571427531864
0.012390571345996491
0.013885034111489959
0.015383299974042372
0.016942611368151193
0.018567177046869564
0.020213424456915922
0.02189448063107711
0.023361473555258003
0.024584234486028957
0.025688721965376336
0.02660143151410328
0.027454797026820556
0.028254501354411016
0.028866886962336295
0.029315235073859396
0.029794527866903887
0.030300852200890346
0.030751912994589244
0.0311928170461436
0.0314685226380657
0.031565513839662905
0.031595399709551955
0.03152050896515124
0.031495288270466305
0.031544860759568125
0.031567231944663224
0.031607857703075976
0.0316001134358467
0.031535588558898105
0.03148762375276604
0.03144235833782205
0.031241485831444114
0.030881008750108203
0.03042784228364035
0.029841514382453797
0.029232517690862894
0.028607744417130335
0.027878054494954636
0.027067360941534686
0.026383068131612362
0.025835455154335524
0.02534361744539567
0.024964415641010144
0.02455629388482172
0.0241148711786371
0.023761701475920303
0.02346967372699592
0.0231209700817788
0.022721924024649634
0.022312941280411246
0.021867470308326687
0.02149006528519354
0.021187979568401814
0.02088892850681458
0.020617739252276095
0.020202316471624574
0.019619146671638808
0.01896818028069842
0.018199123616482276
0.017395600521764722
0.01656451238204003
0.015619071069741985
0.014575442103786064
0.013584528865135675
0.012647036752657078
0.011699968567853478
0.010780349770362357
0.00977618897244932
0.008679422476871443
0.007575896208993305
0.006440110648130985
0.005453084460868859
0.004642636012863826
0.003905630116431854
0.0032969620195064564
0.0027329930456264345
0.002208748656796416
0.0018166275995107957
0.0015423483169886149
0.0012238776574809138
0.0008621028387597474
0.0005285189045004957
0.00018484555401440453
-4.59362512739687e-05
-0.00015288841137033033
-0.00022693337067032857
-0.00023842733545487328
-0.0002801283496990271
-0.0003696993024639413
-0.0004407087505218547
-0.0005210693877932325
-0.0005759794167567542
-0.000599939000576151
-0.0006350122511757564
-0.0006739060404409436
-0.0006113146716844373
-0.0004437952556015484
-0.00021713085268567687
9.582813772769981e-05
0.00042352163703133735
0.0007613736181162431
0.0011680009486284247
0.0016279867247293862
0.0019627776829144153
0.002161447636322565
0.0022972501135111504
0.0023206582360972804
0.002349003738233462
0.0023861791936991535
0.0023291193933766144
0.002200096680260397
0.002106659693664324
0.0020438262283308927
0.0019729782065924903
0.0019185163410134925
0.0017871763403756065
0.0015722042586315728
0.001338659088856998
0.001064325294947083
0.0008894023233232742
0.0008336045414373644
0.0008139461291826199
0.0008714660232565162
0.0009392238384091662
0.001011344962235154
0.0011579399247893009
0.0013659700784241944
0.0015096425518526125
0.0015879852050443737
0.0016536739017355025
0.0016756619070743377
0.0017464612506283468
0.0018726306196757702
0.001982746356837121
0.0020977406071718114
0.002186127515074587
0.002236855035529317
0.002279702751717176
0.002303556259803235
0.002309616991119151
0.0022995214890349693
0.0022621521731710347
0.0021971240898096575
0.0021535988952951285
0.0021333715024843204
0.0021117696523599233
0.002101061202000898
0.002069114732969519
0.002012775862710868
0.001957921268771635
0.0018969593223210474
0.0018258672189330144
0.0017470205276863124
0.0016566877238655604
0.0015543610220316618
0.0014479277951953181
0.0013369720007708025
0.0012171481109329461
0.0010899624582011063
0.0009470051638767406
0.0007870306160885685
0.0006149991667759288
0.00042841931924541285
0.00023066876210122965
2.200943144845853e-05
-0.0002015143707317184
-0.00043932679170543605
