0.02650036617835512
-0.16336271354793624
0.22992024064745528
-0.2099704217735742
0.2512711365761915
-0.3172113562841504
0.35502726509896665
-0.45779880334241907
0.3305596461335042
0.05840815873319495
-0.19908059386807647
0.12734369154540004
-0.07296367503698409
0.019526938045270895
-0.05379352977610302
0.11577344142207027
-0.2288709262082735
0.4430843531677967
-0.4310586178572516
0.214215797757058
-0.046007579238468474
-0.06654587484535107
0.14964920119396283
-0.23185323769317642
0.21916247194260832
-0.11998867410627481
0.05762008756237303
-0.006340382885802163
-0.0014056618193921027
-0.062207974944541895
0.033640924091019354
0.06568161294729821
-0.10707423438130882
0.1706797544730931
-0.07386494637085236
-0.24023728945316386
0.31115235830100496
-0.09315932731695092
0.03947634934445067
-0.2176291824694685
0.16333795164465828
0.13521692295094434
-0.23679624438741956
0.18086968907848128
-0.08967763436518165
-0.027890336096664806
0.0875397135581297
-0.129426631641044
0.06825953178886773
0.07794050469745778
-0.16023755551714278
0.24720296044037454
-0.20270168958644239
-0.05112379166684835
0.07376553363231571
0.2070034104550174
-0.21284526406645193
-0.10043925220770257
0.17735426812567776
0.004209775243940762
-0.040896076219313945
-0.08361175768691251
0.11528126917096294
-0.018948693397013352
0.009326296493608
-0.13515403400748327
0.09369435334978408
0.11664537193188554
-0.20438781477739337
0.19167438335411788
-0.14540205599007802
0.06962501727161656
-0.010561519678014252
-0.032478301926654025
0.058432933298010234
-0.08051279540209381
0.07603694692322584
-0.037008311991003476
0.03691852047100034
-0.06433922506189949
0.08214662590715456
-0.12030264071333088
0.09620708032234114
0.022892346627409094
-0.038301658288944294
-0.07961706292560586
0.08069103328605025
0.032368298723445196
-0.05608330694221665
0.061785051020123924
0.02131471656973069
-0.24923500222781073
0.22071031333371155
0.018986418343853784
-0.20495717844442887
0.39948546655369527
-0.418775899641143
0.22084940721200164
-0.1720814936455889
0.3222392463227147
-0.28704996639476665
0.06226385847103007
0.017370264133460177
-0.00035686530474294924
-0.07298652547685616
0.20866568973689736
-0.22505638117030674
0.19190947350303883
-0.0627499900193222
-0.20662665524382626
0.2629655877890535
-0.0937715685022538
-6.131397226025355e-05
-0.05147651656315084
-0.03466479809110686
0.3439928579549207
-0.3528921499168755
0.041478136462037005
0.044743008940253556
0.04209869451047664
-0.1290681185943792
0.26499537762743264
-0.22444078882154667
0.03153331982809068
0.10517524411198309
-0.19165157529789034
0.19665595382808962
-0.17898573493586897
0.05862569233939348
0.20548360180247935
-0.297887932067147
0.17746110815406585
-0.1850364458538483
0.34890149909289553
-0.3360476167304617
0.171373350832089
-0.024965597040555256
-0.08981166800684734
0.16779216993912865
-0.24551969474467658
0.19547493389720555
-0.06385037162382379
-0.04622499011480254
0.2570883921844662
-0.21749424920674446
-0.21914715467498264
0.20828400160946223
0.3587963637907308
-0.4407045646042018
-0.031433071093098536
0.1575630114817645
0.11684533173192652
-0.10467976601512347
-0.188002494931566
0.32578642125600327
-0.3181283396973745
0.27505506673041497
-0.25045823761648056
0.13200591513640822
0.10355223742407786
-0.16867002722812682
0.10703964603882199
-0.019483279259417178
-0.10216350922407146
0.10607272979476245
-0.09338843118078048
-0.038157433358462785
0.401242983291884
-0.3652111841000004
-0.04574056355399449
0.22729616058762764
-0.3068670129408559
0.17561218036136622
0.2557217061066742
-0.31684666815012774
-0.021478840534161853
0.14415397755067078
-0.0023980120003940855
0.017309357131294563
-0.23581836199599604
0.2329818233628566
-0.01761875900384796
-0.09702703678305549
0.16091256805139306
-0.16885895971387135
0.04228808176125622
-0.10846618249910486
0.4419700077196698
-0.5025375575898279
0.22219032809215314
-0.1965095882122815
0.4636763107988352
-0.4777616265426988
0.2866598920603961
-0.14531518330360157
-0.0443880756176252
0.023825486464603435
0.31583093769152454
-0.3261160040528926
-0.09638740040335714
0.12105388482803951
0.2819355562439528
-0.3701629030216198
0.19801215834040736
-0.04035258942256986
-0.14510570998319688
0.18313119133817132
-0.05161688438761947
0.002933370607117281
-0.08242224014990113
0.02940943261598391
0.17269645012367243
-0.22654712035180954
0.1721516829906908
-0.10708934046401504
-0.03417353220530637
0.01975713303904339
0.19912629409856147
-0.20499354350878357
-0.002683466438390014
0.08916748597242104
-0.09601286795866809
0.07462849720305519
0.0434426464157286
0.006313504482563972
-0.24667043702461586
0.281187364607087
-0.1668785642729736
0.023189563726348394
0.2035749337873116
-0.25409606637407145
0.07307449997583894
-0.04806090422107004
0.24703770342304215
-0.1852971095251628
-0.09125801882666558
0.22972913392524763
-0.3904838597427022
0.23210225116365885
0.3583013698910589
-0.4612839582563535
0.03830946134634863
0.09923519599456299
0.08601147736627683
-0.08765642898696749
-0.12037263086618015
0.16266506801832692
-0.061740463642275534
0.012057073663892123
0.045539757076463065
0.011728156782578733
-0.2224121787576677
0.2531453270908407
-0.09976275311339054
0.024865086226865556
-0.061482024150206774
0.04546912804410627
0.10907529031882776
-0.062006370028960034
-0.26117957187574103
0.2832614067500093
0.025299569717444875
-0.1306647789963642
0.013325572204021113
-0.011954201827071112
0.13821638243556922
-0.1775931431792175
0.11271602379913778
-0.09222585720429932
0.157938355672186
-0.11631112866625509
-0.08011123033497035
0.12571286887090993
0.04484303623614576
-0.02997084642693124
-0.2450537102114984
0.25760766507542554
0.04821226474159822
-0.10359099891783366
-0.10702716608240297
0.14493656419493012
-0.006572717404703325
-0.09391028385179284
0.0994554749498111
-0.20904251465549034
0.47242136139099333
-0.5130852907430646
0.32639307190083455
-0.23657936583397918
0.2464102847112526
-0.21778605490064495
0.13280909785861167
-0.08037367188633487
0.10901744596990268
-0.023435252238727607
-0.17422394422721846
0.2267374229391675
-0.23837538599670688
0.09771922855686951
0.2791924324747259
-0.3059847494533063
0.0042135752123468595
0.1457606402114954
-0.20546818157616908
0.1493007877691425
0.023072886632435362
-0.0742337110214147
0.05411214508022574
0.055147307092600004
-0.22517661512008716
0.31010926455530974
-0.4264835103987716
0.3034353744612628
0.14117115969043142
-0.22753770249254388
-0.05346756854506722
0.13562224471228557
-0.054618498376835634
-0.017549782306259434
0.1075622497826045
-0.08998269739535422
0.008496191866660983
0.07239609867065351
-0.22729859107220723
0.18120820392796227
0.11787741808954491
-0.21067298268877951
0.018224490927723637
-0.0419923124025858
0.3587076775755027
-0.3431218350638401
0.02125805770034478
0.14483679970070695
-0.23050702908776954
0.16172924275370018
0.07572369019975213
-0.1454231435264142
0.12062130228298981
-0.046835253861230705
-0.19985141477328397
0.13513587495890847
0.31227937605810624
-0.3739892154151238
0.07801122189316478
0.09139516723411008
-0.16765492514319738
0.15836053526692515
-0.07727546886285006
0.014537826458439918
0.040966571789050665
-0.051506133439230016
0.012045854735461091
0.016197652747840165
-0.018356921622296667
0.0710908760846991
-0.13732678075143614
0.20008776976131082
-0.32788950428271146
0.2546362930813445
0.013139944165623738
-0.13280693921421888
0.1915189446759325
-0.13519683735100665
-0.16201322525873382
0.1332955944564585
0.3381767121085032
-0.36534601468145816
-0.09089132141591709
0.20408458428394116
-0.008554688585258152
-0.11656368583149901
0.2112586401056212
-0.2164909062458277
0.09904019510099843
-0.08665870090864049
0.20268581782909237
-0.1983855543927937
0.07059750921089629
0.0020832911600737964
-0.006468028351654025
0.04535244816266487
-0.12323788526578747
0.13895167644116435
-0.13740145314969907
0.09122184107567195
0.06512366157024771
-0.03231126909179015
-0.2129464305706095
0.27750183203914464
-0.17749715264940386
0.10783980524883494
-0.0648520122513858
0.043572792420063865
-0.034662792062589966
0.043247722785445225
-0.08498920502278565
0.09847952216541368
-0.049806419921296835
0.08352961828099537
-0.215750129212012
0.23718258569978534
-0.1647591405832156
0.09771330985500087
-0.038821952018081626
0.010054379323498402
0.011054555241092744
0.02708285520278298
-0.09937190408325956
0.14608689171106812
-0.23906055758058764
0.17407998953394244
0.10506838276777714
-0.16073373468425708
-0.05162804761247473
0.08814835543394067
0.09588896420598568
-0.08994212602929144
-0.11645921074752857
0.1929603826598599
-0.13514515085112894
0.10458502664143919
-0.1368041590981548
0.08974369688364765
0.067610945852045
-0.0966716049976569
-0.021147882021962845
0.05467881420920864
0.023815147091214312
-0.014603888665059381
-0.12858048302925212
0.15294411369186817
0.02226863522950337
0.011687035914716839
-0.333002106463149
0.34947876878200673
-0.035631656040291504
-0.05747978088360085
-0.04797073785188065
0.1002561591609556
-0.12347152311604723
0.08071882443324942
0.020321489760669956
-0.09163120722418511
0.1592371712406259
-0.18286562810867274
0.11559713905950128
-0.15445154774346312
0.3346794545267976
-0.34406038977893943
0.19015493344849974
-0.10257911330042845
0.05121369570227679
-0.0349425765621385
0.08457402057958052
-0.028551070243404135
-0.12036983494642475
0.2110494124729083
-0.2704157358499639
0.2556270960899189
-0.15515676052592234
0.10355247967581009
-0.10384876757883355
0.05343526648140178
0.010737056576275363
-0.10985733527788837
0.27717470780088416
-0.30708596786002845
0.19143962858110708
-0.14255317971373405
0.14860489267880855
-0.11091934436366603
0.12598260294970634
-0.010068217243894359
-0.3480318555926338
0.31417019816984154
0.12894149915717887
-0.31955341628819023
0.24537766087708568
-0.22575366158167315
0.32071382960072936
-0.25122000117948473
-0.00578290531792848
0.08553010110145554
0.0011282947206891387
-0.06346913745740948
0.08258080476349183
-0.1311273877580607
0.1910183538421078
-0.18291222554689165
0.2416032129390721
-0.07819292506902156
-0.43117407699122334
0.4518591800538555
0.03477132895247634
-0.2456853699744815
0.16852218186417886
-0.17975106244777797
0.2922816335408767
-0.2898597172943968
0.2210965941283553
-0.1244073279458435
-0.07281880793396237
0.07021298941766548
0.1701655371150749
-0.2000189169700698
0.03426227044295892
0.05204549132655796
-0.09457063596859572
0.07150654205136674
0.035030556093992776
-0.05063613759771994
-0.0061904189453504364
0.03729788481134852
-0.09203076439730408
0.04503634795319844
0.13299783685597563
-0.1564242402808861
0.051900984543724826
0.019387711265129955
-0.09525763602204528
0.0593373650985612
0.06587748059645669
-0.13763541312654173
0.22357376409134527
-0.1667208848233898
-0.08314689594175613
0.1335644267154808
0.06459851788259172
-0.09970741832708993
-0.09521327348700015
0.05820635692338854
0.21096693512003756
-0.2913785221143062
0.25928399132028385
-0.1156733003562897
-0.14387685342273882
0.22216124953021738
-0.22264910072225697
0.07058165982147621
0.29946260011770437
-0.35895047128906865
0.10574516145876249
0.03565950469442473
-0.0245580190800926
0.09960896798780702
-0.3052979624345022
0.31792778574282393
-0.1425131877171011
0.04733736819114036
-0.02430397215494548
