step, usd->oil, oil->usd
Band: usd 0 oil 0
Linear p-values:
1, 4.715880230554456e-10, 1.475987785065944e-06
2, 0.661579497747921, 0.17405486823956606
3, 0.9965693444049674, 0.6199512335865194
4, 0.9501762232768163, 0.6663547312476811
5, 0.8274244418445764, 0.47275438719495966
6, 0.8892180842171249, 0.42315941716880934
Nonlinear p-values:
1, 0.9862, 0.49945
2, 0.98392, 0.50276
3, 0.97524, 0.51197
4, 0.96516, 0.53207
5, 0.95988, 0.54721
6, 0.95412, 0.60394
Band: usd 0 oil 1
Linear p-values:
1, 0.5775367081339364, 0.1764900290763727
2, 0.821150113164874, 0.8550636109507476
3, 0.9793144839457785, 0.995538799753894
4, 0.9914193074912033, 0.9989250388183555
5, 0.9989273811216972, 0.9998067155570749
6, 0.9992046188654992, 0.9996731880906121
Nonlinear p-values:
1, 0.29383, 0.43523
2, 0.26565, 0.39088
3, 0.24928, 0.44264
4, 0.19328, 0.43774
5, 0.16595, 0.48038
6, 0.14822, 0.52934
Band: usd 0 oil 2
Linear p-values:
1, 0.7968819805555436, 0.18185266043814585
2, 0.8037428242868878, 0.8321488344718408
3, 0.9700452175108212, 0.9846441643134516
4, 0.9466935290055924, 0.979221716825447
5, 0.9489706228323675, 0.9813031219820086
6, 0.9224740514620684, 0.9905512139844767
Nonlinear p-values:
1, 0.49544, 0.82682
2, 0.55356, 0.83281
3, 0.59605, 0.88176
4, 0.5125, 0.87266
5, 0.52211, 0.81973
6, 0.48151, 0.76054
Band: usd 0 oil 3
Linear p-values:
1, 0.934184621512246, 0.3807051805235848
2, 0.8680126805222346, 0.7046418279057025
3, 0.9446159381540253, 0.9552535994832565
4, 0.9585866971912342, 0.9830087170148191
5, 0.7347671388526145, 0.8995218761222106
6, 0.5365512302683577, 0.8268170022125649
Nonlinear p-values:
1, 0.28076, 0.6414
2, 0.297, 0.48929
3, 0.23193, 0.56402
4, 0.15516, 0.5341
5, 0.20225, 0.48098
6, 0.31342, 0.31353
Band: usd 0 oil 4
Linear p-values:
1, 0.9787447871971243, 0.6101444586846279
2, 0.955191323692914, 0.05919758598991716
3, 0.9638554058228174, 0.11664435379967883
4, 0.5618553696318508, 0.0527536721113383
5, 0.6113645414070039, 0.050199241611975746
6, 0.6857360370609262, 0.06269889338415213
Nonlinear p-values:
1, 0.21914, 0.63618
2, 0.20543, 0.71241
3, 0.22409, 0.71598
4, 0.39247, 0.735
5, 0.20522, 0.74863
6, 0.19906, 0.79052
Band: usd 0 oil 5
Linear p-values:
1, 0.9950665430337474, 0.9191351160750574
2, 0.9976792480231358, 0.541285554486259
3, 0.9991360963382852, 0.5229305010509717
4, 0.99837580070685, 0.7196701043913659
5, 0.9992838614524265, 0.8247611260704713
6, 0.9960565283328859, 0.4632076535312818
Nonlinear p-values:
1, 0.18956, 0.81809
2, 0.22406, 0.45133
3, 0.15957, 0.34091
4, 0.11872, 0.36146
5, 0.12224, 0.41569
6, 0.11237, 0.26997
Band: usd 0 oil 6
Linear p-values:
1, 0.9939987126934914, 0.9963796332106607
2, 0.9998912811779748, 0.9671596816385039
3, 0.9707102157862395, 0.8696177982489134
4, 0.676944509299634, 0.516958839673495
5, 0.9091235525836248, 0.5684457562952442
6, 0.9948205040943147, 0.65282802311121
Nonlinear p-values:
1, 0.9233, 0.81153
2, 0.92203, 0.8937
3, 0.7963, 0.87389
4, 0.74207, 0.85849
5, 0.73678, 0.77023
6, 0.71376, 0.78074
Band: usd 1 oil 0
Linear p-values:
1, 0.0021474952782517924, 0.16974659548526586
2, 0.030069697185216952, 0.38958358206812005
3, 0.49943356199784705, 0.8302606865625181
4, 0.5791610879704086, 0.8606087530249105
5, 0.7689747217776948, 0.9427342397571662
6, 0.5543349948951701, 0.9399044267931453
Nonlinear p-values:
1, 0.00579, 0.04118
2, 0.00267, 0.03935
3, 0.00196, 0.03326
4, 0.00188, 0.02844
5, 0.00215, 0.02421
6, 0.00144, 0.02013
Band: usd 1 oil 1
Linear p-values:
1, 1.2882289386739763e-13, 3.701679551216148e-15
2, 0.009680223042163743, 0.09132716024522794
3, 0.12380171016770743, 0.4290107846229231
4, 0.05281682473801927, 0.30453102014379557
5, 0.08591300763865864, 0.3105215078150739
6, 0.08950584196757033, 0.42603337375810757
Nonlinear p-values:
1, 0.1717, 0.4084
2, 0.15746, 0.48922
3, 0.15192, 0.53017
4, 0.1089, 0.54147
5, 0.07534, 0.487
6, 0.049, 0.38124
Band: usd 1 oil 2
Linear p-values:
1, 0.019782693208295527, 9.63922826999406e-07
2, 0.02095937706583891, 0.7730645092231035
3, 0.2129855557980656, 0.9985115435763048
4, 0.20166921814390004, 0.981958038695076
5, 0.2535825243680639, 0.9843534997284528
6, 0.0030877840098688493, 0.9903103064696688
Nonlinear p-values:
1, 0.57643, 0.25999
2, 0.37027, 0.31338
3, 0.2797, 0.37683
4, 0.24723, 0.35044
5, 0.18675, 0.29836
6, 0.17595, 0.26856
Band: usd 1 oil 3
Linear p-values:
1, 0.9619189873943734, 0.7941478226783225
2, 0.9550182247513609, 0.024849077893493964
3, 0.9950905700555767, 0.13020431525546372
4, 0.9963230576435373, 0.14405259994864078
5, 0.9993965522627618, 0.2956906738910046
6, 0.9990801251702746, 0.2980220632271031
Nonlinear p-values:
1, 0.51472, 0.84722
2, 0.51494, 0.868
3, 0.36743, 0.84005
4, 0.35642, 0.73199
5, 0.23679, 0.72879
6, 0.17226, 0.79646
Band: usd 1 oil 4
Linear p-values:
1, 0.8512568161710214, 0.3630674146900874
2, 0.7999850437410472, 0.14764173774218875
3, 0.6283635003122281, 0.18460866828423322
4, 0.10691923926405324, 0.03536543634498611
5, 0.07651441580138829, 0.03157778185286366
6, 0.43711736999239115, 0.19426477772360756
Nonlinear p-values:
1, 0.37173, 0.95227
2, 0.28321, 0.92178
3, 0.25163, 0.88437
4, 0.16353, 0.91513
5, 0.19308, 0.78723
6, 0.19653, 0.77483
Band: usd 1 oil 5
Linear p-values:
1, 0.9688153398130084, 0.8356649269255115
2, 0.9895989996027625, 0.3216634465806225
3, 0.21137354592234137, 0.058919777634103485
4, 0.1435311278706361, 0.1728972894606912
5, 0.1751566967641568, 0.23159464223747084
6, 0.5650382119807853, 0.2828603944164408
Nonlinear p-values:
1, 0.95835, 0.87089
2, 0.90697, 0.7429
3, 0.83183, 0.74545
4, 0.76445, 0.65997
5, 0.67121, 0.66248
6, 0.63774, 0.71008
Band: usd 1 oil 6
Linear p-values:
1, 0.997112009353539, 0.9355679186785868
2, 0.9980056471050591, 0.5788890904706021
3, 0.8418747177332558, 0.5622994293529493
4, 0.3861056949177147, 0.6500152441759828
5, 0.35191960929198673, 0.7815080662139258
6, 0.5796688204966585, 0.8486498438403384
Nonlinear p-values:
1, 0.38301, 0.86273
2, 0.26307, 0.84324
3, 0.11492, 0.67128
4, 0.08967, 0.58638
5, 0.09757, 0.39019
6, 0.10576, 0.2929
Band: usd 2 oil 0
Linear p-values:
1, 0.714081121983974, 0.9925553772251201
2, 8.904371602039924e-06, 0.9295844300690057
3, 0.002065172537055201, 0.9939733638996521
4, 0.0030864046161326636, 0.998259418436823
5, 0.008163571543968118, 0.9985165560515006
6, 0.0015340640842304006, 0.9961064510907284
Nonlinear p-values:
1, 0.94785, 0.43005
2, 0.91002, 0.43668
3, 0.88386, 0.468
4, 0.90358, 0.47918
5, 0.9053, 0.41522
6, 0.88955, 0.38341
Band: usd 2 oil 1
Linear p-values:
1, 0.5002664054640783, 0.5182345762069003
2, 0.12416649676385134, 0.6223468564946664
3, 0.5693514134146187, 0.8892439057988485
4, 0.5853980261870397, 0.922761231446246
5, 0.8160731073986903, 0.9745488879661123
6, 0.624438255227147, 0.9222101319399729
Nonlinear p-values:
1, 0.79015, 0.89637
2, 0.88159, 0.83025
3, 0.9011, 0.82123
4, 0.87852, 0.80547
5, 0.84616, 0.86321
6, 0.8282, 0.86422
Band: usd 2 oil 2
Linear p-values:
1, 0.1780712634057737, 0.15142605447986496
2, 0.7697077628124219, 0.7722180201088034
3, 0.9444070411282668, 0.9780106609181355
4, 0.9708134945359786, 0.9855960663641202
5, 0.9539096491978971, 0.9930316543067904
6, 0.874106246131712, 0.9792011200151687
Nonlinear p-values:
1, 0.9623, 0.99983
2, 0.97503, 0.99991
3, 0.98136, 0.99995
4, 0.9838, 0.99993
5, 0.97759, 0.99994
6, 0.92931, 0.9999
Band: usd 2 oil 3
Linear p-values:
1, 0.5727584877429385, 0.3103904470328237
2, 0.8116990036326887, 0.8483930376902811
3, 0.9551459688291505, 0.981289184816181
4, 0.9435423195309349, 0.9942876806639191
5, 0.9882073137267915, 0.9991106443043872
6, 0.9878196279876233, 0.9960831265938946
Nonlinear p-values:
1, 0.33368, 0.57952
2, 0.33055, 0.60163
3, 0.17798, 0.41634
4, 0.05979, 0.26123
5, 0.02008, 0.20242
6, 0.02506, 0.25585
Band: usd 2 oil 4
Linear p-values:
1, 0.9828498150121392, 0.8160310036871969
2, 0.9824643486179364, 0.4421586383500543
3, 0.9978648642866909, 0.6586101199019988
4, 0.9992407853730306, 0.8152186785675756
5, 0.9998726262361003, 0.8687355885515547
6, 0.9995797567641022, 0.9616770848657176
Nonlinear p-values:
1, 0.59425, 0.99338
2, 0.41825, 0.96339
3, 0.51959, 0.88388
4, 0.64381, 0.86792
5, 0.35861, 0.85077
6, 0.30433, 0.85488
Band: usd 2 oil 5
Linear p-values:
1, 0.9666008755993468, 0.8234613151844237
2, 0.9876428498389127, 0.8827152949205307
3, 0.8813341884895527, 0.8660390342873678
4, 0.9863656749997999, 0.9665241853462617
5, 0.9795408653437714, 0.9545629870513576
6, 0.995529357011641, 0.9941738131880768
Nonlinear p-values:
1, 0.98458, 0.94392
2, 0.92626, 0.8084
3, 0.95214, 0.8223
4, 0.90545, 0.87603
5, 0.90216, 0.88773
6, 0.84702, 0.89215
Band: usd 2 oil 6
Linear p-values:
1, 0.9971660744709203, 0.9561496665222976
2, 0.9991776322798765, 0.892467733222925
3, 0.9865406197004176, 0.9433111248006352
4, 0.9788479989064642, 0.9516615154503849
5, 0.9675573169560939, 0.9674937282403782
6, 0.9754660403646901, 0.9967208274626926
Nonlinear p-values:
1, 0.99911, 0.97408
2, 0.99525, 0.98272
3, 0.96916, 0.98565
4, 0.92829, 0.98654
5, 0.96019, 0.98045
6, 0.9444, 0.98172
Band: usd 3 oil 0
Linear p-values:
1, 0.5876881063231447, 0.9313608409511398
2, 0.33328687423076375, 0.9520857407676088
3, 0.5219977926586307, 0.9762728050123745
4, 0.6454090395169543, 0.9929037112939169
5, 0.7462321941299589, 0.9502482149986088
6, 0.8018257567586239, 0.9270737348028296
Nonlinear p-values:
1, 0.63232, 0.94504
2, 0.54338, 0.9536
3, 0.44644, 0.92595
4, 0.35998, 0.78407
5, 0.34952, 0.38765
6, 0.21323, 0.19954
Band: usd 3 oil 1
Linear p-values:
1, 0.04758502618359402, 0.6066749659324597
2, 0.15334850809845918, 0.5821208712122079
3, 0.44530616529604217, 0.8258380058950792
4, 0.39254427862626945, 0.7017420884211331
5, 0.12922249311200285, 0.3117997893248602
6, 0.027564987338744386, 0.16880125345934557
Nonlinear p-values:
1, 0.94468, 0.95488
2, 0.94054, 0.97674
3, 0.93689, 0.95189
4, 0.96683, 0.8665
5, 0.97995, 0.73639
6, 0.98121, 0.76578
Band: usd 3 oil 2
Linear p-values:
1, 0.4968868472480269, 0.6750367676023988
2, 0.9893814084695804, 0.8955203293717102
3, 0.9998283747986865, 0.9796923481732039
4, 0.9999625012490646, 0.9906372484071192
5, 0.9999980261659939, 0.9961999099618061
6, 0.9999148244393424, 0.9938193743295136
Nonlinear p-values:
1, 0.93984, 0.70664
2, 0.94093, 0.82406
3, 0.91306, 0.8461
4, 0.80297, 0.86041
5, 0.59047, 0.838
6, 0.37639, 0.85941
Band: usd 3 oil 3
Linear p-values:
1, 0.005362105915233217, 0.00025030677769149367
2, 0.10870541988622824, 0.030112569813868412
3, 0.3444020861384614, 0.04767146356989046
4, 0.03587126031520903, 0.0006993972931314293
5, 0.11163980507054487, 0.002541144178035794
6, 0.017009655377081215, 0.00184357130830312
Nonlinear p-values:
1, 0.94003, 0.28856
2, 0.92512, 0.19516
3, 0.87199, 0.19534
4, 0.46641, 0.21789
5, 0.11247, 0.07178
6, 0.04928, 0.1535
Band: usd 3 oil 4
Linear p-values:
1, 0.8391022778014078, 0.38777306063139505
2, 0.8447290434782887, 0.38081415714538247
3, 0.944671906497825, 0.6220443865204228
4, 0.9550590722974956, 0.622364134635474
5, 0.9905061889085764, 0.7915818771177741
6, 0.8297821257999706, 0.8276826384645232
Nonlinear p-values:
1, 0.99131, 0.88292
2, 0.98495, 0.80087
3, 0.93617, 0.70202
4, 0.87944, 0.39787
5, 0.82157, 0.22385
6, 0.73328, 0.14896
Band: usd 3 oil 5
Linear p-values:
1, 0.7618170655987914, 0.6029353100965038
2, 0.8983069921777583, 0.6442726677551531
3, 0.48772473833573904, 0.5325531937447674
4, 0.5791937133948033, 0.8050503827206329
5, 0.6743553393715627, 0.755434027222944
6, 0.8337981195389739, 0.9423227311142751
Nonlinear p-values:
1, 0.18001, 0.88036
2, 0.13122, 0.89934
3, 0.24544, 0.95068
4, 0.20894, 0.96383
5, 0.15572, 0.76845
6, 0.25538, 0.60418
Band: usd 3 oil 6
Linear p-values:
1, 0.9929136204469273, 0.8840224564306552
2, 0.9919383862694323, 0.8059870110201524
3, 0.9850400355860125, 0.9072387164164947
4, 0.9795488148371289, 0.9314121974074105
5, 0.9280418416183743, 0.9371753760358119
6, 0.9642302241920264, 0.990361952034102
Nonlinear p-values:
1, 0.46424, 0.99335
2, 0.43058, 0.9708
3, 0.38482, 0.84259
4, 0.5272, 0.69904
5, 0.69671, 0.508
6, 0.75795, 0.37405
Band: usd 4 oil 0
Linear p-values:
1, 0.8165625599920037, 0.9850628339455952
2, 0.7995105299094197, 0.9843374758008027
3, 0.9363320003747908, 0.9904446474767781
4, 0.9005996262638234, 0.9596003715451796
5, 0.9203589004179011, 0.9687093152809775
6, 0.977553599024359, 0.9995934626184002
Nonlinear p-values:
1, 0.30392, 0.08122
2, 0.36443, 0.0512
3, 0.35274, 0.09441
4, 0.2833, 0.09816
5, 0.33726, 0.14743
6, 0.33256, 0.12759
Band: usd 4 oil 1
Linear p-values:
1, 0.8418574061995003, 0.9843329402247973
2, 0.9597849172657817, 0.9859491896303102
3, 0.9952045098847431, 0.9967752862909163
4, 0.9940680209044712, 0.9966196147090434
5, 0.9975093256547221, 0.998077235332511
6, 0.9998154795263409, 0.9999934141657565
Nonlinear p-values:
1, 0.08725, 0.56477
2, 0.03888, 0.58262
3, 0.01764, 0.84074
4, 0.01102, 0.88258
5, 0.01552, 0.86899
6, 0.02165, 0.7839
Band: usd 4 oil 2
Linear p-values:
1, 0.18351675770670747, 0.8908837991186138
2, 0.0012981536888346894, 0.6938480865911744
3, 0.009180102258763704, 0.7816487535600372
4, 0.003478239303949925, 0.1484107618413806
5, 0.0036990076427495687, 0.16803210415228972
6, 0.03947677262782054, 0.0046075028188415365
Nonlinear p-values:
1, 0.70007, 0.66913
2, 0.53437, 0.5925
3, 0.61231, 0.70557
4, 0.69783, 0.84356
5, 0.84256, 0.75978
6, 0.63967, 0.51404
Band: usd 4 oil 3
Linear p-values:
1, 0.6466328855414545, 0.9231167664911534
2, 0.7300231005496738, 0.9341746270682935
3, 0.8891681060543459, 0.9741326506181881
4, 0.8819205111355544, 0.9151696781168548
5, 0.9646370127844001, 0.9637765544734946
6, 0.965144154755354, 0.8248429372680022
Nonlinear p-values:
1, 0.67097, 0.64076
2, 0.34624, 0.47427
3, 0.12141, 0.51664
4, 0.0936, 0.67405
5, 0.09327, 0.48332
6, 0.10041, 0.2739
Band: usd 4 oil 4
Linear p-values:
1, 0.5282360988300319, 0.08028546582298314
2, 0.0639254166470184, 0.05686898649570208
3, 0.15234670198605724, 0.06508223175931445
4, 0.15595789027705814, 0.025136789078396834
5, 0.1650494879053653, 0.009569986314947845
6, 0.4531081414353738, 0.006238266480094869
Nonlinear p-values:
1, 0.33405, 0.1006
2, 0.07185, 0.04875
3, 0.04947, 0.04286
4, 0.13939, 0.08654
5, 0.28294, 0.15967
6, 0.28423, 0.15146
Band: usd 4 oil 5
Linear p-values:
1, 0.05261826791726388, 0.00820551392261511
2, 0.04426217005573197, 0.7948698084393333
3, 0.0413639703164591, 0.3593233237276725
4, 0.17807786920342603, 0.5054927131608893
5, 0.10726196982332498, 0.5549202304138783
6, 0.16079233928359804, 0.9794326520727826
Nonlinear p-values:
1, 0.71665, 0.09085
2, 0.98962, 0.17163
3, 0.98961, 0.39287
4, 0.98867, 0.56316
5, 0.98567, 0.38528
6, 0.98176, 0.23791
Band: usd 4 oil 6
Linear p-values:
1, 0.9247763397077037, 0.5313656966433877
2, 0.8202948728359406, 0.15869587161238405
3, 0.49494135079915336, 0.319293814162959
4, 0.3488173137002993, 0.4448251830598908
5, 0.46787361837086683, 0.38352075791477747
6, 0.24423154958717117, 0.8448052511857247
Nonlinear p-values:
1, 0.3547, 0.34595
2, 0.73075, 0.41942
3, 0.89376, 0.46344
4, 0.9037, 0.28963
5, 0.87316, 0.18753
6, 0.85787, 0.12887
Band: usd 5 oil 0
Linear p-values:
1, 0.8758320540025848, 0.992188141736748
2, 0.6545441329519951, 0.9922552828111161
3, 0.3519013254554008, 0.49422377580306476
4, 0.542775296755023, 0.6570444117963932
5, 0.43646884566577415, 0.5845941548937283
6, 0.6219090736639143, 0.9027047966773775
Nonlinear p-values:
1, 0.23411, 0.51145
2, 0.15514, 0.5399
3, 0.14756, 0.35726
4, 0.15798, 0.37978
5, 0.1723, 0.39672
6, 0.20981, 0.36283
Band: usd 5 oil 1
Linear p-values:
1, 0.6570302518656994, 0.9845631346852936
2, 0.1545455009705708, 0.9539228304896783
3, 0.05949637028494081, 0.3865530444066128
4, 0.18924339692538245, 0.3609771704373869
5, 0.047173221272787544, 0.31223130057754866
6, 0.015504489261755159, 0.08690276200360726
Nonlinear p-values:
1, 0.07133, 0.37191
2, 0.1131, 0.39346
3, 0.10888, 0.56254
4, 0.08626, 0.6747
5, 0.08881, 0.64985
6, 0.12032, 0.68883
Band: usd 5 oil 2
Linear p-values:
1, 0.6574516177683727, 0.8357030988207337
2, 0.0603359282470681, 0.8134325954743313
3, 0.007045754216726364, 0.03041107035356532
4, 0.014441697429634623, 0.4925393780879431
5, 0.021120466529231864, 0.06027575999264525
6, 0.005978517562262369, 0.001475422327213175
Nonlinear p-values:
1, 0.99356, 0.94921
2, 0.99004, 0.90727
3, 0.99159, 0.87031
4, 0.99345, 0.84695
5, 0.99495, 0.8119
6, 0.9896, 0.71608
Band: usd 5 oil 3
Linear p-values:
1, 0.9535334212152788, 0.8793947390036667
2, 0.710493624837482, 0.9600913636615052
3, 0.8200078177417855, 0.9264833178776135
4, 0.947611452498183, 0.9880467690838084
5, 0.976913377376107, 0.9926516423973472
6, 0.9850782656158332, 0.9868335088274426
Nonlinear p-values:
1, 0.54779, 0.63504
2, 0.68451, 0.50938
3, 0.84602, 0.57661
4, 0.83145, 0.35044
5, 0.64472, 0.31288
6, 0.46429, 0.2506
Band: usd 5 oil 4
Linear p-values:
1, 0.41166970907122247, 0.8397757436473534
2, 0.09931275884267722, 0.673906737422324
3, 0.2123143724347933, 0.809978962467145
4, 0.2759229926260326, 0.2458336576334104
5, 0.04973961030472002, 0.20598768471447115
6, 0.06018721291516047, 0.07155712256203396
Nonlinear p-values:
1, 0.17236, 0.01438
2, 0.09589, 0.0455
3, 0.27457, 0.026
4, 0.82073, 0.03375
5, 0.92123, 0.02184
6, 0.80761, 0.00872
Band: usd 5 oil 5
Linear p-values:
1, 0.5537480623564559, 0.3366013698984186
2, 0.8560764292574137, 0.6576387811585606
3, 0.928049661793217, 0.7686615210584785
4, 0.9807060872270666, 0.883970962496349
5, 0.9677895422336045, 0.6795209068486374
6, 0.9882355274603303, 0.7583777405541055
Nonlinear p-values:
1, 0.79502, 0.46528
2, 0.88504, 0.31372
3, 0.90099, 0.21207
4, 0.66385, 0.17158
5, 0.50871, 0.1036
6, 0.60314, 0.09395
Band: usd 5 oil 6
Linear p-values:
1, 0.31099191096975404, 0.1330461498352852
2, 0.5363100649997086, 0.2962221106901661
3, 0.690383244314315, 0.10608608445053966
4, 0.8482526628410343, 0.2410797368877117
5, 0.5559966168735797, 0.3362446814572054
6, 0.8834493377146458, 0.7539519061245612
Nonlinear p-values:
1, 0.91387, 0.08451
2, 0.82727, 0.08479
3, 0.94308, 0.09083
4, 0.97339, 0.16436
5, 0.93418, 0.08048
6, 0.92488, 0.08523
Band: usd 6 oil 0
Linear p-values:
1, 0.9959738297215701, 0.9990895642192813
2, 0.9694886344905893, 0.9999119776857518
3, 0.9766923075973452, 0.9934872974045339
4, 0.9910865067500698, 0.9532485885979822
5, 0.9971305273875194, 0.9758673490682878
6, 0.9981714638303597, 0.9954163242696186
Nonlinear p-values:
1, 0.75375, 0.9919
2, 0.34007, 0.96893
3, 0.14199, 0.91355
4, 0.0936, 0.89675
5, 0.06796, 0.85407
6, 0.04942, 0.80815
Band: usd 6 oil 1
Linear p-values:
1, 0.9526628819765766, 0.9997350483650425
2, 0.8235817300291094, 0.9993666592273486
3, 0.8459446115019594, 0.9973801651971409
4, 0.8497845167033473, 0.9983030979183563
5, 0.574502700299681, 0.9999850456283338
6, 0.3848204522215666, 0.9998329239991958
Nonlinear p-values:
1, 0.21496, 0.83566
2, 0.19681, 0.78377
3, 0.27385, 0.81011
4, 0.29319, 0.85071
5, 0.29323, 0.88575
6, 0.3569, 0.8831
Band: usd 6 oil 2
Linear p-values:
1, 0.9431802164674777, 0.977831969452315
2, 0.7830476435240323, 0.9965590662843983
3, 0.6732557321037707, 0.6596893883358409
4, 0.2869448599119099, 0.2233486035923153
5, 0.4258048817298512, 0.5136298492174525
6, 0.3083344763678924, 0.6826797797482831
Nonlinear p-values:
1, 0.95895, 0.9426
2, 0.86802, 0.94528
3, 0.91219, 0.9363
4, 0.89393, 0.92888
5, 0.95229, 0.86668
6, 0.95508, 0.84875
Band: usd 6 oil 3
Linear p-values:
1, 0.89984944962561, 0.9238583802397659
2, 0.7354261995028656, 0.9967111728700796
3, 0.5560420904875851, 0.9233587208614439
4, 0.8146661075263949, 0.9973763897336594
5, 0.8860170635660796, 0.9957621574837155
6, 0.8283030973627215, 0.9986722203749168
Nonlinear p-values:
1, 0.62194, 0.65018
2, 0.58995, 0.62981
3, 0.26909, 0.49656
4, 0.1162, 0.35151
5, 0.16163, 0.25454
6, 0.16102, 0.30045
Band: usd 6 oil 4
Linear p-values:
1, 0.8230055978643958, 0.9102122357406356
2, 0.786509392923341, 0.9887726027569701
3, 0.9099046198711747, 0.9070782985018181
4, 0.9472765518167321, 0.9530536665869774
5, 0.9818341306489465, 0.9469793012736593
6, 0.9875039806798696, 0.9728347678018581
Nonlinear p-values:
1, 0.6902, 0.68274
2, 0.64274, 0.57246
3, 0.56576, 0.26704
4, 0.45466, 0.27489
5, 0.50352, 0.21753
6, 0.48101, 0.25634
Band: usd 6 oil 5
Linear p-values:
1, 0.8106943512762321, 0.5024508756075377
2, 0.5096391851444007, 0.5872511077383893
3, 0.4309270851164593, 0.4388286317082475
4, 0.575380703612339, 0.3359820119469219
5, 0.5695982344033139, 0.447706029955534
6, 0.80885276155998, 0.7175758521160929
Nonlinear p-values:
1, 0.60345, 0.38463
2, 0.72855, 0.63837
3, 0.72883, 0.55553
4, 0.63931, 0.6832
5, 0.58601, 0.27658
6, 0.58008, 0.20439
Band: usd 6 oil 6
Linear p-values:
1, 0.3477081245330619, 0.07365167342109041
2, 0.04305438507162709, 0.008790090654194043
3, 0.07196618388636451, 0.04872949829837371
4, 0.3545877150673966, 0.2344036848486333
5, 0.43052969576850253, 0.19533587791519932
6, 0.4985059829748605, 0.3215964279069382
Nonlinear p-values:
1, 0.98797, 0.1157
2, 0.989, 0.41885
3, 0.96931, 0.33498
4, 0.97399, 0.28192
5, 0.96286, 0.25385
6, 0.97635, 0.24334
