0.006480792472152088
0.03901267390650472
0.047033767467929484
0.02696092182700746
0.00041244722331425026
-0.042208743923781517
-0.055137955109207416
-0.03323389309395702
-0.006463338975226477
0.03742773631283436
0.05286065685635336
0.033956581167614554
0.012743635268992385
-0.023066238558000957
-0.03641481523720121
-0.021774918322679186
-0.007079401455766691
0.01778720153823896
0.025924675780250487
0.012745834778084764
-0.0005321174786527398
-0.021428017643245742
-0.027184629447546464
-0.014002347138564923
0.0010313300974776223
0.024367496581117278
0.03112474401654632
0.017798979514341694
0.001685821772608241
-0.02412130736966978
-0.03181263497625381
-0.017770404545124772
-0.001093830690782704
0.025803987484637348
0.033375071357002906
0.017709654063522737
-0.0007369379170324471
-0.030035243039899216
-0.03895705725168167
-0.02332822387969563
-0.004804986928770314
0.02515982151042389
0.03610135844342568
0.023870900426203913
0.010192111250947907
-0.01322450445907854
-0.023991105035297732
-0.018623288584123876
-0.014761515871931837
-0.006330533422371279
0.0005094630801647662
0.0037972932284952945
0.011513206182354624
0.02191017198452585
0.020335931401908938
0.0064360411043333475
-0.014178889354324833
-0.04532727432113896
-0.046552180386777116
-0.014308290381628104
0.028862757144906808
0.09384477674867837
0.10793598903582481
0.06369533827147864
0.005010377077050937
-0.08775467258378494
-0.12279559676064267
-0.08988328087589488
-0.04954317531819174
0.02269819552752937
0.056024481499878175
0.04058338189272086
0.030791211115802724
0.007875152242796727
-0.0038360711727533207
0.0022783572224385107
-0.0007572796566986616
-0.005977179021842754
-0.00752331145906909
-0.00808835589974139
-0.005018667460360856
0.0023881579571870056
0.0055230233172360275
0.00452149436425915
0.004077733470263104
0.0023676673609952068
0.0012097750077872766
0.0010749597952786388
-0.00028202959173625737
-0.0023971245301537903
-0.0025439982361125596
-0.0007860122207602478
0.0019044016477677275
0.0061777361069779565
0.007880490647722891
0.006680226025030617
0.00511157439239944
0.0021097160713446066
-0.0027923267101427965
-0.009553653606249558
-0.018876291467293645
-0.030989253163516455
-0.031622538107309216
-0.019633129924780834
-0.0020428778822220856
0.025072908866427743
0.03707218822999842
0.0317381957259847
0.02429104851601945
0.008295723595390223
-0.0038163489194967294
-0.010264834354477476
-0.02247430237497424
-0.03741138600539895
-0.034354342017204505
-0.012565607411965484
0.020456540128740347
0.07031781114145233
0.08130287020312708
0.048802872305872214
0.004335577018376356
-0.06686682815919869
-0.09172324159597921
-0.06249774255270176
-0.026621936251884828
0.035271156891075114
0.061466975866572245
0.0436988968102125
0.02767945989467151
-0.003035384950413346
-0.02150123347407268
-0.021870377501268492
-0.030611720439106753
-0.040306783726738696
-0.03657343080212991
-0.02086204815186785
0.005939635209576499
0.04729186695932906
0.06172045624845298
0.04661396142912378
0.024906979711213747
-0.014013291554300387
-0.031127607006365163
-0.022154061369733306
-0.014698272158887842
0.0013062802793165629
0.007299764134646028
-0.0004398506951109918
-0.004836221875883763
-0.01100179431073198
-0.011675357673070853
-0.004402579961284669
0.0032958011217518583
0.013848757465779784
0.01715305795534276
0.01155564666116579
0.003950842334886358
-0.008619106958467241
-0.013159352603505096
-0.00815978010549281
-0.0024073597518643837
0.00756677832454651
0.010223668008072475
0.003956648680757676
-0.002837489066909553
-0.013290611025663396
-0.01581876576873182
-0.008732436135746945
-0.00013803072183109758
0.013201592723804948
0.017607795879632404
0.011320826914158581
0.0036024368626486163
-0.009288862682509546
-0.01330673763127396
-0.006620119157156766
0.0009114446641414338
0.013088609798177206
0.016912958921211814
0.010530489818850759
0.0033078061774354556
-0.008322658045435269
-0.010175439095988186
-0.0002808533360995349
0.011631927000908126
0.029503093331003198
0.02567524472704857
-0.0030919329053095876
-0.04037690863291589
-0.0939206113170704
-0.10158082381351635
-0.056915011407661156
0.00390586707879441
0.09792251036438207
0.13137187695636712
0.09446355723703818
0.046576655211262794
-0.03729937818182649
-0.07313435486160784
-0.050323804434952185
-0.030151519236922983
0.009562312313359179
0.02589642928884698
0.01036603467423049
0.0016978101510495948
-0.011990454555780896
-0.016130721034359034
-0.005518645218624221
0.0033411282769193755
0.01526114276035667
0.017463265005856807
0.006982936569122296
-0.006065161048441308
-0.02569659149846011
-0.030526771632369946
-0.017941583304885773
-0.0016483451072250531
0.02425164013620811
0.034670431886409385
0.026662032220675456
0.017241847795338286
-0.0002906334718417648
-0.008472725528318244
-0.004687179647519292
-0.00289707891036162
0.0015472097140788272
-0.0006487570541839264
-0.011589369619178584
-0.02310055562917389
-0.03793654497591875
-0.037685964977405444
-0.019826584174429476
0.004650322277885717
0.04109394785831577
0.05481337250789712
0.042319012130189376
0.02485237912935054
-0.0068832382672812985
-0.021927129729438676
-0.01659196048751336
-0.013618055822866851
-0.004978983567515522
-0.0013078065366214596
-0.005335660228881567
-0.0054451706976550995
-0.004614061937755133
-0.002884386512780899
0.0011770089569727376
0.005315526778879281
0.009967691256712494
0.010002449750797903
0.004573599311408048
-0.0034716502686390257
-0.015743237066905735
-0.018823523418636905
-0.011489225438647345
-0.0016056859774380837
0.014407931797029348
0.0212074002163244
0.017103775138260193
0.012475890901559848
0.0032858461272427288
-0.0014961618010638535
-0.0004137504079908243
-0.0011217532190565356
-0.0012449622083904627
-0.0048435317777086725
-0.013062709520670035
-0.02209932356919335
-0.03324564969715811
-0.03231098438346459
-0.017556681286515836
0.003231102793795354
0.03416692311179507
0.04739389395824475
0.04028545897715958
0.029784819308469858
0.008506806963073271
-0.00369171598577549
-0.004343122861670906
-0.00926058676720934
-0.013429605752604584
-0.017021999094435563
-0.021521323644047536
-0.02288914978799921
-0.0213734855436137
-0.015073093141975996
-0.0028682359458639265
0.014359466753203327
0.037680227730960164
0.042383855090686345
0.026341275916100425
0.0024077148896004446
-0.03619569783246676
-0.048162970323812615
-0.029597648864010534
-0.006127999330166615
0.03311452602741563
0.045871175535000454
0.026975359002446995
0.005700350491630204
-0.02925096019860976
-0.04084140553051644
-0.023721427446467554
-0.004937915907363109
0.02565415928021747
0.03685194396790017
0.023882786886749566
0.010099860423682331
-0.013108133736947965
-0.022128778328158724
-0.013106398824891962
-0.004508525375222683
0.010195691845929571
0.012701426961793475
-0.00015783275446216958
-0.014252723226229088
-0.03477324828163892
-0.0405263073112532
-0.028469539946360506
-0.01303385586314049
0.011741422172998046
0.02928254333694382
0.037371798696892826
0.04909414382855795
0.06015295260062637
0.051042159549090325
0.020874864752812868
-0.024707759510452117
-0.0913045763778328
-0.10583887022994701
-0.06243908291906714
-0.001018549227125554
0.09792081096482289
0.12949413466160895
0.08309086973726243
0.025458097734515715
-0.07113333753090893
-0.11029720327773807
-0.0796769885756249
-0.0485500779524415
0.008783517811573603
0.0368909100682282
0.02584364416487501
0.023434912551003103
0.01454184000648538
0.008080265084982849
0.009303366948017937
0.0016567383896015726
-0.01176019087649299
-0.01868600551362287
-0.02049667490648235
-0.020732086765852704
-0.016956579797596922
-0.006152900490654491
0.012321592833485035
0.039079496803210476
0.07550947729190584
0.07615486177375994
0.03733026850932867
-0.0179284207004089
-0.10204940329364219
-0.12425569212663641
-0.07599422734615842
-0.011318529626950619
0.0939983031456101
0.12767661826206878
0.07719540804171048
0.016665352556795195
-0.0838328073220676
-0.1156948894984196
-0.0645765173559161
-0.007285906296850292
0.08556478508101804
0.11650940372387311
0.07137352321766115
0.021115515220084365
-0.06105527234655408
-0.09581818622113943
-0.07101972126540343
-0.04696543636082444
-0.0018953815537217289
0.02186008138216848
0.01598339717673038
0.01887316131670991
0.018855349268545925
0.018924309081335938
0.023127410583017254
0.020592116671864658
0.012811262786208654
0.006105206915597742
-0.0008902009160537145
-0.010197299642278005
-0.020959252267184838
-0.02373624874630847
-0.017698446255767
-0.006819961912081184
0.011652933053527765
0.01981533652122436
0.01631730996513022
0.012264351815341865
0.003129784266867954
-0.004533427829079478
-0.009576881991507304
-0.018917493732540383
-0.0309808377796341
-0.03059340896237944
-0.017184425898297443
0.0031924953022144957
0.0345719467641725
0.04605741469850849
0.03509652737812469
0.0199870675067805
-0.007331403512676882
-0.019874315665048253
-0.014441814247551796
-0.010744426561232513
-0.0017812596062980364
0.0008134392412225023
-0.00555127019582542
-0.009625015292023654
-0.014671580909094942
-0.015075831862935268
-0.009082043258262354
-0.0019404703132617413
0.008236051237822332
0.014952090733224427
0.017222206657271987
0.01982492942733526
0.020953402635027416
0.016117685790763423
0.005121285294768424
-0.01151048342889298
-0.035179216656407226
-0.03961171893784924
-0.022764591870855066
0.0015210594237773647
0.040297310469466184
0.05212773340666692
0.03297755414331129
0.008693067458434019
-0.03167477152948293
-0.04731608612196413
-0.033204485462197
-0.018023050084102515
0.009095665976170765
0.021378914912166765
0.014447858014647742
0.010118570438926996
0.0011230615099043178
-0.0037645730746790843
-0.0018632588849849556
-0.0033157403327919084
-0.00550804866383552
-0.006113745276140431
-0.006126631950368179
-0.004576880592257214
-0.0011581066987166183
0.003271968803628596
0.0090263507501707
0.01680572264771184
0.026634024924266957
0.026278856279506244
0.01470587643399864
-0.002183310516918721
-0.027804129376577818
-0.03763848178489123
-0.029501403165240282
-0.018111423400365697
0.0029886039927874393
0.013122984325925199
0.0098147567993584
0.008431578281652771
0.0036352012020686815
0.001086068888695892
0.002522546051168265
0.0009074017044635729
-0.002148742927120718
-0.004503369668887799
-0.006912990744314908
-0.009205902555291853
-0.011120325745747891
-0.00612408706521154
0.006617884833493779
0.02423365162040179
0.04874972355676479
0.051666240820150706
0.0304376146107357
0.0004480385602267122
-0.04607850370614918
-0.06528810159150795
-0.052899934427279034
-0.03659281112511328
-0.0048206099967745665
0.013491361225187118
0.014377407121373864
0.02143518016838018
0.02724261862296927
0.02699404153476276
0.02240402146162171
0.00982869771502103
-0.011819660952337902
-0.018878903440015953
-0.010477908709958317
0.0008922160037733581
0.02103534020984457
0.022397414113087006
0.001985771750881634
-0.02229457366544989
-0.05777586836726592
-0.06269830598811024
-0.03205640056924087
0.008226172973108554
0.06972201958372988
0.08746753118274425
0.05432870381371769
0.01115957665884174
-0.059608687247851164
-0.08404192441181277
-0.05340905677035709
-0.01789498512266844
0.04226207765016692
0.06459308525452509
0.040251754976220834
0.01555279691543526
-0.026410104883754323
-0.04366589237655686
-0.028941400987318372
-0.016279831102906654
0.0059678969907822135
0.01986402878377222
0.020983492255464642
0.027571305700656936
0.03448178684152754
0.03149505575677854
0.019542882248745057
-0.0007299655188371579
-0.031831485937963214
-0.04661911424233707
-0.04350554932189889
-0.03777209133035801
-0.022581865311325333
-0.009697283964484263
-0.000646761198252266
0.016013526861693102
0.037602175952486896
0.04415645347251076
0.035234652174845234
0.01843135062754917
-0.011451241519292136
