0.007590712758258834
0.0052469802117846385
0.0029399675026756298
0.0007397963842732798
-0.002589966759020779
-0.0067631233310027775
-0.008886414020230413
-0.008842687978688327
-0.007818448192072808
-0.005043602591828549
-0.002529719530217592
-0.000372348313895623
0.0031020353533484607
0.007481900674886376
0.009714704421048078
0.009716956501654534
0.008663330585811767
0.0057512329016004915
0.0031970701762289214
0.0010971667311548122
-0.002350170878264809
-0.006690152169770182
-0.0087698769375454
-0.008506798745149922
-0.007091026686059884
-0.0036919302666672538
-0.0006177879936986804
0.002037232900703617
0.00614738909127526
0.011242087423394859
0.013355954341287465
0.012334271830966892
0.009739474139503069
0.004509275935266388
-0.0005577854998232413
-0.005347995296008338
-0.012190087006420405
-0.020522121926046088
-0.02434214794100408
-0.023360410174374444
-0.02004725312400388
-0.012780886349580287
-0.00566675671795572
0.0011173320935718733
0.011046638502344752
0.02329952680145629
0.029364831302020975
0.02886532835365423
0.025297081286278385
0.01637762083021453
0.007981726993447126
0.00037644867608617086
-0.011366057604765398
-0.026056450158383215
-0.03375792023145122
-0.03414047258673627
-0.031134552594982087
-0.02211219545141049
-0.014162562629120795
-0.007604772565449876
0.0033807210231709345
0.017341636678065403
0.025734662360071867
0.028471211674114757
0.028646087346397096
0.024062102716259214
0.021239491532896008
0.020461008962463483
0.01659195664649179
0.010994466946465848
0.006981627004997828
0.004242841764730534
0.0021145003663906
0.0013439129558694607
-0.0013644481138312978
-0.006124167270539093
-0.010694084191117052
-0.0157990889263855
-0.019109115562153018
-0.020173807414750233
-0.02061527572306907
-0.01972284647013126
-0.018276012017355136
-0.016384353507465633
-0.0130168626642068
-0.008316054071109863
-0.004856443456613282
-0.002699910496561723
-0.000681329492588536
0.0005546221618015603
0.0027921542872845094
0.006171483081003947
0.009275668598852628
0.012510068736239409
0.015074209721329342
0.016725551272832536
0.018127659208447285
0.0190044317684886
0.019481954508700057
0.0195908652303767
0.019005282077324968
0.017731831270613303
0.015554878104305841
0.012365928885319557
0.00823329685477749
0.0030419045677749354
-0.003204683362266284
-0.010557545258559956
-0.019160233313746056
-0.029060948080716444
-0.03512125270067115
-0.03688238039360505
-0.0368306991035174
-0.033520160446631114
-0.03000990485457547
-0.026466993404021272
-0.020076250949090158
-0.011435478542332306
-0.006699668901914098
-0.006060675616570009
-0.0069591816169069795
-0.010996596524210237
-0.013818720450953507
-0.01518104012577011
-0.01862105862966766
-0.023214729201520474
-0.01976642589190547
-0.007784469772798196
0.00903564694384563
0.03321800680722533
0.05856211637776261
0.08485447880737111
0.11744403594309842
0.15513500780618109
0.16843829455717643
0.15512836325256066
0.1283362187174547
0.07981051851796013
0.028042247645853245
-0.026187338326580527
-0.09950086313352598
-0.18835223004535018
-0.2350535161032733
-0.23627498355442994
-0.21712488319324674
-0.16193042005090844
-0.10873729569118153
-0.05941850650841823
0.018774653350457672
0.11818499851316815
0.1729475529683394
0.1810231559142556
0.1687149526415803
0.11872449996892419
0.0781233474727005
0.04918119060949583
-0.0065139092341386234
-0.07920234564497974
-0.11761126412695203
-0.12157603452941144
-0.10890337645103378
-0.06648921773164809
-0.03425237253203645
-0.013819463510003778
0.025938728407092933
0.0766948261430912
0.10293477531858036
0.10491793404302129
0.09381592877131215
0.060573478222958416
0.03401886143193311
0.015103092449676834
-0.018355491191508574
-0.06042111048305214
-0.08357814534778704
-0.08779243367747608
-0.08209386055124575
-0.059394745531976344
-0.0416342492311242
-0.02956170148126643
-0.0061032070071763605
0.024238242145696597
0.04160652874882431
0.046148406573806866
0.0442678168098596
0.03092617125543215
0.02227470515491379
0.018906780087840268
0.008455150746781935
-0.005712299524989576
-0.013099961640487878
-0.014151321406995928
-0.011557704726954193
-0.002747655947909082
0.0028882409400263582
0.005074034174553269
0.010669971633446572
0.01770682190586947
0.021238125631338405
0.02154483969290392
0.019605381454747318
0.014201468558946892
0.010025987840951189
0.0071547589868763755
0.00219518203291009
-0.003897287360163856
-0.00943336953866507
-0.014643191901523056
-0.019689136328812293
-0.0242009745512403
-0.030114521362107367
-0.03747405189516137
-0.04501845291922132
-0.053169589027797864
-0.05502140241103713
-0.04975164304775056
-0.040900406494295466
-0.026443754371908275
-0.010015397759969614
0.008208952153436271
0.03189187508507115
0.060383141801872736
0.0768295552203824
0.08014567675058049
0.07794876597289721
0.06564261698875336
0.05404195481779793
0.043727091833747914
0.02526955586155327
0.000854482214541228
-0.014199748527313632
-0.0196903498328497
-0.021501141710104817
-0.015721169884491237
-0.013800584848178622
-0.016329890018520754
-0.01428645032476338
-0.010112894876148974
-0.009784596508654752
-0.012803910934618334
-0.01800641707468043
-0.026778296494070614
-0.033325147140283236
-0.0374913417071539
-0.043309152374841633
-0.04954193799636673
-0.05042091389534193
-0.04577183610559509
-0.037418161541744065
-0.02377181633040509
-0.009193604712693749
0.006269446408044106
0.02624274832291036
0.04992146825964334
0.06418428017752044
0.06823718201648693
0.06779570952849236
0.059274682104332316
0.05134461773102655
0.044421268259606364
0.031018526992784116
0.012872157870435906
0.0003072075127776154
-0.0067060791165062476
-0.011988012954229119
-0.012970342733513923
-0.01772166876257471
-0.026681611081745268
-0.03369267420580228
-0.04051879003969126
-0.04318822536591087
-0.04058978766980506
-0.03580861771829787
-0.027494658663172664
-0.016369869233182646
-0.00255357316318117
0.01560540299856261
0.038068386071996446
0.050035610639831744
0.050419712271647384
0.04630356221039432
0.03363945348386856
0.021522067280987517
0.010517385998858583
-0.007449136374121191
-0.03051882201064863
-0.04320769968637629
-0.04510269197033116
-0.04234980603733667
-0.030913669006209406
-0.021915176012740588
-0.01590391152514698
-0.0038667969993002346
0.011874049129779024
0.020587423920087465
0.022349377631506892
0.02069091660690767
0.012899419882490515
0.007571348756880063
0.005039229519579108
-0.0012977259186010507
-0.009640745248859064
-0.013294160580696428
-0.012380656619174223
-0.00884357991035008
-0.000990478155544289
0.005551605593028942
0.010617523031444226
0.018471215853218335
0.02795553094585376
0.03201810599766504
0.03046251101274849
0.02583352414603296
0.01624797549056563
0.006935333865182654
-0.0019347840131383976
-0.014633125222854891
-0.030121074862788918
-0.038424331735327596
-0.03911501754967671
-0.0362388994600141
-0.027120464959910728
-0.018719035253677827
-0.0113411183864422
0.0008284544390361475
0.01638278126944179
0.025108333219767263
0.026769838585389668
0.02529624260950685
0.01802575708981826
0.012462598023855584
0.008953251581618622
0.001463100593845401
-0.008447137690798294
-0.013941953823872151
-0.01510582266324254
-0.014136768198367533
-0.009318452196801911
-0.006217531272478204
-0.005049054455526725
-0.001578688867167924
0.0030229560397795675
0.005487877616088401
0.0059908933522912515
0.005279142309924334
0.002557940488830892
0.0008399987295577058
0.00019997537997788102
-0.0015387576394796263
-0.003748444608091668
-0.004517207140347044
-0.003897845317496416
-0.0023598988110529544
0.0005837971813272755
0.0032414980878537653
0.0055826710420170764
0.008877684211513501
0.01278736154852426
0.0144942402687498
0.013870104309780492
0.012017789778800688
0.008171123598035785
0.004312710930379267
0.0005133577290705946
-0.004896269360246335
-0.011526270831246316
-0.015257865927576768
-0.015910113835113166
-0.015184747042595325
-0.011979507743286799
-0.009145501701682953
-0.0068169568208302
-0.0026096525992761817
0.0028955652542744055
0.00634172229699925
0.0077151653973501705
0.008232373361409676
0.007041632669290565
0.006737016446612735
0.007440656856775745
0.007137254708007266
0.0063780976186751165
0.005209783820346383
0.0033913794302386463
0.0012695173028159587
-0.001219094606494993
-0.004635279504728109
-0.00898663215274558
-0.01407953778351803
-0.020058753274522903
-0.02265419447950227
-0.021454889746119553
-0.018595960755811512
-0.01287068294453636
-0.006712998211204661
-0.00026570059100456403
0.008761688936408787
0.019895708327525567
0.026036008507444017
0.02681815907811233
0.025315967698455236
0.019622880355517357
0.014480614437092905
0.010136034250184809
0.0025625915397239174
-0.0072699109817243885
-0.013051410124770851
-0.014698330260536994
-0.014573502938397934
-0.011056402592015686
-0.008887000967638517
-0.008288437300962362
-0.005513749306425645
-0.0015606539781998913
0.000936751101587081
0.002179944135700751
0.0027469575249000336
0.002026819040990745
0.002535560222236169
0.004355244521937098
0.00573208812662145
0.007210609397788871
0.007882638566849325
0.007476678802232523
0.0068071351299826026
0.0055730843305628296
0.00384539008843856
0.0016758635461313546
-0.0012480989379908983
-0.004923073067742885
-0.007020580732485822
-0.007384370835146743
-0.007133082119462705
-0.005638898732963723
-0.004335877210608587
-0.0033204170142012678
-0.0013343035947163935
0.0013232822453162856
0.0032575098590343315
0.004502965609719429
0.005529130992756425
0.005998715436759843
0.0070522856664128886
0.008748265044741665
0.010241372413536613
0.011782604601178434
0.011242966795790938
0.008311857267798052
0.004162779963327984
-0.0018467594405807428
-0.00870847198361609
-0.016369852246104228
-0.02592798483029445
-0.037212341067413134
-0.041968400988290445
-0.03955483173977602
-0.033779604069119784
-0.02234372414923745
-0.010332947030183285
0.0020009039818250692
0.01924128049047139
0.040394343096263614
0.05145970399078887
0.05170461648316352
0.04713624005261739
0.03397886919424537
0.02160118530465785
0.010466827469837627
-0.007401467342704264
-0.030103943926229802
-0.04276637261981645
-0.04499240683573116
-0.042601691019972715
-0.03170408794565403
-0.02307480813861149
-0.017219834955273346
-0.00541055627222334
0.010116861143239555
0.02016943945143483
0.024952727627314812
0.027344967670281106
0.02507599408788379
0.025807802339357908
0.02985178257025417
0.0314809262931872
0.032329905924883204
0.031049474834439265
0.026839610369113438
0.021448805688909806
0.014297170234260845
0.004649013836189133
-0.00744805701743123
-0.022215335628294114
-0.039881657820942155
-0.050088574132739073
-0.05196032155601272
-0.05062153345046253
-0.043202762011579986
-0.03580858110583544
-0.028829183908695457
-0.016695581798852648
-0.0006388658969484107
0.009117346765826038
0.01236405578800379
0.013185168409038883
0.008955085500874389
0.007108199421206826
0.008049160918312646
0.005843915143095702
0.0020787662808894134
0.0017103673207972366
0.004506349975220228
0.009201031094270637
0.016996083043229776
0.023493808355188942
0.028560887790869825
0.03540175823318224
0.043090908280860325
0.04496852415704979
0.040714717966125746
0.03281208424528725
0.019421498151314522
0.005217658121837063
-0.009684938334246211
-0.02927932059207076
-0.05268344178702185
-0.06516586334572762
-0.06582291396025348
-0.06107367045730269
-0.046887253259612655
-0.032935115369117834
-0.019674303664137274
0.0012789994462669933
0.027997385085502924
0.043177597157469376
0.04627193148997369
0.04426214714404372
0.03260821497618824
0.023643824725578258
0.017984005834202225
0.005565625051698005
-0.011042697260592555
-0.02046497078371718
-0.022862065773475857
-0.021920517976252184
-0.014799737160353698
-0.010762193284621519
-0.010183545149869995
-0.006043494903553846
-0.00030331962095469107
