-0.0011234501859943907
-0.0011947420682677985
-0.001268662216608047
-0.0013453897868582942
-0.0014230698697174297
-0.0015022607185597695
-0.001578515779549146
-0.0016511832550062013
-0.0017227510003166055
-0.0017918807268786857
-0.0018606925794556195
-0.001929309963999437
-0.001995443593152691
-0.0020594618480195555
-0.00212525860901487
-0.002192807771516685
-0.0022604109737762194
-0.0023289886083706027
-0.0023955699449545185
-0.002459896140927438
-0.002524161762540718
-0.002587653422142946
-0.0026527405453527697
-0.0027198643379070637
-0.0027873637210410673
-0.0028559517174751837
-0.0029247180000795295
-0.0029935294997272773
-0.0030634738738160917
-0.0031343644208529638
-0.0032035764630805904
-0.0032710325792859127
-0.003337874526480517
-0.0034034302431846532
-0.0034695006788373413
-0.0035362048792912976
-0.0036020806737175875
-0.0036675201299174085
-0.003736764494779038
-0.0038100689282905918
-0.0038857150295402787
-0.003964880150596996
-0.004044766012224738
-0.004125285387439664
-0.00420889495176306
-0.004295066408185326
-0.004381278506528503
-0.004467656088996112
-0.004555103883894533
-0.004643054111883684
-0.0047337104837192785
-0.004827235739396571
-0.004922102868697797
-0.005018840051984296
-0.005114093217685426
-0.005207397165076852
-0.005300737804631573
-0.005393136919338037
-0.005486207991343995
-0.0055800953055188535
-0.005673121314123299
-0.005765603598639746
-0.005860547868672835
-0.005957980323583711
-0.00605664960654264
-0.006157300273881937
-0.006257726295437343
-0.006357775151236777
-0.006459156042107393
-0.006561372850272844
-0.006651904480389376
-0.006729651982495676
-0.006800113568268131
-0.006859690472712698
-0.006915953620208444
-0.006969122793976622
-0.007012122855144233
-0.007046310782028609
-0.007080033377570981
-0.007112947587899838
-0.007141746950191394
-0.007168301134918128
-0.007185541554803436
-0.007192862942570497
-0.007195172509784056
-0.007190731761191242
-0.007188730662639399
-0.007190473415645876
-0.00719025837518472
-0.007190742469759174
-0.007187576366582808
-0.007180287055875405
-0.007173379867522132
-0.007165949975857788
-0.007149309045484205
-0.007123289768491497
-0.007091465631381911
-0.0070516282914742994
-0.0070099743275003675
-0.006966877579991712
-0.006917394406327944
-0.006862867178896994
-0.006811779590266319
-0.006764399819765604
-0.006717668823770659
-0.0066738681043259085
-0.006626876673550852
-0.006576519259233267
-0.0065278786624192765
-0.006479764670933778
-0.006427786046373651
-0.00637223083464805
-0.006314475386731903
-0.00625353812843129
-0.006193462126962598
-0.006134503357748256
-0.006073900022868785
-0.0060126037173350855
-0.005942997257356822
-0.0058640757612404915
-0.005780144530539967
-0.005688978959186475
-0.00559435801478817
-0.005496564331971158
-0.0053917119589767535
-0.005280520662906904
-0.005169457153048438
-0.005058519641149446
-0.004945013428164347
-0.0048305086686577
-0.004710137881585214
-0.004583538981031618
-0.004454398551255676
-0.0043215953011399395
-0.0041958691777853035
-0.004078704449475094
-0.003964252767683858
-0.0038557221846411537
-0.0037478008669138206
-0.003640198155352046
-0.0035385106610693355
-0.003441805029877881
-0.0033409679568368145
-0.003236086869996215
-0.0031310886535216268
-0.003023826008469816
-0.0029213202068241744
-0.002824175720402522
-0.0027272302601712432
-0.002632169558187511
-0.0025329978583658753
-0.002428638005478502
-0.002323202546727055
-0.002214894778168211
-0.002106098479328861
-0.0019971392851778785
-0.001885230656027124
-0.0017708580524079833
-0.001660487283983884
-0.0015542934590920907
-0.0014494775525129094
-0.0013476888396397678
-0.0012444549098946588
-0.001139478316975994
-0.001036369604770423
-0.0009341510711626559
-0.0008230457718738575
-0.0007024896608170499
-0.0005763891287203918
-0.0004420348629460964
-0.000305931555354401
-0.0001682742493527622
-2.3376720491706242e-05
0.00012753361417940816
0.00027873553716416315
0.0004305274713392213
0.0005849460107807321
0.0007407083757298114
0.0009028519366701028
0.0010717490576501595
0.0012439244247996733
0.0014205878508250817
0.00159391086736676
0.0017628191596362841
0.0019319327569030807
0.002098972411478438
0.002267726840017197
0.002438533678006534
0.0026074713321307254
0.0027752874930411717
0.0029489653758168663
0.003128564806832306
0.0033111867815388755
0.0034985618518527306
0.003685560525907669
0.0038718307070074046
0.004061347147166324
0.004252957736553334
0.004418466874059635
0.004555414915618049
0.0046761592343999075
0.004772600475389477
0.004861819682061118
0.004944311711090375
0.005004133868092794
0.005044350064083409
0.005083715008452954
0.005121453684908783
0.005150147473311899
0.005173996798536312
0.005177107099666515
0.005158119646328576
0.005128066230905668
0.005083038496824958
0.0050437868053563855
0.005013252470752271
0.004978575673290342
0.004945755838170716
0.004904964711256701
0.00485513741935573
0.004806451943916084
0.004756865422276221
0.004686785050955443
0.004595837337478898
0.00449208087104083
0.004370537752919057
0.004245189624649537
0.004116881728478706
0.003974465187278276
0.0038209706585641996
0.0036754700688267036
0.003538564000005327
0.003403386187255336
0.003275065983653603
0.003139836984743195
0.002997307656202403
0.002858908791219923
0.0027219649065010633
0.0025766202190468652
0.0024235253602697417
0.002265768265524217
0.0021011479170559596
0.0019387478271928064
0.001779144484350872
0.0016161379090491132
0.0014518675353504171
0.0012691952329403015
0.001065863102946405
0.0008515580145165399
0.0006212764309041368
0.000383526426071503
0.00013894565062477104
-0.00012120915833582597
-0.0003953159299638605
-0.0006688267305500139
-0.0009417442109450261
-0.0012201271349311686
-0.00150044191593206
-0.0017936367120803336
-0.00210052414427341
-0.0024128094114117113
-0.002733013172464322
-0.003027623376408208
-0.0032923369289650168
-0.0035446785493639414
-0.0037747058165617975
-0.003999715506150978
-0.004220539377387777
-0.004419413590880823
-0.004599382533570237
-0.0047876468269392545
-0.004983793907357096
-0.005176242523752722
-0.005371341522665475
-0.005547773867411174
-0.005703696074677398
-0.005854607192151896
-0.005995358760380744
-0.006145835565032007
-0.006309414372014313
-0.006472762676202039
-0.006641779558422163
-0.006808169350292813
-0.006970855031518664
-0.007139198847250842
-0.007311492677272305
-0.007466929000888685
-0.0076049706427749894
-0.007734508804170693
-0.00785023231863376
-0.007966616590413632
-0.00808459382619873
-0.008192490706975603
-0.008293456793712399
-0.008416473315967125
-0.008563085420476235
-0.008721873403130215
-0.008900824003325805
-0.00908038613143211
-0.00925996762682308
-0.009456498056478519
-0.00966626098416776
-0.009872582513539346
-0.010076352259537744
-0.010283392675394045
-0.010489958541535914
-0.01071080393266933
-0.010946986976750795
-0.01118832525163328
-0.011438343861947775
-0.011673380213871792
-0.011890199272096178
-0.01210264816072854
-0.012303826363955094
-0.012505218998747748
-0.012707811220096055
-0.012899706993651497
-0.013083150564280914
-0.01327905594753216
-0.013487561499729985
-0.013699964583778805
-0.013921422874346457
-0.01413649347784498
-0.014344091651975787
-0.01455611987090878
-0.014769086495685405
-0.014926650223008599
-0.015024311910062248
-0.015085893055054967
-0.015095302014319864
-0.015087577307714572
-0.015063628484926648
-0.014991235676376273
-0.014876697526348254
-0.014755983759728045
-0.014627385698360551
-0.014476918576716909
-0.014312556121433088
-0.014103275621086594
-0.013846426922459085
-0.013563318454458354
-0.013246289673187217
-0.012938241375831699
-0.012645080468272184
-0.012340517520090279
-0.012036906812816477
-0.01171357986161159
-0.011368346626174523
-0.011022365845741552
-0.010671332290521501
-0.010275345741923759
-0.00983368306256909
-0.00936264662110802
-0.008852102569023126
-0.00833062835210759
-0.007799929209597787
-0.007237247781245899
-0.0066487707161488
-0.006070641518897859
-0.005503798587719539
-0.00493552548418745
-0.004375479835014075
-0.003797142796827689
-0.003199766020121471
-0.0026051454097087597
-0.0020080971146328517
-0.0013904576565797796
-0.0007534853793957783
-0.0001026799736450195
0.0005660123841029148
0.0012356729961276634
0.0019052705829207478
0.002586327580994932
0.003274878637355028
0.004004143059753649
0.0047784659066598505
0.005579224445912264
0.006416123372536649
0.00727259876036502
0.00814745237964631
0.00905768817237053
0.010000169325407532
0.010946961544521898
0.011898118973803438
0.012865285234921902
0.013841703263195504
0.014848495622084755
0.015887253979520007
0.016942046542165586
0.018017760234106214
0.018958885866451426
0.01974780441913626
0.02046083344603909
0.021052347576482774
0.021607754209014354
0.022130437366138546
0.02253588114114945
0.022839194318035657
0.023158006036228165
0.02348947013058291
0.02378459877498994
0.024070443991749794
0.02425226349521794
0.02432185043870734
0.024346920697150148
0.024304410609181235
0.024294890882913454
0.02433419217440837
0.0243569857565902
0.024392748823131572
0.0243970257099099
0.024364440467664634
0.02434316563549664
0.02432396927658903
0.024205907875019375
0.02398660233153135
0.02370846709496203
0.023345747976340363
0.022969315396521542
0.02258357349018791
0.022131544518730437
0.02162858664575584
0.021198431176699083
0.020846780145874436
0.020526134935127602
0.02027030073893447
0.01999388851113457
0.019694316996120138
0.019444436314178748
0.01922785617193797
0.018975588121712995
0.01869151602792057
0.018398943990266564
0.018082364372937528
0.017803469657504605
0.01756648637152482
0.017328896209921427
0.017105339141686268
0.01679149339447662
0.016373228655895522
0.015910816765498766
0.015373789231391993
0.014813096493142568
0.014232876215258337
0.013580397704224952
0.012865495198459104
0.012179056872391103
0.011521433729792419
0.010854726547142484
0.010201202397733134
0.009493244287731937
0.008725968436652281
0.007951111109528945
0.007153254016883468
0.006455453816635785
0.005875882903308343
0.005345796739099079
0.0049023207847579825
0.004487020247678099
0.00409659112612297
0.0037944178956112436
0.0035704434907695357
0.0033169660850085377
0.0030348061775545
0.0027711192596913577
0.002500528728196753
0.0023053661417209606
0.0021929088569757928
0.0021025162170578036
0.00205404296577674
0.0019821097392024177
0.0018746215349436913
0.0017776196764991057
0.0016715041025735595
0.0015815261098178666
0.0015114753503998944
0.001431406780102858
0.0013465868038100414
0.0013297144902648269
0.0013830441561744878
0.001475104361572156
0.0016245928757993846
0.0017818193620079434
0.0019436016246369156
0.0021504856157426163
0.0023917401399257006
0.002549682084643857
0.002617314102085061
0.0026425045295187773
0.0025926582512909337
0.002545559100374569
0.002503739873051858
0.0023990946589087184
0.0022463950528026186
0.0021158354926641646
0.002004062690020645
0.001886020367117011
0.0017776025143484877
0.0016176808495959268
0.001401839778016182
0.001172627528770256
0.0009154755448190784
0.0007235870726133825
0.0006099884103888408
0.0005196548256579958
0.0004798471678467721
0.00044590233606970605
0.0004139226708146515
0.0004305734081809086
0.00048715039290397693
0.0005003113566391484
0.00046943478201829953
0.0004293746186643502
0.00035956644310143084
0.000321361066290065
0.00031910099857763145
0.0003054419414297933
0.0002942647341980575
0.00027491489812988103
0.0002411209856821912
0.00020785318345150158
0.00017072301181278137
0.00012468150655047208
7.062025037157833e-05
6.825622788667361e-06
-6.79895563672369e-05
-0.00012857219363765222
-0.00017349713299972755
-0.00021610926459562224
-0.0002499391564035075
-0.00029024167798518183
-0.00033857813161662376
-0.00038204967164643804
-0.0004242040509327351
-0.0004747640052627086
-0.0005332043676566877
-0.0005975063632028889
-0.0006700553898488726
-0.0007423815687597576
-0.0008143826544354529
-0.0008923555890377523
-0.0009746221455662926
-0.0010598630638543357
-0.0011487484738251326
-0.0012408465892188793
-0.0013360476011380134
-0.001436976910161701
-0.0015437517333725872
-0.0016550843549785325
-0.0017716410730168244
