0.9951096326857248
-0.22805008664501736
0.04183909098960406
-0.3846922031742099
0.7232076627437528
-0.8146970068482265
1.1253049376452557
-1.8869720073263194
1.5292742514319397
-0.4417953956066041
-0.7103293043633869
2.260422205607632
-2.3384430039269866
1.2435539401413864
-0.28893243155502113
-0.8182284756760503
0.8840291850817095
0.0007146196059065746
-0.5353146819248351
0.7468939282794999
-0.6541704297394637
0.7428424182138968
-0.2409340260614876
-1.6144332416953222
1.3191274162512654
1.485972129024793
-2.0247605700335805
0.5676624091718134
0.3579818014186049
-1.0350819670063545
0.8071596503701512
0.0505176597890154
-0.7872922473233296
1.7781229904234275
-1.5333534097573902
0.1909567181496134
0.6024889235332018
-1.1220282883988106
0.912738274808619
-0.025867848338474886
-0.48180318414648576
0.6979667311216116
-0.6154669472928374
0.44130909977638805
-0.12084656163242899
-0.6566203344525677
0.5080514943409014
0.6005534612134338
-0.9310543663580247
0.8205802784797183
-0.424616234252418
-0.757189967614342
0.6187532392554331
1.1712167107932974
-1.3732635136722027
0.0602080128079141
0.4879732370847904
-0.6380186611932299
0.25724676129436364
0.8729091214639751
-0.9266598055823242
0.06731862334319716
0.5628287935552765
-1.1230253111538344
1.1203853756329152
-0.5943178311361099
0.2330712307350277
0.08760668510695716
-0.2943512761128512
-0.022304077421943458
-0.37700066677135186
1.8706085949663307
-1.740215190564469
0.20988712452996955
0.7383572306110658
-1.67132546319157
1.4488222223084541
0.4341598809731595
-0.5293947306663788
-1.2533930816402914
1.5784168176895146
-0.9901990727400517
0.02479561542591051
1.9137955807315208
-1.8783650745844036
-0.17193586777701286
0.9162431900106243
-0.563777801737155
0.013211343193220926
0.4951166456735461
-0.9303835426456317
1.9231807360034805
-1.4271084602192121
-1.0429853928375108
1.5289158959513518
0.11552992910665699
-0.39097798818135526
-0.5626963019919031
1.2134992312308424
-1.636468453334768
1.7336539813420813
-1.5597634501704645
1.2987470395347327
-1.0001022195241824
0.7032517213015224
-0.33158641006897194
0.1820506523244099
-0.3800689212366219
0.3026911049366721
0.13320432340208435
-0.05077490021089273
-0.3498025325005151
0.8042492467578881
-1.6382957472037836
1.6387326289582465
-0.4108170161465304
0.278178657184117
-1.749894917960538
1.5799745859908303
0.514111588105044
-0.9252961190230117
-0.16590247643349543
0.7585993718357649
-1.0889871549705772
0.7336306174812622
0.09876677228071412
-0.7867695345941148
1.6284646650593821
-1.489180649206616
0.4514276094296914
0.1245883251019963
-0.5439945689767609
0.4383702436240486
0.47701259515380456
-0.4138426131493081
-0.7017254185457033
1.056358715884146
-0.6098165537005065
0.3402627381622122
-0.43986276999264295
0.0009511850262273018
0.8831904017138634
-1.3223767735216974
1.697373755356462
-1.273589898420688
-0.22269117094082347
0.6516127391965226
0.24235226352050268
-0.20856116399006513
-0.9241890545159278
1.0533672580061
-0.29686917244444794
-0.1957347196445649
0.4754296649450806
-0.3862919579635024
0.2571473093255664
0.30462976652267115
-1.5225507960551552
1.5959826191304696
-0.7159316812124072
-0.018424080575088327
0.7953908848810277
-0.9615594543705632
0.47717918498829764
-0.3185735839995793
0.5758528162356402
-0.6138656539891978
0.14286549681751892
-0.2325796604959898
1.3271136330542301
-1.1599531254510094
-0.6352562762620566
0.9565275868249641
0.5332578359189486
-0.7819215587837296
-0.6683998709566632
0.6025773661878149
1.1928200721174602
-1.4347829462813113
0.36524369282922226
0.5104634946767063
-1.392917771602808
1.576166730297335
-0.990706225880853
0.7144553918434736
-0.9707678452381662
0.7111345817138193
0.3576667852951257
-0.5007382683472946
-0.5311642042842551
0.5593961573121837
0.4666381666185103
-0.7301127303226478
0.3983281651083521
0.007240701782198756
-0.5780974097362269
0.6933433000423093
-0.5376805987086187
0.3522480416929288
0.24609266534705054
0.06330421791582916
-1.446651317026826
1.693543170713881
-0.9489422552860808
0.3199374380651092
0.18788472726465033
-0.43941933223059837
0.654378034811761
-0.4289112742917782
-0.31554434737149695
0.4725827089271145
-0.14045622200123253
-0.19152363595885913
0.544144640875295
-0.7295798711460084
0.5953701996665961
-0.5252849358762196
0.9396688746994648
-0.3012776626246072
-1.3929017078876276
2.005802420638812
-1.9647352534379836
1.2433793945851535
0.4481726453332631
-1.0437949717645534
0.2102479610273082
-0.36077601838247936
1.8247526123952356
-1.866822621681259
0.45264089763365367
0.16945474407986094
-0.014079532582772766
-0.007031110832606517
-0.13825117870901965
0.09126320375396965
0.07985273415012882
-0.2551548630109163
0.5105040485665082
-0.5043666144828114
0.16757177608049112
-0.02273763598243548
0.15135077120471405
0.053002567140702665
-0.5728722689645875
0.9424948492184876
-1.0923714413976926
1.2469780265791415
-1.5608957846985556
1.411865793844023
-0.6677769354221137
0.3353427996498165
-0.6614837138415544
0.3393664068141612
0.841574647002924
-1.1278254283215476
0.31822225431458906
-0.16665691427683077
0.9646076170823586
-0.7824585221876796
-0.5150607585691604
0.9066219414893537
-0.3968530540290017
0.18711351556433464
-0.35186031349782465
0.36472688187337543
0.07266023140177469
0.0390030975193147
-1.0968641845315612
0.9001599000005664
0.7664856744058538
-1.260303176194331
0.4814645390726509
-0.38179914318640357
0.8827778459686535
-1.0531653565516121
1.0122167533617161
-0.512087299703285
-0.03661545266241689
0.8529458996622497
-2.5438720880755072
2.3634473712373194
-0.12809614109968237
-0.5861639362222297
-0.011901088245218017
0.3218479100776833
-0.7068692474076235
0.30907557053536905
1.0961159517694818
-1.4444906539490776
0.7341932770129092
-0.5772590951766212
0.6597365006470705
-0.9597545848048888
1.8558440485564227
-1.4506948385065754
-0.14584043452391515
1.058833781635298
-1.6184509955379964
1.4830514311126084
-0.4513900989256645
0.20085417630673436
-0.9315736030644818
0.9150779956391139
-0.09052503374710316
-0.011572289309781394
-0.24085432553847352
0.746031431523314
-1.9394950366220254
1.6547247046759446
0.05692067914728971
-0.9303394961146393
1.110026923262665
-0.9166799989426088
0.553559188962692
-0.04803037764599511
-0.8634573047002159
0.9421291581789372
-0.12304086746207354
-0.07484101899491787
-0.38482974628341116
0.6814264994949819
-0.5618133794784473
0.9321859257984665
-2.027002205910651
2.1664543586931613
-1.1646844909805931
0.7784183321352017
-1.4465440738937132
1.0411717297221466
0.8641881781577263
-1.083990647489181
-0.5309096964386679
0.9695593888124786
-0.3588378442951705
0.15685709379711432
0.12855464135686046
0.3400029190447279
-2.0496512483947487
1.9416573299887379
-0.07051428939798199
-0.7638758350359194
0.8908504455408246
-0.479105717786415
-0.503663162458491
0.8534497901831307
-0.7356780347828991
0.389860229302
0.30033611411608996
-0.6299211051877458
0.3988274419359827
-0.678131588912539
1.5181378062622775
-1.6794161692456364
1.3564648376178159
-0.7833788162107604
-0.013034447834989138
0.4580103290568239
-0.687278076579891
0.5331106421546301
-0.039638150784442605
-0.35857519720011277
0.534851289773268
-0.6625906953168972
1.267210422318857
-0.8558480121621446
-1.1169244177468078
1.1349191948558055
0.8678759326677701
-1.4547261101694913
1.0562827520434268
-0.3641490333561155
-1.0567121349189343
1.0608542803803822
0.46643557256937385
-0.9269429692907518
0.49708505568233263
-0.2583591508796822
-0.2692357487181409
-0.0251400139411527
1.7285582378472029
-1.6041779685548065
-0.7930392761417
1.3669883549465764
0.40717498272652836
-0.43994363972595696
-1.6583136353590318
1.7012097958778984
0.1533343987397372
-1.2599295563929163
1.8833508571912068
-1.9328988552148019
1.1656530589580592
-1.0004689971061633
1.7489447749094296
-1.3957744027943406
-0.0788737764374326
0.7366484150852451
-0.8779125145211146
0.7436737310146548
0.0925295059025325
0.2064814187861621
-1.7063514345584732
2.031410528341036
-1.4844886220389495
0.5333469499888446
0.6884250577005407
-1.4660615313125371
2.2814746244237183
-1.9958658388470143
0.27952258321574164
0.11338766598419361
1.1211326527483656
-1.257357317742847
-0.16938710182463584
0.21434471786866316
1.6199149235697665
-1.629760190678973
-0.44006623434674363
0.9433446426111844
0.13317120854708603
-0.5202230170213491
0.1947310737420935
-0.04012535438298736
0.3167832821220557
-0.15939008406013278
-0.8579180222011307
0.6603791268099147
0.9665827753481818
-1.2952443154532793
0.4118388514574146
0.07970186487861172
-0.26889049197591985
0.24071545814362819
-0.08105561803374484
-0.08173013077922636
0.34002770749362
-0.2207941068681389
-0.11417714622637543
0.46192554982902073
-1.0002213804058264
0.8439278949279485
-0.1277949014775196
-0.45427175998045677
0.9626524943107234
-1.0108421917242525
0.8323990006021909
-0.3254149743246588
-0.606474714257501
0.8728379703941027
-0.6283529812825879
0.3421558400576575
0.23176545521284656
-0.2394939999061216
-0.4705640262775042
0.359858688082271
0.32031484423040174
-0.8923669567713017
1.86904200721684
-1.6374287161077952
-0.26298326173116215
0.5182402954155376
1.1121726231665254
-1.243338956773189
0.1246468787035972
0.5603058067169144
-1.375656483967829
0.9778319367529684
1.08209044608417
-1.4299384328143196
-0.17817900964412386
0.4297143396102601
0.7923055895219298
-1.1895799271243248
0.6239434575816636
-0.6317402596049155
1.235461897575293
-1.3039449829411256
1.0203755969195036
-0.5035550721643337
-0.2227104394768233
0.5492501979976745
-0.7724889310516543
0.486227851980351
0.660178038692339
-0.8180569350525748
-0.43067905503396225
0.35538829300374397
1.3220365110870815
-1.5463298630507314
0.31641903415877937
0.276894002402529
-0.09795941578534069
0.1258424133985871
-0.7690062923567356
0.40252567032028225
1.260825180376516
-1.600089849135787
0.534002609866158
-0.18022572313558177
0.7311574794831366
-0.778069872892844
0.02767959582671986
-0.30453066216221386
1.4446175600541233
-1.9957924951818604
2.3954625719633977
-1.6895812338100362
-0.03852118444873831
0.9886794383427495
-1.5367120310973261
1.3066243525356258
-0.15008358199656985
-0.15705955164574958
-0.39769598167275155
0.6230017031923821
-0.43625379001092324
0.47125766874391134
-0.8216726483028163
0.7728245690933885
-0.31112684694846204
0.03381842201535197
-0.09969291045522874
-0.039206189357299394
0.6393066231138922
-0.4112352393375538
-0.6335308569063649
1.0941301677880706
-1.202570941240043
0.9891949855825325
-0.2773869106767487
0.2556143917653416
-0.8362624971699469
1.0611131026976464
-1.3655856936947388
0.9783438287707942
0.5522796091875017
-0.4945871769952379
-1.2716525225341184
1.8982545428331226
-1.3454305494693528
1.1421834393762795
-1.437352077510283
1.2370708515188498
-0.4751380262362949
0.184016963032879
-0.3429882423549984
0.3771421200340298
-0.30256086165145873
0.22201125018765097
-0.14493609394021856
