-0.07254605848871457
0.08576049664978108
-0.0398961726170448
-0.045213222141143594
0.10043753210265015
-0.1749036554178327
0.12763187885417046
0.06656709005643754
-0.13337908041476756
0.05117970536527479
-0.04401122201341225
0.17407690590774158
-0.17733068390884318
-0.07742016128124499
0.027159620367336868
0.46174062018281725
-0.45044026199085585
-0.10001018228936298
0.2924233338346388
-0.11361611271745961
0.0497880751765629
-0.15145249885545162
0.09802590017371732
0.1548082573026811
-0.224741055288548
0.0800566635783853
-0.08391355195926122
0.23207894870021234
-0.28432849236368657
0.25712541469750577
-0.18372295522920834
0.10257737847367547
0.009935719979622948
-0.20295192774411192
0.2323909748533767
-0.08978280874962381
0.05762722387857755
-0.13118897722858092
0.19517116069143817
-0.19566991934992528
0.25607423023736703
-0.44673016572444857
0.3827124941351494
-0.09308646305325087
-0.07693586430210463
0.20394414294237878
-0.16096799661280017
-0.08609203075263708
0.14744041869326
-0.03008733919099195
-0.014403736228090358
-0.0052883799533380476
0.04612499746538231
-0.06785986916361156
0.1307696825514661
-0.2736192104194441
0.2486074147920562
-0.07762749514900555
-0.048196248960969426
0.16952626037128088
-0.20777865103246138
0.09012007658886213
-0.127521168781851
0.38498135092649055
-0.3520270149154574
0.05897778010384887
0.1309256153650674
-0.25515259859869693
0.26544668450652914
-0.14542845741002525
0.06884803862673644
-0.10093230722805016
-0.007574169892735478
0.2890621927282069
-0.34674886949332506
0.2248594896284191
-0.09657665501269992
-0.05134705123243939
0.08884572210524593
-0.07155672194348775
-0.012270864425878653
0.2017158954883089
-0.2139547842808055
0.05472098093070318
0.04889472572715215
-0.07150321345263291
0.12120953074779778
-0.2365500606760229
0.2098332008904795
-0.03695652605848868
-0.06123210614526932
0.07920409843202698
-0.1276344175904555
0.18298787849183984
-0.2258043777755435
0.2988120167719113
-0.23804352427666597
0.04632609493674744
0.06902905062841505
-0.11251218781481757
0.13786677822894225
-0.1638538864916768
0.15327291329034484
-0.07790335026806641
0.07271885216156962
-0.15496667839849987
0.13112628428513193
-0.05288989716371199
-0.041491555936634256
0.21839958911711443
-0.17281946356817648
-0.0949471226512216
0.23500968787439866
-0.2608810876304757
0.2696753039273491
-0.27754198570170335
0.2695923295435246
-0.21291132924499906
0.232732728987775
-0.35725513524284225
0.3706994767202255
-0.24456007494755727
0.21273479091213365
-0.2970361039402415
0.26196057557881836
-0.13126147247248757
0.027107270808795783
0.08943877619987686
-0.10419599985587642
-0.011762368286642587
0.025117072379845052
0.10079351482678597
-0.10993421586312496
-0.04060471853886838
0.045157283410495914
0.13273889603565273
-0.1627899375121295
-0.008110597742928764
0.03061801348480298
0.153418235925186
-0.10540988025386208
-0.15514115845202164
0.28758755278664955
-0.3671308607605802
0.30006122521641637
-0.06418658871691468
0.014592763079215915
-0.10386556632041985
0.21808547216487845
-0.36337317034317684
0.391050036185561
-0.35677360871749125
0.22403459011937416
0.008677333090262973
-0.11566337148254605
0.1639836510970114
-0.12099612847189167
-0.1076685093861631
0.10063299170418363
0.2713723488191821
-0.2772550036075463
-0.21832121563713908
0.21971543791945916
0.32083565987305074
-0.452898674392316
0.2147422191267051
-0.048796551856339576
-0.054478747690989364
0.09994343005472735
-0.09772507872004443
0.0539056444937938
-0.002326033264146432
-0.09240733273574828
0.22731171308438194
-0.26438142219060895
0.2679689936173173
-0.14694756748526702
-0.09645335949733075
0.19288618232434684
-0.21092939804700572
0.10536876414485685
0.1438931882623395
-0.2333412588406287
0.17412234084975708
-0.1262782131560223
0.09093711780425985
-0.041961848351142264
0.00908542248343891
0.04703814632926827
-0.1719158064241052
0.15501034340468778
0.017413302444235154
-0.07641285819799594
0.03264511612857708
-0.016386435015259413
0.0008233145373158389
-0.027957081538501478
0.11406195198168993
-0.11371833699586162
0.03575124171986042
0.030785519965713527
-0.05961554364360212
0.09511076268549543
-0.19968326030850345
0.139057572690828
0.10132968142072199
-0.1796078867042972
0.12062082969901132
-0.050870096469360505
-0.028124264391704137
0.07541971459044226
-0.10271546979259809
0.09515318347822195
-0.056929448584313744
0.023650909930265775
-0.013558939314630309
0.003594507438929839
0.08012529547080588
-0.02822426072789372
-0.2456758960240617
0.23425052859197784
0.11195003514981446
-0.20417011850626926
0.009449832357105413
0.018838924808334663
0.15347161180782148
-0.18105647666985533
0.016781448641409194
0.006020290222720109
0.1782237158867051
-0.15358501407961933
-0.1250879753491569
0.18159840798390742
-0.006148627176367438
-0.049120678889286486
-0.03528574693363821
0.061580765667080005
0.005821400623071078
0.05257453254652943
-0.20479946702757182
0.296817943505507
-0.40031437137312853
0.31104564015684977
-0.036409510350410346
-0.10022174993719887
0.14871296667968592
-0.09923614004255635
-0.043710026205646485
0.09600428568235415
-0.13109608799316966
0.06445421820272901
0.1844986662132232
-0.1649518435404103
-0.1567411791047257
0.26691986986306404
-0.12282457100382056
0.10589075502789572
-0.2992295919504258
0.2522491298191011
0.09864371983119642
-0.1679389102623021
-0.07451748041407864
0.12742893792107382
0.01630420825657243
-0.045974268889373913
-0.007454321217084774
0.06569701720824275
-0.14084096427277779
0.11478786603618416
-0.060454732556563785
-0.06917479810782555
0.3642013604314621
-0.37818788641717627
0.028240423283872662
0.046701286439137166
0.23938843626404735
-0.17995167062741577
-0.21128121812788275
0.38366657047656316
-0.4168419365190602
0.3063050139141697
-0.02580019934829876
-0.08628792304656381
0.02824479857834302
-0.020411396507970515
0.06727421255287953
-0.07011674413622787
0.04545735607373471
-0.020241486441216518
-0.0563563140410492
0.04466932720495931
0.13188626053405855
-0.09264672252418306
-0.20617104955309884
0.2645854650452095
-0.07445535243403245
-0.015149200792905236
-0.03694106523962745
-0.0008945230200311932
0.1836021288581981
-0.16290721148974802
-0.030210337437375848
0.11610058131105225
-0.211761595788961
0.08178164535817485
0.33545982353059417
-0.40815347976548766
0.15798801991401978
0.009285450618051878
-0.08551189732331037
0.15465807965235556
-0.24182193252062606
0.23335020448575697
-0.14651368380985413
0.08212755791532492
-0.01071225392361876
0.01973283913007071
-0.09076238540955314
0.11126763710629664
-0.1599239868164083
0.06344378980302505
0.2448445598096833
-0.28935565838849026
0.047839885389598755
0.0215895126151587
0.07466282777921585
-0.0933475701976449
0.08962954349059363
-0.03497062378744708
-0.17535242856660865
0.1377482732943202
0.24619645504615945
-0.2595162829880006
-0.12205537250943103
0.234113553250121
-0.08688214028419924
-0.016246096892980462
0.0393874704240466
-0.11847769249134521
0.3254397825569848
-0.3565190546625423
0.08951757770190692
-0.1200742589758527
0.5713518600796572
-0.5408957243659803
0.01999484481617933
0.1944506402469309
-0.16105314905737367
0.08776458226971914
0.04869634035034613
-0.06341350929731904
-0.0125956714595544
0.08396399313165417
-0.19739208742116113
0.18736060449910955
-0.024111388547498037
-0.007034942055255283
-0.10718750311951473
0.13703352115446088
-0.03478614955442552
0.00965594639431882
-0.1789392828593584
0.07206544327111856
0.39886597689177683
-0.47061447434245246
0.10846807577224936
0.030541927292195528
0.092873452123493
-0.033402154188023656
-0.20317556672398746
0.3228373081717759
-0.34109520153076467
0.3078128657980633
-0.25860638347262643
0.16229427970220534
0.006768744598437938
-0.05589426621313287
-0.0009509685168819816
0.021917258373550595
-0.05719862017247552
0.01911237436908539
0.16576769591708884
-0.1479168418174798
-0.1372894430879686
0.17866582016821345
0.08363463205261654
-0.1223477835515775
-0.1354070294571145
0.1409026024366856
0.14147129175920886
-0.1680587402020666
0.003029724660872299
0.14547788652796279
-0.352689910448694
0.3090709099762625
-0.041746080004163785
-0.11024048509089351
0.224395729215964
-0.1785808149429965
-0.07378998735253214
0.11901764316962316
0.05394723362754861
-0.1068390576163008
0.02863444114382782
0.0062584514552424374
0.07155184204836729
-0.03289616847312946
-0.21387343140857942
0.14929268547985586
0.21398637809010057
-0.375044050647607
0.39311054658524675
-0.28216877145544456
0.0683478031771288
0.09221994507881591
-0.22003972334135694
0.22447911039682727
-0.18577219386930616
0.06597180530111363
0.24954901096369517
-0.24228254849813685
-0.1736859932570663
0.23254322155394114
0.10933702418849989
-0.1756222534736701
-0.02829730464468265
0.10365284217306726
-0.08915501248263691
0.036751993004487525
0.07542616546085756
-0.07411562025191523
0.020285759805448007
0.05168808496334105
-0.24439205559593685
0.14425766411017535
0.2451501423663039
-0.3994336298911586
0.40761164345288753
-0.27534615934322915
-0.0397064157214948
0.1359630117248044
-0.016741085591887524
-0.024140808207167117
0.0018609243082148633
0.013991853313648401
-0.05096098215683522
0.027627612031945487
0.07485936248912847
-0.092951818793095
0.01009167330895092
0.023749009207350145
0.057223198274861733
-0.021381428371412464
-0.22895283666140093
0.18344437094425795
0.20302020112443142
-0.301950244643874
0.12425593200659327
-0.04599063103153609
0.023913374930367902
-0.035801735044211344
0.14910802715289012
-0.082788400881751
-0.17456776975849556
0.2466908494437107
-0.1932282960866311
0.07768241416679515
0.13702587047441037
-0.1874800902948784
0.06698130545676977
-0.015292268684502133
0.04770961553064426
-0.02334337251772885
-0.06975084948524055
0.10156629190436527
-0.06963721741470777
0.07037927680414513
-0.09651376847830569
0.1169790530128605
-0.14224126194076786
0.13583225973600382
-0.10182241322980787
0.09244713055661068
-0.04757732430869653
0.06608420004014427
-0.26167726834462823
0.16586997427723157
0.300414720940375
-0.40501144268277334
0.11559414403103267
-0.04536171526823738
0.21018060776115163
-0.2390957231836985
0.12444540156871198
-0.07482306633071016
0.087175276668333
-0.056658743305388844
0.027669330327238412
0.05324200355019273
-0.24210014801961238
0.2502787874281401
-0.059894060090653456
0.01651882575539967
-0.09664948365108178
0.15649331983797637
-0.20297205748518599
0.18626447419118497
-0.13541600418406086
0.0277675703313612
0.09656063629659488
-0.18808873267065537
0.3640959940479387
-0.277639498784736
-0.1694591796849373
0.24304451381256745
0.11952562669176786
-0.18678812480336915
-0.1309393885623641
0.18444276999551884
0.17462787039054142
-0.10591451804832178
-0.5035717590476965
0.5944023827785722
-0.1258958368748735
-0.028221436837123665
-0.13104017166131018
0.13065344116800032
-0.03053753107582212
-0.11092435441259062
0.35645169903416846
-0.39639250471361664
0.17095583231211248
-0.12140066480083049
0.3524253258451085
-0.2923553495901035
-0.15520047606881415
0.2160757230606505
0.13539823044457144
-0.21087604374184885
0.06526974213877916
0.059868119679473385
-0.2212650582788323
0.19506675168828447
0.009126678820563658
-0.12396038056803493
0.16600113764086355
-0.1638546507685911
0.12708380578521486
-0.08501028459872512
0.03625783724950906
