step, usd->oil, oil->usd
Band: usd 0 oil 0
Linear p-values:
1, 7.019541069805908e-45, 4.0872526235625114e-22
2, 0.11607223053133724, 2.503204394092987e-07
3, 0.2540409949081035, 0.0030363580453199443
4, 0.39960245574142433, 0.0028605931691583924
5, 0.19267171549711254, 0.004311508892432179
6, 0.2278435209931372, 0.00014817506370676703
Nonlinear p-values:
1, 0.99988, 0.00688
2, 0.99974, 0.00689
3, 0.99951, 0.00695
4, 0.99936, 0.00658
5, 0.99932, 0.00623
6, 0.99927, 0.00592
Band: usd 0 oil 1
Linear p-values:
1, 0.1689325225702794, 0.00030095895069341433
2, 0.28308581835802515, 0.23991537236576863
3, 0.7662439475691997, 0.857332571856731
4, 0.8029352470976878, 0.906899043774734
5, 0.9471438543004227, 0.9807231392350788
6, 0.9101645175030888, 0.9325530731177211
Nonlinear p-values:
1, 0.60998, 0.98202
2, 0.59596, 0.98298
3, 0.57652, 0.97359
4, 0.5678, 0.9685
5, 0.55203, 0.96686
6, 0.53211, 0.96846
Band: usd 0 oil 2
Linear p-values:
1, 0.9308052564609453, 0.8466067840861706
2, 0.9838736531367035, 0.024800654896652483
3, 0.9993458074655701, 0.2339559615362381
4, 0.9969404798113148, 0.3291658445359019
5, 0.9916258598125377, 0.5091084275811422
6, 0.9888764939900733, 0.41767489548556913
Nonlinear p-values:
1, 0.20039, 0.54382
2, 0.18292, 0.55099
3, 0.17265, 0.6056
4, 0.16142, 0.67501
5, 0.15504, 0.72452
6, 0.15739, 0.77398
Band: usd 0 oil 3
Linear p-values:
1, 0.9416608141937917, 0.9591100970744542
2, 0.9947856307358025, 0.055770404399238964
3, 0.9994882330159147, 0.14533655995968392
4, 0.9997763415568359, 0.18213690993749254
5, 0.9999841348708823, 0.3237850639622109
6, 0.9999934211478133, 0.40749636044044746
Nonlinear p-values:
1, 0.54219, 0.99785
2, 0.38027, 0.99776
3, 0.24102, 0.99642
4, 0.1519, 0.997
5, 0.1103, 0.99643
6, 0.11511, 0.99712
Band: usd 0 oil 4
Linear p-values:
1, 0.9837704946119927, 0.566851442178292
2, 0.916446033923224, 0.20006361707100492
3, 0.8256594681707529, 0.42430537906787724
4, 0.17589376027526965, 0.09111493628107886
5, 0.1576940124248923, 0.08796176033216702
6, 0.11272739789949922, 0.17027170447814477
Nonlinear p-values:
1, 0.12626, 0.92598
2, 0.07832, 0.82132
3, 0.11895, 0.80577
4, 0.19378, 0.81024
5, 0.22211, 0.83986
6, 0.20622, 0.77769
Band: usd 0 oil 5
Linear p-values:
1, 0.9994967030755302, 0.9786216842593387
2, 0.9886965509634081, 0.20590422365602443
3, 0.41010155544115334, 0.034893370526406446
4, 0.839808662128177, 0.030912536476385553
5, 0.5041134773277129, 0.05877206094567352
6, 0.10413950190044578, 0.01139424708610882
Nonlinear p-values:
1, 0.88659, 0.96788
2, 0.57614, 0.97442
3, 0.55171, 0.97983
4, 0.56592, 0.98142
5, 0.58848, 0.98133
6, 0.59427, 0.98138
Band: usd 0 oil 6
Linear p-values:
1, 0.985961819544773, 0.8949581709989454
2, 0.9955546533717096, 0.0609277060158807
3, 0.8493626364519956, 0.001229170874231971
4, 0.9351638168579041, 0.004074156889179273
5, 0.6122137317333094, 0.0018786608972900418
6, 0.7269331937613631, 0.0030172978401348557
Nonlinear p-values:
1, 0.93415, 0.98208
2, 0.54382, 0.98306
3, 0.2026, 0.98712
4, 0.14257, 0.98683
5, 0.06651, 0.992
6, 0.06351, 0.99015
Band: usd 1 oil 0
Linear p-values:
1, 0.002495121547976715, 0.4035453147024576
2, 4.127604713108702e-06, 0.5567958715548172
3, 0.008199569361518864, 0.9379524249216102
4, 0.0076926239648797985, 0.9435490759764446
5, 0.037921255635440104, 0.9076276998626162
6, 0.015062481138887371, 0.9055353266940352
Nonlinear p-values:
1, 0.86903, 0.81479
2, 0.89715, 0.79884
3, 0.8834, 0.81376
4, 0.7639, 0.82385
5, 0.72264, 0.80358
6, 0.72276, 0.77072
Band: usd 1 oil 1
Linear p-values:
1, 0.00018075589011910548, 1.7825086766342144e-05
2, 0.29995783061945946, 0.46995254038868595
3, 0.7842384639430722, 0.895498160705078
4, 0.7453894303667432, 0.8912071386124676
5, 0.8167985767782446, 0.9181222141448713
6, 0.8234643875232328, 0.9428263049832462
Nonlinear p-values:
1, 0.67537, 0.04206
2, 0.66434, 0.0492
3, 0.60821, 0.05463
4, 0.39429, 0.05935
5, 0.31125, 0.05728
6, 0.27846, 0.05615
Band: usd 1 oil 2
Linear p-values:
1, 0.19670564625394257, 0.004616476442691925
2, 0.42294862829732593, 0.02259061836823653
3, 0.8515427577133545, 0.19336278111403904
4, 0.881290903688038, 0.23856043055217235
5, 0.9573981663154384, 0.4043574827725446
6, 0.8074908282716957, 0.2600616597209083
Nonlinear p-values:
1, 0.12224, 0.21699
2, 0.11316, 0.23505
3, 0.09412, 0.22178
4, 0.11205, 0.20746
5, 0.14917, 0.17348
6, 0.18995, 0.20976
Band: usd 1 oil 3
Linear p-values:
1, 0.8847211680163953, 0.24162246350508684
2, 0.8163547089321842, 0.016638974998779327
3, 0.9479210446083259, 0.10059893998373134
4, 0.9208683490456926, 0.09367717334783639
5, 0.7628591838525651, 0.13367982906887652
6, 0.6504444469050956, 0.10031732694781091
Nonlinear p-values:
1, 0.05169, 0.1709
2, 0.04049, 0.12942
3, 0.04421, 0.12453
4, 0.06591, 0.11132
5, 0.08085, 0.09385
6, 0.11081, 0.07903
Band: usd 1 oil 4
Linear p-values:
1, 0.9892328627917385, 0.7261572215977447
2, 0.9812509272499537, 0.14816845669809137
3, 0.9983374727570037, 0.23982372367976992
4, 0.9998387944804543, 0.3789771186167568
5, 0.9997939904749086, 0.3205798836617565
6, 0.9993001110863313, 0.5118641080212594
Nonlinear p-values:
1, 0.06851, 0.05899
2, 0.06277, 0.03812
3, 0.08155, 0.02931
4, 0.0822, 0.03199
5, 0.08252, 0.03437
6, 0.10561, 0.04001
Band: usd 1 oil 5
Linear p-values:
1, 0.9881311048805368, 0.9575278582394635
2, 0.9813391100854517, 0.48142045477120754
3, 0.5530390286924851, 0.2476244678510177
4, 0.9548429513107889, 0.05731738692016288
5, 0.8900232713897842, 0.10595266774270527
6, 0.6583409428971345, 0.007237501575655407
Nonlinear p-values:
1, 0.2223, 0.16114
2, 0.11505, 0.12012
3, 0.12928, 0.10018
4, 0.13003, 0.08371
5, 0.12922, 0.0792
6, 0.13581, 0.07047
Band: usd 1 oil 6
Linear p-values:
1, 0.9947003107982113, 0.9637543500570829
2, 0.9985565629864898, 0.5625476226825501
3, 0.8972611721087967, 0.36472336042204
4, 0.9396004433506762, 0.4263760635981104
5, 0.9714637026925372, 0.2022645303499299
6, 0.9939191711051485, 0.3000587994053733
Nonlinear p-values:
1, 0.02738, 0.03912
2, 0.03263, 0.03637
3, 0.09794, 0.02569
4, 0.11746, 0.01707
5, 0.16261, 0.01472
6, 0.16465, 0.01329
Band: usd 2 oil 0
Linear p-values:
1, 0.8293370909411315, 0.9849716622894181
2, 6.66574531343135e-06, 0.9817052148431216
3, 0.002184957763808555, 0.999062008180777
4, 0.00263620451829414, 0.9997645942982425
5, 0.009123956028491122, 0.999978657507625
6, 0.0020762182519220083, 0.9998741416084577
Nonlinear p-values:
1, 0.99978, 0.15565
2, 0.99903, 0.12567
3, 0.9908, 0.10622
4, 0.96954, 0.09011
5, 0.95877, 0.07477
6, 0.96524, 0.06906
Band: usd 2 oil 1
Linear p-values:
1, 6.223646830685728e-12, 6.564191252166804e-05
2, 0.7584370013993277, 0.004300696120254929
3, 0.98377244991631, 0.09242096215317286
4, 0.9646057348539975, 0.09514541072228698
5, 0.8925829777301699, 0.11773730562283544
6, 0.9352962223192, 0.0030147044542036937
Nonlinear p-values:
1, 0.1206, 0.0368
2, 0.06117, 0.03484
3, 0.04419, 0.0342
4, 0.0274, 0.03053
5, 0.02291, 0.0294
6, 0.0225, 0.02669
Band: usd 2 oil 2
Linear p-values:
1, 0.011146571485311164, 0.08600927704753247
2, 0.004442796266050654, 0.01969978544044161
3, 0.06969067014691033, 0.31223305862267364
4, 0.06802098244386416, 0.25884414995207894
5, 0.05158478582740214, 0.4571922048371051
6, 0.0001605442256403354, 0.016615289870256494
Nonlinear p-values:
1, 0.25935, 0.02817
2, 0.17245, 0.04006
3, 0.06991, 0.04042
4, 0.0329, 0.03742
5, 0.01849, 0.05217
6, 0.01892, 0.05827
Band: usd 2 oil 3
Linear p-values:
1, 0.02813869588878203, 2.9857249294185622e-05
2, 0.020097953494814743, 0.7357361999797414
3, 0.11101957872065521, 0.9879559954279141
4, 0.01148920456540201, 0.9783897741842961
5, 0.07982569007455029, 0.916072456051715
6, 0.02148172890087075, 0.25620822374843566
Nonlinear p-values:
1, 0.02083, 0.18572
2, 0.00982, 0.14396
3, 0.01771, 0.07102
4, 0.01499, 0.04352
5, 0.01271, 0.03493
6, 0.02363, 0.04021
Band: usd 2 oil 4
Linear p-values:
1, 0.7676764614523779, 0.621642356373028
2, 0.8639826962574036, 0.15202884774260364
3, 0.9307606659087486, 0.2852904301958662
4, 0.8741467003891948, 0.4046336760785795
5, 0.8623037112218281, 0.4859980562057925
6, 0.9660611999357419, 0.8559122063522099
Nonlinear p-values:
1, 0.01202, 0.1502
2, 0.02666, 0.10792
3, 0.06604, 0.11235
4, 0.06879, 0.10619
5, 0.05583, 0.12966
6, 0.05983, 0.20285
Band: usd 2 oil 5
Linear p-values:
1, 0.7815991126827696, 0.42080367794946916
2, 0.21570920327508983, 0.0009134940398436759
3, 6.396031280676163e-09, 9.982392908863327e-11
4, 0.0014562617893140255, 5.219528918267947e-08
5, 6.819984852840953e-13, 1.0275620111284773e-11
6, 1.6518351489023103e-11, 3.353122072564951e-06
Nonlinear p-values:
1, 0.0424, 0.17252
2, 0.11876, 0.1747
3, 0.06752, 0.1746
4, 0.05516, 0.17677
5, 0.08238, 0.19638
6, 0.09409, 0.29193
Band: usd 2 oil 6
Linear p-values:
1, 0.9474042258202232, 0.8189455329529297
2, 0.9691025267157021, 0.02985560224394776
3, 0.12351278146050274, 0.002990755139535294
4, 0.021402320867820082, 0.00011600073687255017
5, 0.09553173721582929, 4.4450390436236055e-07
6, 0.3162374872664102, 2.2937149742038473e-07
Nonlinear p-values:
1, 0.00212, 0.52177
2, 0.00262, 0.29075
3, 0.00247, 0.10214
4, 0.0041, 0.06469
5, 0.00828, 0.04334
6, 0.01135, 0.03121
Band: usd 3 oil 0
Linear p-values:
1, 0.08320088763078651, 0.8955789896658584
2, 0.03559839338784737, 0.6452947983617063
3, 0.33855509785582844, 0.6355891271112937
4, 0.2750466822674882, 0.5953452247667786
5, 0.0002555144272004871, 0.0015268671772602543
6, 6.626826276560886e-07, 1.8944252309607723e-05
Nonlinear p-values:
1, 0.87849, 0.78613
2, 0.88227, 0.55076
3, 0.86709, 0.2045
4, 0.87872, 0.16835
5, 0.91185, 0.15089
6, 0.90115, 0.12296
Band: usd 3 oil 1
Linear p-values:
1, 0.0002122328614817797, 0.29737054069031144
2, 0.10535190113015128, 0.12462921310531194
3, 0.4769828543480594, 0.31916868258172854
4, 0.1692729063276739, 0.061142264410148396
5, 7.120245137817702e-05, 0.00016417313165384287
6, 1.7943785618228467e-09, 1.0156464198374045e-06
Nonlinear p-values:
1, 0.08908, 0.01682
2, 0.08493, 0.0192
3, 0.07904, 0.04492
4, 0.0643, 0.04314
5, 0.04531, 0.04033
6, 0.03571, 0.03571
Band: usd 3 oil 2
Linear p-values:
1, 0.20776252308976506, 0.38605029713758754
2, 0.412797509961484, 0.5586598225334842
3, 0.8030765606911168, 0.8168175571288039
4, 0.8385405661800006, 0.674096552076301
5, 0.7748749726812066, 0.8303816100284203
6, 0.25597819114133336, 0.8132873940707785
Nonlinear p-values:
1, 0.05113, 0.03037
2, 0.02889, 0.04731
3, 0.02353, 0.09804
4, 0.01965, 0.0957
5, 0.01464, 0.10162
6, 0.01319, 0.10389
Band: usd 3 oil 3
Linear p-values:
1, 2.7782476653581193e-08, 3.100239370119249e-06
2, 7.238214428396536e-05, 0.0009739808312814246
3, 0.0002931294870398461, 0.02640334755009336
4, 2.4101441180645635e-10, 4.8053604375568745e-05
5, 6.4193679319621034e-09, 0.0008441216276843893
6, 2.3579405585171256e-10, 2.4034685265920116e-06
Nonlinear p-values:
1, 0.008, 0.02433
2, 0.01126, 0.02023
3, 0.04441, 0.04766
4, 0.06711, 0.04301
5, 0.04596, 0.03668
6, 0.03364, 0.03037
Band: usd 3 oil 4
Linear p-values:
1, 3.369169857284882e-07, 7.329496729168724e-16
2, 1.0472105614812684e-11, 0.4850819578548613
3, 1.6458642071548957e-10, 0.9266723659955821
4, 4.404407945328437e-11, 4.1387557662314556e-07
5, 6.4145960566858e-16, 7.445669196543653e-06
6, 9.34756467202973e-13, 4.512772553887106e-06
Nonlinear p-values:
1, 0.01261, 0.03494
2, 0.02449, 0.0559
3, 0.03703, 0.59062
4, 0.03577, 0.16488
5, 0.03664, 0.13203
6, 0.03704, 0.15877
Band: usd 3 oil 5
Linear p-values:
1, 0.18468613925717822, 0.041353159101363515
2, 7.069606788585361e-05, 2.9138048967305347e-07
3, 3.3764624900178466e-23, 2.3388786792286273e-23
4, 1.426799988851887e-10, 1.670951396005576e-15
5, 3.106892978151835e-17, 4.543764098317252e-21
6, 2.884217287250625e-18, 8.088267472922004e-14
Nonlinear p-values:
1, 0.01991, 0.06442
2, 0.08846, 0.09619
3, 0.12219, 0.24774
4, 0.12087, 0.29921
5, 0.11896, 0.15636
6, 0.12304, 0.08916
Band: usd 3 oil 6
Linear p-values:
1, 0.8779979435204907, 0.9450619024320049
2, 0.9771227020662094, 0.5200889395858105
3, 0.17274882580472747, 0.03996585749892963
4, 4.270287182192835e-05, 0.00023773585029536988
5, 9.580974499181218e-08, 0.0002706851535849468
6, 2.7688843276551794e-06, 4.533296160077952e-06
Nonlinear p-values:
1, 0.00605, 0.00856
2, 0.01196, 0.00639
3, 0.02872, 0.02886
4, 0.04802, 0.02763
5, 0.08802, 0.02581
6, 0.08629, 0.02396
Band: usd 4 oil 0
Linear p-values:
1, 0.9384529812665461, 0.9908571372625551
2, 0.07903275819329202, 0.9909147202254924
3, 0.05778374257659632, 0.9933028787791605
4, 0.11185370879989746, 0.9721220023431512
5, 0.1434439515991251, 0.6463419298388868
6, 0.45752897412335014, 0.0004988181945052711
Nonlinear p-values:
1, 0.72207, 0.19079
2, 0.54657, 0.28
3, 0.54609, 0.30824
4, 0.4714, 0.32036
5, 0.33074, 0.30119
6, 0.18579, 0.26629
Band: usd 4 oil 1
Linear p-values:
1, 0.6272285726522644, 0.9577823074204918
2, 0.5126731348780493, 0.9165501268277163
3, 0.6970819147723495, 0.9802289837934132
4, 0.35478607645993887, 0.995860893908276
5, 0.37163311559387047, 0.7917031625546751
6, 0.13688305588095984, 0.09389302734798152
Nonlinear p-values:
1, 0.08227, 0.00202
2, 0.0735, 0.00032
3, 0.07081, 0.00064
4, 0.06864, 0.00081
5, 0.06734, 0.00121
6, 0.05758, 0.00127
Band: usd 4 oil 2
Linear p-values:
1, 0.8941292139309078, 0.8894701118447929
2, 0.4952305320731052, 0.9629708595611359
3, 0.6957072177138643, 0.9862325446240404
4, 0.8485459654994256, 0.9638012056311157
5, 0.9070875569021277, 0.9837082803377026
6, 0.9320328154456239, 0.9435517786398707
Nonlinear p-values:
1, 0.16444, 0.00324
2, 0.12124, 0.00518
3, 0.10955, 0.00719
4, 0.10689, 0.01118
5, 0.10532, 0.01137
6, 0.10745, 0.01181
Band: usd 4 oil 3
Linear p-values:
1, 0.06094300722584492, 0.10655975981606988
2, 0.11772586515041948, 0.02534780179649704
3, 0.2937242514048218, 0.02937419281449581
4, 0.00693747168552268, 0.0556915185785595
5, 0.04082595931563392, 0.11381829945927018
6, 0.01963140444520974, 0.0006379108389291634
Nonlinear p-values:
1, 0.11439, 0.02332
2, 0.12147, 0.08357
3, 0.40002, 0.04778
4, 0.36818, 0.04203
5, 0.22139, 0.02204
6, 0.17626, 0.02295
Band: usd 4 oil 4
Linear p-values:
1, 0.18146420820811315, 0.7880157033566673
2, 0.0024940360739691843, 0.05990386134921445
3, 0.003256397903951508, 0.09832373937543055
4, 0.009585985403775758, 0.05723407079525835
5, 0.0038895570916832978, 0.009691705759331143
6, 0.15398567903864505, 0.04212156408400822
Nonlinear p-values:
1, 0.45269, 0.07287
2, 0.49155, 0.2117
3, 0.34744, 0.16529
4, 0.26089, 0.11555
5, 0.27119, 0.08432
6, 0.24404, 0.10254
Band: usd 4 oil 5
Linear p-values:
1, 0.10771645133669006, 0.10007908033412322
2, 0.0007663984868096458, 0.41779345247834043
3, 0.004971513838256802, 0.03944617645843031
4, 0.0003202665724415624, 0.07256671753791849
5, 4.18918547406382e-06, 0.02277223240536159
6, 2.5865850556899124e-05, 0.022455550437510494
Nonlinear p-values:
1, 0.06947, 0.02865
2, 0.22116, 0.0833
3, 0.27064, 0.0982
4, 0.25124, 0.10804
5, 0.19591, 0.11683
6, 0.14348, 0.12874
Band: usd 4 oil 6
Linear p-values:
1, 0.2860587223306884, 0.681216316663807
2, 0.38688330907771307, 0.005300525441342507
3, 0.3311335976689164, 0.0038155379134642616
4, 0.011497551517735455, 0.0006668269412828331
5, 0.00019313171465117394, 0.001010236558433104
6, 0.00010645137103832717, 0.023141691656487825
Nonlinear p-values:
1, 0.01081, 0.01004
2, 0.02796, 0.01973
3, 0.01811, 0.02128
4, 0.01672, 0.03819
5, 0.02758, 0.02635
6, 0.03743, 0.0143
Band: usd 5 oil 0
Linear p-values:
1, 0.9305337038591284, 0.998750745234551
2, 0.7540408526367037, 0.9957521664841005
3, 0.5160892651145348, 0.7078517606365492
4, 0.6082956367912082, 0.9446342827789466
5, 0.6676070348012157, 0.9290964013839292
6, 0.8100783021165056, 0.9985131768293894
Nonlinear p-values:
1, 0.87389, 0.7615
2, 0.91718, 0.73759
3, 0.96026, 0.5708
4, 0.98317, 0.45523
5, 0.98259, 0.46712
6, 0.97801, 0.47589
Band: usd 5 oil 1
Linear p-values:
1, 0.9230547612234877, 0.9934058508915657
2, 0.5666958861112195, 0.9991091146799485
3, 0.6348660203014455, 0.9995760451236395
4, 0.801317035166326, 0.9995945595470066
5, 0.9017117813982674, 0.9999532790444722
6, 0.9049504610427961, 0.9445031943404201
Nonlinear p-values:
1, 0.01295, 0.02229
2, 0.01209, 0.02756
3, 0.01178, 0.02178
4, 0.0118, 0.01917
5, 0.01098, 0.01789
6, 0.01029, 0.01745
Band: usd 5 oil 2
Linear p-values:
1, 0.708914887929293, 0.9138688979706693
2, 0.0013745127180959855, 0.9625834034164188
3, 0.0006248974620115348, 0.8862846947601002
4, 0.0038762232678811017, 0.2556789207734221
5, 0.004816221302659234, 0.16114060614309852
6, 4.0745828892871174e-05, 0.00018044334089187085
Nonlinear p-values:
1, 0.06365, 0.06384
2, 0.04935, 0.13536
3, 0.05502, 0.09404
4, 0.06318, 0.06485
5, 0.05185, 0.03127
6, 0.04758, 0.02094
Band: usd 5 oil 3
Linear p-values:
1, 0.5863315768586999, 0.8558788170357614
2, 0.7221187369476908, 0.858652909613369
3, 0.3210522136503932, 0.2680091601139555
4, 0.13252078174533838, 0.005209073756298145
5, 0.19336964247448193, 0.023799612401860706
6, 0.22389839428678368, 0.18879504435289368
Nonlinear p-values:
1, 0.00212, 0.00021
2, 0.00037, 0.00104
3, 0.00036, 0.00085
4, 0.00038, 0.00089
5, 0.00021, 0.0004
6, 0.00049, 0.00016
Band: usd 5 oil 4
Linear p-values:
1, 0.012154505285044187, 0.1905969839533938
2, 0.43936685760458694, 0.0058656405233063385
3, 0.3484713242029721, 0.002732308802199495
4, 0.4197689826179888, 0.009113524466618868
5, 0.03291767511997245, 0.016525736211244223
6, 0.046653546478760105, 0.032442983982551944
Nonlinear p-values:
1, 0.06987, 0.0145
2, 0.09893, 0.00642
3, 0.18746, 0.00599
4, 0.31559, 0.00515
5, 0.32703, 0.00313
6, 0.35787, 0.00294
Band: usd 5 oil 5
Linear p-values:
1, 0.42095183603490405, 0.4884999783095434
2, 0.9163392018796098, 0.7682811294805147
3, 5.433311647395452e-05, 0.7544406619732001
4, 1.664397564708638e-07, 0.0057654899155297375
5, 1.1693059256601882e-14, 0.012049804108814831
6, 1.0286826285452497e-11, 0.0032706002376028847
Nonlinear p-values:
1, 0.03273, 0.02317
2, 0.11705, 0.02982
3, 0.16949, 0.01739
4, 0.17506, 0.01888
5, 0.16627, 0.02595
6, 0.16029, 0.0161
Band: usd 5 oil 6
Linear p-values:
1, 0.027498844380211707, 0.02083348857745061
2, 0.01751551495338035, 0.19248131001377602
3, 0.0036408703415031335, 0.0963623583294801
4, 0.035395691438626524, 0.46651850164618236
5, 0.0013952760675303279, 0.5395230721409526
6, 8.5217206376588e-06, 0.013175511244108512
Nonlinear p-values:
1, 0.00913, 0.02765
2, 0.01264, 0.01845
3, 0.04706, 0.01187
4, 0.03305, 0.01375
5, 0.04254, 0.00999
6, 0.0601, 0.00687
Band: usd 6 oil 0
Linear p-values:
1, 0.9739874714070773, 0.9999867740451841
2, 0.5629517881449834, 0.9995748551190039
3, 0.3345348264674395, 0.9028573185212654
4, 0.18944605408079132, 0.46292103547952057
5, 0.09339685260006257, 0.06260826135384265
6, 0.16323064482076383, 0.0010244434201301925
Nonlinear p-values:
1, 0.59458, 0.49473
2, 0.63248, 0.44735
3, 0.61085, 0.54563
4, 0.75861, 0.53038
5, 0.68836, 0.44224
6, 0.5656, 0.47151
Band: usd 6 oil 1
Linear p-values:
1, 0.9744320635310381, 0.9949115260961519
2, 0.8922213660030267, 0.9997454802451465
3, 0.8723128020354749, 0.9940720711871758
4, 0.6563279247856719, 0.9919379484289205
5, 0.29589683719596743, 0.8256449073574652
6, 0.2450855968975343, 0.3052688056203308
Nonlinear p-values:
1, 0.04863, 0.00232
2, 0.04581, 0.00393
3, 0.03285, 0.00243
4, 0.02428, 0.00096
5, 0.01612, 0.00121
6, 0.01227, 0.00196
Band: usd 6 oil 2
Linear p-values:
1, 0.9836690197828794, 0.9717129074074717
2, 0.7915392097400837, 0.9996874435882943
3, 0.6652319478303564, 0.9975889086863836
4, 0.20337102549369201, 0.9679225639391609
5, 0.1219854749766342, 0.8967509748988629
6, 0.29078666017666555, 0.6905702922388216
Nonlinear p-values:
1, 0.4696, 0.00545
2, 0.44239, 0.00675
3, 0.31045, 0.00761
4, 0.18272, 0.00463
5, 0.05853, 0.00832
6, 0.0182, 0.01004
Band: usd 6 oil 3
Linear p-values:
1, 0.5181367115054523, 0.8678151903874689
2, 0.003568497515383011, 0.7585159872035914
3, 0.00011288783947446018, 0.02067660588267136
4, 3.8865678790652947e-07, 8.181567168847066e-06
5, 1.71982531641034e-11, 0.00043138002337926
6, 5.213505396673109e-11, 0.37694001504413865
Nonlinear p-values:
1, 0.11632, 0.00133
2, 0.06004, 0.00139
3, 0.01548, 0.00135
4, 0.01421, 0.0012
5, 0.00199, 0.00312
6, 0.00125, 0.00624
Band: usd 6 oil 4
Linear p-values:
1, 0.4298105551288618, 0.7317206780102761
2, 0.05293130822259027, 0.8097191326213575
3, 0.04121632112282788, 0.8204735178646707
4, 0.06852898134642485, 0.9392449063743463
5, 0.056179294103854784, 0.3599900950503499
6, 0.00013903670787478273, 0.5547895836671229
Nonlinear p-values:
1, 0.04843, 0.01697
2, 0.02553, 0.04496
3, 0.03644, 0.03904
4, 0.03898, 0.02471
5, 0.02724, 0.01761
6, 0.03593, 0.01874
Band: usd 6 oil 5
Linear p-values:
1, 0.04711737702466208, 0.012750431630656167
2, 0.284247767242618, 0.016565781940380008
3, 0.006631416431757242, 0.010826256238795436
4, 0.0007395822794577662, 0.0012364869059298853
5, 1.1896324224850299e-05, 0.0019714978966827758
6, 7.854772211575599e-05, 0.1070891481406163
Nonlinear p-values:
1, 0.12437, 0.04987
2, 0.06698, 0.09001
3, 0.09566, 0.07249
4, 0.0942, 0.06365
5, 0.07124, 0.12689
6, 0.07106, 0.14227
Band: usd 6 oil 6
Linear p-values:
1, 0.2745883406974602, 0.41145192771086914
2, 0.5266178306427965, 0.5162020384482746
3, 0.18245628155349702, 0.028711490025003367
4, 0.05464483596668768, 0.004643677181065995
5, 0.009443845659966395, 0.01384137748994474
6, 0.04832674271094681, 0.08408205795721604
Nonlinear p-values:
1, 0.02177, 0.00548
2, 0.00476, 0.00475
3, 0.01503, 0.0079
4, 0.00958, 0.00781
5, 0.00619, 0.01164
6, 0.01018, 0.02119
