0.010801428510549894
0.006965786486632245
0.003027008328807732
-0.0009194759589178736
-0.006583285356535308
-0.0135838679615197
-0.01712159634391578
-0.01696095727070964
-0.015133624447379822
-0.010349469156288206
-0.0058554883159796295
-0.0018096263749155317
0.00453544897072745
0.012520242724073108
0.016442452214445735
0.0161030072970474
0.013771475695837627
0.007936755831691466
0.002639975618150856
-0.0019367458549842355
-0.009123647728344524
-0.018094670934702232
-0.022804246407723466
-0.023085504672585907
-0.02125587485631343
-0.015723517922663084
-0.010884145867901119
-0.006925246040162418
-0.00027153126030106693
0.008177270480430507
0.014096162811118433
0.01752190827303985
0.01991714722191445
0.02019783095376287
0.021843125610730176
0.025005184275572672
0.027034102239441412
0.028670757689508122
0.028258479270506696
0.02531236748913655
0.021107834974299095
0.015068601776846914
0.0074424955218002666
-0.0017378978805070787
-0.013156990071056359
-0.02682357867377287
-0.035355751380400396
-0.03818933421265119
-0.03887467842160586
-0.03538350019679727
-0.03222222863301849
-0.02966867739741278
-0.023697067055508683
-0.015223277551181733
-0.008637972405117154
-0.003798046162010504
0.0008177906622951492
0.004172998988748645
0.009915605906014714
0.018263598584059258
0.02657041983333059
0.03566443045667191
0.03954920505323871
0.03734700915993889
0.032474176997096225
0.023136451561488025
0.01215119284493235
-0.00029621781540723564
-0.01725267228976705
-0.038217665792350794
-0.049104236779558025
-0.04902378195831089
-0.04438307381219628
-0.031357038561251833
-0.018975211457766678
-0.0077431825301216934
0.01018709746529704
0.032976128436493286
0.04526063565133187
0.04659009522774258
0.043055450211120186
0.03062906890238538
0.02031184809438197
0.012628254705970421
-0.0013846048164452684
-0.019447103481478812
-0.029299911348863103
-0.03087308727177459
-0.028457979940289216
-0.018909923048415305
-0.01171463882069267
-0.007256516214515337
0.0018939922817468387
0.013764067877790666
0.020049560113441573
0.020838602199374133
0.01873457948066028
0.01163370835765527
0.006327673163181882
0.0030506115648635725
-0.0033885329136479868
-0.011580654749115649
-0.01567097743614219
-0.015699743957050562
-0.013481996235488018
-0.00751904887810318
-0.0025935284744469165
0.001145634038955437
0.007380197318076572
0.015130476916345635
0.018330983789912512
0.01682539109571989
0.012820840231491916
0.004707493865647494
-0.0030074385591033065
-0.010165734830380295
-0.02042883137852595
-0.032892085193218214
-0.0386709702663244
-0.037355658128537646
-0.03255188036283678
-0.021861226594465516
-0.01142558207697411
-0.001502652155320517
0.013083135780860466
0.031103615498813294
0.04147652957337312
0.04380181326727079
0.04253755873506718
0.03474679572218258
0.02826953326333213
0.023470845601962397
0.013888919949671123
0.0011327136718119785
-0.006597524345579108
-0.009337355270331367
-0.009924189822959189
-0.006294255928905059
-0.0049465441788183765
-0.006171165628635892
-0.004982521964668777
-0.002762461320492651
-0.0027197192003083717
-0.0045864000710124425
-0.007792454405304284
-0.013090787426933755
-0.017325294698730946
-0.020428164052478263
-0.024602883475940404
-0.02918618908831078
-0.03011967356662809
-0.02722279555772147
-0.021932951842989202
-0.013125278149010482
-0.0037183395311044063
0.006233775662203687
0.019209631695021673
0.03466590171884355
0.04303191735654866
0.043706011035738804
0.04087994910922023
0.031930226563225625
0.023117138973214445
0.014737897051353295
0.0013513774456094777
-0.015796168331326396
-0.026192282796443346
-0.02955796918946538
-0.030094276524522665
-0.025065956887713115
-0.022069076103798116
-0.021492055901362966
-0.017203627649333
-0.010800883697619407
-0.00592202923843873
-0.0021490276049360873
0.0011859817440157073
0.00329532324015994
0.00791397033358939
0.015183853890900031
0.022633067177898987
0.031100427281239545
0.03365616885603829
0.02937798291071159
0.022140679092425918
0.009910229020623412
-0.003929370709861769
-0.019144503669078616
-0.03926423916764899
-0.06366214812612365
-0.07286794983713758
-0.06550025466766168
-0.05039712101243554
-0.02218559765363405
0.006906458995046339
0.036267176598546974
0.07675502256526812
0.12595306772428727
0.14882475043945517
0.14340546140621363
0.12472592822245777
0.08326562098197593
0.04224820721283419
0.0027635470876937597
-0.055154612526799054
-0.12685808329090142
-0.1656710546367586
-0.16969320214660227
-0.1580409496456673
-0.11828078998135373
-0.08288447342300378
-0.05338236890220226
-0.0027501138514270506
0.062377101058545686
0.09908762494104223
0.10669652899347375
0.10120406765839815
0.07151449276481475
0.049781050591324705
0.03744538317205744
0.008946819830804822
-0.029007270971206936
-0.04947040356750358
-0.05295297321637145
-0.047721873613115466
-0.027045750517306538
-0.01332455368032336
-0.007369118194872581
0.007708932799709333
0.027206682211793527
0.03717890495226217
0.03821183701476741
0.03368117752299773
0.020137488363839214
0.010131487150280685
0.003962354884686412
-0.007585466350374381
-0.021925158076552882
-0.029600790559729268
-0.03073707438235578
-0.028042376088964056
-0.019092989924340664
-0.011876033574149212
-0.006597384788132901
0.0028359410702417966
0.014802908787141734
0.02137246855686608
0.022504782133592298
0.020875629126268027
0.014436615898225863
0.00946772500080721
0.006196451535562931
-0.00027968721266349384
-0.008666775750722807
-0.013493770799616486
-0.014825402922059501
-0.014389413876959392
-0.010805124679015928
-0.008569917324965438
-0.00784728322829028
-0.005215649681315183
-0.0016151368166827885
0.000555876866817152
0.0014673772958433353
0.001618350200992741
0.00044055004135072276
0.00023922416505225063
0.0010754682846617967
0.0013257507143941468
0.001478829105996602
0.002087109921169702
0.003033235308757621
0.004399729536722135
0.006305716869168647
0.008002695880841229
0.009499331718168117
0.01127095008184684
0.013166767821242636
0.013623461351294488
0.012527958217315886
0.010507400640887943
0.007116035977424463
0.003388197413082759
-0.0006530173285363038
-0.0059323531990559
-0.012261952858674948
-0.01604778761806913
-0.017071323712754462
-0.016923752524640203
-0.014626608049610437
-0.012534285416796128
-0.010767725826969448
-0.00729346688013662
-0.002587130648763469
0.0006965955536924245
0.0025784995222808086
0.004020014974206672
0.004364816200270112
0.005711634901493179
0.008173037214457748
0.010158643047150888
0.012127949716665717
0.01254481861915227
0.01107190119469279
0.00874882237078091
0.005080079650552309
0.0005453731312490185
-0.004812180861028196
-0.011698807648756146
-0.020050733735743863
-0.024196487308961057
-0.02371220234215542
-0.021267121538361914
-0.015299132515134706
-0.009303323913514391
-0.0034783793455335325
0.005294770481491763
0.016314522258750883
0.02263949122573995
0.024021536660261328
0.023305945983774844
0.01866309948920245
0.014959012235937286
0.01243841645336929
0.007094027957145926
-6.514990771887893e-05
-0.004656626232479668
-0.00676756582217203
-0.007812849630876076
-0.006711091650207307
-0.007073209822562913
-0.009055348014708031
-0.00995176907654242
-0.010536990238828535
-0.010461171013033682
-0.009377620835974635
-0.00798219750523318
-0.006086212881173654
-0.0031844399850371754
0.0007033358688799591
0.005523184346181614
0.01140878489168083
0.014253270396304111
0.01369410643941046
0.011791992756100449
0.0074054810152598
0.0029132754207181646
-0.001528951262740174
-0.008112833941002292
-0.01635989570044956
-0.019893814609673998
-0.018393483845614192
-0.014572297577994537
-0.006714342156291622
0.0009069429013120768
0.008083353290643
0.018447714601897834
0.031134439457140672
0.037222215861765245
0.03630937236736579
0.03205000643136488
0.022046807701078572
0.012437124085797545
0.003492774512601856
-0.00995012377729959
-0.026655375048285104
-0.036090120375855475
-0.03790233495467688
-0.03627988795589174
-0.028439259701552762
-0.02188799981862709
-0.01697082860689641
-0.007527316973398459
0.004900438767231154
0.012479130137661523
0.015236548287965087
0.01587631464993079
0.012422543313667964
0.011078122073297924
0.012114891245252075
0.010765617496769384
0.00834512141106636
0.006263600443953358
0.0040902671798454405
0.0020465356679993446
0.00036587839592951366
-0.003027792398320509
-0.00817267194636271
-0.013881613426543196
-0.02062629770909016
-0.02387298804435174
-0.02309251812459862
-0.020782203482586484
-0.015646212301511205
-0.010013937560768828
-0.004062834800227071
0.0045215363852769965
0.015281861263367287
0.021891517775579218
0.02408005811665683
0.024574946281086398
0.021705535332842366
0.019766978624600945
0.019001812815976245
0.01583011518008714
0.011150677455813657
0.00760692469180076
0.004989704647574881
0.0026309142023770633
0.0011259456936738078
-0.0020093692984786407
-0.006888339284496832
-0.011803916661355286
-0.01731502207446059
-0.020288670779021148
-0.02024713431602425
-0.019073520502202172
-0.015835366679255322
-0.011924022556440662
-0.007457567171620709
-0.000897669402858157
0.00749896128744208
0.01257588152629158
0.014082353482794263
0.014329743166215055
0.011953553796240355
0.010375974646113286
0.009808387624437486
0.0073732099817423544
0.003792768753533433
0.0008722179484982888
-0.0015887841952104862
-0.003974937195402036
-0.005900102437768393
-0.009167688246816276
-0.013860309065183896
-0.018786246783834597
-0.024358472045621637
-0.026508922220824387
-0.02472363911773015
-0.021223002160444468
-0.014819378330360233
-0.007573576602031
0.0003799300985702419
0.011142724738824177
0.024330521149941418
0.03196169748128776
0.033579325515697554
0.03274582735335429
0.02730888583282519
0.02248069705447535
0.018549302052371635
0.011039364602178437
0.0010187523694216954
-0.005146706571195222
-0.007435863506860991
-0.00818112355262358
-0.005774267255843964
-0.005109225718063308
-0.006426333888366495
-0.005928092553034145
-0.0046606120774588785
-0.004396691861888941
-0.004860402835054938
-0.0059275774732497274
-0.00797387238025703
-0.008988656279929286
-0.008931670267752557
-0.009101992779387813
-0.009063203689808333
-0.008097149993977265
-0.006243851791373749
-0.0035162665919417926
0.0002831334548579643
0.0044141092872366575
0.008907645084810144
0.014325641174660644
0.02054488105254423
0.022743440314299746
0.020513887292291953
0.016054194705929108
0.007998878392141655
-0.0006876492343213038
-0.00988073050096988
-0.02229030903463836
-0.037354823755485454
-0.04471243762768624
-0.043731357521520575
-0.03897165318102388
-0.027607600150222213
-0.016399122117716096
-0.0056815348798417206
0.010404288516409795
0.030502428499310147
0.042058690749798885
0.044636967778603216
0.0433191510500388
0.034792821010253445
0.027926995577477808
0.02315199989651311
0.013177844839091058
-0.0001629343513619029
-0.008655211929663292
-0.012435000832071693
-0.0141958406680577
-0.01190198038615425
-0.012272190564678178
-0.015599416925036254
-0.016825854206637868
-0.017390523879470425
-0.016829957720764004
-0.014510741996434809
-0.011634797820283935
-0.007900667149835089
-0.0022513443975996075
0.005285616293905573
0.014509480700457657
0.025694477942997982
0.031241264631062318
0.030466410264597562
0.027201185890214846
0.01932937652631399
0.011227307598561758
0.003182629294717047
-0.008852723469315253
-0.024000124105954417
-0.0322585194944887
-0.03322058006093957
-0.031073664598566038
-0.023168403714578956
-0.016384251492983257
-0.01107510045156081
-0.0015166381121876186
0.010869075614066723
0.017854409156947432
0.01937217081082815
0.01838420152745967
0.012781843679871101
0.008855420137301194
0.006878169100074001
0.0019091178923983745
-0.004735560279459152
-0.008240560570327349
-0.008734116675557325
-0.007608956833881178
-0.0036692017126711864
-0.0010135811589167812
0.00022117895419289596
0.0030947940534674164
0.006748577754042562
