0.004056892329538002
0.0037811018011956548
0.0032972519899847536
0.0025850492028663967
0.0018351302997382975
0.000986608289655445
0.0003317019620067874
-8.165101668666179e-05
-0.0004364799522695937
-0.0006450485279132569
-0.0008339183731741367
-0.0010152554255306143
-0.0010466131421635943
-0.00095176237989364
-0.0010161521873346992
-0.0012432914039870954
-0.0015091362896307039
-0.0018841491709269218
-0.0021620956386104273
-0.0023272725998093676
-0.0025396507222264575
-0.0027520839987164028
-0.0028553586678601783
-0.0028555313645105477
-0.0027694217712961014
-0.0025693865673359025
-0.002354780313416679
-0.0021250643114509595
-0.0018057761712317274
-0.0014155648820085183
-0.0009710348155962279
-0.000463602206076638
0.00010378679200892478
0.0007302052403967268
0.0014489849869817714
0.0022625960290061586
0.003155592501348573
0.004137108050808907
0.0048264821817210965
0.005185519581986836
0.005400848062046979
0.005363448710215539
0.005290399034195698
0.005192502116656571
0.004863064776617197
0.004342899601474456
0.003911989435942244
0.0035649009361954313
0.003190300152439663
0.0028541069910201222
0.0023325394029277257
0.0016086541458808189
0.0008455582307689416
-9.414015350644572e-06
-0.0007314446583180901
-0.0012824192962667368
-0.0018077297244926964
-0.002239911700439961
-0.002672841740538758
-0.0031167689754641697
-0.003464188085642343
-0.003733129909527333
-0.0041487568546134095
-0.0047148197115159714
-0.005333456045833989
-0.006060772419452252
-0.006736286425361259
-0.007348177876423424
-0.008022386464124408
-0.008722661713513
-0.009087737864108023
-0.009094566458217938
-0.008886146603346785
-0.008360964486669493
-0.007755504952438607
-0.007075297748292297
-0.00610984031314261
-0.004902339134831918
-0.0036641764820760534
-0.0023829111702710695
-0.0009804824088086406
0.0004969103362442264
0.002237693942635817
0.004257401116068516
0.006428571790313122
0.00879771804833796
0.01035342580231524
0.01098304802016033
0.011197358110176454
0.010702884201479535
0.010055213976979041
0.009282368640513133
0.007840731707201561
0.0058328027597405645
0.00403745072804778
0.0024419812048530115
0.0007281244021033883
-0.0009207485981568603
-0.0031201352857949884
-0.005918740710309731
-0.00886687004317187
-0.012110370495025885
-0.014432457392508204
-0.015667061915938536
-0.016495159844109774
-0.016557244905535534
-0.016455257219102196
-0.016229651947664923
-0.015253773432434153
-0.013638640590119601
-0.012437037280031283
-0.011646582346906511
-0.010821355505184482
-0.010214760087942731
-0.009030389853313274
-0.007205498639182763
-0.005338189431321514
-0.00324231677374503
-0.0011152191867575397
0.0009639334984813704
0.0032273588533428517
0.005606969004590455
0.008085239383461043
0.010683083283070122
0.013348872257705651
0.016081167839118834
0.019258785847679954
0.022906366031796275
0.026841868394136915
0.031166889005054266
0.035654847171001314
0.040290392545572096
0.045274308179218396
0.05055957035907547
0.05352239269878587
0.0539215465937923
0.05295510221913932
0.049870045166439836
0.04622250221464797
0.04206842307646981
0.03594506712806049
0.028136003471448543
0.020451495333818993
0.012831535166834667
0.004558393746174275
-0.003954780895582365
-0.014209533597355623
-0.026329041036873488
-0.03925241718650696
-0.05334324719527649
-0.06331562697675436
-0.0685406730017406
-0.07177762798326193
-0.0714846161959872
-0.07047842293016279
-0.0689152900264093
-0.06399058711881092
-0.0562245843381734
-0.049846198615927394
-0.044807273864468415
-0.039359806589218546
-0.03450754652484082
-0.026957875409172497
-0.016451409008902403
-0.005417112726909094
0.006921113855267185
0.01600925961400638
0.021151244105529758
0.025067916834636363
0.02639956962590817
0.02723472898161345
0.027744702745294444
0.025654998892598917
0.021352979792770718
0.019072779385206184
0.01884049855621501
0.018831410123422737
0.02007906856832555
0.019464712265070065
0.016745727701883675
0.014306904526536789
0.011427338880702475
0.00933226081935628
0.008394964578011066
0.007510340988750683
0.007088345387541586
0.006963362376835686
0.007059084225935448
0.007834919771371903
0.009266999705745287
0.009542866158518657
0.008587808874260304
0.007272002161440195
0.0051324854821539236
0.0033466228096485397
0.0020124123949398316
0.00015992779771761828
-0.0019455437529425999
-0.0034983012218399437
-0.004531895347345496
-0.0052383158379578024
-0.005418067498346409
-0.005763944351836893
-0.006288919680879503
-0.006474953658383273
-0.006461437803335349
-0.006442157472314293
-0.00637172349278673
-0.0062481760471691785
-0.006106240907629254
-0.005684744676547635
-0.004973971544435194
-0.00412682986367691
-0.003081794231566073
-0.0023207253403376756
-0.0019006117265430564
-0.0015457367270721996
-0.0013926680572225317
-0.001196317573831138
-0.0009345651008569921
-0.0008496089100235374
-0.0008912401636780184
-0.0006694708151024341
-0.0001824991677727627
0.0004147669837210348
0.0012192033945541661
0.0019404296233651425
0.002560402587805043
0.003303885499816518
0.004106659218786843
0.004634726753637268
0.004879352020120584
0.004951612762994029
0.00476124102334369
0.004554705607169553
0.004336674720175524
0.003902993702167826
0.0033003512363608354
0.002689687320150122
0.0020570971315901944
0.0013527971264084828
0.0006110618770514821
-0.00032374435529267077
-0.001462709097979738
-0.0027035982398843595
-0.004084328088633303
-0.005035489956059704
-0.005491907969474997
-0.005750672336993467
-0.005647082000362142
-0.005487827874436296
-0.005290949320190704
-0.004754849949988975
-0.003937297186527511
-0.003286637322590251
-0.002798126991825405
-0.002289097316575177
-0.0018665646208910138
-0.0011818134486100012
-0.00020848511503324967
0.0007949503895943344
0.0019098956183024958
0.0027066759390465813
0.0031161416792047573
0.003400569161359382
0.003430636166533671
0.003395782961431288
0.0033122015555995237
0.002967804939785117
0.0023972312821827256
0.002009241965187071
0.0018068711887215979
0.0016118037104515355
0.0015237629478715338
0.0012433731563828126
0.0007467748645442285
0.00026312627710843714
-0.00027705094957609813
-0.0006388275948668545
-0.0007744125438496813
-0.0008451110183727603
-0.0007775126079844694
-0.0006550321279089619
-0.0004874729078214095
-0.00016586607016658874
0.00029537294241269337
0.0006369541082053557
0.0008541071894940311
0.0010650567576722563
0.0012057962093010614
0.0014590325367498066
0.001840037361381936
0.0022061444476345372
0.0025997268752717007
0.002886054157409766
0.003036076077037918
0.0031439000190076525
0.0031667698426763734
0.003149857981693236
0.0030985118302226146
0.0029506543657412264
0.00271366041977358
0.0025417460908089082
0.002437809940969901
0.002330462923460697
0.0022576431705733794
0.002110982297658703
0.0018810550523652193
0.0016522861181549062
0.001399312232425704
0.0010426384836711119
0.0005828842757139478
3.8380240716128395e-05
-0.0006121173072760705
-0.0013046381428438389
-0.0020395391395274503
-0.0028682513987464344
-0.0037792908391074665
-0.00475056589452838
-0.005787707846127026
-0.006895236621796087
-0.008070099015341795
-0.009342069419340533
-0.010713999155513616
-0.012170177430145744
-0.013718831590148977
-0.014602646963009544
-0.014744084935967211
-0.014504822794515433
-0.01366563908144106
-0.012658783092624746
-0.011501686512774207
-0.009778664070510177
-0.007568134016219757
-0.005421092993252227
-0.003323084690113663
-0.0010508741955666684
0.0012684697698400367
0.004082646912297987
0.007428603089211997
0.010986250969578372
0.014863554930607011
0.017535281355129797
0.018817850980244608
0.019509217285968824
0.019163592741927634
0.01859003179308936
0.017833133444927048
0.01608421588687129
0.01349210056884923
0.011282682751607466
0.00944204935008317
0.00746168507755602
0.005632310656614616
0.002999923739563251
-0.0005112632043751688
-0.0041978829255209125
-0.008285210004103058
-0.011213279996659758
-0.012756031085681758
-0.013814844403410052
-0.013925995286485275
-0.013832979961386513
-0.0135905008962366
-0.012406650619545224
-0.010418509901566259
-0.009026430539596914
-0.008232934334058053
-0.007438821864066078
-0.0069832890170109406
-0.005820627842153706
-0.0038685561556715564
-0.0019189116917631443
0.00027169299680330003
0.0020408524563519815
0.0032406842693362896
0.004362492460958425
0.005197740624257774
0.005950722094081081
0.006654653743961999
0.0070176350410931
0.007076324592739794
0.007618652943205035
0.008666211721318458
0.009857740318257733
0.011391254389060268
0.012727437696566136
0.01382328703766947
0.015109957566306169
0.016465006135957812
0.017168426367974998
0.017195335952619996
0.016795164434116036
0.015771631059413715
0.014637864680812688
0.013403616151916991
0.01163563212646305
0.009429902948085952
0.007133963825899637
0.0047171525046850234
0.002067465008603664
-0.0007421340779350676
-0.004046975102153493
-0.007872813958635871
-0.012001182275063624
-0.016515064948224068
-0.01982937812737504
-0.021768148758542986
-0.023141000926612504
-0.023489735305439574
-0.02368272267035347
-0.0237672149271802
-0.022895714453875976
-0.02123064162012583
-0.019998098807842854
-0.019181175223350732
-0.018281809307853503
-0.01759077180749421
-0.016145307803582663
-0.01387155421731903
-0.011477933868492472
-0.008738335276850511
-0.006588617758862626
-0.005191633555003591
-0.003937824437673985
-0.0031096554036679313
-0.002323729150625311
-0.0015380477478167825
-0.001198708084365738
-0.0012330349775911817
-0.0006911043419172315
0.0004430066754156839
0.0017533766151863243
0.003476295814176902
0.004935516497685008
0.006080164206941192
0.00744030072511095
0.008862493378808007
0.01012233298252241
0.011255679950547656
0.012257404516970261
0.0130773735146276
0.013968260519196564
0.014927690474269974
0.015786385352866854
0.016594194840308087
0.017309557049459322
0.017908993278521027
0.018444554290154572
0.018898832264479963
0.019244338039507834
0.019481846332480707
0.019607279090580115
0.01961214045714112
0.01921884141011687
0.018392854614914148
0.017253811343704312
0.015716013456830616
0.013932820487551909
0.011903137962671449
0.009467922404316088
0.0066492903502996656
0.003650375943597576
0.00046000238742345626
-0.003014094207576024
-0.006729740880291043
-0.010862700413883231
-0.015433427579765431
-0.02032673018152561
-0.025589820228025265
-0.029180130477847895
-0.030882945404853278
-0.03169444113139179
-0.03102344694250883
-0.030024367703291623
-0.028748648876546386
-0.02608244724441278
-0.022237342762025034
-0.018738832708064004
-0.01555428103881848
-0.012065125348631566
-0.008627076527873947
-0.004016190539830421
0.0018657949939951419
0.00813419340054781
0.015081226574273174
0.020051821805924408
0.022695509474893898
0.024480597123787144
0.024626404675425827
0.02447078503187398
0.02410228211737298
0.022146163194064216
0.018851095863567292
0.016479739437700595
0.015024952962288163
0.013536211201580899
0.012558249852717633
0.010373150220195027
0.006847590505596799
0.0032708118912077103
-0.000757742698207119
-0.0039481944826322436
-0.006040422355263575
-0.007937908073135616
-0.0092416036871305
-0.01040674281648117
-0.011494266882963077
-0.011914673718067736
-0.011751485856588174
-0.012436913874601534
-0.014003322150616695
-0.01580514065001235
-0.01820029267465979
-0.02019129548289577
-0.021699866532148417
-0.02351572073869777
-0.025411933266030563
-0.026347569867503254
-0.02630416287786046
-0.02560577076039687
-0.02397255091642126
-0.022184414903314652
-0.020252161895579615
-0.017534248619721728
-0.014176875227015467
-0.010618968364694536
-0.0068094830013550305
-0.002621896266244033
0.001855980205342357
0.007077740647602474
0.013077859848060596
0.019571512274561272
0.026672343153677613
0.03173149002793356
0.03446274239129256
0.03620020555991824
0.03617956380781857
0.03586934897583552
0.03534616969894224
0.03318603656738573
0.02966317900256685
0.02679440336162271
0.024547464311231545
0.022106746653263072
0.019948710928744177
0.01647935216562295
0.011575882841209766
0.0064060342376690465
0.0005943964400197393
