0.010493762767370294
0.011124443943439085
0.011772241714192428
0.012437168757355963
0.013121328875272063
0.013824424158725772
0.014324995118990172
0.014600667889445248
0.014754911055303173
0.014723429006751764
0.01463370413823516
0.014490206594405567
0.014170391478528326
0.013697025755136484
0.013228439777442414
0.01275971840604929
0.012226444983575781
0.011664681965802146
0.010944192219304318
0.010053827714547733
0.009085614951581975
0.008007764963309768
0.006972494579848455
0.006002663699117286
0.005001719743700092
0.004014032530315774
0.002970080822159422
0.0018619600917661777
0.0007634677991759445
-0.0003397842452691745
-0.00159602436732303
-0.0030083620343649173
-0.004515035340865613
-0.006153735276430326
-0.007819467470347112
-0.009505725390319799
-0.01129646600699047
-0.013168878394380017
-0.014679937521147749
-0.0157943027353211
-0.016703608932337105
-0.017282003305136025
-0.017804359448162277
-0.01827936553637943
-0.01845535788396885
-0.018382765044919157
-0.01835010331746243
-0.018345579921198445
-0.018258126726247565
-0.018152901982039987
-0.01778488898231669
-0.017134306462290073
-0.01637216713798814
-0.015439004107462581
-0.01466775423314539
-0.014105870655965047
-0.013550251956864046
-0.013097788389736494
-0.012591051226550947
-0.01201426088390914
-0.011531819271415613
-0.011111910042833573
-0.010445258161757603
-0.009527311157954431
-0.00848648344101999
-0.007245108454278992
-0.0060264013348236625
-0.0048448832118074756
-0.003524851423129456
-0.002115594242326524
-0.0009337311690852284
8.694944302458109e-06
0.0008254327247123358
0.0014301684712808346
0.0020475189526548213
0.002682756055245157
0.00314620428337501
0.0034804342361009033
0.0038499979625499932
0.004243106339442639
0.004605738073793146
0.004973762791657562
0.0051941927562362085
0.005256030350717135
0.005261890939660412
0.005174765498003487
0.005274790262710983
0.00559799448366927
0.005983599084325212
0.0065125452560354765
0.007044306352271334
0.007567102151086272
0.008223057846289059
0.008984356438784945
0.009609926573211722
0.01009844715250431
0.01054863351449788
0.010900936252442959
0.011334325861388725
0.011860913173248179
0.012342765584733047
0.012820096777214445
0.013157800335873123
0.013326739274487994
0.013418808658940472
0.01339077027513674
0.013286992001027455
0.013111838406543556
0.012802732061009889
0.012366187708401982
0.011949256782714543
0.011553424147903515
0.011109415003357107
0.01065252788582843
0.010077219763455771
0.009373379266850805
0.008621133682257635
0.007794957849431555
0.006935056428103106
0.00605303934809789
0.0051103733246529275
0.004119826308373251
0.003074483617483749
0.0019706318959889376
0.0008228195842781648
-0.0003709275437086628
-0.0016747555521195124
-0.0030924796087789617
-0.004595019885505437
-0.006199657956595168
-0.007866679999011887
-0.009593866221342192
-0.011416112331432063
-0.013325390052567165
-0.014784299936423878
-0.015742642219662484
-0.0164469295088188
-0.01674266875969669
-0.016947235099653343
-0.017072079575766876
-0.016817947770012526
-0.016242559641573603
-0.01571980194616457
-0.01523759442743489
-0.014647114307780549
-0.01403377165600924
-0.013088210093774378
-0.011784963767056785
-0.010342853156313099
-0.008686959334566974
-0.007193709293484017
-0.005919379720368448
-0.0046285744984164235
-0.003431390525721012
-0.0021552314376861673
-0.000781628226010365
0.0005057559002228261
0.0017419391470092887
0.0032876632660170527
0.005149320783560139
0.007175890450417212
0.0094583571291989
0.011738923182631764
0.014000841824160665
0.01644833411431146
0.01902468196478733
0.0209153108858609
0.022060589054577882
0.02280212714967198
0.022909788704636537
0.022900494584515055
0.022789356961074463
0.022109199020629237
0.02095508423671462
0.019838527617532763
0.01873594006921675
0.017453855343705367
0.01610687935495483
0.014254003232189102
0.011859798875970018
0.009229490019271435
0.006255753044389113
0.00356796578546042
0.0012537582630919206
-0.0010671713939184929
-0.0032122381647935543
-0.0054831920985905155
-0.00790969174200731
-0.010179547191465669
-0.012353852527946694
-0.015009838762827183
-0.018155486636562353
-0.021552363033795218
-0.02534533689535716
-0.02911642797632362
-0.032838666972236134
-0.03684060375285049
-0.04102999707770435
-0.04421665262521808
-0.046316448706220245
-0.04782160584057754
-0.04839643881062673
-0.04880324484579025
-0.049063350122194115
-0.0484911181907752
-0.047226700790872655
-0.04600692840893552
-0.04479607581559304
-0.04331725972487082
-0.0417349062775512
-0.03940948498148345
-0.03628957134766458
-0.03281600061195129
-0.02883284426200279
-0.02527502226326268
-0.022271228687285687
-0.01925898560132147
-0.01650908723094556
-0.013570277236809529
-0.010398562459248747
-0.007458678254765632
-0.0046591426876775675
-0.0011473152904526319
0.003088298656090457
0.007696446437366336
0.012891103482575614
0.018054013285027648
0.02314549469965516
0.02865131443022546
0.03443511807721538
0.03909299163960558
0.04253720734611005
0.04532928179063222
0.047076577937763035
0.048702741996761
0.0502325145180573
0.050848966872664686
0.05072336061888996
0.05069049002598219
0.05070575507144251
0.05046415781873373
0.050151101899168514
0.04903093175873982
0.04704599174743519
0.04470035760904358
0.04181503568903526
0.03953001834911023
0.03799942047395911
0.03654633029812176
0.035500771621577366
0.0343065570524804
0.03291171702884032
0.03188624510524283
0.031118211224327688
0.0295843759606273
0.027273205144027344
0.024605664034106377
0.021326096528055158
0.018181319882365023
0.015220045295794606
0.011858675299620518
0.008262818808524848
0.005294209876547898
0.00297440452253936
0.0010166077473793727
-0.000346869260071088
-0.0017521997516146536
-0.003211893195198731
-0.004199973200156525
-0.004837344838334137
-0.005533771472083088
-0.006253302025308862
-0.006870750161105605
-0.007473322922882412
-0.007663449644884356
-0.007413146845867427
-0.006983373370640388
-0.00627742955497817
-0.006101781842774484
-0.006556263169625578
-0.007185089173570136
-0.00822023882713227
-0.00924925483193165
-0.010238625104044446
-0.011600282527145376
-0.013252394592155124
-0.01451492622734483
-0.015385311234582522
-0.016139672903681342
-0.016610295178576134
-0.017305029429335244
-0.018257895102857514
-0.01907859112952982
-0.019881202576214122
-0.020562836127162965
-0.02106996085115827
-0.021532299676147185
-0.021909036844318157
-0.02216584851678251
-0.022309878512536428
-0.02231884479345751
-0.022183014744931537
-0.022117633953535554
-0.022133380394825198
-0.022116757893505354
-0.02212215348465284
-0.022016492347354265
-0.021785724401225334
-0.02154011790367132
-0.021248152696464417
-0.020829125025046944
-0.020287060849215038
-0.019636600402867077
-0.018857440430195233
-0.01801957030421074
-0.017122909745823818
-0.016114404928323896
-0.015007263702447092
-0.013809755989601599
-0.01251536811561725
-0.011127829594879795
-0.009646738571122339
-0.008050539957439797
-0.006337533242050701
-0.004516641611391406
-0.0025817439220990742
-0.0009737660687361425
0.0002629710501673547
0.0013406007254553873
0.0021321785297086487
0.002890146256706054
0.003625602089611618
0.004097322362921004
0.00435183712847967
0.004709736912267087
0.005163348681791088
0.005584084076384829
0.006046472631171464
0.006291363365855715
0.006298135866167712
0.00625340372643106
0.006095290360055894
0.006111311212029571
0.006347210925172614
0.006620404341039109
0.007016056822515242
0.0074078395303580295
0.00778216799734133
0.008278101285900003
0.008870657914891987
0.00927817522055492
0.009495827404329246
0.009643767487435943
0.009651388844131376
0.009719768815257764
0.009862844527487863
0.009922098858958343
0.009942365834039605
0.00997223948829417
0.009998431735615314
0.0100296947549866
0.010075055224980051
0.010068206247925487
0.01000931676235409
0.009938416164087964
0.00984152162146158
0.009741805052643807
0.009644922148883189
0.009529751754788866
0.009403207432727332
0.009262827149524755
0.009106631222520858
0.008941744194397725
0.008767397171187642
0.008497210029722846
0.008123762056031958
0.007687181179412512
0.007163080218196189
0.006602347687125023
0.006007236781100765
0.005330404795029686
0.004581428142191388
0.0038164962788313846
0.0030336674854448673
0.002211371166375498
0.001362494489219346
0.00044029261005247686
-0.0005588409606880401
-0.0016017558609133647
-0.0026996268979371037
-0.003585834386905074
-0.004230167545964261
-0.004766005158904859
-0.005115510344405898
-0.0054244923334530746
-0.005699620999462775
-0.005797081584267785
-0.005743228384547698
-0.005742436224585521
-0.005790705348432076
-0.005803612603656865
-0.005828774553664367
-0.0057034672136679395
-0.0054142138983554544
-0.005078760876486692
-0.004658049725321092
-0.0043194692778287655
-0.0040904084306745275
-0.003862110988116489
-0.0036841985908863477
-0.0034846767509373357
-0.0032551640000075656
-0.003075734481068623
-0.0029319213128351546
-0.002655065936481708
-0.0022416512379810237
-0.0017636906639779035
-0.0011785768265861712
-0.0006053966706924175
-5.216253325975364e-05
0.0005759116511431118
0.0012525406710691557
0.0017825301936859371
0.0021570384930228717
0.0024491419159147743
0.0026053125020414777
0.0027607105758944437
0.0029188280297927347
0.002964069388848294
0.0029220097823463593
0.002898462834687536
0.00288661531981242
0.0028505915897009096
0.0028136951960459314
0.002679525048553593
0.002441064248823912
0.0021636299163252837
0.0018239520337096306
0.0015870836297220041
0.001474756251938284
0.0013911523308449611
0.0013840692516057474
0.0013717747634787684
0.0013472167350451485
0.0013937003243858197
0.0014950317370010793
0.0015071790737705973
0.0014291433738642784
0.0013201606712684192
0.0011445787038316419
0.0010088207246914985
0.0009200910784760065
0.0007961290969186655
0.0006608132139052465
0.0005781844024422878
0.0005456910688639193
0.0005504216964234964
0.0006086690065873463
0.0006640944273782133
0.0007164491282898003
0.0008083521876315077
0.0009289817671340944
0.0010623617518151153
0.001212628884713327
0.0013808493599549174
0.0015645093761570117
0.0017859583203135554
0.0020465525532711443
0.0023339025520698643
0.0026536652519276198
0.002931217770008277
0.003158689613341002
0.003375923247765804
0.003561841847457557
0.00375735497105742
0.003965475840201104
0.004147176064406426
0.004310672160066952
0.0045141547944239635
0.004757481725638675
0.005017905887983659
0.005309718910157757
0.005588496802706785
0.005851425474850367
0.006132342870774586
0.006421313039618838
0.006534909985532328
0.006457956659533562
0.006269083373551973
0.005915776458367325
0.005511119470145807
0.005058178159668546
0.004452428160318296
0.0037141900506297097
0.002962966235635393
0.0021934441021492545
0.0013588337138134518
0.00048577226343446194
-0.0005279715211448746
-0.001691108361361172
-0.002933047276710701
-0.004278964872184143
-0.005589029797714171
-0.006843791356711114
-0.008129028288881826
-0.009404379064229194
-0.010736860837836704
-0.01213353867192317
-0.013525479893364865
-0.014926576053945212
-0.01646725778024497
-0.018149846449683794
-0.01992085875597506
-0.021813369053235474
-0.023733912610576065
-0.025676824483196102
-0.027716424141376268
-0.02983241305484622
-0.03138999291231712
-0.0323328495804825
-0.03294392168163937
-0.03304107058309186
-0.03300643531195288
-0.032852310780954755
-0.032221623806667224
-0.031183534083456272
-0.03016756732823764
-0.02915770178511533
-0.02798419161428683
-0.02674419133275432
-0.025077330352718672
-0.022953534943418074
-0.02062518583116202
-0.01800440922005704
-0.015553189466842383
-0.013338430804232278
-0.011073828042273602
-0.008893722231508265
-0.006581957218505656
-0.004115604447812604
-0.0017211668385686597
0.0006456212301746252
0.003421998319048628
0.006615683504971742
0.010045262665752347
0.013821249603368982
0.017630716311916032
0.0214539080170483
0.025539060128287147
0.029817690749803054
