-0.0005223122502678622
-0.0004933013568258437
-0.0004622954120452845
-0.00042912410188158023
-0.0003955839436134438
-0.00036113900026406824
-0.0003313160994606581
-0.0003068749748598234
-0.0002848417470791649
-0.00026687053469095915
-0.00025021420715150825
-0.0002347334710822167
-0.00022332268777709903
-0.00021550520724774105
-0.00020664104946871794
-0.00019678690748079698
-0.0001879484146970254
-0.00017903981507074988
-0.00017366050151697556
-0.00017212738268533289
-0.00017181237481510788
-0.00017358624106703207
-0.00017431811175350927
-0.00017345912832556994
-0.00017315568284110455
-0.00017247678360156495
-0.0001726929593409969
-0.00017398133297812888
-0.0001748853966421145
-0.00017567010559098976
-0.00017970064625662504
-0.00018707376929136033
-0.00019634726738920836
-0.0002083847871614598
-0.0002208668406815745
-0.0002336468175882679
-0.0002486091158239572
-0.00026525264790706014
-0.00027854564614509814
-0.0002882066696950874
-0.0002962534435398239
-0.0003012974945211204
-0.0003067031805350839
-0.00031257840851718784
-0.0003159983247262409
-0.00031760403710208814
-0.00032034737538677225
-0.0003240816744253861
-0.0003277677033597497
-0.0003320730188911939
-0.00033441104850196005
-0.00033459778649505643
-0.0003344299908466472
-0.0003332922251046941
-0.0003352372936570333
-0.00034082730334076286
-0.00034768417043098775
-0.0003569931589923778
-0.000366802768923519
-0.0003769463691865458
-0.00038945860575814083
-0.00040396053961654375
-0.0004168541947891555
-0.0004281166370347943
-0.0004392520551033385
-0.00044937468662048296
-0.0004611413991074459
-0.0004747417125096123
-0.0004881308179190882
-0.0005019114613112947
-0.0005134416161701204
-0.0005222277682919295
-0.0005299403363038682
-0.0005357558073469145
-0.0005407072202147132
-0.0005448774745942271
-0.0005469871203981924
-0.0005472038712831013
-0.0005481858795548889
-0.0005499470318179273
-0.0005512719733865349
-0.0005527974783899115
-0.0005525778055007536
-0.0005504352956088258
-0.0005478373575960703
-0.0005443167623121046
-0.0005409449424045206
-0.0005379694871791922
-0.0005345297318023826
-0.0005309575916401658
-0.0005269396454697785
-0.0005224027046680328
-0.0005177971175701134
-0.0005130547770079011
-0.0005067767142515533
-0.0004989031496619138
-0.000490059865576468
-0.0004798813073618108
-0.00046928464013733327
-0.00045832871062084936
-0.00044624474261051187
-0.0004332278322589438
-0.0004223073807628068
-0.0004136933628864444
-0.0004060953267049678
-0.0004003596343395539
-0.00039454981989989126
-0.00038859665157129296
-0.00038422825954954507
-0.000381078335790519
-0.00037724230919362564
-0.0003727971845911278
-0.0003684452164548834
-0.0003637510764627703
-0.00036033744061657466
-0.0003583237412193084
-0.00035656819021658037
-0.00035545689536617067
-0.000352707251477855
-0.0003479894701189303
-0.00034267266798825887
-0.00033608663390323257
-0.00032930312553820524
-0.00032241940624504444
-0.00031430100424183606
-0.0003051566697432613
-0.0002970691806907988
-0.00029005796533140897
-0.00028324642644983103
-0.0002771497272762416
-0.000270244179607263
-0.0002624215643258045
-0.0002548619667300035
-0.00024722107810074505
-0.0002402830043106829
-0.00023425839760261833
-0.0002285336710880105
-0.00022337009735073473
-0.00021859770290180285
-0.00021418543892562128
-0.00021046385177452383
-0.00020741355789412997
-0.00020403317404410815
-0.00020029993910685934
-0.00019670040882878475
-0.0001929896682888675
-0.00018985594464273264
-0.00018736594150675021
-0.00018498280411318366
-0.00018287126011906065
-0.00018091058037436847
-0.00017903464187602294
-0.00017742477450747988
-0.0001760356152309829
-0.00017482469833618762
-0.00017380964478834625
-0.00017297168631075433
-0.00017230493254029268
-0.00017213156430410627
-0.00017247692633078648
-0.00017318437256476599
-0.00017434241074860333
-0.00017576695674003645
-0.00017744673112948133
-0.00017955142862110033
-0.00018204447554558337
-0.00018369277362878975
-0.00018439565952720234
-0.00018470950403412222
-0.00018428630681753072
-0.00018388069416597875
-0.00018352342729602847
-0.00018252433009142838
-0.00018102574813009465
-0.00017985507400138968
-0.00017898631495354614
-0.00017810388578200586
-0.0001773993046431719
-0.00017618639164552373
-0.00017441395477269648
-0.0001725719066747492
-0.00017049765313296102
-0.00016906138743641457
-0.00016839512803482135
-0.0001679659845398638
-0.00016803121497434019
-0.00016819497904529745
-0.00016841972670030456
-0.0001691336339750452
-0.00017026006512672987
-0.00017098317747269725
-0.00017129376410431827
-0.0001715388760564596
-0.0001715164235972643
-0.00017181901743227877
-0.00017248940343039001
-0.00017306719068384946
-0.0001736864405315628
-0.00017303219107284536
-0.00017091826919742641
-0.00016805548605376022
-0.00016404783625095128
-0.00015953912869156735
-0.00015456076254952332
-0.00014842533084885297
-0.00014124250944221438
-0.00013412739505458494
-0.00012706578286864252
-0.00011957087435377146
-0.00011190255340892563
-0.00010319565760944473
-9.337203983582631e-05
-8.306137976751081e-05
-7.205299432000953e-05
-6.108968006978087e-05
-5.030091328896112e-05
-3.917310781751245e-05
-2.792608193863151e-05
-1.625719297073015e-05
-4.122433152506623e-06
8.134033320361551e-06
2.0576731057630083e-05
3.4011027901134355e-05
4.846202734621798e-05
6.358676810791444e-05
7.959332945736938e-05
9.593012495404288e-05
0.00011256392683164218
0.00012994632476410694
0.00014795957246075547
0.00016534994915696713
0.0001820465016650426
0.00019855816919713655
0.0002145394904872675
0.00023082648544000818
0.0002474477922950455
0.0002636769785010014
0.0002796744137733091
0.0002961854428066045
0.00031317563117394943
0.00033038280578889307
0.00034797696339095843
0.00036531044455472147
0.0003823383542155452
0.0003995139848821426
0.0004166843884022232
0.0004348554997747406
0.00045416882010392636
0.00047403504607300477
0.0004947495885375803
0.0005158316859374835
0.0005372414060614268
0.0005594839681935948
0.0005824672227680995
0.0006052981277768414
0.0006279722012158293
0.000650865261221428
0.0006737584876471613
0.0006973132760071497
0.0007215782036766683
0.0007460465765184682
0.0007708695564445107
0.0007908547320038111
0.0008054138407556821
0.0008170841051583035
0.0008243404393646396
0.0008300368158205056
0.0008342824195368086
0.0008342507999443684
0.0008304443552148655
0.0008267773440775356
0.0008231507389177345
0.0008179313747456224
0.0008120166502633524
0.0008022453452131708
0.0007883408439958103
0.0007725560592300557
0.0007541189374254631
0.0007364034276555614
0.000719936236019947
0.0007025247517332943
0.0006851553565125195
0.0006663283987978858
0.0006458607682221442
0.000625368588603936
0.0006045381444012653
0.0005799842550517521
0.0005516248367099178
0.0005208771401533769
0.00048687545888305385
0.00045199290217529553
0.00041637409338720477
0.00037810646002724103
0.00033770201493302243
0.0002993109432382078
0.00026312217327708253
0.0002275381624131454
0.00019369088196238807
0.0001587120635710165
0.00012251227657015078
8.753376183152472e-05
5.3223743786470547e-05
1.7262516203702896e-05
-2.022244811224193e-05
-5.845097016768933e-05
-9.794669451736651e-05
-0.00013664095353523373
-0.00017439458029087533
-0.00021263814136115492
-0.00025088285498185573
-0.00029263368427693236
-0.00033836784099685956
-0.0003860646715452061
-0.00043674984000255206
-0.0004887157698682177
-0.0005418263505116113
-0.0005978545720902191
-0.0006564731061396064
-0.0007146333259716065
-0.0007723262257657772
-0.0008308270367450934
-0.0008893909693387581
-0.0009502909103151947
-0.0010136936215653508
-0.0010778649522909666
-0.0011433253330560274
-0.001198712448707414
-0.0012426744114503402
-0.0012809030294241648
-0.0013100472780093624
-0.0013362102483580056
-0.0013596446461649307
-0.0013742237752277955
-0.001381020338522533
-0.0013888378729611799
-0.0013974859812854146
-0.0014032599249716065
-0.0014081905892026037
-0.0014052455222849322
-0.0013938103346113643
-0.0013789317616970545
-0.0013588980273620095
-0.0013408582427332971
-0.0013259605295775564
-0.0013095054897056086
-0.0012935924857780355
-0.001275108119911367
-0.0012536627872790148
-0.0012326599905766835
-0.0012114503826720017
-0.0011827518187987156
-0.0011463819548639764
-0.0011054091885687788
-0.0010579711316447435
-0.001009156031378167
-0.0009592784673147287
-0.000904233542973135
-0.0008451209316526356
-0.0007913051844428399
-0.0007432394692125614
-0.0006972830056684625
-0.0006559990459233483
-0.0006129730439729076
-0.0005680053979764402
-0.0005265902424175307
-0.0004874963766547066
-0.0004454262023281962
-0.00040066545200481024
-0.0003550205840563339
-0.00030729664367125495
-0.0002621996965974554
-0.00022005290365443181
-0.0001776012529224242
-0.00013596020186591287
-8.732004511332556e-05
-3.0614168484458476e-05
2.963200985387417e-05
9.570215705551524e-05
0.00016379969180096234
0.0002336148961090147
0.0003090899227224962
0.000389493114882375
0.0004679930091280911
0.0005445615997300825
0.0006220533464461804
0.000698794600279985
0.0007798628771829987
0.0008656263359562215
0.0009521990872314495
0.0010407395744104642
0.0011163066879913198
0.001176949244320961
0.0012304947321021224
0.001272494811541192
0.0013105996249731303
0.0013451672768979783
0.0013682847558566637
0.0013812848446473722
0.001396344146601526
0.0014132711576520488
0.0014268499819920762
0.0014399142308763795
0.0014429143829225131
0.001435010497630083
0.0014231286341399815
0.0014049521135412568
0.0013892995167544533
0.0013776630279617593
0.001364094978498747
0.001351203328587047
0.001335301285199492
0.0013158956861981158
0.0012971269432239065
0.0012782249213262157
0.0012499081568303832
0.001211921736313176
0.001168214940221538
0.0011164078262479301
0.0010629294503036494
0.0010081811820328833
0.0009469514636732526
0.0008806281624538148
0.0008223382295028398
0.0007727797819272165
0.0007267429087393538
0.0006878385477090952
0.0006472119113329775
0.0006045805068569892
0.0005675990092307592
0.0005345744614003989
0.0004978996371239196
0.00045796190792013545
0.00041740864553383865
0.0003745197844204956
0.0003359896846496734
0.00030228742675085805
0.00026876702708240137
0.0002370180206837365
0.0001963328795727117
0.00014523331171736512
8.99716667420907e-05
2.7415525765431403e-05
-3.726381203193756e-05
-0.00010363332437228085
-0.0001770798645904782
-0.0002566032672364702
-0.00033275062608267305
-0.00040547087368789965
-0.00047871739766926696
-0.000550168227135938
-0.0006268226073447859
-0.0007091841913503558
-0.000791879677043956
-0.0008765013577187789
-0.0009476724695759615
-0.001003233088595208
-0.001051525460038271
-0.0010879328307900917
-0.0011200027581577913
-0.0011481216440737002
-0.0011642656785836726
-0.0011697358325087656
-0.0011775728454075315
-0.0011876262132393786
-0.0011942296029324156
-0.0012004347755423667
-0.0011961519210157282
-0.0011804853364625616
-0.0011608067524657587
-0.001134671917342184
-0.0011106675145698313
-0.0010903116505172363
-0.0010676717486612225
-0.0010453011367669114
-0.001019742530241866
-0.0009905006612228294
-0.0009615533430670113
-0.0009321744214295876
-0.0008930504955029764
-0.0008439027041527316
-0.000788722176583836
-0.000725112677101234
-0.0006594704900664242
-0.0005921949660755913
-0.000518072688891012
-0.0004384802332835654
-0.00036766555697311144
-0.0003064351088630579
-0.00024904150463992124
-0.00019941633116713533
-0.00014805581739771648
-9.464764195102317e-05
-4.746018032268073e-05
-4.679189526593418e-06
4.210783498817142e-05
9.249466818859492e-05
0.00014351524155801395
0.00019707771325371017
0.0002458367807205062
0.0002892732996289904
0.0003325036878397886
0.0003737841894232817
0.0004245473033543564
0.00048638775136545533
0.0005525951933128649
0.0006265177410064173
0.0007026676332872589
0.0007805790723728816
0.0008659901993371942
0.0009578393941505316
0.001045967347421632
0.00113031234225074
0.0012151310705964193
0.0012979255680766303
0.0013862019064685674
0.0014805001907439038
0.001575050165157592
0.0016715582421546259
0.0017556567523110084
0.0018252449629428194
0.001888274656896589
0.0019404111869981598
0.001988530279410897
0.002033003183978985
0.0020663979840105195
0.0020898923031322054
0.002115951814022439
0.0021444619395982515
0.002169964772957193
0.002195386903461817
0.002211156644549199
0.0022164204002619874
0.002218200993396132
0.002214181971360336
0.0022121281344547965
0.0022134498655693043
0.002212703326871305
0.0022122058615075516
0.002208907263776741
0.002202351828222417
0.002196106534631864
0.00218952893085236
0.002174041359668478
0.0021493749135783366
0.0021192219768658756
0.002081371640073107
0.002041685758917336
0.002000530961705555
0.0019531148378564627
0.0019006971262418967
