0.002451770709153496
0.002516494396641129
0.0025831517003423537
0.0026518759938899735
0.0027212800590727367
0.002791779995878085
0.002841207655670873
0.0028671352474018683
0.0028802287618159375
0.0028739971715500117
0.002860805033974209
0.002841105647388519
0.0028027630032239795
0.0027479590366323325
0.0026931105428897855
0.0026377656007431946
0.002575119462470899
0.002508923105176963
0.0024258283630562527
0.002324669473229863
0.002214922169937985
0.0020933221736700795
0.0019745414251331667
0.0018608349519617317
0.0017427359178481482
0.0016245247804575784
0.0014996089174079323
0.00136719708146507
0.0012343431974332362
0.0010996681805999745
0.00094858733614743
0.0007807567915206461
0.0006022636420962343
0.00040938044102542255
0.00021235639382741325
1.1813625834831454e-05
-0.0002004977740043264
-0.00042236631038561313
-0.000636514792851456
-0.0008421909904105232
-0.0010459909337595522
-0.001243212491317209
-0.0014458702595323812
-0.0016543362748587646
-0.0018584193542880488
-0.0020604393133921033
-0.002269958670144121
-0.0024864408635028794
-0.0027066999211680506
-0.0029328931372636104
-0.003156461042601012
-0.0033768338770778198
-0.0035999243814029665
-0.003823712499169712
-0.0040629158535678955
-0.004319530953488692
-0.004585099313667616
-0.004863927800152272
-0.005148830111551043
-0.00543924014192609
-0.005742612679382616
-0.0060575728542184805
-0.006371366173941803
-0.006683962448458866
-0.0070006964919000604
-0.007318456323989861
-0.0076467667536988596
-0.007986329601445213
-0.008329888249999355
-0.008679626836347638
-0.008986822953531122
-0.009245702311324861
-0.009480640349659125
-0.009677275164763226
-0.009861824081783271
-0.01003537205360001
-0.010171633890846651
-0.010275222287700909
-0.010383826500864458
-0.010496627436835845
-0.01059778042192446
-0.010695980278772756
-0.01076110747376074
-0.010790534862777037
-0.010805875970480798
-0.010799801504291334
-0.010803029143120715
-0.010820487399543966
-0.01083200605858179
-0.010846606256247374
-0.010850900362644024
-0.010843219638343544
-0.01083819582314908
-0.01083303983760388
-0.010796501093614814
-0.010727803103480303
-0.01064011501106479
-0.010525448033815112
-0.010405650096864302
-0.010282075100381276
-0.010137106861676121
-0.009975470296926974
-0.009837208902608112
-0.00972425598353743
-0.009621061843916054
-0.009538587533187575
-0.009449392950952509
-0.009352628676356408
-0.009271795406330953
-0.009201628450456951
-0.00911950395303859
-0.009026648985514998
-0.00893077632779852
-0.00882678621271404
-0.00873479136766785
-0.008656175156261537
-0.008577034607056241
-0.008502139410037477
-0.008398072540535295
-0.008260275224074106
-0.008108111219275304
-0.007931811710215352
-0.007747631633613197
-0.00755689904564737
-0.007342745426362501
-0.007108305878515947
-0.006882807719896803
-0.006666372913561736
-0.006446794799760556
-0.006231235847402082
-0.005997975841300117
-0.005745442847945486
-0.005490264076426348
-0.005227486304638832
-0.004989189840986409
-0.004780447311157844
-0.004582657740659864
-0.004405577820085464
-0.004234699554477227
-0.004069105565236267
-0.003925037140207412
-0.003800018708365883
-0.0036647840872940786
-0.0035194262711625637
-0.0033769107170879315
-0.0032302950853419824
-0.00310163466378692
-0.002992884331757648
-0.002887657948410904
-0.002791256148734796
-0.002687752356766166
-0.0025740201074674375
-0.0024616115996020154
-0.002345705467441044
-0.0022320905047850973
-0.002121712070835896
-0.0020074051934698403
-0.001890374877276117
-0.001789005691712243
-0.0017039092666883329
-0.0016270371707118852
-0.001563126430020508
-0.0014997191884885872
-0.0014360034778171157
-0.001382187252605174
-0.0013355786824238065
-0.0012638470340642165
-0.0011649576014754752
-0.0010522342549888434
-0.000916687773309916
-0.0007794452322287563
-0.0006412013096523557
-0.0004833227224665332
-0.0003098053307595379
-0.00014023364495244732
2.629656912356561e-05
0.00019686965753724055
0.00036704866099763323
0.0005537963392647414
0.0007583585720850958
0.0009689118204991948
0.0011895075836617607
0.0013949561394765663
0.0015817134001559236
0.0017647451010682582
0.0019366850990688695
0.0021095520246241194
0.0022844202028205174
0.0024487126606400076
0.0026047827668109085
0.0027753207817619668
0.0029605230684948075
0.0031509022437247024
0.00335207196474714
0.0035473856932952187
0.003735677218309452
0.003929832141314203
0.004126096623314782
0.004290801919205372
0.0044219053160656635
0.004532454990450988
0.004613004297058134
0.00468587041850426
0.004751531882833574
0.004790237418617663
0.0048060575959680855
0.00481835924862197
0.004825934544358778
0.004821688701014916
0.0048098267788066855
0.004772918151081725
0.004709519624848172
0.004631350827845764
0.004534095016734792
0.004445420442448803
0.004368936785935433
0.004288165969235195
0.0042110394873928975
0.004123818163127638
0.004025151460871981
0.0039288650392621735
0.0038321195144638384
0.003710100409286182
0.0035624533660969814
0.0033992282113647775
0.0032141603716872177
0.003025242720323427
0.0028335594396406046
0.00262490296032576
0.002403192287340369
0.0021868202301607628
0.0019759764300148618
0.001764740082038953
0.0015579536957258794
0.0013414884784953929
0.001114998519334974
0.0008898129067977538
0.0006631567794351485
0.0004267120412399375
0.00018120446797400706
-7.111578131766745e-05
-0.0003320659888182295
-0.000593506241895491
-0.0008549700580560872
-0.0011218824496195615
-0.0013923342040100958
-0.00168435020173587
-0.0020001984186253743
-0.002329951750053661
-0.0026788542846105387
-0.003037734751678528
-0.00340595745241136
-0.0037928180444310126
-0.004196577311456264
-0.004602422556762114
-0.005010417533401356
-0.005426689116059606
-0.005847665860454351
-0.006284633268945694
-0.006738439026127136
-0.0072006084732758316
-0.007673756717352921
-0.008088581757279473
-0.008437101573368706
-0.008753658144186516
-0.009017898698907593
-0.009267585748156495
-0.009504272223722927
-0.009690433071288904
-0.00983275651510678
-0.009984194829508151
-0.010143549807949877
-0.010288718553847108
-0.01043191584556255
-0.010530684004850865
-0.010581359106662426
-0.01061438526668574
-0.01061944899166964
-0.01064079281665178
-0.010685466767537684
-0.010724622792688532
-0.010771258407436419
-0.01080598726413298
-0.010826452440187003
-0.010853801145801763
-0.010884021316179479
-0.010872471946513976
-0.010818098211710281
-0.010739719776880888
-0.01062595530904058
-0.010508125633939205
-0.010388198326124521
-0.010241002915947078
-0.010073340065621808
-0.00994071993850793
-0.009845759185841086
-0.009767099637754777
-0.00971993172989093
-0.009666069387227865
-0.00960437003766637
-0.009567491313459067
-0.009548121643574185
-0.009515218954807498
-0.009470533606740654
-0.009424610217123703
-0.009370481503829594
-0.009335896413230462
-0.009322778279481515
-0.009312021105650459
-0.009310224841020773
-0.009270798282464967
-0.009187434640017868
-0.009087112433492322
-0.008956235428078153
-0.008817560603335437
-0.008672959701628269
-0.008498903847185046
-0.00829980195682715
-0.008116337399634698
-0.007948693036901404
-0.007779926421500405
-0.007620022008164294
-0.007438761724958811
-0.007233981710893541
-0.007028845002573301
-0.006816477686629673
-0.0066319035437067825
-0.006481210351598427
-0.006343038536804641
-0.006228177802937971
-0.006121977333953669
-0.006023366472442497
-0.0059496334172367375
-0.005898330361213288
-0.005835666366647901
-0.005761571376770701
-0.005691275727584169
-0.00561670823134657
-0.005562886400593716
-0.0055320545330142905
-0.005505442423609123
-0.00548905005126338
-0.005467360428372436
-0.005437032130293245
-0.005409942614947367
-0.0053813285533185215
-0.00535622895676353
-0.005335626532124612
-0.005312778426045731
-0.005288746572208366
-0.005282659887230706
-0.005295245241418977
-0.005318009419050325
-0.005355911772811507
-0.005396207483549947
-0.005438062279913627
-0.005492030811473025
-0.005555373879807443
-0.005590420556450424
-0.005594655749213943
-0.0055838898468133155
-0.005547614227927691
-0.005510125453227845
-0.005472253832496208
-0.005412411682633368
-0.0053351880124655636
-0.005263876168901536
-0.005197468800404414
-0.005127434856228738
-0.0050590720597147336
-0.004972379396999625
-0.004865878293765238
-0.0047535713737181665
-0.004630685370371266
-0.004525988835001715
-0.004443583624236246
-0.00436627080534174
-0.004302476271922993
-0.004238585107276377
-0.004173361808608608
-0.004121128396400838
-0.004079219811795053
-0.00402151516307559
-0.003947769682584857
-0.0038689337569172448
-0.003778539273546645
-0.0036957034837327846
-0.003621768078960484
-0.0035419148101896347
-0.003460452980085864
-0.003364491062884187
-0.0032510615623559664
-0.00312927338936563
-0.0029949507968572864
-0.0028519524981393436
-0.0027007147990545967
-0.0025353976060522644
-0.002356539822047897
-0.0021788646089275668
-0.002002575346596467
-0.001820666396845137
-0.001636690756121929
-0.001440211535879936
-0.00123022346727477
-0.0010147100689956929
-0.0007911531921843198
-0.000563101793983398
-0.000331680004668001
-9.329105837346062e-05
0.00015091365383300802
0.00040134802474014124
0.0006583560102031864
0.0009207263493935386
0.0011885937650746026
0.0014680220179282345
0.001759387874845555
0.0020599049357990008
0.002371209784865402
0.002689590125527232
0.003014832333528125
0.0033502166592667307
0.0036949920166589887
0.004031550101325827
0.004358561150978786
0.004683819608355635
0.005002391534616803
0.005325282311003121
0.005652937756861057
0.005975434447190136
0.006294867853475715
0.0066227854198281765
0.006958805508955002
0.007298609988975677
0.007644874896533818
0.007987960062436895
0.008327169633678775
0.008669382901134923
0.009012327853316396
0.009368811772559939
0.009740756379843885
0.010120420966550626
0.010511595736191473
0.01090840611566313
0.011310324412579816
0.011723690047352055
0.012147379734431803
0.012569562911770889
0.012990136621333753
0.013414141249177215
0.013838663960065943
0.014272360322773014
0.014715870260787484
0.015162515557920737
0.015614269719138874
0.016013107364260426
0.016352336034223623
0.016660508885686647
0.01692054900811991
0.017164106360059744
0.017392407222821416
0.01757394669516001
0.017714281044976857
0.017857541070737115
0.018002650010619552
0.018131121757918367
0.018253084065462194
0.018332998637580162
0.018367744419638964
0.018382682399990503
0.01836913200097576
0.018364526677019488
0.0183747448489491
0.01837537054693889
0.01837735284610334
0.01836412361986809
0.018333638084814047
0.018303794053165682
0.01827111996411336
0.01819788370884054
0.018083152009687617
0.017942733656240207
0.01776697115933061
0.017582274932763257
0.01739025061178789
0.017169588258670175
0.016925980250314065
0.01670668716548369
0.016513911560642077
0.016329361931273184
0.01616594126553447
0.01599109837418709
0.01580380795881649
0.01563183908099737
0.015468920556243007
0.015288465725544726
0.01509190991719739
0.01488823701296411
0.014671438059663635
0.014465156551668657
0.014270987164084339
0.014072557423243941
0.013875452736295
0.01363994411432872
0.013360604756961133
0.013060371436367903
0.012727613579424264
0.01238165108283534
0.012024028804399699
0.011634662456456581
0.011217254589009898
0.010806426159197979
0.010402285132197172
0.009990339831828721
0.00957904983176247
0.009142617938074197
0.00867915022039542
0.00820833491460553
0.0077242653437303
0.00729458997381556
0.006928343253930161
0.006589582136270116
0.006298479207979651
0.006020844238448562
0.0057549881662568615
0.005536532787090235
0.005359510909378703
0.005167945913534499
0.004962595360337691
0.00476750514714293
0.004569593303408386
0.004412479551761337
0.004299978039340065
0.0042003032527584555
0.004124002625938059
0.004031889534554089
0.003917198121538116
0.003806519758280525
0.003688216851474091
0.0035784068980384475
0.0034792655029472585
0.0033724600772034254
0.003261333861625334
0.003187490633288818
0.003152072961852783
0.003137279533579772
0.003153763122059031
0.0031727291804002503
0.0031923445698246416
0.003235927690363007
0.0032972396188817366
