0.0002520860410563003
0.0002731652920903194
0.0002942116862326624
0.0003151110668083036
0.0003372651084013251
0.0003602798045912936
0.0003786568602529505
0.00039199386135958
0.0004025869645345546
0.00040888131596087556
0.00041437005408303504
0.0004191520498846172
0.0004200690477613182
0.0004177614774886682
0.00041567634434577463
0.00041365162572239356
0.0004103814131416387
0.0004066360370452629
0.0003994372208475254
0.00038854368311960774
0.0003760121292535213
0.0003611159757201546
0.0003481404815250465
0.00033767863132444455
0.0003271427633754697
0.0003177743256777728
0.0003075113713498134
0.0002961505288587562
0.00028581846922944595
0.00027609634954016285
0.0002630580205641476
0.0002466481548156836
0.000228484888919285
0.00020758174894261854
0.00018678045812618057
0.00016626262388104004
0.00014379215590867297
0.00011999486133793512
9.447767373547755e-05
6.69376567939196e-05
3.799201983982259e-05
7.44995809068497e-06
-2.5019735312811615e-05
-5.940063681131935e-05
-9.572543304448038e-05
-0.00013408988014144678
-0.00017342479742885088
-0.000213683166242345
-0.0002554754187521861
-0.00029854181923725577
-0.00034354472138709084
-0.000390573373485702
-0.0004390989760463321
-0.0004892919984782808
-0.0005417058542406259
-0.0005963503840011185
-0.0006531037124800499
-0.0007121221117120059
-0.0007729982949362653
-0.0008357457045772164
-0.0009007176059913558
-0.0009678508766649979
-0.0010370296615632728
-0.0011083058271626988
-0.0011817136670636739
-0.001257250864063282
-0.0013351161992820827
-0.0014153408252709232
-0.001497843696250787
-0.0015826899357002451
-0.0016406261940612272
-0.0016686572032633983
-0.0016805247144148054
-0.0016677254299189918
-0.0016470118549076207
-0.0016189786525367112
-0.0015674704199650042
-0.0014954752829825881
-0.0014240339982412996
-0.0013525085091822344
-0.0012723140733901695
-0.0011882474860514455
-0.001083040263260211
-0.000955211312672312
-0.0008169764108542706
-0.0006641210076334661
-0.0005166023796973924
-0.000377432333276269
-0.0002339160040746356
-9.187326841397801e-05
5.778050154892158e-05
0.00021608648762131254
0.00037338265849597103
0.000531550969381174
0.0007100932710878562
0.0009094256790551156
0.0011214166724294557
0.001351028016854712
0.0015844620520129493
0.0018208647580502503
0.0020712783498799993
0.0023327070928521924
0.002534149425559958
0.0026696491416104886
0.002770367695653899
0.0028160451028601207
0.002850121794562209
0.0028739883601016946
0.0028475036587449045
0.0027785923095697655
0.0027143306842129906
0.0026528790215348225
0.0025758928509211285
0.002494015211509359
0.0023675052177393333
0.0021931077851580247
0.0019986130071919833
0.0017743577832450197
0.0015728372074839956
0.0014015954229629468
0.0012283724224781876
0.001068443038961781
0.000897118763926353
0.0007118606173981195
0.0005385037882053237
0.00037203117119600896
0.00016325068051288496
-8.8626459040451e-05
-0.0003631751011688572
-0.0006727834689634561
-0.0009820828347898243
-0.0012888002763863221
-0.0016208711244726545
-0.0019705150857434466
-0.002241553293909917
-0.0024273864402693146
-0.0025675955278475003
-0.002635132174031735
-0.002691983980988355
-0.002739913061658649
-0.002723431544460069
-0.0026539908600483764
-0.002590675022027763
-0.0025306004094990705
-0.002451745919964798
-0.0023673140080751704
-0.002225937792351131
-0.002023545047848185
-0.0017955666973551486
-0.0015295139842972116
-0.0013012775550669863
-0.0011213055899462693
-0.000944101426817953
-0.0007916716784737844
-0.0006273798882169722
-0.00044771419989291693
-0.0002904536429814122
-0.00014821109624513047
4.7957174844689225e-05
0.0002989164033829376
0.0005762164879542119
0.0008971172463270523
0.0012115048345285554
0.0015161176524098468
0.001850224773828232
0.0022027332459877316
0.00246880536653832
0.002642197545069447
0.0027641675873976666
0.0028054593597664434
0.0028357199092412127
0.002856727694574136
0.002807199564782014
0.002700048477230813
0.002596454197351804
0.0024929561915639675
0.0023674095253651594
0.0022333304570506815
0.002036340756103022
0.0017721759054417593
0.0014779069272592175
0.0011402732549007013
0.0008454742461173749
0.000605030572000821
0.0003679416353463762
0.00015911771489565492
-6.375879307917866e-05
-0.00030462427215805263
-0.0005203060951844219
-0.0007193396647642877
-0.0009787032073443863
-0.00129924921522122
-0.0016494035065960032
-0.0020484054541905937
-0.002440017609090077
-0.002820599438695802
-0.0032340981554065187
-0.0036680581632914685
-0.003999639348924497
-0.004221263835017263
-0.0043816361939101696
-0.004446389214254187
-0.004496607117872683
-0.004534359786773655
-0.004487987201438926
-0.004372476131264831
-0.004260274410660981
-0.004147364359249167
-0.0040072962810425725
-0.0038560843215187626
-0.0036295612100728475
-0.0033226453286931143
-0.0029791225392789412
-0.0025833241965647347
-0.002235763298781189
-0.0019499079414258137
-0.0016661118634879709
-0.0014134136873675228
-0.0011425426334485472
-0.0008488635854206485
-0.0005826560029217579
-0.0003339553911648319
-1.267782772239582e-05
0.00038223022888131516
0.000813831087384666
0.001304671683208204
0.0017890532571657764
0.002262751343099224
0.0027771909802343534
0.003317849262995363
0.0037466999886123613
0.004055495528206446
0.0042986222267046735
0.004437557354700845
0.0045639603747506235
0.0046801839314178275
0.0047055598421619285
0.0046570866122215004
0.004615508706739669
0.004576293885643006
0.004510196321797833
0.004435070578717987
0.00427922399692879
0.004037041367149841
0.0037574355247171117
0.0034229332427075368
0.0031472317680814907
0.00294554183611927
0.002750617507963104
0.0025953273197639247
0.0024238760580244426
0.002231088025555399
0.002073917461130156
0.0019411231403755934
0.0017311842711223162
0.0014429909172057808
0.0011182068730122906
0.000731470039831511
0.0003569729499313495
-4.6704381961456705e-07
-0.00039880163897559266
-0.0008215865804106599
-0.001160198875147203
-0.0014101265928295054
-0.0016106279414615818
-0.0017319197628849188
-0.0018503759450304365
-0.0019676850695368175
-0.0020188618017975856
-0.002018250987499353
-0.0020231072053230725
-0.0020293390810024172
-0.0020177322783884676
-0.002000708845342283
-0.001925157938739511
-0.0017871151353622463
-0.0016221051110418031
-0.0014171847515931674
-0.0012683504279090495
-0.0011878919759313509
-0.001120430564804517
-0.0010936294669027765
-0.001059237450428737
-0.0010130837540032935
-0.0010037821964552684
-0.0010216846300159133
-0.0009837288551721298
-0.0008893182659220171
-0.0007723221791331793
-0.0006121242308909695
-0.00047013028299681394
-0.0003503836135323696
-0.00020532138411042726
-4.864434287896299e-05
7.170760446486764e-05
0.00015615252695874357
0.0002173992678609435
0.00024290573953565328
0.0002716198414937636
0.00030398442666833904
0.0003093579530362698
0.0002951961332772483
0.00027879850391458006
0.00025761617521213626
0.00022784446612591233
0.00019283759583691197
0.00013321216951098317
4.770068933891653e-05
-5.182322023089311e-05
-0.00017014759667871547
-0.0002563153946246322
-0.00030453726316583235
-0.00034265938559764516
-0.0003561609547926026
-0.0003721551640253666
-0.0003927022192665273
-0.00039140151549846985
-0.0003736542783559276
-0.00038054090087683175
-0.00041205353022725534
-0.0004518275375679804
-0.0005099551877681746
-0.0005553407063647514
-0.0005859448180213421
-0.0006255092071413224
-0.000667049133811024
-0.0006951626475234844
-0.0007108521005047756
-0.0007163051473532198
-0.00070767346905264
-0.0006994345940198901
-0.0006915441530070787
-0.0006733421665253184
-0.0006475934140783198
-0.0006168029157942884
-0.0005798106870066082
-0.0005370931303427163
-0.0004888681331819913
-0.0004303583762745532
-0.000361276775103651
-0.0002839548091124718
-0.00019713758719154501
-0.00012099560163553354
-5.7530648399277466e-05
3.8420393119894325e-06
5.746543009012369e-05
0.00011465751548814433
0.0001762363180006941
0.0002315740637771321
0.0002829605028237969
0.0003457708708305114
0.0004199477199223985
0.0004995759651976809
0.0005884356960560944
0.0006747231258179583
0.0007577159662424798
0.0008463999210659209
0.0009381481005433425
0.0010084084688665698
0.0010556450268358925
0.0010894650622350328
0.001102967972691529
0.001112384659073197
0.0011180766010959289
0.0011056516806610128
0.0010780738202045557
0.001049813413008905
0.0010200265913391472
0.0009833760115391967
0.0009430297002593693
0.0008860886473965972
0.0008114947692198841
0.0007279820073642468
0.0006323704196196236
0.000545376819792875
0.00046972324940897634
0.0003931296172795218
0.00032155405162643326
0.0002447312851613166
0.00016168057302897148
8.277749465458477e-05
5.92292285010817e-06
-8.741531529229801e-05
-0.00019747428681466845
-0.0003167118285912159
-0.0004497860195056044
-0.0005832088355768102
-0.0007161421430633908
-0.0008591864776072564
-0.0010093826585016764
-0.0011270342581094187
-0.0012093049376276025
-0.0012727067177690475
-0.0013060412310894943
-0.001334673659344823
-0.0013593331177070521
-0.0013571845245519902
-0.0013328990489219414
-0.0013112437966302153
-0.0012910551270773909
-0.0012630127793600615
-0.0012326616211720575
-0.0011785860681692872
-0.0010990741481930154
-0.00100893142458139
-0.0009029484127279031
-0.0008123190120066066
-0.0007413606114375362
-0.0006713124397605008
-0.00061122336854315
-0.0005460786567178654
-0.0004744254714485453
-0.00041177138284454004
-0.00035508508867909574
-0.0002759050206324653
-0.00017385942965056144
-6.070101348721847e-05
7.070213709097433e-05
0.00019969365162349727
0.0003249326039302582
0.00046262453092845113
0.0006082018114388082
0.0007257829903509445
0.0008135574570150698
0.0008851132672598759
0.0009305331017581038
0.0009743433198204419
0.0010171436423866435
0.0010377327635764768
0.0010406996627482122
0.0010460091049779886
0.0010524089687185207
0.0010529351138401561
0.0010519724954681897
0.0010314451840893817
0.0009899808032640893
0.0009398157677102493
0.0008765540325546947
0.0008307002696169828
0.0008062592265699247
0.0007854224544031715
0.0007770024666637969
0.0007658705112960184
0.0007506801864445139
0.0007467981580729622
0.0007511964421626007
0.0007370739986330555
0.0007041972306005944
0.0006635465902326282
0.0006084557944140808
0.0005586396425097491
0.0005153972636255814
0.0004634114807362337
0.0004070746034447548
0.00035906853699144175
0.0003189634133509248
0.0002839317190576498
0.00025719955296818394
0.00022778956806101205
0.00019559824304788892
0.00016895728824194362
0.00014573192786411715
0.00012232425284804016
9.948063642435576e-05
7.759925549512565e-05
5.603851578468851e-05
3.9394392662486404e-05
2.792014993879426e-05
1.89314893192564e-05
1.3557296467958665e-05
-2.648543067715339e-06
-3.127107609809957e-05
-6.460063849992196e-05
-0.0001067512750160068
-0.0001499180543288056
-0.0001935525149920797
-0.00024520700065416476
-0.0003033442052414981
-0.0003566592484825665
-0.00040520670715099897
-0.0004534756387222124
-0.0004987148387083977
-0.0005495942885942613
-0.0006067000478799925
-0.0006634834745362319
-0.0007219121715697848
-0.0007676117583415208
-0.0007984133702585624
-0.0008224690201100284
-0.0008354359435281296
-0.0008440102571125237
-0.0008485931712917444
-0.0008418428459574449
-0.0008249124678003764
-0.0008105017713767862
-0.0007985330006293627
-0.0007834292317496844
-0.0007681903891215552
-0.0007431576611692471
-0.0007074785909164736
-0.0006682905057260244
-0.0006232683030694679
-0.000579559051743784
-0.000538536815156216
-0.0004950529115179233
-0.00045126053360328085
-0.0004045095464268855
-0.0003543729940974884
-0.0003040783625986309
-0.00025306941509682445
-0.0001931888649592305
-0.0001241662600323038
-4.95535065708069e-05
3.2753666627344115e-05
0.00011722188097958698
0.00020349700772022403
0.00029611635650230177
0.00039388836924014774
0.0004718006934552538
0.0005278566793426933
0.0005729594731584326
0.0006000159311296595
0.0006245117710941351
0.0006469645606885209
0.0006532068214709625
0.0006460965642498954
0.0006419800035884484
0.0006402161923021398
0.0006345309779627347
0.0006286334299525074
0.0006086984021388567
0.0005736273956858815
0.0005331104807339769
0.00048380796954523907
0.0004442239352684165
0.00041702811066137184
0.0003909192015456762
0.0003712977087246673
0.0003494788897790023
0.0003245990291233923
0.0003057868453060261
0.00029129967397871227
0.00026391407930738105
0.00022338635233343923
0.00017690017336261353
0.00012014058244273301
6.555062030966202e-05
1.3955606706684716e-05
-4.441693736705289e-05
-0.00010680748667813468
