0.005124546089353822
0.0029431849633167534
0.0008147713150469069
-0.0012049477464740038
-0.004152642436840491
-0.007782991064109008
-0.009543041268651206
-0.009318564517933317
-0.008158247944742581
-0.005376897146666009
-0.0027331541497607483
-0.0003063987492584989
0.0033806837713352207
0.007972688560236299
0.010326476424338977
0.010326903389693297
0.009230452300313285
0.006202045171636595
0.0034618701892761864
0.0011096247412217
-0.0026896172451535963
-0.007482994887836146
-0.010062163450825565
-0.010349144439544699
-0.00956619745580194
-0.006873130070624216
-0.004623274575538995
-0.002919218081552201
0.00013988863786318362
0.0040691791601929345
0.006437080133957123
0.007245687520319302
0.0073264218790377875
0.006061125239706523
0.005370071974045289
0.005331868533359058
0.004461315596468181
0.0031610249877644103
0.0021561405304782746
0.0013375929737149115
0.0006316450401242429
0.00019059480577517644
-0.0008032140092395379
-0.0023728012289516735
-0.003993086018851505
-0.005845689363268411
-0.006759428777396459
-0.006570987258888136
-0.005965429138727559
-0.004599686185929341
-0.003017570652899171
-0.0012642040567533393
0.001240070328404108
0.004392296940928329
0.006094622676389544
0.006233048038242755
0.005743682849458903
0.00406418693057057
0.0025692126025463106
0.0013370889392765979
-0.000805713993367728
-0.0035752697986320813
-0.005076700520713746
-0.005278879267930852
-0.004893889258665757
-0.003432253543415588
-0.002302628208413313
-0.0015693186286514986
-0.00011000741550523506
0.0017812080511038922
0.002760358598405262
0.0028334902621756485
0.0024390244803246617
0.0012347085899722947
0.00029562890403007143
-0.00033939377173227293
-0.001500386411134791
-0.0029645729637182328
-0.0034886335319787823
-0.0030487670513817348
-0.0020813913095476767
-0.0002585612261114046
0.0014789191621314233
0.003099826302657354
0.0053609694062185876
0.00807340861709007
0.009287111125018599
0.008904625406326215
0.007722405530238286
0.00521071730726256
0.0027040742896352666
0.00025682516817998114
-0.0032651395649004548
-0.007597281209274898
-0.0099441545925417
-0.010183029933102031
-0.009467967841926814
-0.007050811311608535
-0.004863108612602617
-0.0029953183984888117
0.00016927060184959925
0.0042376385680295775
0.006628760810763793
0.0073025235048824275
0.007227291480165666
0.005737197675725877
0.004766347544858337
0.004404064580857451
0.0031156297720793215
0.0013063583420410351
-0.00017884582844647636
-0.0014485920191093648
-0.002634461367257306
-0.00355610216534311
-0.005113156174258712
-0.0073372998570987525
-0.00964118269992752
-0.012226679103557677
-0.01318965101931806
-0.012285805331243878
-0.010558757362348358
-0.007451326775785276
-0.003914871841512401
-1.1281261025095421e-05
0.005238496524479816
0.011658489945461628
0.015373554413531268
0.01615646073431554
0.015743721932730662
0.013088498437574803
0.010710651773386651
0.008749556087795818
0.005035233110622181
8.307314117600201e-05
-0.0031237826343086367
-0.0045871095602406904
-0.0053922426648273705
-0.004790728172223187
-0.005097662344103542
-0.006429247282945789
-0.007002778428859245
-0.00731653386729177
-0.007115934552695267
-0.0061638376661708625
-0.004918757326510547
-0.0032440901832813764
-0.0008234298321410107
0.0023358887329667276
0.006221659718771811
0.01092355363476486
0.013237676004110016
0.012881623247212332
0.011452052802655268
0.008056925042149204
0.004563079819712795
0.0010891618574922594
-0.004083036563085981
-0.01057965191777414
-0.014022333581263154
-0.014224088854699767
-0.013024179654073754
-0.009258919886607042
-0.005926382452445889
-0.0031792192202149505
0.0014873410915446292
0.007455920273393761
0.010735779065130473
0.011260189663206532
0.010513684291267252
0.007462269586247499
0.005085650342364927
0.003514502812553311
0.0003731765693468392
-0.0037193836949162146
-0.006125100826767151
-0.006880347206840786
-0.006821610294712135
-0.005286662086468688
-0.004438152401935283
-0.004357500341034777
-0.0034030903715077487
-0.0020290544634850908
-0.0011129107932032526
-0.0005468756744778862
-0.00022329627062316876
-0.0003368596916396648
5.873743258462981e-05
0.0009850430617570425
0.001813038781969079
0.002746973573236571
0.0033631440331459376
0.0035588311159551775
0.0036806572361022406
0.003596163606049359
0.0033861272580274857
0.0030759011877950033
0.0025061811905813915
0.001691613356090622
0.0010378588667969359
0.0005514700829674621
4.1909739554826824e-05
-0.00039214022758904654
-0.0010290537820713567
-0.0018943919613544692
-0.0027710588489684783
-0.003724896801040856
-0.0041675704896745455
-0.004016303044671843
-0.0035954482326392774
-0.0027290440670092635
-0.0017072902103001761
-0.0005469502751445907
0.0010581641799928842
0.0030566336834893055
0.004152986320706229
0.004269737841704623
0.003993625564104628
0.0029748012289556726
0.002052570727281779
0.0012749487394334259
-8.13323061315226e-05
-0.0018438052040811066
-0.002787504985980373
-0.0028888186137721863
-0.0026162365201242836
-0.0016526892382499009
-0.0009004379590062115
-0.0004019542609628639
0.0005646181764951112
0.0018106466881295839
0.0025533444085749147
0.0028052514491361553
0.0028105903356368317
0.002373218157735246
0.002137452650814064
0.0021268863917745166
0.0018533670430954388
0.001451964214640729
0.0008658342423032395
3.02043749074213e-05
-0.0009384877900546685
-0.002074944009552041
-0.0034791361354935997
-0.005151437368023461
-0.0070804409163229285
-0.009294847436939847
-0.01007581445854204
-0.009259602779301613
-0.007680792831046189
-0.004850683585140766
-0.001761943349098331
0.0015352090788857899
0.005975354351864935
0.011369851928132526
0.014175436216241693
0.01417986554483835
0.012946024663509586
0.009510337485922749
0.006184618077144915
0.0030862596788641377
-0.0017841196660349887
-0.007960682528662017
-0.0113020217095449
-0.01167207084004272
-0.010734192572592689
-0.0073979278159363405
-0.004604718729452879
-0.0024961133279841627
0.0013378820067530875
0.006288996160402596
0.008915838141565378
0.00918732278616222
0.008330367339164708
0.005459430373400586
0.003210019185895135
0.0016913662143959384
-0.0011715543940159132
-0.004830883960506342
-0.0066808076582627884
-0.006718151819837103
-0.005807170927263485
-0.0032782678042418763
-0.0011925658500802833
0.00037719291738812623
0.0030370633774388788
0.006363043122228968
0.007819365257953986
0.007350727360369031
0.0058708306532701615
0.0027107991758155655
-0.00022959646205117866
-0.002882327666909603
-0.006780008913999595
-0.011539030957445389
-0.01376290703215595
-0.01331037658469173
-0.011534065912764197
-0.0075214770266273075
-0.003655456990054078
-3.408023876886937e-05
0.005333257190390138
0.011968541411048297
0.015404784070548067
0.015463885986104908
0.013949881575667379
0.009670856314977702
0.005757147238987548
0.0023494402503086726
-0.003154324854749102
-0.01011777582544678
-0.01387975224926168
-0.014321548833292022
-0.013235293390660815
-0.009399924647558282
-0.006219722723227867
-0.0038463370553125952
0.0004741385652514428
0.006039143977838601
0.00939009423554959
0.010536442008970172
0.010652037080762143
0.008859831516929166
0.007903137787251234
0.007894095822223328
0.006717099384526495
0.004948143826953557
0.0036912440165215526
0.0027997797852285485
0.002138365592889457
0.0019458756306885419
0.0010182571524683956
-0.0006769390128958706
-0.002350993424196698
-0.004268260892504393
-0.0058171248670050735
-0.0068654721783394405
-0.007895899675307981
-0.008723191176411078
-0.009502134120174028
-0.010272430932194394
-0.01079363263521724
-0.011098567418777771
-0.010619841746549657
-0.009252099723582562
-0.007271629849296169
-0.0044890055935946456
-0.001165142552889545
0.002708421447116555
0.007450506489705825
0.013034220840564706
0.0162190681807728
0.016746055524062237
0.01614547973046285
0.013516185103281984
0.0108440369647301
0.008237179434103547
0.003906435894699014
-0.001754628576166989
-0.00534808743927423
-0.006797034571966831
-0.007471944082007099
-0.0064979963704475735
-0.006340558017089006
-0.007135657365698365
-0.006911610497763633
-0.006194924495654302
-0.005443314737556531
-0.004456914661216867
-0.0033706674744332114
-0.002237188896308211
-0.0002763671453172245
0.0025333979039828276
0.005785892679801577
0.009668208976304939
0.011464226707457602
0.010888031278507961
0.00936945458719952
0.006138699904005407
0.0026772944345951565
-0.0009130540948594742
-0.006055162717466552
-0.01245697036519498
-0.015495300983036094
-0.014922468734289386
-0.012747124708353721
-0.007723434739769436
-0.0029111113978012608
0.0015329388868981588
0.008223516560825744
0.016538616742587657
0.020749411488845772
0.02063832357771304
0.018511648766768432
0.012845788716438992
0.007658020445800702
0.003130340255443547
-0.004068892637374884
-0.013121104112838539
-0.018188846578192846
-0.019131340862388928
-0.018177493415168916
-0.013800004972164475
-0.010279880821345353
-0.0078059592427519855
-0.002922597856436989
0.0034866230509481553
0.007389031872213409
0.008827039460863679
0.009128012905747291
0.007280009760702007
0.006549578418398584
0.00707039530001391
0.006356207388386665
0.005097827490280234
0.003947659256304582
0.0026750186786170544
0.0014384963588458604
0.00033777984932024924
-0.0016650719925117995
-0.004586130376537143
-0.00784744197053309
-0.011685484347562681
-0.013356515729742531
-0.012551476950750522
-0.01074427111807897
-0.007150955067702497
-0.0032142547512348826
0.0009648764560063589
0.006805385834316985
0.014026787851957295
0.017520658314692076
0.016994914307366174
0.014697807965667579
0.009247152623375918
0.003984737274034688
-0.0009160411983025893
-0.008331942374301288
-0.01758560354501366
-0.022445334920292107
-0.022683009217258687
-0.020810543261406484
-0.015175768939735577
-0.010160679472764318
-0.005968724177452749
0.0010218956035055727
0.009913762227179653
0.015544022490541744
0.017876837922278378
0.01877264616905786
0.016911827810510156
0.01626412394398446
0.01700616565782705
0.01603245504334055
0.014177821517052328
0.012148384078247249
0.009629257072510184
0.0068392063925258335
0.003857795127201248
-0.0005567239911903595
-0.006439857831981782
-0.013148623724159453
-0.020982031801521698
-0.025262232647640638
-0.0254993889067827
-0.02413720571758205
-0.019848363260238113
-0.01519677083892851
-0.010352823258797876
-0.0028563882127669196
0.006789854227903719
0.012282832263238456
0.013369874477166203
0.012737489562019748
0.008725478034826028
0.0056616680637442225
0.003787238213503086
-0.00048352346294126
-0.00624354212344952
-0.008728335576665395
-0.007925696084671741
-0.005486734754120131
-0.00019515588890906956
0.004252048851580609
0.007705072319254746
0.013049099908828646
0.019513741219443947
0.022084676985385434
0.02060947947504889
0.016930591346530684
0.00970758823462529
0.002599293417558899
-0.0042719459438686075
-0.013914337380321828
-0.02560223982661107
-0.03135058304405199
-0.030762477346822092
-0.0271423230376593
-0.018328815899275742
-0.009773876759342454
-0.0017154221751585065
0.010469186229520457
0.025688944638934143
0.03361368500810036
0.033844666576692835
0.0305709023647945
0.021045928138757306
0.01251717833865006
0.0053219053438756094
-0.006545062210667959
-0.021601225300659502
-0.029654262125112643
-0.03047989456590968
-0.02793189643996814
-0.019349488150774963
-0.012251155749513484
-0.006964831907686598
0.002558120404546204
0.014764956189843562
0.021479648731114628
0.022658027624281176
0.02113920144631773
0.014823485136534467
0.010066451025023954
0.0071197745412410595
0.001009285158162257
-0.006945828406291043
-0.011571210259643482
-0.012966728296682738
-0.012698183956909312
-0.00947039757001012
-0.007614467104827101
-0.0072816851252455374
-0.005209510338535103
-0.002304725967863499
-0.0003737856694292478
0.0007891527196210326
0.0014243681602367636
0.0011251438160201882
0.0018125982812778549
0.003529434703227177
0.004986205840285155
0.00659515904687972
0.007270477451883896
0.006775485380796203
0.005914652219948752
0.0043499353969378984
0.0023671076198387587
1.7743035712872e-05
-0.0031484202278429163
-0.007083637321512276
