-0.003591912974522939
-0.003746330308696523
-0.003906338563550554
-0.004072335758100878
-0.004240179173358441
-0.004411111917319171
-0.004560605595656191
-0.004685699750650188
-0.004798769031766072
-0.00489256992688793
-0.004980185721750924
-0.005062169705905841
-0.005125332364598791
-0.005171971380485049
-0.0052212424267871
-0.0052727503567302735
-0.0053184130048508855
-0.005362656466608627
-0.005390225184637062
-0.0053997861028690945
-0.005402307457680864
-0.005394078765301146
-0.005390386816672157
-0.005393706744615206
-0.005393953886701536
-0.005395622724894535
-0.005392096401474613
-0.005382539918914658
-0.005374216931779344
-0.005365748032337626
-0.005341489238016542
-0.005301044324029494
-0.0052510164014469285
-0.0051874038850040875
-0.00512112556295845
-0.005052858587295789
-0.004973790194622478
-0.004886280693741568
-0.00481073913861777
-0.004748169519483185
-0.0046906128924430685
-0.004643660759513557
-0.004593368520102845
-0.0045393016797618205
-0.004493423201041759
-0.004453059108979435
-0.00440662177738443
-0.004354731859358078
-0.004301355166273403
-0.004243877823460904
-0.0041925803753809455
-0.004148172128738528
-0.004103540549729694
-0.004061123950380402
-0.004003962818072859
-0.003929738022591651
-0.0038482904028269913
-0.003754661240845735
-0.00365708859434184
-0.0035562482905087908
-0.003443584548009749
-0.0033206867673472498
-0.003202413366494422
-0.003088829409078646
-0.00297372721839429
-0.002860749334086841
-0.002738860683131965
-0.002607263147618808
-0.0024744081198080146
-0.0023377799421841704
-0.0022099312808212886
-0.002093055329684241
-0.001979454215459783
-0.0018729946932073797
-0.0017684513910945848
-0.0016654316130311187
-0.0015701153630958806
-0.0014816257148036443
-0.0013877787931413893
-0.0012885372357711266
-0.0011893902942019018
-0.0010874208920455424
-0.000991624540099099
-0.0009028027635690693
-0.0008141889004150874
-0.0007279347572093396
-0.0006385104243871588
-0.0005447111747718563
-0.0004507747713422338
-0.00035499685941312714
-0.0002591470672921567
-0.0001635697684622929
-6.586451162046529e-05
3.36009807968468e-05
0.0001279905983669969
0.00021704901639690307
0.0003038248676712585
0.0003865502786580841
0.0004697859839415344
0.00055383726444476
0.0006349371314329637
0.0007140709924167252
0.0008048811659425489
0.0009082904022350121
0.0010185739128537655
0.001139543922855261
0.0012624246116537672
0.0013869222042511087
0.0015208536468489724
0.0016625676786258686
0.0018036239219189221
0.0019443928077767729
0.0020879793386538188
0.002232468914804815
0.002385116810489798
0.0025464665865954864
0.002711449378456181
0.0028818021918434926
0.003047137045118861
0.0032059773534646972
0.003364548791046125
0.0035198136585693827
0.0036766953913732526
0.0038356481102314833
0.003991505380833699
0.004145236862800942
0.004306295551659993
0.004474777975528406
0.004646730814039887
0.004824500594528694
0.00500118322993723
0.005176300977410465
0.005355219163989364
0.0055363872968141855
0.00567856797073791
0.005778116522405337
0.005853203633637436
0.005891972844071719
0.005919299622083631
0.00593591580577656
0.005918546724911182
0.0058716521017580636
0.005822819414875409
0.0057709314509058
0.005705047413620127
0.005631353897604771
0.00552652730681683
0.005388572466585134
0.005233699553364394
0.005056176014725098
0.004886146145581736
0.004727902272119302
0.00456272213170978
0.004399325543168736
0.004223474964103688
0.004033619548102582
0.003844529159410153
0.0036532437130187088
0.0034312226742492066
0.003177915174636096
0.0029050701277985305
0.0026054341846327785
0.0022993574661613297
0.001988070812840897
0.0016553393692099183
0.0013055733918112178
0.0009667447975648843
0.0006397470116526753
0.0003144848036532612
-1.515812995457544e-06
-0.00032841694516524484
-0.0006667945661516852
-0.0009998946320944305
-0.0013316351415447057
-0.0016765104730158361
-0.0020335701591335936
-0.0023982618844329965
-0.0027738243034913014
-0.0031469155074535142
-0.0035166875874394813
-0.0038922523226104823
-0.00427046744329765
-0.004676411282168294
-0.005113392044704829
-0.005567226334023678
-0.006045236842759249
-0.006534982392904638
-0.007035529164198929
-0.00755966785428406
-0.008105026605162291
-0.008650301181239262
-0.009195493803381062
-0.009749479206846743
-0.010307082188282477
-0.010884331388303966
-0.011482416624452287
-0.012089192089839319
-0.012708347938330042
-0.013228402887350521
-0.013636631592548045
-0.013987864886809979
-0.014249361906125576
-0.014482154905063254
-0.014688660420836781
-0.014808343291630322
-0.014851978608133051
-0.014904128909059202
-0.01496276052730047
-0.014992586174384525
-0.015013049166682262
-0.014956084820759746
-0.014815776360731836
-0.014640770949309798
-0.014414487604352957
-0.014208764639762037
-0.014034924609449752
-0.013846210132012768
-0.013663670860525827
-0.013455585994584508
-0.01321809016084398
-0.012985560116557444
-0.012751392895738158
-0.01244332322660359
-0.012059619814672701
-0.011630635552205091
-0.011137916133145107
-0.010632141657413696
-0.010116445096585162
-0.009550036149526332
-0.008943881847267753
-0.008387112466316616
-0.007883850011730562
-0.007399797164222027
-0.006959301077145027
-0.006500890001668032
-0.006022683683354173
-0.005577128038703702
-0.005152411705618869
-0.004698713498704626
-0.004218805775638334
-0.00372952063413743
-0.003219641897776451
-0.0027336519032991687
-0.0022745852235379308
-0.001811744073877586
-0.0013556712259093031
-0.0008313022973226443
-0.00022844532455314827
0.000409537271861968
0.0011045832104152004
0.0018200768133584502
0.002553056441911767
0.003341464639908508
0.004178247588242328
0.0049979987296565505
0.005800478225491659
0.006612988677766685
0.007419517180916609
0.008268743216430723
0.00916419852299977
0.01006866185212705
0.010993245692932176
0.011774758754776493
0.012392454471341137
0.012930712459549952
0.01334108318446516
0.013708341548334132
0.014036315195263379
0.01423811142661663
0.014328539915728074
0.014438633703815344
0.014566108873497479
0.014655120756289839
0.014736085449119633
0.014705689963324298
0.01455486480449755
0.01435830966129032
0.014090936377887185
0.013850913563401382
0.013654590908476087
0.01343627357619995
0.013224929617290467
0.01297898986212636
0.012693006187233114
0.012413267071625135
0.012131092406728652
0.011744183824866587
0.011249805253262446
0.010691355547719824
0.01004262328121716
0.009374652471015994
0.008691864279503901
0.007936750022933736
0.007124650627071028
0.006396142564333649
0.005758503663951807
0.005156270833997853
0.0046280564440720935
0.004078604109697116
0.003504895182627851
0.0029890488583435657
0.002512830482657449
0.001995339703261016
0.0014407644125449595
0.0008770931946373275
0.000286045057271194
-0.0002609970492879429
-0.0007590617936650808
-0.0012576443053040418
-0.0017398050805969385
-0.0023209565565608476
-0.003016983504583158
-0.0037606488928986596
-0.004585712665458808
-0.005436329621290319
-0.006307860823445428
-0.007258427404526133
-0.008277241353930119
-0.009262692520683844
-0.010214272533023816
-0.011174467812284556
-0.012118339787679101
-0.013121211097315314
-0.014188515582035975
-0.01526248411921411
-0.01636026810319218
-0.017316933720765343
-0.01810931821234319
-0.018826971296663494
-0.01942038617273646
-0.019970516161245865
-0.020481532837223516
-0.02086739868703258
-0.02114208607689132
-0.021445557145759558
-0.02177622541928874
-0.022073302447309793
-0.022369561428699784
-0.022556766827732617
-0.022625330985604243
-0.022654378024513
-0.02261770616941714
-0.022607343310921756
-0.02263959019231298
-0.022650876854137327
-0.02266858700370327
-0.022655723706143927
-0.02260700013843718
-0.022565050531856447
-0.022522121344035022
-0.022378395675195083
-0.022130902867985695
-0.021822455425506898
-0.02142738703338427
-0.021014278931544998
-0.020587434279866625
-0.02009099084383262
-0.01953972540630505
-0.019086384228987143
-0.01873963283482541
-0.01843788586879342
-0.018223307514875012
-0.017994047889918572
-0.017746780481745935
-0.017570155581107926
-0.017444747559253324
-0.01728040611121203
-0.017081507114076355
-0.016879864171602043
-0.016655045645864532
-0.016485806038972647
-0.01637773132883384
-0.01627600104806578
-0.016199327634464522
-0.016025195817787295
-0.01573653414700642
-0.015405288081853645
-0.014995593059459874
-0.014566289274035903
-0.014122390843285815
-0.013602416544386127
-0.01301776649489024
-0.012477353333118139
-0.011981860153426217
-0.011485683569599642
-0.011015619192640358
-0.010491235982079853
-0.009906766407648464
-0.009324079568339685
-0.008724907086826996
-0.008178684934791835
-0.007699244743800959
-0.0072409124065942986
-0.006825528046044397
-0.006427807385617879
-0.006045417935187905
-0.005711250199597743
-0.005421265806594488
-0.00510250083365934
-0.00475426801458054
-0.004410248545606073
-0.004052847987243226
-0.0037347387997894287
-0.003460731839978502
-0.0031907483310031903
-0.0029373843755009545
-0.002675330380130914
-0.002398134930342472
-0.0021272608702573317
-0.0018547120699466601
-0.001586679114770147
-0.001324967369612349
-0.0010593745686989136
-0.0007912503307401843
-0.0005559121995955616
-0.0003549841039643249
-0.0001724022536929663
-1.7416327923936504e-05
0.00013282505411891415
0.0002798335963149587
0.00040433456453476736
0.0005111958626492534
0.0006844443984813318
0.0009301639501434203
0.001212206558447257
0.0015541344945968125
0.0019027894782714255
0.0022562700300703177
0.0026623482106610066
0.003111017246317224
0.003548820554644481
0.003977872419432915
0.004418101421399096
0.004857297214935357
0.0053408448595025325
0.00587214386011284
0.006419252793168172
0.006993002247888709
0.007531009173359063
0.008024218719559833
0.008510287767523675
0.008970913191252547
0.00943528675750224
0.009906129439002006
0.010352523986794123
0.010780193120921105
0.01124646598307081
0.011751953000419679
0.0122725507272198
0.012822483874288047
0.013359964825085072
0.013882066528041597
0.014421268592992257
0.014968167873524375
0.015459223269148977
0.01589151500843873
0.01628803467374575
0.016631212796358395
0.016965139192192086
0.017290651886373742
0.01756979409734465
0.017810706207195104
0.01804693551641935
0.01827596056227281
0.018486209817890082
0.018684846510032743
0.01884057675991936
0.01895090034131743
0.019036515291888195
0.019089670338199503
0.019165308059629887
0.019270358632747283
0.01937274315124079
0.01948817996376877
0.019588896056449628
0.01967231050715141
0.01976611657649938
0.019864618964220822
0.019919763865123667
0.019931012569152175
0.01991773799287377
0.019867874584707037
0.01981659458277907
0.019766050819441064
0.019688666685462826
0.019592150588001917
0.019506106484105428
0.019430335210796252
0.019356318941886833
0.019291732803073794
0.019212721758416783
0.01911880733369424
0.019028656970497583
0.018937575349191715
0.01883387117549323
0.018718881754076714
0.018595249845831417
0.01846051203720125
0.018326926760715213
0.0181951542618515
0.018057277240530575
0.0179161853762595
0.017740905396332787
0.017527704959909424
0.017293367420637872
0.017028929267151917
0.01675048292435546
0.01645911261748858
0.016138736076699144
0.01579242169107288
0.015445069814363797
0.015096528491807044
0.01473660225906293
0.014371286575013763
0.01398149148091901
0.013565802208756259
0.013138517221460415
0.012695217955914464
0.012302649997520758
0.011969112522136689
0.011660113944842886
0.011395371886242331
0.011139889027930337
0.010892007405753492
0.010687273719474928
0.010519483276933354
0.010335296754429343
0.010135588067498619
0.009942894921310173
0.009744775923187723
0.00958321272237423
0.009461798148692736
0.009350052662244906
0.009258101499570836
0.009145786515507731
0.009006357512239821
0.008866520594310484
0.008714366747603092
0.008566792059234532
0.0084259304053758
0.008272794860606216
0.008110843607090457
0.007981681552712469
0.007886331323413586
0.007807022458029707
0.007754348102764905
0.007699255834293798
0.007639855106757069
0.0075994987875036045
0.007571843622100735
