0.4559051590974892
-0.8246654515924567
1.324818316891415
-1.868466107173385
2.0547437356269787
-2.348054366248122
1.684560267240287
0.21494433281681413
-0.7550297838122536
-0.16249356505567789
0.39253316634815255
0.06826956159336611
-0.03566550361899612
-0.2390855706871329
0.7928916483766107
-1.7928230168828243
1.9970441527332097
-1.368224386841752
1.0111305403416304
-1.0570226373280807
0.6927416695900974
0.03008914277142169
-0.39585474432651263
0.7389292969216207
-0.5146938114045467
-0.6197783335689028
0.6065134926783369
0.7342450237375244
-1.0782623805165112
0.32156091167508905
-0.15144298483367163
0.6681247367747782
-0.6821327850728262
0.17426198201240614
0.002048873378151253
0.023052902535950263
-0.11730321614592232
0.37434651217416215
-0.16394029727221723
-0.3619654713316673
0.9438848283846728
-1.6033989720827393
1.8419426959714424
-1.7120326902367022
1.3046444123689933
-0.9981948959323874
0.26569033754979243
1.4303773443299457
-1.5031551853964884
-0.32993371239696423
0.6588495251975762
0.682072400369277
-1.1619558182891576
0.39917719664531354
-0.6317462988337059
2.1973870327490093
-2.2057033492759466
0.8053107163858255
-0.030412719827665413
-0.566743500499343
0.36192977677396676
1.0656599948030532
-1.087468612096122
-0.6025038227192709
0.9724907895838888
0.29848363161543107
-0.3874737190035953
-0.8930499130552731
0.9383634735163091
-0.0253831591884644
-0.7376096270812948
1.6425888649981408
-1.507558939120441
0.3861398738306059
0.3702877927749584
-0.6817923770750642
0.9540025250077081
-1.5606765891179188
1.3992622582062897
0.08077945818096022
-0.1345272677308581
-1.9040946278415516
1.8000764950562742
0.9693084880381737
-1.4530072445339903
-0.5703692707499488
0.9698842720395746
0.2307923813346553
-0.7583392986523042
0.7238231611279868
-0.6635380086493964
0.4997612779864188
-0.6064684364461707
0.8794143104326696
-1.0684665380986207
1.4662128771295069
-1.2315218764290652
0.16361753286793607
-0.04788419929204611
0.7203043829837676
-1.0997320965674158
1.4581735696365188
-1.0520005050739907
-0.09932701448153836
0.7990636277979528
-1.0150043703919596
1.1527140557989086
-1.3911886538966303
1.0981190792442084
-0.3055468387180903
-0.16485462476601198
0.4188829314182816
-0.4411038063658073
0.15603127510938325
-0.09952436147286481
0.2716659817745769
-0.15705961731853202
0.06005330062428063
0.3722389829444681
-1.6045697827556775
1.5479277228630546
0.21671433375571164
-0.46463907703104934
-1.0969822677792944
1.2015546403220105
0.17076936905686574
-0.7473896068917822
0.47646957905707427
-0.29665539400051993
0.6388668569058689
-0.16836475763852232
-1.5390218962232938
1.6138017935694835
0.045270308039794704
-0.6701468415126903
0.25677471649312306
-0.21184341950392044
0.395538225447906
-0.492176772602681
0.9260722085221299
-0.5238506574473077
-1.1473830159814455
1.319585653866736
0.33108593324467034
-0.6327284814541877
-0.6765426469371886
0.7635019844398326
0.46547090101712785
-0.8535984914929345
0.36993135876035604
-0.1950724702775964
0.36891590178043276
-0.24670169753733612
-0.04584393516170923
0.38915248749574105
-0.7617619187355802
0.7541727395056558
-0.6660079323023648
-0.032501870403946906
1.373345298880815
-2.037157983606376
1.9803582081051925
-1.8026371798816816
2.032130297282627
-1.2956281980805258
-0.8636794807418131
1.1444383238871763
0.5231059651374964
-1.1742313137122111
0.7197141022315292
-0.644763471425501
1.14185453371556
-0.9735201953567774
0.04253377922855667
0.35649045644401606
0.03420595320568734
0.06435688278033667
-1.0529697467042238
0.7590934327245893
0.992950230124991
-1.63598777968186
1.0849769876198985
-1.0897131968057823
1.5891958771923418
-1.6990103660068208
1.808849131389648
-1.2968804740713145
-0.22060530607860546
0.37574255602589307
1.000968707519549
-1.3484517144405828
0.5553144523419775
-0.35862446924343494
0.9538060115308628
-0.9629928709204633
0.06375158744162901
-0.07267416158861771
1.232428360430609
-1.2142772415305467
0.14734203365974896
0.47145317036975704
-0.8924039158566581
0.7065004360468058
0.15079786554087868
-0.5364104025313904
0.26986089876156816
-0.2976918674901263
1.0417094059695586
-0.7101702474698864
-1.0332160722855108
1.3887631461644994
-0.09431420194595336
-0.14600187316010244
-0.990383421679241
0.9849345887024727
0.5411748724441452
-0.818759122465269
-0.5968274042476899
0.46070962127416304
1.3685796418718432
-1.7782967226071038
1.0842821058288932
-0.3544823144456798
-0.8041057592196235
0.9165532209295385
0.3648126929278566
-0.4150431158105608
-0.9004876351992941
1.0674348329212648
-0.32974489313739724
-0.3809694834005224
1.222022445884801
-1.3218612475520504
0.8304890844435315
-0.3201246268122726
-0.1911769802685608
0.3658412276462776
-0.507404327469376
0.1066643284289493
1.1292863272361233
-1.3698618667361377
0.41737443694606996
-0.41569570772558206
1.1956872132981422
-1.517597484990147
1.9498529387561985
-1.2432471130426368
-0.9288455546005434
1.4242304104170616
-0.2174940229353286
-0.374391667172608
0.045029365024953916
-0.2760782683530678
1.5609510020572595
-1.291384736069653
-0.7083669510763532
1.3563140480902747
-0.7199531960301786
0.42205178779364677
-0.4390523241390559
0.47077745720292175
-0.4774190305734872
0.5859019639424347
-0.6747435180447984
0.7559142648681926
-1.1131597234286152
0.7528635820041533
0.44673479013851347
-0.8522863707543965
0.5306373859973453
-0.42943150427850263
0.2382759501525152
-0.41327603979512395
1.3519562294629588
-0.9629737051779929
-0.68731585347297
1.5108601713491072
-1.752128929814937
1.4320298476703193
-0.6216928835567612
0.03927012397114808
0.31221419661931904
-0.38144546440746974
0.5797522470077755
-0.1209456824962199
-1.2477022658759511
1.1963394888609107
-0.10932975710539672
-0.9829314570044719
2.4269800402333894
-2.494103756178775
1.3879177144222257
-0.6369324476586173
-0.21017031069112582
0.1426940780054167
1.2729823316844966
-1.2077346729135083
-0.5215622318612049
0.9388759284905464
-0.17916934680778543
-0.28095167446422176
0.4861996682022274
-0.38182996205165504
0.11771269457118186
0.44633412423968694
-1.2184486450933634
1.7810169122587451
-2.2499430474079753
2.226067288840401
-1.6458707439863085
1.134323940390398
-1.0776384840408937
0.2503645909882056
1.436412043158923
-1.9165405908571533
1.5591948575640757
-0.6805548615778214
-0.6700023926392621
1.3558441161399626
-1.6079592736341382
1.1561626252764823
-0.25541550544334984
-0.6439858847070733
1.8252458676199448
-1.952614997424368
1.1317401905651976
-0.6782023891157107
0.39876029151582304
-0.5905910184541392
1.1888240964057903
-1.4990437252558895
1.6976563146638532
-1.4580034957439207
0.7301063567850576
-0.3484359356007635
0.40579350491993527
-0.26619280923574307
-0.2933221947435747
0.317293807298821
0.5680299641874678
-0.5584154927582371
-0.9538204438548439
0.8304849628678221
1.4728611838908257
-1.5468638460757986
-0.6813410214187927
1.4953886353722963
-0.9704509311049598
0.530732056700451
-0.45226144942668356
0.000990203089454314
1.318268914725624
-1.322306441216951
-0.44764879453468515
0.5590357251263209
1.3776884882860085
-1.7194012059030181
0.21598844793713612
-0.1259814125260128
1.2841178974818226
-1.8911229094707722
2.2481980896665146
-1.8039272824719825
0.6225859071671629
0.14646774583508326
-0.5328917082775038
0.6345336016599652
-0.661077518551926
0.25031918631615885
0.5612142035454609
-0.9547831567345317
1.0111600750566283
-0.6925867564984234
0.2660144276121182
0.47413913904010563
-1.742611763283402
2.082971807496094
-1.4579977759928777
1.2608726954173468
-1.377755225374717
1.3337464484375967
-1.5119875739551936
0.9523723417513424
0.6481747167863103
-0.9806629522119008
-0.09848991799937934
0.4161289439097641
0.30060191006424897
-0.2289845483329031
-0.8741452294405051
0.8495193189058196
0.15009294776308924
-0.7283045493573306
1.18345919264336
-0.8709332959244073
-0.1706582210674329
0.6877380462525067
-0.8814181860534329
0.661593379096448
-0.050276334471861195
-0.2077545813733535
0.35714194327891674
-0.12806892516306762
-0.6779889956557518
0.7071880769140158
0.16152323930937862
-0.5556699526312991
0.0053619375491283094
-0.31315602311005164
2.0067618839555172
-1.6652097095555154
-0.6248210945768499
1.8800863879776752
-2.2550054653124163
2.2103879937632125
-1.8104583036278479
1.2800243388054457
-0.7766218586318159
0.12932024151253807
0.6787726596917745
-0.9636203474327908
0.8832493810852955
-0.4148082593407567
-0.3636921261396298
1.0355792701330722
-1.624510191465025
1.9488398759292629
-2.06029959754846
2.007522121033905
-1.7730513509485488
1.562168343455025
-1.3542546706708425
1.0196434828665655
-0.7664967323148928
0.15798413942912382
0.8789269876694664
-1.3073076128313494
1.0472499865863982
-0.8473414357980316
1.0376762522576322
-0.41255212162702626
-1.174579432413217
1.8311954001399886
-1.416379354729517
1.3800961015227706
-2.041072308050397
1.7228668283630235
-0.3970592222879435
-0.060094294791663914
0.06679406370260405
0.37274083864879837
-1.6531097782318476
1.4523923414872348
0.033188937461882784
-0.8715173102876829
1.513194982018855
-1.0787792321459755
-0.5936740109007258
1.2584295169598272
-0.8496368821624993
0.9085388770373125
-1.3911382790157405
1.5879745143318706
-1.4940689345252458
1.1635847425196824
-0.9587508509808831
0.1500693403783499
1.5309140271330623
-1.987577887263323
1.1801484444060255
-0.9131345995248498
1.1943036223573607
-1.1885307685803979
0.9937420351158759
-0.7647364193938878
0.38020788306147857
-0.35513548493333824
0.8330899388539503
-0.954084800350003
0.3970764693860647
-0.5890207208638358
1.847201437516692
-1.8837626679091506
0.5552810254135755
-0.10906534845017486
0.6250316472215758
-0.5741240733561574
0.15067281507554275
0.11587113655126517
-0.7073452744477747
0.17256810539040707
1.6459110344705783
-2.1590400783798978
1.4935493648879872
-0.8757522033993226
0.4664643648709802
-0.008607114849335767
-0.9118042776071208
0.8764507063699273
0.6627964740273403
-0.6939348136780168
-1.370304651587523
1.3184456433013643
1.0840056611776863
-1.7041162202797562
0.6670758866866107
-0.07770600061245715
-0.11606043735342533
0.10155311912342113
-0.07826999027547019
-0.2242468815848572
0.9161767030051505
-0.9096235536381915
0.5357937735857043
-0.014273045702353326
-1.2720119162137267
1.0429401552079614
1.1456295823782139
-1.3671747095931914
-0.43838892933123874
1.1332951411213856
-0.6808079828281158
0.47664375968390454
-0.7856666821141685
0.43856773533949894
0.6340748353606906
-0.8623515621855011
0.5921918481462989
0.027876939665518796
-1.171266890798562
1.2366601565488433
-0.6588988392903303
-0.11320463638601572
1.8571318748071155
-1.721758622812888
-0.9811081280481858
1.0631657950658788
1.6258203664529038
-2.3883027957038236
1.4601843632736475
-0.6181815736207095
-0.12836174100640738
0.5739423711874626
-0.9359148341216643
0.8333396808406538
-0.1529057158475608
0.05019391302733174
-0.45515567444092186
0.6576747762307367
-0.8109890357155716
