-0.016040156204580085
-0.015188553395238035
-0.01361998189910938
-0.011264077040857232
-0.0087823546857056
-0.005963733621030612
-0.003781457413120903
-0.0023977910584208864
-0.0011969073223115922
-0.00047147747637545014
0.00019421672860707386
0.0008414660371076788
0.000998420058291462
0.000743303942639546
0.001037335535124503
0.0018935030502960303
0.0028931860396264795
0.0042741491655575725
0.005344664350746908
0.006052211886818308
0.00693484269285944
0.007834730038545122
0.008636814106393543
0.009387871880007984
0.010027467965216766
0.01053649869984183
0.01110536572815689
0.011727957314560531
0.012293754183016774
0.012840468415138107
0.01324362214829445
0.013480603316739469
0.013635930817162443
0.013672197310182063
0.013626740236134612
0.013504755446553234
0.013253783172762311
0.012880148219828965
0.012356456187278528
0.01166900626704324
0.010831419222654006
0.009829883399448298
0.008663532468912168
0.007327593609012206
0.005806076788499229
0.0040937354853307
0.002232223212973441
0.00021812664617650533
-0.001977141780975973
-0.0043470190841185495
-0.0069279856004448095
-0.009728235775079204
-0.012727887517056566
-0.015939507321119855
-0.018195620023168685
-0.01937801809393306
-0.020045448433923252
-0.01986083244475115
-0.019494814488255824
-0.018975600444601916
-0.017661775036102476
-0.015676171171199016
-0.01387532783398525
-0.012238694985355188
-0.010421185862173048
-0.008621670981381445
-0.006147451786614384
-0.002942826811568843
0.0004939868104942868
0.004328792204455812
0.007212893986550837
0.008964726992870266
0.010344169472367708
0.010954884588456705
0.01146730483925129
0.011929367610585473
0.011648594306633253
0.010751029978610403
0.010406429619581064
0.010614887338615204
0.010885098676893107
0.01150073637844729
0.01158181680718963
0.01106162761537468
0.010605937774124856
0.010011234000630323
0.009281048030097452
0.00848350922428735
0.007465943211093095
0.006243121264661236
0.004962027698235532
0.0036064892203860168
0.0021159413432684355
0.0005168690987747524
-0.001451487672666394
-0.003818610685847825
-0.0064439492270009675
-0.009401836900819761
-0.012567062400542405
-0.015931031041432297
-0.019622792673072802
-0.023618996857713268
-0.026046519256984958
-0.02673507238504542
-0.026550047516615473
-0.024956473583211312
-0.02306554110821396
-0.020921627701941437
-0.017485103323374863
-0.012961609162783059
-0.008649939868903691
-0.004511246633073985
-3.525618007872624e-05
0.004478634229899574
0.010099617207652801
0.016912029048766805
0.024153676304608105
0.032080592997556855
0.03717207679924513
0.03900166599763366
0.039415601635268374
0.03738408653748472
0.03476717303936406
0.03166767981729787
0.026221632280695434
0.018770621479675155
0.012146489657754757
0.006316989125242147
0.0001054799374712854
-0.005816831421550487
-0.013653119956947794
-0.023579158484641753
-0.033971140689128675
-0.0453498085501378
-0.05301981146094504
-0.05634707191462524
-0.05792478035889307
-0.056364025286299184
-0.05400798217817205
-0.05100452837199134
-0.04492051503690951
-0.03618375620842227
-0.028812858444315553
-0.022789190602373846
-0.016408229750965425
-0.010631745628812169
-0.0023995037618711346
0.008534338365223647
0.019885673012761763
0.03237448044405535
0.04143740888939928
0.04638545304294921
0.049897651460739045
0.05060882370575931
0.05064008556524773
0.050151565976922295
0.046842753219862594
0.04110085296138035
0.03711478069046192
0.034898074637105064
0.032641221996456964
0.03135947676141436
0.027941271690328742
0.022137989759530765
0.016309981531029687
0.00973158148865202
0.004549167400379747
0.0012209957943545091
-0.0017985703860570526
-0.0038380834250801824
-0.0056070603455325935
-0.007208419270773146
-0.00767636856090244
-0.007138495361190083
-0.008073782567556571
-0.010543765030793618
-0.013418861410675314
-0.01731970495372485
-0.020533708489595973
-0.02292427757613127
-0.025852388059753637
-0.0289279881668578
-0.030761250885351383
-0.031362450663855006
-0.031102041899599753
-0.02961589975232774
-0.028016337919785823
-0.026314648404023512
-0.02362971419741068
-0.02017279691677967
-0.016406910653869556
-0.01225336226520961
-0.007615004788788887
-0.002576659968891721
0.0034018115130034616
0.01035852284912422
0.0179726480127467
0.026380635555922984
0.03210668259115609
0.034782526645987834
0.036150410482899124
0.03521012909633369
0.03390105700416207
0.03232453619043684
0.028609529499228434
0.023119688604596178
0.018476380873174252
0.014636225384382067
0.010544843077850235
0.006821602316816914
0.0013905073139872902
-0.0059068781568205305
-0.013550208794528147
-0.02202766919076762
-0.027852820113438443
-0.030525698236299616
-0.032048613748397195
-0.03138621132400973
-0.03020825115947067
-0.02863522794103695
-0.024893950705336544
-0.01929175878445369
-0.014925935485504825
-0.011798319757389576
-0.008585201625336276
-0.006035033302363379
-0.0018271521128524005
0.004221971934174065
0.010359827334448778
0.017127762066078096
0.021831423184211038
0.024018675847656462
0.025354313901409485
0.02502033133730401
0.024173822751513002
0.02291392219671016
0.01991641676043566
0.015388751765292714
0.011957727347627276
0.009644843536713622
0.007291448042541846
0.00553751963877345
0.002465565747674146
-0.002081068750471371
-0.006635140941961536
-0.011643839952989347
-0.015181854524069227
-0.016901355276014555
-0.018035361256996136
-0.01799247802240479
-0.017551363554240657
-0.016785026483004926
-0.01476337261695973
-0.011623697898598255
-0.009335874611171777
-0.007923217040149255
-0.006504595345629046
-0.005561939020689418
-0.0036750639014753537
-0.0007263566890609561
0.002190276540020471
0.005405844374845228
0.007686745838005431
0.008793101680008629
0.009547284663347973
0.009566042704921802
0.009313797932931085
0.008839607417354177
0.007560078261008418
0.005555889948821392
0.004153219189761682
0.0033730630614008006
0.0026148074773469712
0.002204621730430231
0.0011993162975953904
-0.00047981540953898587
-0.0021004513412711296
-0.0038818843712847616
-0.005124089239481742
-0.005678113020103664
-0.006033060158104199
-0.005967887728654798
-0.00572037753270358
-0.005319393838189959
-0.004442615537132625
-0.0031299136655562917
-0.0021792871543868378
-0.0016064557866357165
-0.0010440311325791184
-0.0006890235192378105
1.8200253975272462e-05
0.0011252984190999137
0.0021947234372697
0.003356665330703986
0.00411554536221132
0.004373961720856502
0.004459456002140352
0.00421705332277404
0.003833062471604384
0.003325745244200283
0.002459114878980615
0.001264470832476613
0.00027553077442419585
-0.0005003276334446224
-0.0013065997972386291
-0.0020128680936924836
-0.003000770967067811
-0.004303227975344724
-0.005625975403027575
-0.007058639571753864
-0.00781937210822792
-0.007797717093358574
-0.007426134062238452
-0.00647077033592678
-0.005315119727203886
-0.003981607664998885
-0.0020644426731077636
0.0003684509477121792
0.00263515617302743
0.0047396312788329995
0.006975945856052746
0.009182063658916823
0.01187817669666833
0.01510815232884204
0.018486136093628137
0.022136013069764458
0.024441450482731907
0.025200427424385448
0.025263688553501955
0.024155519927461115
0.022720538763552803
0.02100390861386677
0.018150171314569117
0.014312262648298015
0.010808365553157546
0.007623306980494437
0.004203665135167263
0.0008609175288537259
-0.003429850914738564
-0.008752553404505549
-0.014353552793137169
-0.0204765365496138
-0.024907815954899527
-0.02735080309821668
-0.029027884407551177
-0.029285476836790027
-0.029233307479640758
-0.028942366351220553
-0.027264995698224312
-0.02440502819094817
-0.0222569008485402
-0.02081294072372263
-0.01927221393743387
-0.01808911497529128
-0.015822601140316042
-0.012358296443744789
-0.008773931950983324
-0.004731558157253085
-0.0016771304182697296
0.0001359646802019644
0.0016389343344707353
0.002392729154870772
0.0029916639448215178
0.003496275120448763
0.0032115977453873235
0.0022472728743887192
0.0020697592014575768
0.002700216801039955
0.0034919638308760245
0.004807235083689693
0.0055952861216842335
0.005773983559293274
0.006160602850184678
0.006514105625407565
0.006970532559816476
0.007632074433120217
0.008259728494511152
0.008914280257718163
0.009704965155511112
0.010615299179370876
0.011649068356360018
0.012830723411162934
0.013743622378179528
0.014359129341391063
0.014897311913165033
0.015248648542368199
0.015654528344291766
0.016137797630334728
0.016486308167634994
0.016753981705891464
0.0165673730636318
0.015860289730256754
0.014843241752840082
0.013397786579751068
0.01168576188835018
0.009712326947261521
0.007283985032460543
0.004423746942519766
0.0014869829214915658
-0.0015306884874517442
-0.0047953357064909885
-0.00822572777322172
-0.012095352372478618
-0.01643285414066534
-0.02104192515525029
-0.025991737184472646
-0.02926535684193876
-0.030640836182650743
-0.031117548711369448
-0.03010873442015058
-0.028734628628589144
-0.027046240175650587
-0.023949823013606576
-0.019649386998726856
-0.015684175634437386
-0.012024272222531643
-0.008038798496991566
-0.004087259417979459
0.0010573389667295281
0.007494741493183884
0.01433573122568448
0.021873590938236234
0.027069442447314237
0.029532711907079876
0.03091194861431816
0.030314453282762523
0.029297146198551755
0.027955987418471034
0.0247039468808093
0.01982841685733474
0.015871164676808533
0.012816606104294038
0.009599490611827993
0.00682806642113374
0.002555473785280923
-0.0033715468968179116
-0.009502019446817734
-0.01629257478757381
-0.020998363435018638
-0.02319699514574181
-0.02451695670037998
-0.024135396114683558
-0.02330940186866079
-0.02213681228872246
-0.01924161261279727
-0.014853026038431553
-0.01151559056005849
-0.009240157264054983
-0.006923837864712505
-0.005184185449889535
-0.0021379117553221947
0.0023657426660874956
0.006895250899823393
0.011889545097130673
0.01540595984281988
0.017099925788847555
0.018207072188185784
0.01813288082354308
0.017673743587235793
0.01690359563567845
0.014881468042604939
0.011748900669493969
0.00946891652294956
0.008063535026051697
0.006658312647290327
0.005733400994666527
0.0038704461811245516
0.0009528268343013373
-0.0019277366638772713
-0.005101480110174273
-0.007488850893608772
-0.008865953416215846
-0.009982398438564745
-0.010499771667694197
-0.010794303282835453
-0.010911853472732864
-0.010354142420104781
-0.009186091075880167
-0.008620983234857823
-0.00868295532879671
-0.00881754538812604
-0.009325045752708417
-0.009354363310322324
-0.008834613558864165
-0.008432635745408734
-0.00795152233201006
-0.007445546026167041
-0.006991935052324283
-0.006421200746145561
-0.005766121697267755
-0.005145672218077339
-0.004546764252794405
-0.003941795510778477
-0.003355368421803465
-0.002479982641616898
-0.0012896672868088165
5.012244219932167e-05
0.0016223625776158996
0.003259595581599762
0.004946654292854385
0.006838035383741271
0.008897796733862854
0.010409339071291499
0.01132107779229165
0.011945831029938311
0.012083549065224845
0.012184512872169494
0.012266421828642887
0.011925010916895809
0.011245970598162087
0.010681585056893737
0.010214603327038066
0.009677873621636477
0.00917526593362004
0.008324294122068417
0.007097109825631667
0.005764221699957136
0.004234991378398404
0.0030091457433825677
0.002161088715453547
0.0013866832393831692
0.0008331807186759902
0.00027085289727838747
-0.0003219236271186979
-0.0006986849664758179
-0.0009041140504025616
-0.0014014266710984193
-0.002195589996836667
-0.003090477448930391
-0.004200830875903393
-0.005189479112447202
-0.006032326498139295
-0.006991180398339863
-0.007989868724829262
-0.008680716375123469
-0.009056883384031975
-0.009226282750873137
-0.00909501241661877
-0.008923841737873226
-0.008716037015583182
-0.008256526089950963
-0.007593921839645533
-0.006879724202171322
-0.006097024691490804
-0.005200851105130411
-0.004221698519217159
-0.0030045888141200434
-0.001537559126140864
8.165869760062757e-05
0.001891932862823075
