0.0038663750590256533
0.002694591822521633
0.0015328986577452196
0.00041586630045618807
-0.0012655227379454207
-0.003371212483829118
-0.004473626641337072
-0.00451532665700215
-0.004082928246697448
-0.0027968396871258924
-0.00164972106593752
-0.0006892963263260245
0.000909563036619769
0.0029433565760008168
0.004015095548231259
0.004094370319450972
0.0037090491594424582
0.0024945774251974354
0.0014812403972498957
0.000713961821292978
-0.0006360261516883423
-0.002355940290593446
-0.0033298736887370705
-0.003552205107660677
-0.0034098753160295586
-0.0026164440575436416
-0.0020402366406219816
-0.0017156341654416655
-0.0009634757238395754
3.594364158947678e-05
0.0006302712859334729
0.0008386143770943042
0.0008492535934571615
0.0005010342959913924
0.00035424143051838444
0.0004283701449830424
0.0003078093666624061
0.00011077706837927807
-0.00013547520172258983
-0.00047649877213928556
-0.0008449561500951414
-0.0012468070985326707
-0.0018092489229596662
-0.0025319646251635475
-0.0033613543905342594
-0.004327703257313082
-0.0041419216671121405
-0.002673532322765438
-0.0005520019476630585
0.0025927930292696426
0.006032202847834546
0.009731608533492109
0.014389576513694931
0.019870734834425835
0.022222988514420797
0.02115685533361699
0.018456819096080903
0.013025737864552613
0.007342064131327824
0.0015228241052991811
-0.006644854946518899
-0.016676682578667536
-0.0227897897233195
-0.024728578849597383
-0.024932638536968782
-0.02186156985660219
-0.019480636478028855
-0.01799257004164903
-0.014082495988911497
-0.008567165440701838
-0.004625567737433433
-0.0021294639768060985
-9.666523934354011e-05
0.0007170399092141949
0.003051929724293832
0.007040648217808301
0.010702546665759914
0.014643932083298573
0.01686756908626451
0.016963739497729582
0.01630392600699801
0.014262817003060839
0.011497791898288695
0.008086056622013596
0.0031234085135062695
-0.0032834049587297607
-0.007451424082838601
-0.009190964994521043
-0.010214267075429788
-0.009550542993475025
-0.009600968864397576
-0.010530990087102194
-0.010316419855636371
-0.009472703505475789
-0.008445497889843057
-0.00701400013169962
-0.005304303080786975
-0.003352276708229287
-0.000375227625720768
0.003661708354769405
0.008375358274239011
0.013964245518204108
0.016424102019437354
0.015350020475788964
0.01279266215689064
0.007617164820679318
0.002066251837004808
-0.0037194117845606592
-0.011869721536402686
-0.021946276671692834
-0.0258242443199337
-0.023008755505305244
-0.0170702893806483
-0.005793025558469091
0.005547008441052254
0.01669090268322299
0.03222218915397641
0.051085752777662106
0.06047787762840128
0.059753741272037475
0.0542900013224646
0.04062932940561775
0.02742122775008274
0.015063930543145719
-0.003792780317078919
-0.027409163229959597
-0.04288877546250292
-0.04995708290685437
-0.05361593009449518
-0.05052307163928154
-0.0501680159157827
-0.0530129057979651
-0.051462681488790865
-0.047509445225363316
-0.04132148257940445
-0.03194133318763207
-0.02058160376051186
-0.006959919110622533
0.011073817700328741
0.033605588815917166
0.05996104192605892
0.09073640109560074
0.10437713876435907
0.09881930222325325
0.08473867346337667
0.05603329286066956
0.025086735118014968
-0.007404360472006155
-0.05307193832885193
-0.10952015784334386
-0.13815529453593825
-0.1368718656689909
-0.12248002421557236
-0.08456440279916985
-0.04867837566770507
-0.016134315426435484
0.034919665800876715
0.09928969604949378
0.13357651690715522
0.13642497187970576
0.12502103343204218
0.08793816024373685
0.05618902540785394
0.031211250357509185
-0.012358641862098414
-0.06813069426160678
-0.09877925545970719
-0.10387223367704299
-0.09686271777725565
-0.0681164461514365
-0.04604309361034738
-0.03182905567046221
-0.003019326086165645
0.03448835619627325
0.05620448175272962
0.06249397575850702
0.061010079966631284
0.045602312990423895
0.036465402845043376
0.03433552333007879
0.023903955689430528
0.009401268084039537
0.00018496743390350586
-0.004632767485788912
-0.006614035994632355
-0.0036043906395877606
-0.005117335359693132
-0.011382733327231769
-0.015882813599723548
-0.020649463808855986
-0.023578588008089915
-0.02379326542345355
-0.023721427850131763
-0.022615621805403916
-0.019967704171705358
-0.015940341716228157
-0.010095865960069714
-0.002304964542821653
0.002980557536698282
0.005491606845044235
0.0074874511094130515
0.007803336196554395
0.009136541831712768
0.01172228353127022
0.013238791811373735
0.014284877864757494
0.014478881346230653
0.013482056115595647
0.01187348891952677
0.00943998771071561
0.005827573968054481
0.0010252095194810869
-0.00502671730634627
-0.01244981903197113
-0.01624873541853815
-0.015995889112140137
-0.014175206187933234
-0.009401718910893279
-0.004626126000338863
-3.991197205052284e-05
0.007046286891559066
0.016035423804135824
0.020170419409742193
0.01916143342292525
0.015827831057561904
0.008370092428442544
0.0014163959680564416
-0.004805035516951932
-0.014167434650239138
-0.025722800404295035
-0.031216603347607154
-0.03033537165119425
-0.026357597714490946
-0.017081011210575526
-0.00831354214722747
-0.00030295127525565007
0.011774555963980145
0.026745006642110682
0.034471466569569155
0.03458378364868992
0.031112460183842817
0.02136145225933129
0.012508779547881209
0.0048701213393193745
-0.007486676211873725
-0.023101069969776254
-0.03151123440185574
-0.03245816689629468
-0.029940419801827687
-0.02121766199156965
-0.01395522448640421
-0.008489831202585939
0.0013726515772831975
0.014051875900104559
0.021468467875360005
0.02361290452075299
0.023266432894086
0.018369036864953853
0.015265551741208468
0.014214522279380686
0.010290374872435495
0.004820028707201501
0.0012233570185842886
-0.00076173178619494
-0.0018640708059348894
-0.0012870413602052795
-0.0023284866455515305
-0.00509018617960623
-0.0072737727539138024
-0.009589897159471793
-0.011031727694331792
-0.01126038599176583
-0.011253029068512537
-0.01066700030430004
-0.009485117432321236
-0.007768917654595475
-0.0052096280612388135
-0.0017899769843578136
0.00042368147643844466
0.0013123578069406956
0.0018934145790976747
0.0016244024592418755
0.0017916152017697982
0.002498212392331393
0.0026451169599262534
0.002514190104486592
0.002687085234651842
0.0030806230017042004
0.003609261907682529
0.004393013482371856
0.004822123812569977
0.004874435766665114
0.004944225675700541
0.004893781053730029
0.004331406040411024
0.0032479089363748295
0.0017205747635120996
-0.00036418144312623903
-0.0026912756893666544
-0.005271783336977415
-0.008373344200207876
-0.011946593162197459
-0.013123756704049834
-0.011657141531435596
-0.00887051303527401
-0.003951504236683523
0.0013590100961062793
0.006984924868007858
0.014526562396542613
0.023653884704377213
0.02797096098003099
0.0270769833698249
0.02379559856693427
0.016378108548795674
0.008974077957252276
0.001787547998573009
-0.008793199652355562
-0.021939063519797075
-0.029344308916480634
-0.030685701739608412
-0.029369031064234816
-0.023190655913592463
-0.017947060512885346
-0.013919333377537528
-0.006303515551697365
0.0037086466918664043
0.009667081422182679
0.011563892390403698
0.011677060288414354
0.008370973329939418
0.00667551077423767
0.006814708915290645
0.004891130192333271
0.001968207923741176
0.0006188290758087807
0.0006304926549116469
0.0015077424042123848
0.003849602544042256
0.005141913728821233
0.005318665870673233
0.006128679490562295
0.007036057092910878
0.00704256427455983
0.006227730701462815
0.004680339369757395
0.002149996123959688
-0.00033110841729521454
-0.0027709544779147967
-0.005910146961493398
-0.009551214482944343
-0.011562485919086056
-0.0118202018864828
-0.011201037903855434
-0.009117128091688626
-0.007020867596599099
-0.004966895257199827
-0.0017060727516851832
0.002478316347499746
0.004868485321950637
0.005371286389432844
0.0050992068422182355
0.0033376212735637526
0.0020146739356533276
0.0012292869498898421
-0.0005957385239035789
-0.003057901769011165
-0.0039045905293733866
-0.003112605831649115
-0.0014788733844622046
0.0015787123716335938
0.004341340416286737
0.006741426838143305
0.01013847177639136
0.014178111009474576
0.015786027931428328
0.014822223969674956
0.012497863405490405
0.007978396958555877
0.0034011270670208506
-0.0011563447374485273
-0.007500608006428854
-0.015211731779608965
-0.019493585392485063
-0.020116599551726084
-0.019082862365006097
-0.015101760075463197
-0.011452958354092692
-0.008289455354676938
-0.002845053144554241
0.004216367216795695
0.008356135985423944
0.009497979747171715
0.009366154796003952
0.006789936105470548
0.0051540306957094904
0.004619679667628241
0.0024979151260250713
-0.0004997275198292926
-0.0019988354310308165
-0.002096666140243375
-0.001439182949614534
0.0005509675337644414
0.0017897610241029806
0.002206150835493045
0.003323607008043262
0.004699921143949599
0.005243200787416556
0.005013273673207431
0.004216936313324349
0.002582721770653601
0.0011403378442513248
-9.824546668313008e-05
-0.0018836106252616647
-0.004009601346757662
-0.00523848497877869
-0.005535446610641254
-0.005347104551474388
-0.00434261516465461
-0.003450213936992919
-0.002700534589183084
-0.001338711830189225
0.00045011256555402924
0.0016820608700988874
0.0023607769140997405
0.0028353000634382544
0.002858909767963364
0.0032147649854043863
0.003940919902187085
0.004439716265371426
0.004879851086483521
0.0046121851260799195
0.003500081629413491
0.001962485331096543
-0.00020988592358639555
-0.002800334244816613
-0.005794587780097787
-0.009499253256978212
-0.013886542675155562
-0.015755473482313567
-0.014846134243594317
-0.012663368263357695
-0.008313927737460303
-0.0037406420881956988
0.0009554521462715668
0.007538145812818224
0.015627032465537764
0.01998365895242006
0.020342376077391294
0.01894668939398451
0.014387899576334106
0.010184253846032503
0.006512074570465567
0.00038617025620787243
-0.007477270452513674
-0.011955772714796756
-0.012943544787712296
-0.012404465293660502
-0.009009337676855132
-0.006532163047368974
-0.005149784220332399
-0.0018387249818425442
0.0026130135827046796
0.004727041234596306
0.004536561235790578
0.003160406551200546
-0.0002800783086756462
-0.0029702359114873564
-0.004805852166736243
-0.00794099930848688
-0.011788206602235285
-0.013672327701540594
-0.013582882446160937
-0.012383403803758158
-0.009378767224558819
-0.0066882140687701186
-0.004375370765377126
-0.0007764466871721601
0.0036805559955121617
0.0076056355180372445
0.011075771355502709
0.014474381707366332
0.01747492541189518
0.021350878656617965
0.026158265185772342
0.030997775717777398
0.03615128417483014
0.03747282939245232
0.034446532530592294
0.02921580068504666
0.020556083210612607
0.010619503461238852
-0.0004928190627418425
-0.014978404974749254
-0.032457928700791026
-0.04333278875765489
-0.04701091536102042
-0.04783586739846702
-0.04320494028410376
-0.03932135689174477
-0.036531371568887194
-0.029467357663098753
-0.019396037505692184
-0.011709867626833834
-0.0061953998045415825
-0.0010875041229309686
0.0023451204101233416
0.00869553831535077
0.01821829283188399
0.02760780067340536
0.03790006336014262
0.0429100099810087
0.0416755824593456
0.0378523293567185
0.029579115832654795
0.019617780041622263
0.00817312278879621
-0.00783421733434414
-0.0279146654513417
-0.03909981485137724
-0.04063065249275074
-0.038404528315356436
-0.02893236327481152
-0.020610836355547307
-0.013934973829125945
-0.0016882960108458246
0.014392922866054585
0.0238207762654606
0.026528624284095897
0.026359647433736737
0.020647227210206072
0.017383707301701714
0.016946742585792526
0.013087526280681185
0.007499317869873845
0.003761946742888844
0.0014727224114894424
8.21985147797798e-05
0.0003870271410218594
-0.0013256733599753179
-0.005156491324832328
-0.008614118055847192
-0.012505179686603255
-0.014842851152010901
-0.015187899506614314
-0.01505764521968606
-0.013837091978245404
-0.012031449012335242
-0.009747726454203824
-0.00617956786587463
-0.0014185454341535233
