linear: usd->oil, oil->usd, nonlinear: usd->oil, oil->usd
band usd: 0 band oil: 0
0, 0.774, 0.731, 0.201, 0.198
1, 0.416, 0.418, 0.197, 0.2
2, 0.105, 0.052, 0.199, 0.207
3, 0.102, 0.052, 0.197, 0.217
4, 0.065, 0.044, 0.206, 0.219
5, 0.125, 0.106, 0.212, 0.218
band usd: 0 band oil: 1
0, 0.221, 0.601, 0.08, 0.09
1, 0.099, 0.124, 0.086, 0.091
2, 0.002, 0.01, 0.09, 0.094
3, 0.006, 0.01, 0.101, 0.102
4, 0.003, 0.004, 0.11, 0.109
5, 0.012, 0.01, 0.114, 0.115
band usd: 0 band oil: 2
0, 0.001, 0.215, 0.111, 0.07
1, 0.001, 0.314, 0.123, 0.079
2, 0.0, 0.126, 0.131, 0.095
3, 0.001, 0.12, 0.14, 0.109
4, 0.005, 0.106, 0.138, 0.127
5, 0.009, 0.149, 0.145, 0.137
band usd: 0 band oil: 3
0, 0.0, 0.02, 0.155, 0.081
1, 0.0, 0.137, 0.157, 0.097
2, 0.0, 0.068, 0.161, 0.115
3, 0.0, 0.062, 0.133, 0.125
4, 0.024, 0.079, 0.118, 0.133
5, 0.058, 0.126, 0.1, 0.136
band usd: 0 band oil: 4
0, 0.0, 0.001, 0.18, 0.082
1, 0.0, 0.158, 0.169, 0.105
2, 0.0, 0.155, 0.148, 0.115
3, 0.117, 0.248, 0.124, 0.117
4, 0.117, 0.26, 0.119, 0.128
5, 0.145, 0.216, 0.113, 0.132
band usd: 0 band oil: 5
0, 0.0, 0.0, 0.177, 0.076
1, 0.0, 0.072, 0.163, 0.094
2, 0.094, 0.217, 0.141, 0.106
3, 0.054, 0.186, 0.129, 0.12
4, 0.099, 0.214, 0.124, 0.132
5, 0.157, 0.24, 0.123, 0.141
band usd: 0 band oil: 6
0, 0.0, 0.0, 0.183, 0.066
1, 0.0, 0.015, 0.172, 0.09
2, 0.003, 0.073, 0.16, 0.103
3, 0.065, 0.109, 0.157, 0.114
4, 0.063, 0.111, 0.156, 0.125
5, 0.061, 0.127, 0.154, 0.13
band usd: 1 band oil: 0
0, 0.741, 0.359, 0.141, 0.098
1, 0.396, 0.165, 0.144, 0.103
2, 0.122, 0.001, 0.15, 0.119
3, 0.124, 0.016, 0.154, 0.128
4, 0.083, 0.027, 0.163, 0.14
5, 0.133, 0.055, 0.177, 0.146
band usd: 1 band oil: 1
0, 0.566, 0.602, 0.13, 0.141
1, 0.127, 0.129, 0.126, 0.132
2, 0.01, 0.01, 0.129, 0.12
3, 0.019, 0.023, 0.131, 0.114
4, 0.011, 0.015, 0.134, 0.112
5, 0.01, 0.018, 0.14, 0.116
band usd: 1 band oil: 2
0, 0.274, 0.574, 0.082, 0.077
1, 0.145, 0.129, 0.097, 0.09
2, 0.032, 0.024, 0.117, 0.109
3, 0.039, 0.023, 0.128, 0.136
4, 0.04, 0.026, 0.133, 0.15
5, 0.146, 0.039, 0.138, 0.173
band usd: 1 band oil: 3
0, 0.0, 0.121, 0.139, 0.062
1, 0.002, 0.282, 0.149, 0.086
2, 0.0, 0.159, 0.14, 0.1
3, 0.008, 0.159, 0.129, 0.118
4, 0.067, 0.188, 0.114, 0.132
5, 0.11, 0.241, 0.099, 0.146
band usd: 1 band oil: 4
0, 0.0, 0.008, 0.196, 0.06
1, 0.0, 0.123, 0.183, 0.082
2, 0.001, 0.088, 0.155, 0.095
3, 0.116, 0.207, 0.138, 0.105
4, 0.134, 0.213, 0.134, 0.118
5, 0.116, 0.15, 0.121, 0.134
band usd: 1 band oil: 5
0, 0.0, 0.0, 0.186, 0.062
1, 0.0, 0.064, 0.164, 0.076
2, 0.059, 0.162, 0.146, 0.085
3, 0.056, 0.131, 0.143, 0.106
4, 0.068, 0.155, 0.144, 0.121
5, 0.101, 0.176, 0.144, 0.125
band usd: 1 band oil: 6
0, 0.0, 0.0, 0.178, 0.04
1, 0.0, 0.026, 0.169, 0.059
2, 0.014, 0.085, 0.166, 0.082
3, 0.041, 0.098, 0.159, 0.1
4, 0.054, 0.103, 0.152, 0.114
5, 0.046, 0.118, 0.154, 0.127
band usd: 2 band oil: 0
0, 0.351, 0.002, 0.096, 0.137
1, 0.409, 0.0, 0.101, 0.142
2, 0.21, 0.0, 0.113, 0.15
3, 0.206, 0.002, 0.13, 0.155
4, 0.199, 0.02, 0.143, 0.155
5, 0.237, 0.028, 0.145, 0.139
band usd: 2 band oil: 1
0, 0.636, 0.4, 0.062, 0.078
1, 0.095, 0.188, 0.088, 0.098
2, 0.022, 0.052, 0.108, 0.118
3, 0.018, 0.058, 0.126, 0.129
4, 0.026, 0.061, 0.151, 0.139
5, 0.045, 0.162, 0.172, 0.129
band usd: 2 band oil: 2
0, 0.362, 0.391, 0.069, 0.071
1, 0.133, 0.137, 0.074, 0.078
2, 0.03, 0.033, 0.089, 0.092
3, 0.025, 0.036, 0.101, 0.097
4, 0.054, 0.059, 0.125, 0.111
5, 0.173, 0.173, 0.132, 0.123
band usd: 2 band oil: 3
0, 0.126, 0.432, 0.096, 0.06
1, 0.121, 0.07, 0.12, 0.085
2, 0.055, 0.027, 0.122, 0.109
3, 0.124, 0.038, 0.111, 0.129
4, 0.086, 0.032, 0.094, 0.139
5, 0.156, 0.103, 0.082, 0.134
band usd: 2 band oil: 4
0, 0.0, 0.06, 0.167, 0.066
1, 0.005, 0.222, 0.156, 0.089
2, 0.007, 0.15, 0.125, 0.105
3, 0.132, 0.266, 0.106, 0.12
4, 0.143, 0.251, 0.101, 0.113
5, 0.176, 0.192, 0.103, 0.119
band usd: 2 band oil: 5
0, 0.0, 0.004, 0.15, 0.048
1, 0.0, 0.075, 0.151, 0.067
2, 0.102, 0.155, 0.113, 0.083
3, 0.071, 0.119, 0.119, 0.097
4, 0.112, 0.163, 0.117, 0.108
5, 0.131, 0.15, 0.129, 0.122
band usd: 2 band oil: 6
0, 0.0, 0.0, 0.13, 0.031
1, 0.0, 0.031, 0.125, 0.052
2, 0.011, 0.062, 0.13, 0.069
3, 0.052, 0.095, 0.136, 0.089
4, 0.063, 0.106, 0.135, 0.102
5, 0.056, 0.102, 0.136, 0.112
band usd: 3 band oil: 0
0, 0.018, 0.0, 0.095, 0.175
1, 0.195, 0.0, 0.111, 0.175
2, 0.108, 0.0, 0.126, 0.155
3, 0.097, 0.0, 0.131, 0.141
4, 0.131, 0.038, 0.145, 0.117
5, 0.178, 0.079, 0.148, 0.106
band usd: 3 band oil: 1
0, 0.096, 0.0, 0.041, 0.121
1, 0.274, 0.0, 0.061, 0.126
2, 0.148, 0.0, 0.078, 0.114
3, 0.147, 0.004, 0.092, 0.107
4, 0.189, 0.061, 0.099, 0.097
5, 0.25, 0.1, 0.116, 0.085
band usd: 3 band oil: 2
0, 0.45, 0.182, 0.059, 0.112
1, 0.056, 0.152, 0.089, 0.138
2, 0.021, 0.069, 0.122, 0.133
3, 0.028, 0.145, 0.143, 0.126
4, 0.026, 0.086, 0.152, 0.121
5, 0.1, 0.149, 0.152, 0.093
band usd: 3 band oil: 3
0, 0.221, 0.215, 0.067, 0.058
1, 0.095, 0.11, 0.08, 0.079
2, 0.046, 0.062, 0.086, 0.081
3, 0.149, 0.151, 0.089, 0.091
4, 0.111, 0.119, 0.094, 0.102
5, 0.161, 0.156, 0.087, 0.102
band usd: 3 band oil: 4
0, 0.123, 0.31, 0.129, 0.102
1, 0.149, 0.067, 0.137, 0.152
2, 0.114, 0.047, 0.101, 0.151
3, 0.15, 0.125, 0.086, 0.129
4, 0.147, 0.089, 0.075, 0.107
5, 0.204, 0.092, 0.074, 0.09
band usd: 3 band oil: 5
0, 0.0, 0.016, 0.132, 0.081
1, 0.008, 0.12, 0.113, 0.109
2, 0.053, 0.142, 0.103, 0.093
3, 0.085, 0.105, 0.105, 0.088
4, 0.075, 0.113, 0.102, 0.093
5, 0.087, 0.088, 0.098, 0.087
band usd: 3 band oil: 6
0, 0.0, 0.0, 0.12, 0.05
1, 0.0, 0.063, 0.106, 0.084
2, 0.048, 0.108, 0.112, 0.092
3, 0.086, 0.094, 0.12, 0.083
4, 0.096, 0.137, 0.108, 0.085
5, 0.051, 0.112, 0.108, 0.081
band usd: 4 band oil: 0
0, 0.002, 0.0, 0.072, 0.219
1, 0.093, 0.0, 0.087, 0.182
2, 0.093, 0.0, 0.105, 0.158
3, 0.185, 0.082, 0.117, 0.139
4, 0.199, 0.094, 0.115, 0.133
5, 0.165, 0.106, 0.118, 0.123
band usd: 4 band oil: 1
0, 0.001, 0.0, 0.051, 0.171
1, 0.068, 0.0, 0.074, 0.157
2, 0.045, 0.0, 0.088, 0.121
3, 0.108, 0.062, 0.104, 0.109
4, 0.129, 0.082, 0.112, 0.106
5, 0.069, 0.072, 0.117, 0.109
band usd: 4 band oil: 2
0, 0.043, 0.0, 0.06, 0.161
1, 0.225, 0.01, 0.092, 0.145
2, 0.166, 0.011, 0.11, 0.118
3, 0.268, 0.124, 0.115, 0.105
4, 0.248, 0.134, 0.118, 0.099
5, 0.194, 0.191, 0.115, 0.101
band usd: 4 band oil: 3
0, 0.28, 0.088, 0.074, 0.127
1, 0.055, 0.135, 0.128, 0.145
2, 0.036, 0.113, 0.132, 0.119
3, 0.093, 0.126, 0.12, 0.09
4, 0.067, 0.129, 0.089, 0.102
5, 0.067, 0.204, 0.073, 0.107
band usd: 4 band oil: 4
0, 0.118, 0.131, 0.069, 0.077
1, 0.093, 0.103, 0.093, 0.112
2, 0.096, 0.114, 0.106, 0.117
3, 0.138, 0.155, 0.089, 0.088
4, 0.159, 0.196, 0.069, 0.079
5, 0.169, 0.21, 0.071, 0.075
band usd: 4 band oil: 5
0, 0.076, 0.177, 0.12, 0.16
1, 0.142, 0.063, 0.11, 0.166
2, 0.133, 0.077, 0.107, 0.112
3, 0.133, 0.067, 0.094, 0.075
4, 0.19, 0.144, 0.096, 0.086
5, 0.182, 0.116, 0.092, 0.097
band usd: 4 band oil: 6
0, 0.001, 0.001, 0.095, 0.077
1, 0.005, 0.07, 0.101, 0.097
2, 0.041, 0.074, 0.107, 0.081
3, 0.073, 0.078, 0.112, 0.076
4, 0.114, 0.087, 0.109, 0.087
5, 0.128, 0.091, 0.104, 0.088
band usd: 5 band oil: 0
0, 0.0, 0.0, 0.067, 0.218
1, 0.03, 0.0, 0.095, 0.187
2, 0.121, 0.036, 0.108, 0.156
3, 0.097, 0.022, 0.116, 0.163
4, 0.115, 0.043, 0.123, 0.158
5, 0.142, 0.103, 0.139, 0.151
band usd: 5 band oil: 1
0, 0.0, 0.0, 0.061, 0.176
1, 0.066, 0.0, 0.074, 0.148
2, 0.157, 0.058, 0.082, 0.134
3, 0.12, 0.049, 0.091, 0.131
4, 0.146, 0.071, 0.106, 0.118
5, 0.154, 0.104, 0.119, 0.124
band usd: 5 band oil: 2
0, 0.001, 0.0, 0.051, 0.148
1, 0.068, 0.002, 0.074, 0.136
2, 0.159, 0.097, 0.098, 0.124
3, 0.114, 0.051, 0.106, 0.124
4, 0.163, 0.102, 0.113, 0.116
5, 0.149, 0.146, 0.11, 0.128
band usd: 5 band oil: 3
0, 0.012, 0.0, 0.082, 0.133
1, 0.118, 0.008, 0.106, 0.108
2, 0.159, 0.085, 0.11, 0.101
3, 0.115, 0.102, 0.091, 0.11
4, 0.131, 0.093, 0.099, 0.111
5, 0.093, 0.114, 0.087, 0.112
band usd: 5 band oil: 4
0, 0.136, 0.048, 0.142, 0.145
1, 0.057, 0.13, 0.16, 0.11
2, 0.083, 0.136, 0.116, 0.114
3, 0.082, 0.16, 0.085, 0.095
4, 0.151, 0.187, 0.097, 0.092
5, 0.119, 0.195, 0.102, 0.094
band usd: 5 band oil: 5
0, 0.069, 0.064, 0.106, 0.105
1, 0.09, 0.095, 0.097, 0.082
2, 0.104, 0.105, 0.094, 0.093
3, 0.098, 0.098, 0.09, 0.089
4, 0.145, 0.132, 0.111, 0.109
5, 0.125, 0.114, 0.101, 0.102
band usd: 5 band oil: 6
0, 0.096, 0.066, 0.087, 0.097
1, 0.088, 0.06, 0.091, 0.068
2, 0.114, 0.103, 0.116, 0.083
3, 0.108, 0.086, 0.109, 0.076
4, 0.139, 0.11, 0.116, 0.092
5, 0.126, 0.113, 0.107, 0.086
band usd: 6 band oil: 0
0, 0.0, 0.0, 0.072, 0.215
1, 0.011, 0.0, 0.102, 0.201
2, 0.089, 0.001, 0.114, 0.194
3, 0.122, 0.062, 0.124, 0.19
4, 0.127, 0.056, 0.135, 0.179
5, 0.126, 0.071, 0.151, 0.172
band usd: 6 band oil: 1
0, 0.0, 0.0, 0.045, 0.177
1, 0.036, 0.0, 0.063, 0.165
2, 0.086, 0.011, 0.081, 0.145
3, 0.122, 0.072, 0.092, 0.151
4, 0.13, 0.057, 0.11, 0.156
5, 0.126, 0.055, 0.124, 0.157
band usd: 6 band oil: 2
0, 0.0, 0.0, 0.043, 0.164
1, 0.042, 0.0, 0.056, 0.152
2, 0.074, 0.013, 0.08, 0.152
3, 0.115, 0.072, 0.097, 0.152
4, 0.127, 0.079, 0.105, 0.15
5, 0.11, 0.089, 0.117, 0.154
band usd: 6 band oil: 3
0, 0.0, 0.0, 0.075, 0.124
1, 0.058, 0.0, 0.098, 0.127
2, 0.091, 0.039, 0.096, 0.128
3, 0.091, 0.089, 0.091, 0.126
4, 0.131, 0.093, 0.077, 0.128
5, 0.099, 0.054, 0.071, 0.13
band usd: 6 band oil: 4
0, 0.002, 0.002, 0.108, 0.137
1, 0.072, 0.002, 0.116, 0.149
2, 0.073, 0.04, 0.114, 0.138
3, 0.088, 0.073, 0.102, 0.137
4, 0.103, 0.115, 0.1, 0.131
5, 0.112, 0.137, 0.094, 0.127
band usd: 6 band oil: 5
0, 0.051, 0.082, 0.104, 0.107
1, 0.056, 0.067, 0.091, 0.119
2, 0.094, 0.118, 0.105, 0.136
3, 0.084, 0.11, 0.099, 0.12
4, 0.119, 0.142, 0.11, 0.127
5, 0.111, 0.134, 0.107, 0.127
band usd: 6 band oil: 6
0, 0.08, 0.061, 0.084, 0.099
1, 0.066, 0.068, 0.092, 0.096
2, 0.092, 0.106, 0.116, 0.109
3, 0.095, 0.11, 0.114, 0.115
4, 0.101, 0.111, 0.124, 0.12
5, 0.119, 0.124, 0.125, 0.116
