0.002669807505046252
0.008087500423540834
0.008526420228831823
0.003248086131401719
-0.0036423416478135475
-0.014008797719957406
-0.015064705522359475
-0.0054384933275615135
0.007206612146374029
0.026367980209680297
0.028815840188002255
0.012065535417585435
-0.009857462836934377
-0.04328711419557296
-0.049831009327143225
-0.025326674121449993
0.006564557800776463
0.05626793366818015
0.0683409485232987
0.03657158451445718
-0.0037843312349099675
-0.06772589637921944
-0.08562585300765822
-0.04926003726035067
-0.0044841573579469714
0.06752918137651774
0.09040906867349291
0.05453740716701208
0.012174428772466632
-0.05736012047633321
-0.08103140713198835
-0.04888761221790679
-0.013103457599437828
0.0461786581002569
0.06708524794430747
0.04038351796490365
0.012167788244920359
-0.03453978027321178
-0.051240924663344706
-0.030111068280393102
-0.00842895029313875
0.027265086356234567
0.04031648894017245
0.024523304154167713
0.0085918777598179
-0.017731268400066027
-0.027166580911340266
-0.014980433336985783
-0.002742175396148647
0.01721444741717258
0.021416073403864623
0.005981338683943091
-0.011521540905888016
-0.0377350687161019
-0.0441829037274189
-0.026968894846311105
-0.005234954051718451
0.028959479018644055
0.04531688708503314
0.04005287532680044
0.0344223526140212
0.02031443280960466
0.008527756472777667
0.001340861578811015
-0.013263998952592716
-0.032565844770409545
-0.039777834877301285
-0.03488920452429614
-0.023905404535194637
-0.002600618823825798
0.00843089938278346
0.007794027558899193
0.009091395155482601
0.0073403078391327745
0.009056303754644281
0.01582280644280587
0.020562631869344955
0.025050331677833538
0.022369860483319622
0.010907446033813942
-0.004778880727850585
-0.02700029193874659
-0.035752027489336105
-0.029087738234277464
-0.018654327120316273
0.0009691709366085285
0.01221058397750637
0.013172771197064616
0.016978084305772766
0.019211457976948655
0.015201033804441584
0.005544513647260454
-0.011120345388506595
-0.03610752157182225
-0.04082219458570775
-0.023425397740508825
0.0011399164253306218
0.04035160731406028
0.051853229508940474
0.03143941723113497
0.0056790327872043534
-0.03663858325444454
-0.05060096666510358
-0.030713645483287668
-0.0078059592407984475
0.030175289912979394
0.04452132668660975
0.029719993539268314
0.014304329715192061
-0.012244958706947225
-0.022109866761903234
-0.010669870499757192
5.550427546823075e-05
0.017760603581114292
0.019605056722519786
0.0016570929324513642
-0.0188632449545319
-0.048484051742306404
-0.052710272266834175
-0.027061052501035125
0.006580677721584922
0.057901746261136575
0.07250175830659099
0.04436872351465759
0.0077386702992295175
-0.052119796217491944
-0.07268461790278981
-0.0465873923014601
-0.016163433309220984
0.03530657718120302
0.05636492741376722
0.03970450132427567
0.023871929762051453
-0.005009527684372417
-0.01937574335533496
-0.013818585928651666
-0.012996347083054458
-0.0092628096588285
-0.005999158616207109
-0.005866216382325193
-0.00101738149956292
0.007239961886173647
0.009879117232342829
0.007305729991650356
0.0028527695926105724
-0.005499596923581589
-0.008255763169562563
-0.004635967240836308
-0.0008376014340484483
0.00551899211573509
0.007792977816772192
0.0049540434102052664
0.0020948422923755105
-0.002602905628396707
-0.005468110927129012
-0.005777634177379678
-0.0067979430859217505
-0.007505865918089359
-0.0058691864588529645
-0.001978925861668413
0.004058118921564412
0.012796623871119338
0.01615908981378223
0.01359626908913196
0.009484001002236746
0.0017173179979494413
-0.0011018650803284076
0.0019145149645013642
0.0048577021141510334
0.00994402470363245
0.004358104344727338
-0.013573065999781647
-0.03599629806032918
-0.06655320216737406
-0.06887879408130775
-0.03917919261331938
0.0021866023613342526
0.0653282097441805
0.09083151713643108
0.07280581679849156
0.048398190848346984
0.0018579751703791552
-0.023090261758217843
-0.020771478923123986
-0.025465741162751777
-0.02591437951826306
-0.02427680393915145
-0.023716672209675983
-0.014140793767769659
0.0035970770896054352
0.012497955614336337
0.013013174558208858
0.012940629067892761
0.008528887767846128
0.006296067348091259
0.006983429107061181
0.004446426242818871
0.00013265734168516438
-0.0009663965314335393
0.0007977644311614184
0.004018380852703996
0.009818056063274527
0.006199487071454968
-0.00784306490450976
-0.02568531421225298
-0.05053544756374367
-0.05290646194443328
-0.02977954332397121
0.0021473956339979863
0.05100781305429015
0.06997400921317509
0.054315888640513336
0.03341372488406134
-0.005178111342800261
-0.024461730559521118
-0.019696538617935574
-0.019123949853327986
-0.01313305917194896
-0.009783985236221128
-0.01213525004903396
-0.008541112320087493
-0.0013678929506944215
0.002216214992247391
0.0032524679118186074
0.0034569275052578007
0.0014788765827519772
0.002612330374770907
0.007161508413421431
0.011547486082969087
0.016999470364778786
0.016206238065281077
0.008125554541382632
-0.002869480722484772
-0.018919134711597944
-0.025304788143121322
-0.020552355386492277
-0.013562300358533695
-0.0003764558036809038
0.007028023446030023
0.007244916777330741
0.009411024099388089
0.010484460049397484
0.010401629938147318
0.00992143760537983
0.006625498478175777
0.0005399322193546687
-0.0009856928307152564
0.00217600561315731
0.006421871396286506
0.013518162436215462
0.009100912561597457
-0.008306701508138906
-0.030459251874499334
-0.06130153175153607
-0.06353971821929323
-0.03333809850270266
0.008256247209063195
0.07155278211601354
0.09212337409911765
0.06348394843913087
0.025264206211121545
-0.039767813978248766
-0.06526175620876817
-0.04338884204218093
-0.020455657977594025
0.021070625272270643
0.035836249377933796
0.016532659897337418
-0.0006905438179894349
-0.028206634896992565
-0.037898694429029364
-0.02411721235770528
-0.010401513547362778
0.01137181006698855
0.025686394465249927
0.029229720005324183
0.036266662201801095
0.042393970964517955
0.036521044045466244
0.018847270441937763
-0.009080057982261865
-0.05030403310147773
-0.06520127122970164
-0.050985302678510765
-0.029391198532581233
0.009916739169050877
0.028306215009134453
0.021721911906312716
0.01747377111121167
0.005689953013044297
0.00013375882592378178
0.004071953351492715
0.0028928888265117554
0.00036545118313149357
-0.0019174804721216975
-0.005594164676887506
-0.008553143323130185
-0.010890887020435103
-0.008457487358402105
-0.0003634073968126956
0.011332016039625949
0.02808473331252962
0.029937779822220168
0.01513012200640947
-0.005473256697171916
-0.03729403631264544
-0.046016006458149246
-0.02822993331199053
-0.004960327210556007
0.032957504878175066
0.0444987748135807
0.024922166753037402
0.0015369046207855527
-0.03664569658479932
-0.046043869886835245
-0.02099032264163513
0.008564457039393632
0.05449933078886182
0.06676843109544474
0.0388479014863514
0.004526673991520857
-0.049941296786563796
-0.06957818663326136
-0.04737921669068636
-0.021188501912663686
0.023895567395500444
0.04283013601310128
0.029175791536915754
0.01697104084130079
-0.005912741557917466
-0.016868877285384803
-0.0112281807704006
-0.009809543406267772
-0.006304316241539632
-0.002953877627973803
-0.0020207231057201317
0.0026849697181897006
0.010170916769358211
0.012112219993691699
0.00871968044068098
0.003199319665002076
-0.006381374071718985
-0.009828733130882512
-0.0062859425835025936
-0.0022313440480193386
0.004929735007984845
0.007547876666187269
0.004536255760318209
0.0016790372114442523
-0.003076366046753299
-0.004351627419811236
-0.001189979823278811
0.0021635313500138614
0.007233100773105293
0.007226569094631597
0.0011663844327466158
-0.006452227287127196
-0.017560782603389377
-0.019320986335375972
-0.010295979509017018
0.0017598780621580503
0.020383221166929266
0.02567864802390733
0.015504526840968378
0.0023720123165467347
-0.019075205890121346
-0.02664665531979793
-0.017699308826557833
-0.007355551178670416
0.01031871490482272
0.01845912276861242
0.014590399605662644
0.011731325781568021
0.005348757637126106
0.0003910424524782017
-0.0016769100902849117
-0.006971039137919082
-0.01410472968795641
-0.014409794838920473
-0.007852747858642671
0.002510862933108493
0.018882875692830856
0.02353599485940982
0.015045044157318537
0.003783438092393037
-0.014869292762270718
-0.02217891343387801
-0.016005660510509147
-0.00918377399583669
0.0032328980268171866
0.009332292878700556
0.0072046410885881155
0.006654835210972711
0.004486288197688644
0.0019469993010118574
7.039188344150936e-06
-0.004541690996629494
-0.01127282803934178
-0.01262992735885021
-0.008448027588188287
-0.00204206514470306
0.008481806099388953
0.012682267384000101
0.009641669255126536
0.00596494530309598
-0.0010355457091012256
-0.004673433202580252
-0.003981302563612566
-0.004392779900888214
-0.004161938532096139
-0.0014875250002930396
0.0033307156940343904
0.010859350682669024
0.021571731584706617
0.024269207862197675
0.01821432098808415
0.009204559540985861
-0.005706013159280783
-0.017452393475880436
-0.025188034600312974
-0.03583252809264962
-0.04720594981234961
-0.042400508878416746
-0.020336211983710113
0.01275628826728774
0.061698510193190975
0.07520909562950212
0.04905996386679155
0.012044304240327762
-0.04946027573359376
-0.07276645358199284
-0.05130225312249688
-0.026646660924649776
0.017640672623187144
0.04069514453709558
0.03631659044560199
0.03773971263794296
0.034133365541666086
0.023792668935149006
0.009409728117235965
-0.017059933544039174
-0.055885803603360346
-0.06332393289578978
-0.037159921966678285
0.0012265765891215598
0.06316594880196429
0.08305078951618987
0.05468996021164735
0.01907869380133472
-0.04099144489953178
-0.06869084374138226
-0.0567604625395794
-0.0467835925398235
-0.023737897163609037
-0.0066399178533304145
-0.00021930860104611358
0.017057867499101067
0.04006306472457917
0.04828374719355227
0.04251132509628548
0.028625764558829037
0.001689157151586017
-0.012433313995616431
-0.012208439332733122
-0.014382094988335899
-0.012769389582422064
-0.013094676428305575
-0.017050357342909807
-0.01697389499847916
-0.014364328855409017
-0.010708135249023311
-0.004939975885641951
0.0026854124391984774
0.012263144297821098
0.01781764941733327
0.01876559246628696
0.01817171257885275
0.014345593455801423
0.007956350476520598
-0.001057696066897346
-0.01461530553536796
-0.03283907156502965
-0.03361051631032631
-0.015264372203615597
0.011440453789307265
0.05255008970992933
0.06335096894714853
0.03974515983008613
0.008325867675132948
-0.042781375312303506
-0.06308229302913776
-0.046874685198212016
-0.02833017842241546
0.005915350052171526
0.023601578956405224
0.019699020492490307
0.020790883419754724
0.018303069595673162
0.012167741441463513
0.004719317331785371
-0.010993621384266159
-0.03476865253795786
-0.03988920328115217
-0.025333975145174353
-0.0038993275625218947
0.03118967167292209
0.04386624717745004
0.03073654763913737
0.014776796399935935
-0.013397229606071152
-0.02619478145340624
-0.019833911525804715
-0.015318148847964827
-0.005338422535421606
0.0026793940682577314
0.006417083909532443
0.015436614818696084
0.027651570863135966
0.028369478447025965
0.017465812670872674
0.0003383931784567942
-0.02674886848078165
-0.0362134722738767
-0.025837493813424685
-0.012038092756798565
0.012331368555658273
0.024535890463794438
0.021804434977660762
0.021020963462946192
0.01628917867626741
0.006342696752788757
-0.007699227511064399
-0.030114528260747463
-0.06133194077376782
-0.06298809307821816
-0.03252819006199595
0.011236367396787636
0.07857661404004046
0.0965372404034872
0.05830325179741959
0.007520691456237858
-0.07521337712445203
-0.10243719912397602
-0.06427483990663338
-0.018873528403226862
0.057075203256403084
0.08617915003923003
0.057896111130531905
0.028655608090602008
-0.02240109237261209
