0.00237109901322783
0.0023944560017126384
0.0024169946552877798
0.0024386011179212165
0.0024605091725555367
0.00248235527348681
0.0024997762636037413
0.002512456823768698
0.0025221737586214495
0.0025276885044278373
0.0025317863417370252
0.0025345318771971023
0.0025334016797570074
0.002528897809122439
0.0025236873918220537
0.002517625855741503
0.0025096967761106185
0.0025004849283108608
0.002487646473897107
0.0024709816779918477
0.0024520830553308283
0.0024303695116396485
0.002409275006152792
0.002389259471672591
0.002368241613033039
0.0023472068179412812
0.0023244748470831016
0.0022998716136701353
0.00227509966681805
0.002249808590206241
0.002220851196096429
0.002188173643663232
0.0021530539220107
0.0021146932229355385
0.002075354190012326
0.002035170433997793
0.00199234301237573
0.001947361418927406
0.0019028632497743703
0.001858900290236567
0.0018145702052915467
0.00177057263460228
0.001724936330135674
0.0016776064806831373
0.0016301851228627314
0.0015822846803506903
0.0015326240712274044
0.0014812976114048416
0.0014286768776372693
0.0013744764347006376
0.001319905875255469
0.0012650355646558586
0.0012090444962524931
0.0011522147397738814
0.0010920600079248513
0.0010282580082769588
0.000962190310897054
0.000893130295119605
0.0008223242113515953
0.0007498589524715344
0.0006744573231478733
0.0005963538596778908
0.0005176179227583686
0.0004382417216311292
0.00035736235344889836
0.00027547828659348815
0.00019101693569745953
0.00010385811938097664
1.5182579662010799e-05
-7.537524218587994e-05
-0.00015417234685674837
-0.0002196869825812057
-0.00027856937321693484
-0.0003268228732811306
-0.00037199194522912724
-0.0004143706858773419
-0.0004465254259694385
-0.0004697928919106102
-0.0004944129546847074
-0.000520128632640609
-0.0005426890980047607
-0.0005644464258897169
-0.0005771298402573741
-0.0005800243046493016
-0.0005790324357432541
-0.0005721402854977579
-0.0005682499912139252
-0.000568753424080879
-0.0005678886620019563
-0.0005682629554478704
-0.0005659220888660118
-0.0005603925003633722
-0.0005559461206770039
-0.0005517624233490382
-0.0005389465640701174
-0.0005172925084690582
-0.0004905335053803234
-0.0004564014731205379
-0.00042114983048324636
-0.00038516726703695446
-0.00034343065686051025
-0.00029729586892292856
-0.0002575074511128541
-0.00022455236278033357
-0.00019432183618866392
-0.00016974942423949368
-0.00014340204028444117
-0.00011505661108197066
-9.104614024575936e-05
-6.994348008175387e-05
-4.578441389298233e-05
-1.8908723773165667e-05
8.675566862634704e-06
3.830799618533792e-05
6.46447240739694e-05
8.732033056803388e-05
0.00011001436925822688
0.00013145858458207203
0.00016074439150793118
0.00019910042666388157
0.00024127969805892892
0.00028993679950751274
0.0003406257900137289
0.0003929865454488451
0.00045161660283276267
0.0005156577811830172
0.0005772001409733586
0.0006362141772998461
0.0006959967747053798
0.0007546103820249667
0.0008179422009447647
0.0008864173556672937
0.0009555324610047493
0.0010266300578001145
0.0010857789769802165
0.001131066253855208
0.001169981172700399
0.0011983543739448328
0.0012231145602050175
0.001244611500846406
0.0012555471192602626
0.0012571230400202928
0.0012610218766152315
0.0012670987245984233
0.0012703038220717867
0.0012733697442529543
0.0012672293658351095
0.0012510835591421497
0.0012315497489251695
0.0012064335429839573
0.001183627547166534
0.0011645136105910426
0.001143680583776063
0.0011234743951146773
0.0011006889924643007
0.0010748767961937262
0.0010497094777279737
0.0010245175587109247
0.0009908188943589774
0.000948368758913603
0.0009008002977625887
0.0008459358660626887
0.0007896205335208744
0.0007322226544467808
0.000668991791664863
0.0006011898065756968
0.0005414604313824329
0.0004905081136535769
0.0004432637087522982
0.00040321480125069003
0.0003619020793444703
0.0003190532140899896
0.0002820183417074283
0.0002491843050609438
0.0002131367412103221
0.00017424335862707964
0.00013511150864112386
9.406360623093164e-05
5.759589552249844e-05
2.6169153069075603e-05
-4.730864658704344e-06
-3.355946250599565e-05
-7.050752845187783e-05
-0.00011698914753516985
-0.0001670276271598137
-0.00022360416410922252
-0.0002818126336845436
-0.0003412354946317433
-0.00040698994839034273
-0.000478124390822264
-0.0005455960287046657
-0.0006093487155397058
-0.0006731645511545069
-0.0007348184040783304
-0.0008009905146934437
-0.0008721586109329568
-0.0009431839060393307
-0.0010155829450162065
-0.001077622799017436
-0.0011275400518335487
-0.0011719155334487437
-0.0012071967963198497
-0.0012388956692457596
-0.0012673197698659514
-0.0012864370309554132
-0.0012971859601125927
-0.001309900154239124
-0.0013244992630382843
-0.0013364339414998847
-0.0013481342706828624
-0.0013517035017891258
-0.0013464339075947224
-0.0013381333144828703
-0.0013248907771869806
-0.0013128864961803567
-0.001303264640759591
-0.001291641020547889
-0.0012798640194332763
-0.0012655503112913996
-0.0012483306053865456
-0.001231024534752998
-0.0012131276514518743
-0.001187714461681489
-0.0011545589942942
-0.001116649972105438
-0.001072198713787276
-0.0010259177008928363
-0.0009781004979283665
-0.0009248825391914287
-0.0008672741497830436
-0.0008166996807139687
-0.0007738398625689554
-0.0007340191083462044
-0.0007003980913009816
-0.0006654318195582331
-0.0006288650227716095
-0.000597298583341269
-0.0005692935954592252
-0.0005379923461091257
-0.0005037096644401577
-0.0004688893839161626
-0.00043197121649730556
-0.00039890104748246903
-0.00037010156479552715
-0.0003414166587698493
-0.0003142570550540495
-0.00027959008424548827
-0.00023614326002440136
-0.00018924234373541717
-0.00013623888608564548
-8.144311922156826e-05
-2.5224799240823942e-05
3.6940309171617224e-05
0.0001042188021855091
0.00016853711685108495
0.0002298420160313171
0.0002915230198954139
0.0003515937819833597
0.00041600893756022444
0.00048519763671955315
0.0005545779139781535
0.0006255032042980633
0.0006874759551311296
0.0007389209672310354
0.0007857247876168604
0.0008247101623410797
0.000860814901357016
0.0008943152711356441
0.0009198129656499945
0.0009381499573831251
0.0009585724798104034
0.0009810096786149942
0.0010013935039616504
0.0010218992911315448
0.0010354625539051295
0.0010414514945938978
0.001045063842920893
0.0010445910878532343
0.0010455848810885246
0.001049072366393959
0.001051122470254635
0.0010533963291086302
0.0010537510072391653
0.0010518569870333176
0.0010502498059058712
0.0010484773301634048
0.0010403298248262921
0.00102560690326372
0.001006989931375089
0.0009828765281509996
0.0009574964619965708
0.0009311147551624809
0.0009002664979546205
0.0008658599292154579
0.0008381634334303135
0.0008177914173314823
0.0008005429811802258
0.0007892606150668094
0.0007771673586939348
0.0007640357366297903
0.0007557991333525159
0.0007511667660847634
0.00074397527739381
0.0007345093351748885
0.0007249685862578369
0.0007139521500468272
0.0007068067002242964
0.000703914223031052
0.0007015405073060641
0.0007009556046464586
0.0006940445133716722
0.0006796655425953023
0.000662606776558088
0.000640490169845342
0.0006171906517711275
0.0005930424638980876
0.000563982079282354
0.0005307603017129329
0.0005006348334206124
0.00047365552775474823
0.00044677807186433257
0.00042178957439719224
0.0003933406625177492
0.00036104761107343965
0.0003290301620408428
0.00029607396410374627
0.0002673510877966305
0.00024384022361073786
0.0002222461281885575
0.00020418391991965372
0.00018765742696561215
0.0001725022639312711
0.00016121312164394652
0.00015346692734689057
0.00014401233725595293
0.0001328173500914862
0.00012228764741000059
0.00011116349851207154
0.000103278054264053
9.898128863199841e-05
9.53770981110857e-05
9.33851377225149e-05
9.093657399792195e-05
8.754602836137352e-05
8.488778705301303e-05
8.231886877966489e-05
8.043002818636401e-05
7.936306311641931e-05
7.825314186602705e-05
7.722838657277455e-05
7.901608138819596e-05
8.373375580709683e-05
9.01578222056052e-05
9.900090478795408e-05
0.00010847789365875043
0.00011847337984423348
0.00013048438332297996
0.00014413081021107273
0.00015337533337803338
0.00015779469943580422
0.00015996602428703247
0.000158200802886138
0.0001563483420992154
0.0001545458647662759
0.00014935181408124237
0.00014149317366384578
0.00013477604871704813
0.00012904697533217587
0.00012289827483480625
0.00011719947717951862
0.00010870985081661267
9.71894993910514e-05
8.491821176630435e-05
7.11240394568601e-05
6.034161890814928e-05
5.3226421586523106e-05
4.7054084315991526e-05
4.315554479611898e-05
3.940258639504194e-05
3.560055272515403e-05
3.400160315241361e-05
3.419029425852416e-05
3.202160829934174e-05
2.745525809867139e-05
2.223480303309995e-05
1.5333969332744226e-05
9.781954262580822e-06
5.792865521094323e-06
1.0180299722052718e-06
-3.858997781784514e-06
-9.504898266374158e-06
-1.62479469817806e-05
-2.328694073404138e-05
-3.088235410420768e-05
-3.9208956594825584e-05
-4.822346930634163e-05
-5.809003285168586e-05
-6.886190493385001e-05
-7.918918803531283e-05
-8.900739907689986e-05
-9.902316185591045e-05
-0.00010889591916786188
-0.00011946809934319354
-0.00013082759189319307
-0.00014227952465261704
-0.00015402333350796963
-0.00016643115931930613
-0.00017946401964325477
-0.00019309422116595574
-0.00020741032759914382
-0.0002220493178957526
-0.00023701476887444102
-0.00025256615942677877
-0.0002686343991438376
-0.00028526362450781364
-0.0003024919834689273
-0.0003202571737930232
-0.0003385837521618223
-0.000357528599638222
-0.00037709584092414144
-0.00039728526872740436
-0.0004181163123046624
-0.0004378023262712561
-0.0004561706212512869
-0.00047407917163260193
-0.0004910171186157336
-0.0005080187003595397
-0.0005251319330050831
-0.0005413791553011214
-0.0005569539680623219
-0.0005731422133586047
-0.0005899144063381702
-0.0006067619805563597
-0.0006239856594269722
-0.0006405472537317293
-0.0006563672846601955
-0.0006721969560320285
-0.000687790637784237
-0.0007043045112646783
-0.0007219247265151629
-0.0007399214497771408
-0.0007586390077586152
-0.0007775735180353416
-0.0007966731688347288
-0.0008164983693408266
-0.0008369516347485784
-0.0008569068890534966
-0.0008763475681531639
-0.0008957578566720467
-0.0009148575316448815
-0.0009344552248504879
-0.0009546095153953874
-0.0009746878402486559
-0.0009948726196692347
-0.0010107265120290726
-0.0010217219272335527
-0.00103006300245503
-0.001034438383069532
-0.001037236672431381
-0.0010385503344731543
-0.0010359786872444804
-0.0010299376033911047
-0.0010238447262833944
-0.0010176193217589715
-0.0010098183469450614
-0.0010012258057405007
-0.0009890979682828237
-0.0009731907346007935
-0.0009554627079089338
-0.0009352420739257096
-0.000915357698440751
-0.0008962562236893157
-0.0008760788523254494
-0.0008556522497345951
-0.0008337297237360631
-0.0008101531402742827
-0.0007862701982913911
-0.0007618174653842693
-0.0007339191550563461
-0.0007025000868191244
-0.0006687637292433091
-0.0006319716261187487
-0.0005941285783128057
-0.0005553541749997358
-0.000514024348900526
-0.0004705689876050018
-0.00042870817750859753
-0.00038861957956967425
-0.00034884887472525405
-0.0003104118286221802
-0.0002707562728645211
-0.00022979872712930525
-0.00018971919970912888
-0.00015002471171382393
-0.00010859907474652063
-6.555146976018394e-05
-2.1599421488112293e-05
2.373771084465975e-05
6.858945102255447e-05
0.00011283093647618946
0.00015776328343292242
0.0002029462050354973
0.0002514886536383082
0.0003038190539605604
0.00035814163710802045
0.00041536844653745664
0.00047399472565124936
0.0005339013276821435
0.0005966593592194451
0.0006619820988489492
0.0007271561630372562
0.0007921743170465756
0.0008581762215510355
0.0009245001251718097
0.0009931694915748224
0.001064334790591785
0.0011364544236603642
0.001209993146993872
0.0012741048394351905
0.0013275122996869758
0.001375626580039589
0.001415252706352752
0.0014522450407849856
0.0014868443051895372
0.0015131925159620582
0.0015323205515789164
0.0015525930899202686
0.001573825593316094
0.0015925062494717684
0.0016105640164550765
0.0016213070349561168
0.0016241522714245103
0.001623899239255516
0.0016189195264180497
0.0016160839462343475
0.0016164915585584344
0.001615639237301707
0.0016155442727790242
0.0016132052109611046
0.0016082500046853863
0.00160395464942305
0.0015996943385198277
0.0015884948869927882
0.0015701846576084062
0.0015477014652713408
0.0015192631711968695
0.0014897493041864359
0.0014594625623064429
0.001424470766444671
0.001385829688364508
