-0.030910045125291094
0.0246393176291915
0.006512045098931852
-0.08639491985109035
0.09046788217982729
-0.0073774375389180115
-0.007531625023650292
-0.03562321859244677
0.05518840842306991
-0.08051200878736682
0.04953736133356762
0.060114164128445266
-0.07703017293445204
-0.006993337404210653
0.0339033626738367
0.003480429222824261
-0.005045482792919753
-0.03926624176431227
0.049436427447869406
-0.008997273296278209
0.012342676328311396
-0.08527392304073277
0.08979434350013021
0.0210236491779907
-0.0193283262549242
-0.1558319988537127
0.1352151925343766
0.11344188254590695
-0.17090517049399181
0.044452882360402554
0.00789545008394216
-0.01158997304758904
-0.012939563039984161
0.08678637226659308
-0.08525003230514151
0.00029557863670293116
0.03321718060965569
-0.0011254197675575114
0.007925996545086382
-0.06791975086208002
0.06301020287846387
0.005089949596208596
-0.0468848229539838
0.0546524407239258
-0.06719582848227909
0.10647058746574284
-0.08786861491115401
0.0008347179202517867
0.02344483368426803
0.011894710852924711
-0.026848950958998873
0.02554431573899302
-0.018014752421244826
0.0027254683115858856
0.007040094355465488
-0.006068253567915967
0.013990292957437553
-0.03872825775610943
0.038541607560525847
-0.012680043529622941
0.008295995344342437
-0.012542166304177113
0.02939966929284258
-0.07203867196907009
0.06664385281723043
-0.012217765241876887
-0.01579886617817735
0.013969527424838559
-0.018794964892478186
0.0406137784660652
-0.03393902823292627
-0.008190975053106751
0.018440538999346397
0.0050947637061715114
-0.008817085420374458
-0.005795194670293652
0.015486487411678984
-0.019180774889854722
0.021775200822119322
-0.026622798497371876
0.02129978438607519
-0.005705347851768271
-0.003740427697621027
0.00530650112719401
-0.008112666451966642
0.01689749337045135
-0.012978703011302987
-0.006416304060507646
0.012328992071043644
-0.0022988880286342593
0.00152503408702267
-0.011798061705065985
0.011290088937916588
-0.0011392884590667573
-0.006159841075240884
0.013202472855920184
-0.016235187830036985
0.00920385838321845
-0.013134882330790475
0.039583273248763165
-0.03827575378147808
-0.005898960988478303
0.005074164047390502
0.055551897383541965
-0.06230603175549383
0.0002889275727002427
0.008791826256339879
0.05315586906435088
-0.05462884271346616
-0.022367961903260555
0.030797916419727723
0.042658451691392284
-0.05399883424151592
-0.0032928013368241603
0.015495495109518467
0.01592659247479635
-0.02902477296858184
0.023902337781557672
-0.01630577396905417
0.01564381413072877
0.001074278827434248
-0.04318139055200925
0.050039283017635224
-0.02002288835766791
0.013033334755845772
-0.022221283163969756
0.03178890922724321
-0.053706472830756025
0.046794772199338676
-0.0004056105286183477
-0.008317644519465858
-0.034212733565143025
0.03781508215317775
0.019706593786099208
-0.014642907334350848
-0.07039214056996847
0.0754533088727204
-0.0017776202684937903
-0.03115621638882873
0.03200084551694575
-0.023347261903885964
0.0005023669034328283
0.004475340153536327
0.008500917227181645
-0.009548173900373602
0.006205289759171291
0.004085426762845569
-0.030431591898603328
0.027414217618130888
0.010309752655498031
-0.02421128288064215
0.005620679005285854
-0.0112777788644241
0.049514439486622853
-0.052238726780244216
0.016274048897244847
-0.0021552945861873967
0.013319138540780305
-0.009989737774791639
-0.012204593574908697
0.018592882745343153
-0.002853249788054097
0.005565579316487598
-0.03007302527551114
0.031560399346380386
-0.013846670686724093
-0.002694908927407353
0.016793255250220095
-0.023556571807435294
0.03116575046222486
-0.021086962239221473
-0.011686176159500851
0.02164003856930333
-0.005152372004442883
0.0035078292869725547
-0.020336697801094858
0.020619271906068475
-0.001943736200337269
-0.00572121763451774
-0.001910960015307361
-0.003251408650940781
0.022403286464579647
-0.026293786499031774
0.02257867921406211
-0.01169492543895069
-0.012514171756884587
0.008662425783027037
0.012458694195344846
-0.032562158630494734
0.07060248012955692
-0.057438373205264806
-0.013650416484699519
0.03565969665553431
-0.011540734979241381
-0.001521030017119556
0.003587114190130713
-0.004223365176747107
0.008089718937594307
-0.0028843315632047827
-0.014159369868224164
0.01565171485357241
-0.005618791147500237
-0.003521611426901767
0.016041047119971504
-0.0128345751174976
-0.0021995619415493047
0.013875267049513739
-0.027595089049481887
0.02364869065147844
-0.0045800526165194685
-0.007060686434813286
0.018886033968139992
-0.015913259927064275
-0.009647666956684812
0.010228093765283301
0.01946342686859072
-0.02367974145363597
0.001246317791690905
0.006484061026183738
0.0024509346018175143
-0.00541295203994153
-0.001833412278197373
-0.004986861734690394
0.02355335997548037
-0.033143949951830995
0.042601618055117835
-0.03423973157324557
0.0022835999371189995
0.003493918986765974
0.016559110957367628
-0.023998579941441497
0.020851693083112438
-0.01578144843391155
0.009241171024161445
-0.004557976118109389
0.0004910939821713759
1.4880062240768656e-05
0.002863092209863727
-0.004516145513364632
0.0017038010166424177
-0.0004556253483365407
0.010616694808263293
0.00027735828239368646
-0.04010008623497278
0.04646188975479916
-0.01583545564296633
0.0050317967956645055
-0.021839695478546098
0.019404633158380008
0.016695764336705894
-0.014322048228361799
-0.03924408269292977
0.04052066446705223
0.011588096457573962
-0.031102392913531934
0.021125661188003016
-0.010038369001328476
0.0023715432903906736
0.009529388122015385
-0.031166409384889234
0.032399366219539566
-0.013326586370714514
0.0042248397167155526
-0.006148756903132455
0.008558230141680029
0.0029078839719542367
0.004502047545009007
-0.055475562317296376
0.038514047982041826
0.057487305480912014
-0.08069400518389905
0.03388057817442905
-0.005171823270542661
0.0035068834199329124
0.008602598448477397
-0.05007542974414839
0.03795080529294535
0.034246407900321435
-0.05422535045063286
0.030093738060842135
-0.01160306787872485
-0.013370724114593125
0.010189831583756524
0.025002560260115707
-0.026480561297768178
0.006473128366287006
0.02047521090026759
-0.06383538020553539
0.06573485148186858
-0.028639328040318546
0.00193759901717363
0.01097091669818936
-0.02644118293114138
0.043719741436704304
-0.04365218326572634
0.04198160367097434
-0.012970389075319654
-0.055016491186034355
0.074766262133905
-0.03444349487953217
0.02975904354781508
-0.07142327060732477
0.05772278858690163
-0.005157355589376734
-0.039395634447297066
0.10616719235462295
-0.09466850439590815
-0.010438858485874634
0.034536305880519126
0.028916553624574196
-0.05027356256366794
0.0154888869660045
-0.022319218907739937
0.08059273891727045
-0.08410282043542598
0.03507887530655525
-0.002535940349045329
-0.011053978471645019
0.028387618107530762
-0.04756273259518123
0.05230927087426971
-0.060981079805075444
0.03878011663190711
0.034430655583982034
-0.042036615992157744
-0.0308017757341626
0.04065097513416067
0.019814066841541952
-0.028567680282131195
-0.004045698845077125
0.023607680684443834
-0.05819670734761029
0.038186557145258336
0.0627397500539106
-0.06614066577398355
-0.031456571182582355
0.06093338792862148
-0.03995742252785206
0.011126152406996558
0.050661913396661346
-0.05119519981224649
-0.03454137916935018
0.03372755712375509
0.06557105604340491
-0.08567826469307079
0.032457015346285305
-0.0023704042483917863
-0.008963661451950988
0.004512070358674238
-0.00023088586063515874
-0.018401654340124748
0.07196788018262461
-0.056015457514363945
-0.02654517094382287
0.06736809547361572
-0.08259881057588303
0.07150592698645951
-0.017541255937214416
0.00923587176295041
-0.06408854262076341
0.05637818840554919
0.021429641101331543
-0.04687645434944616
0.012176778306910944
-0.0016979905555183916
0.03488969692132643
-0.015279651847495886
-0.06754746467952429
0.0875390806846314
-0.04616446532192654
0.022507379014759847
-0.02418762154425742
0.01577543412245834
0.025998132787310294
-0.019134338233623985
-0.06936096615878168
0.06530015011812362
0.06666913362604275
-0.07836950265452297
-0.060937293234771116
0.07460870098312608
0.05399182185777466
-0.07979361669569668
0.004930840437109191
0.023938573250885387
-0.018276127938060827
0.0016275924228562853
0.03003839682672054
-0.03520861597207064
0.020776768715718433
-0.002175972801367763
-0.0197230849442717
0.025034983001303565
-0.03058520818068019
0.00928139164901694
0.05657627045307224
-0.0629657514347063
-0.0011185093892799487
0.013366738794597459
0.033766518510187644
-0.04152966229852234
0.00610888964694025
0.0014223154386883937
0.017466396329004534
-0.025521716251780912
0.02637433397859963
-0.022390521829077643
0.005524409137404056
-0.0023614402689241484
0.0240423446601002
-0.009240565151940923
-0.04029905975950495
0.06476953921308573
-0.07138646237426789
0.06075617831744988
-0.03561067733950243
0.01694666102118213
0.001746415166004005
-0.006865966908654807
-0.01170144826385534
0.007158081788919023
0.032255213320578104
-0.029363136129496197
-0.015208041119101807
0.030932784659614604
-0.02766509881390257
0.008637076232895573
0.02385565380118127
-0.03857291217098243
0.04764898455680603
-0.029156113987776178
-0.013529966840049918
0.03455480854357396
-0.042764445908080574
0.022510954209027025
0.011164924080396564
-0.04840021487662505
0.10855180923276565
-0.10245182659213424
0.029386770558155903
0.0078583131327108
-0.007400844441983703
0.012323608859000539
-0.028542823595999234
0.01955633999883691
0.0025472181328994445
-0.02393012440632422
0.0686324019867419
-0.05225700610314358
-0.04001912829761864
0.06391343086438678
-0.004730537646021505
-0.006037907917180422
-0.05641609706884855
0.04371540549514684
0.0598810901165296
-0.07919925529717918
0.016831087038765142
0.01069893422897169
-0.01249538371911958
0.0051194963554068475
0.020992276209875333
-0.021612931895556752
-0.012784090733862071
0.013010574872629401
0.023664494621150365
-0.031807186986827204
0.014978973477116467
0.00014875448142096306
-0.01471952653399594
0.024476224959979778
-0.023479424277994224
0.02826183133569541
-0.04595070412973369
0.03393903854425035
0.0022248235442173005
-0.03397756648266604
0.05415131658704529
-0.06344510345356498
0.08976223756293072
-0.05262751042482581
-0.060171243467628636
0.09499743323503711
-0.05140523673132334
0.028514845692783775
-0.036194161321162294
0.01725489479525046
0.03312078573615562
-0.04838880034754809
0.03244341268073085
-0.018762646913120934
0.008386022952716541
-0.002653053208744348
-0.009753634494963042
0.0068114654782951865
0.03699679430320612
-0.02913493349625431
-0.07733856699719137
0.07214735135194514
0.10519529118102729
-0.095188135270726
-0.1490906232141679
0.1901055739452189
0.0030141274168096477
-0.04488384506082656
-0.09435524590877763
0.10583815089391854
0.029112906034746845
-0.05239282796396385
-0.03260841462632488
0.07080908115036112
-0.06710993813218757
0.05536026192896487
-0.04153967514827115
0.01724593862759157
0.009585299736328433
-0.0247202171184489
0.06462444612230639
-0.04075611654797798
-0.09930316420018769
0.09412994028117871
0.10159063913406441
-0.11721946783597251
-0.07159379677519417
0.12024088273915903
-0.015475450847853862
-0.0033749037891526315
-0.06778698759267202
0.08129247925798923
-0.06406298738626674
0.05277860259122524
0.09070496920460547
-0.056014514626726394
-0.4786180995221948
0.3082560898727257
0.900534357052472
-0.9002238462604204
-0.4179093463285463
0.8149801087247034
-0.32906360659717593
0.09561125276956511
-0.08628657592612309
0.07370734347331233
-0.0838939357723426
0.051898843126396844
0.05573206935797359
-0.057246887074671855
-0.06390471253809055
0.08838440814009874
-0.015642551724062974
