0.0026014539916235056
0.006347504352484788
0.011179905798563067
0.01719480406287296
0.02351656883124401
0.03042851652766508
0.03514493201181105
0.037299264435070215
0.03841160635827358
0.037660350745475336
0.03645633281305292
0.034886064820985864
0.03149830539348936
0.02655129433739575
0.02239637657380925
0.019019426891411666
0.01542826027120685
0.012184678470788355
0.007489886985085413
0.0011999560313537075
-0.005345768292465007
-0.012570655437090166
-0.018341840976060408
-0.022311866430164418
-0.02579918293101759
-0.028162037984531502
-0.030334000435884943
-0.03239930413972938
-0.033310098391582305
-0.03323913289093794
-0.034252799631539724
-0.036372026197673185
-0.038696555733670625
-0.041733715125827096
-0.04398111011661067
-0.04532167095116689
-0.04691355389381888
-0.048410762719541436
-0.048517398847124624
-0.047222490742956126
-0.044877991980810376
-0.04113415171788826
-0.036994847159817316
-0.03246223559006463
-0.026715704103854637
-0.01993775150283153
-0.012604357883656948
-0.004638325779083815
0.0040895576846615
0.013494601396946722
0.024117831018471356
0.03600645871528892
0.04884361576767807
0.0627716023408244
0.07244099131575658
0.07729553217192238
0.07996212993688519
0.07889869987339508
0.07712699023307529
0.0747904100392698
0.0689832824175278
0.06026568840531305
0.05261934688678823
0.0459644051379431
0.03869720519558706
0.03175071091018206
0.021940701226378895
0.009017642730487753
-0.004706526280847302
-0.019987158972628837
-0.03095354880920547
-0.036794653606465076
-0.04083768367910082
-0.041349180556443904
-0.04120572373877102
-0.040611513135607756
-0.03656124530284182
-0.02958986039037006
-0.02483107309031343
-0.022284096319315157
-0.019775535149828702
-0.01854705287011665
-0.014738541275346208
-0.008050650021527512
-0.0013979698783355568
0.0061167779157353976
0.01102802024236746
0.012686329397372551
0.013381262540107164
0.012046462868017431
0.010020105370297419
0.0074446380396038445
0.0026789083964251603
-0.004038146405560437
-0.009077676522785747
-0.012384062354688315
-0.015584816039167632
-0.01778600023294263
-0.021573922915530716
-0.027159296495484115
-0.03253217836690981
-0.03829080549266211
-0.04194772517384923
-0.04303352514298913
-0.043150090462263195
-0.041523787073684953
-0.039125934287221595
-0.03604339532753031
-0.031077318040832046
-0.02439094026813736
-0.018569613552898344
-0.01363998732319295
-0.008427687801100092
-0.0035603427586631464
0.0028304681114805297
0.01090756973685092
0.019241982609002325
0.02827514502993933
0.03521584527510051
0.03963487136488172
0.04316993395318211
0.04498152543556042
0.046361610578492904
0.04740439399454611
0.046698590325780685
0.04447674473759001
0.0433347685240256
0.043280626471858506
0.04318557476519774
0.043677434108688185
0.04282736013445113
0.040478368864662495
0.038090817187805284
0.035212873508087286
0.03237355932245065
0.029772385797839508
0.02682264048210175
0.023705450774347724
0.020435481905820157
0.016962012873179683
0.013439604459861422
0.009867686904283461
0.0052789435018959436
-0.0003854605281637711
-0.006661826628292005
-0.01380756732339325
-0.021234497885592507
-0.02890141622486373
-0.037322616096929606
-0.04637425231375538
-0.05273004101656659
-0.05611945505501512
-0.0580205128421214
-0.05749155579771702
-0.05657367994836176
-0.05534240727619846
-0.0519270720784423
-0.046707888238703754
-0.041885382971987066
-0.03738122018733737
-0.03235183273021613
-0.027300969177890343
-0.020385051131454085
-0.011461198087349684
-0.0018323673370556856
0.008943200563662494
0.016942626919041314
0.021654860201889743
0.025260887010069753
0.02661275989285369
0.027692405908198853
0.028637887281633412
0.027424749885109394
0.024426946559677996
0.022979835927999327
0.02307802389891771
0.023330477081258415
0.02454449315408622
0.02419707480683776
0.02209819416416149
0.02015122223863959
0.017772537681951757
0.015620341809384042
0.013955128159767396
0.012035572549444129
0.010091871231777105
0.008173022031015427
0.006219223636703327
0.004414622386510926
0.002768410553032006
7.23815168865526e-05
-0.0037436390310325563
-0.008089773042497188
-0.013284089788809666
-0.018588691143690696
-0.02394665790170856
-0.029995820158327916
-0.03657684487461002
-0.04075954322177371
-0.0423278768478045
-0.04254867558598486
-0.04059918512870325
-0.03832050638395542
-0.03577860893774383
-0.03131240284203538
-0.02526754976802376
-0.0195052132873259
-0.013950815769588855
-0.007907654798904096
-0.0017998787251007472
0.005953200566474625
0.01547139949969517
0.025644068857960445
0.036849467434484674
0.04447422211274237
0.04795291797588834
0.049739570966371265
0.048486564423915655
0.046609148138613214
0.0442502572464143
0.03898342705615767
0.03125647429109972
0.024817869284178853
0.01963423269577095
0.014150124450120158
0.009259331535855977
0.0020657141018773553
-0.007657278245223501
-0.017761569827807033
-0.028927199994889144
-0.03678172059714894
-0.04067029828297838
-0.04315269909123377
-0.042922711205975926
-0.04201983715935018
-0.04059752495511295
-0.0364502806623663
-0.029951080742914245
-0.025086866435481584
-0.02186863861283977
-0.018577156590692222
-0.016178163191876996
-0.011705997002997978
-0.004924047316010875
0.0019197811824288881
0.009517197213386952
0.015398627560537568
0.0190841972787416
0.02224543417919069
0.024119224539824534
0.025624882043261625
0.02686898689583163
0.026696812016843183
0.02527326646522237
0.025263720292455716
0.026717306956159776
0.028434036932672897
0.031074265618078373
0.03275664169151713
0.03332951788011834
0.03426583655462684
0.035132934840924196
0.03513523504490622
0.0343506166045913
0.03283610594228284
0.030398740694964076
0.02782934214549928
0.025118849704326537
0.021700187950212207
0.01772295468864174
0.013174179105363283
0.007978231700328079
0.0022304253796017167
-0.00409932300929319
-0.011184571456114987
-0.01903706321013501
-0.027610726027634837
-0.03695762289315217
-0.04375145898957261
-0.04766715316492072
-0.05031450525861217
-0.05074239591902692
-0.05086670995851332
-0.05077917162044062
-0.048665160908348847
-0.04488431483568984
-0.04184682262551891
-0.03950067266296975
-0.03689173751616012
-0.03458531236379742
-0.03064277512002674
-0.024916737089974342
-0.018814146839736673
-0.011877526749590004
-0.006448812823011801
-0.0028963498721634737
0.000226076406633046
0.0022208273857011454
0.004130406029140585
0.006053292114544836
0.006841036472791441
0.006692169873910553
0.00783959578130261
0.010308498606418163
0.013138725511913576
0.01688179761321874
0.019917790500513885
0.022126123181596957
0.024762659100726274
0.027458494663333253
0.029322914353558018
0.030400856255484995
0.030841835417295755
0.03041984630193631
0.029936279989339603
0.029388767772770667
0.028174450271638347
0.026444505924197448
0.024358701256759745
0.021850350369038422
0.01893205691945592
0.015618891402397526
0.011627877488999044
0.006938953940905125
0.001690875317975444
-0.004192265992830535
-0.008475712383870106
-0.01093469904532251
-0.012684567358573132
-0.01308804638132603
-0.013412979320046477
-0.013729187178238695
-0.012832098133677569
-0.010964159036116635
-0.009787900248092389
-0.009277769694588317
-0.008777043187296689
-0.008681433711927325
-0.007675807590228943
-0.005664943170856985
-0.0036177229183726673
-0.001228565499253086
0.00025941384254633457
0.0006249230784912871
0.0006791608497616745
4.448516135131404e-05
-0.0007813416198053562
-0.0017449130030857463
-0.003436904528058339
-0.005765287853755081
-0.007468970133272627
-0.00852902526287533
-0.009502917536499648
-0.010078966631976565
-0.011157955801940685
-0.012810471821089625
-0.014334861470432666
-0.01593770496549286
-0.0168343398213894
-0.01686808714439588
-0.016555905458019188
-0.015650867072682182
-0.01444115385002195
-0.01295351910794791
-0.010815039569179181
-0.008072132150428474
-0.005561419455831647
-0.003292027265863778
-0.0008784784770720316
0.0014766951095969393
0.004375545438000587
0.007872329342348305
0.011507149315322667
0.015423312720358151
0.018293179731669287
0.01993521361451368
0.021078913169868194
0.021329707007662905
0.02135081664319277
0.021181916837500276
0.02013165223842179
0.018319527899194284
0.016892452109481686
0.01584437260947829
0.014685820765257925
0.013690438088287267
0.011983278309824354
0.009492659090652793
0.006869667176758637
0.003907396201928345
0.0015668215863696515
8.338164544936799e-06
-0.0013750977414017367
-0.0022942294304486095
-0.0031611284629314233
-0.004016277838357572
-0.004392540943897532
-0.00436730075838234
-0.004894159284024576
-0.005986126675299722
-0.0072276928372489325
-0.008854778321737682
-0.010181144525746616
-0.01115465921929459
-0.012309145793459158
-0.013488019624611351
-0.014172087625626701
-0.014366068163702722
-0.014199313359903676
-0.013534869852466292
-0.012793352669437251
-0.011976478092328388
-0.010750547348697266
-0.009193972857479044
-0.0074735159004279674
-0.0055574605293673375
-0.0034107318575307337
-0.0010620537044621976
0.0016906522526925728
0.004863109794977122
0.008338969183629356
0.012170631406599495
0.014759999039390147
0.01594052335123095
0.016505504199619773
0.015995376749588047
0.01530925072636507
0.01449261397745895
0.012681513664458187
0.01004423699566542
0.0077769162581942525
0.005858201134230722
0.0038080871512566426
0.001908527898486823
-0.0007915559787638519
-0.00436498944595688
-0.008117153951809532
-0.012272117645637504
-0.015010357096404458
-0.01608072541842695
-0.016505221252544847
-0.015745305530401932
-0.014694304053642436
-0.013412380042830544
-0.01096454427823342
-0.007514885362321867
-0.004641682282459154
-0.002341257683880483
5.702724427674019e-05
0.0021736727287271257
0.0052021170457609905
0.009237202576317093
0.01338327886835779
0.017919830421851718
0.020951020491537437
0.02219402894502947
0.022745594513882646
0.022037932246863595
0.02096128345615451
0.019578339199723353
0.016926782792176628
0.01316712044940812
0.010015417772911244
0.007472581328285059
0.004796121737273238
0.0023992742441995727
-0.0010023286640040844
-0.005513608538071793
-0.010167182809194559
-0.015264876191330361
-0.01892899953554914
-0.02087166792460153
-0.022198420850269816
-0.022345612948295613
-0.022179113194476942
-0.02176370261365179
-0.020153465120605583
-0.01750513528920103
-0.015555684292513684
-0.014310719814266912
-0.013016374205836333
-0.012093088170919397
-0.010251217153745617
-0.007386427908963387
-0.004476065641318923
-0.0012185166346542133
0.0011990378515111815
0.0025568436368609373
0.003635946521331683
0.0040719980597218024
0.004330975825203793
0.004462202172156275
0.0039010681347575607
0.0027316441940507274
0.002197055749860486
0.0023169708003772864
0.0025361466465941107
0.0031615052481101693
0.0033074335694200643
0.0029028502853794577
0.0026373433925245405
0.0023068486580859987
0.0022633286241665663
0.0026169487994799527
0.0030540774279159528
0.0036946843342123346
0.004493766572072615
0.005432134743271888
0.006644156474832962
0.008125602781267584
0.00935125716701436
0.010301485428773552
0.011232232682108614
0.012011004286196416
0.012982720947786859
0.014178269494548668
0.015317637743643926
0.01648035610177077
0.017026702659274546
0.01685900015644361
0.016333388382972214
0.015254882568345311
0.013925652731578449
0.012361083334748618
0.010229380903194418
0.00758102822279516
0.0049903182760561784
0.002452717389788117
-0.0002863523129385112
-0.0030921340078026893
-0.006403907582506496
-0.010261710089893758
-0.01434317060424681
-0.018755064064695674
-0.021881339266112656
-0.023527891689888756
-0.024534023971819727
-0.024426651381286066
-0.024067192939114756
-0.023501193131622876
-0.021868211051912837
-0.019325724666560726
-0.0171720649009309
-0.015391224556924982
-0.01344361100840985
-0.01163628525839205
-0.008955977727657726
-0.005321298981999486
-0.001477193394795438
0.0028164157272121014
