-0.018435470172676358
-0.02919573674218441
-0.02164899286300411
0.005965631197477816
0.04374797796184039
0.09753879949070647
0.10426655073301486
0.058072032451072966
-0.005966725695375998
-0.10501852738598758
-0.13657587965157106
-0.09030134643660019
-0.029851705609167008
0.07210425638233116
0.1110655240399052
0.07446835438424768
0.035312135010849885
-0.03413461576981052
-0.06808854444341832
-0.05567906929736635
-0.05136953257541464
-0.03737400788843702
-0.026702258350420956
-0.02533924047018653
-0.012541252717375221
0.007579319626771462
0.027037223103847548
0.04821327839164806
0.07194522557478988
0.09724624125381659
0.08339591488028951
0.02598471748111988
-0.056517180863138186
-0.17620057427098476
-0.18858930988136383
-0.08072562862297666
0.06784621332850142
0.296332243577129
0.3546462771170077
0.2176722280785589
0.03825413162612921
-0.25060465496584916
-0.3700188370860972
-0.28773933638259075
-0.19373652752164147
-0.013960496493746363
0.08182404834804956
0.06652812498516968
0.08328094114948743
0.0871125920917161
0.09014284943545592
0.10690674512732268
0.09550138090930231
0.06123726667612247
0.03158821971082419
0.0013159040185992256
-0.03953349840868628
-0.08701498642312394
-0.10725100878010634
-0.09753988800149968
-0.07159457916944396
-0.019593621643808942
0.01390440115324474
0.026189075833013654
0.04786447741765211
0.06847750526209495
0.06905459485293867
0.05014799022315757
0.012498400391692857
-0.04931036502508374
-0.06969106370374888
-0.04474838876842072
-0.011105927879613519
0.047851738747179254
0.06230459372384918
0.024439926194322965
-0.018578570257570266
-0.08518875565768376
-0.10304563616376283
-0.062337218786774895
-0.012737364070903912
0.06569868727395543
0.10017449844422957
0.08107831744167406
0.060034238078233146
0.017355026985618877
-0.009260683876904327
-0.013110225486152373
-0.028808075747261012
-0.04641667370856401
-0.048036753455691486
-0.035567385535399315
-0.009652007873934767
0.034042134029673314
0.05096785691512115
0.03874297252923648
0.022683634601995874
-0.00826963407483216
-0.026117364366492465
-0.02728755317047831
-0.034367214032483336
-0.04029232436693903
-0.035078360640532574
-0.019845418706334543
0.006289879571560047
0.04590758935842887
0.05997626404657494
0.046146300415851584
0.025517398776591302
-0.011917501153891414
-0.030501896971314914
-0.026457616680167596
-0.02533659326484507
-0.0180643908920019
-0.009893996206416383
-0.0031901938306253133
0.01196682084610389
0.03419211880721773
0.03745906323713313
0.02097488344966115
-0.0037236649715018774
-0.043271536131354996
-0.05020384347733956
-0.020216780194097388
0.018411382267472604
0.07824438968592333
0.0959670682528332
0.06448707409666765
0.024556295296887718
-0.04087249306024723
-0.07823690900001289
-0.08063204071341569
-0.0881328359480364
-0.08667348479429081
-0.06656624952066091
-0.029724593178388537
0.031024028099895996
0.11869330378154376
0.14503584761616248
0.10461259927880837
0.04275602921909636
-0.06360533837547018
-0.10730149579364459
-0.0779834645854246
-0.046698893355797445
0.014166670789567204
0.04508145124866337
0.036197647951043924
0.03878335251062301
0.03705672860679204
0.027216951511720086
0.013811665563099594
-0.014018100378252135
-0.05658939702685779
-0.06824944794786306
-0.04731927547879886
-0.016173382419854738
0.03664453470083767
0.05550486122366781
0.03501138313311117
0.011399533482287784
-0.029768772897055668
-0.04084586144569706
-0.01523745839685699
0.012403630759070238
0.05498371065834023
0.0665084761185809
0.04017962270186991
0.008576803456083113
-0.041142347008208874
-0.06537030677379084
-0.05810937268560375
-0.0510799130588187
-0.03247483780300181
-0.01655889175439398
-0.006695530125364472
0.013911445290236711
0.04161111056711094
0.05483784668834254
0.05385019898267109
0.04629513892674364
0.02688506116268077
0.011228231525981413
7.420533074928043e-05
-0.01877897801979071
-0.042021225313884074
-0.05061692645813965
-0.044109905681852635
-0.02919659385878227
-0.000809857479645094
0.014536968666745052
0.015145839625646664
0.018331405084272223
0.017697292527572676
0.01588323232817045
0.01429559926655785
0.0065215514982087395
-0.006850060288876397
-0.01234598994595243
-0.009979193869625251
-0.006013297199520107
0.0027090912502882054
0.005335705246922937
0.0007912516524620011
-0.003133891742339875
-0.009152500357604912
-0.01057393861346332
-0.006119143171102682
-0.0011154084403100463
0.00637192184790576
0.010298219038081573
0.009707975481093034
0.00912327736428629
0.006856685101654047
0.004401771712170477
0.002175426860431767
-0.001987997411595238
-0.007731972047573775
-0.009613675023527108
-0.007458325473226294
-0.003629575693071796
0.0032733567782184574
0.007198464133705054
0.007666195614431041
0.00880315120595977
0.009126007413194519
0.004727458822992961
-0.004504244134378886
-0.01794423953492531
-0.036757096010258
-0.03881295722197489
-0.022327875672656008
0.0010937025096277875
0.03743382323683321
0.05087433152931347
0.03796445197951086
0.02097005983175706
-0.009565327141629061
-0.023923818057558374
-0.01834776560066693
-0.015027684954095694
-0.006196702538120888
-0.0007618316503889245
-0.0012669922059001392
0.0028928323905138787
0.00921511347093783
0.009916735294489956
0.00562947901860477
-0.0018484344009863634
-0.014271698773574317
-0.01682494996242134
-0.008450093918420411
0.002298083306582562
0.019220972500525565
0.02314843387498229
0.011922355772947191
-0.002166395575405996
-0.024290418593445648
-0.029554861779517994
-0.01499615612570876
0.003174731237879449
0.03173032959556068
0.03973830000750777
0.0234626591038283
0.0033605638640037488
-0.028965321471431552
-0.040329019024240666
-0.026532730888133554
-0.010487630987111824
0.016772343952496886
0.027908654338171957
0.01898206581471576
0.010560824291645008
-0.004747082559946838
-0.012339466157561096
-0.009336179500749197
-0.008838481110103071
-0.00679294161455753
-0.0033534807143001124
0.0002303622964895769
0.0073507388250755885
0.017787402021452414
0.01871862649169286
0.009593857141135585
-0.0036023489559975142
-0.02417763628330606
-0.028569837192056708
-0.014585369796997665
0.0037289714391232943
0.032640984734835364
0.03859375367327194
0.017865418940118206
-0.008275620017690204
-0.04889517074599251
-0.059570755752390556
-0.03510084481328189
-0.004294178881508318
0.04490445552689876
0.06247968392731562
0.04231047159125555
0.018445834402526225
-0.02258708701904406
-0.0395462807097153
-0.02659346378661435
-0.014729354180193232
0.0071432049802380455
0.017626333818280195
0.012412152627390585
0.010892726973494834
0.0071105121748019015
0.003928168037189841
0.003488445393930786
-0.00042137432563163046
-0.006689091586200902
-0.010109993243436397
-0.011159589910655065
-0.011474394260050579
-0.009981745629149752
-0.00715419948804782
-0.0029099235666870575
0.0038763114431422593
0.01328367813448824
0.01635611149413153
0.012536561222147904
0.00627464921516416
-0.004799965403353372
-0.010432327205839306
-0.009695219761668301
-0.00956369363307719
-0.007456985507721403
-0.003993570247240256
0.0003192941823444448
0.007907057247143853
0.018675155669084682
0.019081433823117448
0.008335620663462209
-0.007094723453267429
-0.030800713519105436
-0.03395237751208337
-0.013851014011972154
0.012694228595223091
0.05342072137500227
0.06312979634615733
0.03698718216423736
0.003084712252780386
-0.050776171766158874
-0.071097584699905
-0.051666153545659566
-0.02835408678243607
0.013147544910409575
0.031472814297420326
0.02073993476229967
0.012722051321108346
-0.0036196255529778697
-0.007474902996719608
0.005651742502465122
0.016809799364990052
0.03194698186152711
0.03360337115537533
0.018260683730933456
-0.0009597306513135512
-0.02934188765324581
-0.041767453099044505
-0.03514282137974685
-0.026048008564272546
-0.007616693658953479
0.0041271000852171206
0.006937793467826045
0.01438379346287184
0.022398328690388086
0.02324425445821522
0.017511596997721996
0.005665453384420689
-0.01426895443803973
-0.021787194628202455
-0.015747286099838168
-0.007808996061669486
0.007144308528199679
0.012510696131203198
0.006278711167712455
0.0006181215604612423
-0.008791004798488315
-0.012549711463749088
-0.00883039160552509
-0.0056186489657984295
-0.00025420627433654804
0.005942660236721167
0.012195524528972882
0.0213748801396264
0.03308509454285801
0.03259190965043667
0.01892319770483118
-0.0012273627920904393
-0.03187984566070691
-0.04557358441128696
-0.03994035769092334
-0.0316406050880197
-0.013514277140151748
-0.0017559443082554068
0.0014828370828280028
0.01003824098173464
0.019890314899382238
0.02487169897060671
0.025840198809950237
0.022635736062283668
0.01381475375705132
0.005507061060882395
-0.0024851803299823535
-0.014535090792836072
-0.029551184895414227
-0.03160949842728097
-0.019685234416040486
-0.0006277982933067631
0.029962895521278007
0.03960201638602028
0.02557963622548739
0.00732573962063697
-0.023622516482914163
-0.0351707661552478
-0.023512098753447428
-0.011074641751688001
0.010624985412627538
0.019967827138767765
0.013445711889108803
0.008397997804482261
-0.0010703458371853695
-0.006010364912897117
-0.004156664570280141
-0.00463420218669979
-0.00484907719836695
-0.0035849067820825477
-0.0016945903689235275
0.002352886553213374
0.008689478358273365
0.009689898649896347
0.005035099877831527
-0.0015048175576889032
-0.011858373184991541
-0.014499418940641577
-0.008297724980210289
-0.0003696948606571714
0.012343862951242707
0.016648077648049528
0.010983703375117105
0.004217978971359234
-0.007189211590765464
-0.011234112400048957
-0.006282581189085975
-0.0010277932934871202
0.007774489084145274
0.009569775932465571
0.0027566620015914245
-0.004947974190831218
-0.01647694124941169
-0.019183009896048677
-0.011344322992111171
-0.0014317933768249673
0.014080303219629681
0.020007788135111327
0.014499688258048845
0.007805335533334083
-0.004176515510988817
-0.01018610267795053
-0.008611311669073451
-0.00829780240514909
-0.006264273243197591
-0.002309355632852666
0.0028788794037059922
0.011664697256726387
0.02409269713582349
0.025479987435070222
0.014972754458325676
-0.00031197269928987664
-0.024248542247179414
-0.03386749675721196
-0.02705549760315438
-0.018126091555055363
-0.0010771661740509094
0.0077423307686620615
0.006151674353841501
0.007020868437207871
0.006117270997383042
0.007683367410928461
0.013254580331139545
0.017421655847054747
0.021499827646909588
0.019875922752253368
0.011274350380618307
-0.0006542970300347944
-0.01777708577734529
-0.026337787833037276
-0.025019130306506033
-0.022105314507060964
-0.013921785905070202
-0.0074375570263171525
-0.00353931329161684
0.004302796903152037
0.014467776011263235
0.015982035941893194
0.00858391376745996
-0.00369456056707837
-0.023742840361674955
-0.03456083599631887
-0.03492675630208097
-0.03556363167601999
-0.03223875925148021
-0.007851229151047672
0.0388190985553565
0.10332786475762962
0.19090902722581643
0.19543122322279421
0.1077637300406525
-0.016916063567266854
-0.20769029160672622
-0.2743487802742309
-0.19882917936182143
-0.09715279309100186
0.08110064329691084
0.15782597294238251
0.11170648492233218
0.07056033872988016
-0.012294668426888837
-0.050394405983158724
-0.02656087555082325
-0.020468987272799943
-0.008396459125377221
-0.0014543718343214727
-0.008834187186814191
-0.006272537311452703
0.001457801671891832
0.00742438374691131
0.014580349481691396
0.022413415915763332
0.03038939499686867
0.026901665835025543
0.010442905405039934
-0.013691080102949393
-0.04909782405258023
-0.055505101517832174
-0.029402040978182945
0.006748258952066946
0.06377635790059379
0.08015350050478215
0.049578778392960106
0.010661328776322495
-0.05299346378654907
-0.07770169592648479
-0.055709567896123705
-0.0312317353688362
0.012727143933098352
