0.0012660731975927546
0.0013942629151437555
0.0015244243432231703
0.001656149501429001
0.0017947181834945714
0.001938695776499328
0.002045720268012501
0.002112076524179544
0.0021565940158717466
0.002167133514579473
0.002169278117739042
0.0021638529325503763
0.0021270094745480437
0.002063387246087381
0.0020015268595481844
0.0019403549439619245
0.001868627044540202
0.0017927993529479555
0.0016888997331533752
0.0015549367844393388
0.0014076967477129792
0.0012413388514572353
0.001086735338186327
0.0009483536372093949
0.0008070894434292404
0.0006719225011502495
0.0005284005936286196
0.00037499982367956313
0.00022686582589178061
8.104425378943862e-05
-9.163203875585336e-05
-0.0002916684136629037
-0.000506958740671502
-0.0007448692942300814
-0.000984506663343969
-0.0012245461142834531
-0.001481546530040569
-0.001750930130104713
-0.00196771488999571
-0.0021271889816387992
-0.002256583163667499
-0.0023375596919505115
-0.0024114538190192305
-0.00247948951813528
-0.0025043818789245243
-0.0024937519148144566
-0.0024883774271157065
-0.0024863913579058964
-0.002472416932717574
-0.002455604893999057
-0.0024008131358282175
-0.0023052407087932694
-0.002193238376760534
-0.002056270426658767
-0.0019447689316405166
-0.0018657640197788275
-0.001788847290518903
-0.0017286637025438504
-0.0016610430439179236
-0.0015836366125167088
-0.0015214831214799126
-0.001469708534896017
-0.001382152924828599
-0.0012582063715528612
-0.001116963633427488
-0.0009468593711178583
-0.0007813712739052943
-0.0006226816747307447
-0.0004445239494980473
-0.00025430545913454264
-9.738583092380288e-05
2.461492387165959e-05
0.00012773265188889717
0.0001996192065119746
0.0002726981337834328
0.000347691592067902
0.00039731493181722105
0.00042770599679670357
0.00046203275605615906
0.0004985539890053641
0.0005297430552688679
0.0005606185624665397
0.0005694445580612191
0.0005546529145601799
0.0005307428279660681
0.0004924411714632918
0.0004803876421891465
0.00049975621061134
0.0005272824289633204
0.0005746889779976175
0.0006214843259980265
0.0006659519286986745
0.0007287354625299363
0.000805767355239534
0.000862204985829547
0.0008978585313667505
0.0009269535563045639
0.0009408773895595214
0.000965509695059888
0.001002587102973323
0.0010321556199150187
0.001060020964309693
0.001080144963816139
0.0010896953850739637
0.0010956367198362254
0.0010956424521420245
0.0010883879423051602
0.0010742348510769794
0.0010515983640228604
0.0010200427276242652
0.000991129208963387
0.0009653710246884698
0.0009367126711010172
0.0009080491632952117
0.0008720912314634828
0.0008280633163224543
0.0007819188430975567
0.0007319150942601336
0.0006745726678445878
0.0006101751562162324
0.0005390528515925756
0.00046034453689913
0.00037729575696949467
0.00028985517006631644
0.00019562326384459135
9.519529443869123e-05
-1.1640082995773933e-05
-0.00012524111817637244
-0.00024517684509940316
-0.00037163917556945486
-0.0005052998590098293
-0.0006462329853081013
-0.0007943498180958668
-0.0009498808913452118
-0.0010720528336876413
-0.0011567787592507643
-0.0012233804288092041
-0.0012600798483178753
-0.0012903255417196845
-0.0013150500279146761
-0.0013118140348683412
-0.001284880744089347
-0.0012636107114771993
-0.0012472008927016606
-0.001223812460338189
-0.0012002074789993948
-0.001152446891946827
-0.0010785627263801825
-0.0009956415615118618
-0.0008979102585216463
-0.0008127010046218578
-0.0007442408124197933
-0.0006752036605024281
-0.0006136245091071231
-0.0005472562460221562
-0.0004747512753027019
-0.0004093521289508513
-0.00034858471255919815
-0.00026578736557005624
-0.00016046036453875462
-4.385206943331147e-05
9.07633997191831e-05
0.00022441097209915803
0.0003558386806453162
0.0005000980146917572
0.0006530066245565193
0.0007758378341579175
0.0008663880131346047
0.0009398689324883154
0.0009855252203674813
0.0010292514658056526
0.0010717480101209629
0.0010903730726526666
0.0010899703097465938
0.0010929285115245245
0.0010979905518474337
0.0010971662205810672
0.0010954242285632868
0.0010728603271795392
0.0010279585990943605
0.0009743305822582568
0.000907153488019517
0.000858113660493286
0.0008314735355203206
0.0008085520502402044
0.0007985309738573752
0.000785906440814151
0.0007692709169897898
0.0007645130342406276
0.0007685353476676255
0.0007531454005735563
0.0007180704818992704
0.0006749240610016536
0.000616688888896605
0.0005640310874129164
0.0005183234503866907
0.0004634855699657374
0.0004041241341622734
0.000355753176154857
0.00031814573277292305
0.000287301576367991
0.00026724676002644966
0.0002452017527184015
0.00022101388316414364
0.0002046425264902616
0.00019362327406433289
0.00018262179508966031
0.00017247241213677017
0.00016422842502821682
0.00015686319440916314
0.00015648605921311494
0.00016347441400487318
0.00017410602278319313
0.0001898808732809931
0.000194212272893036
0.00018522081779339148
0.0001719172553915496
0.00014956971644728226
0.00012701480735732393
0.00010490653547130555
7.46336167772086e-05
3.7945763124217345e-05
8.117667451638703e-06
-1.4873776219530715e-05
-3.632510212397966e-05
-5.298750481020794e-05
-7.494980849668578e-05
-0.00010288555772037572
-0.00012912309852605036
-0.00015593976598371855
-0.00018569861804032002
-0.0002178190050069138
-0.00025284164725392923
-0.00029125919001667675
-0.0003299082386444882
-0.0003688692414784682
-0.00041014987471329643
-0.0004531372585208257
-0.0004989227530048834
-0.0005478364743996534
-0.0005989664670144824
-0.0006526853289978508
-0.0007089997800422941
-0.0007678821839224536
-0.0008296878583513736
-0.0008944566408654066
-0.0009574624534790343
-0.0010183400336295485
-0.0010793885007779785
-0.0011393112403650762
-0.0012009694733269404
-0.0012645468495479828
-0.0013274822591040172
-0.0013903604264560224
-0.0014564204772565142
-0.0015256187607521168
-0.0015967827025239623
-0.001670702947031382
-0.0017448090691927433
-0.0018189562308071365
-0.001895074507186614
-0.001972594718151635
-0.002024171352956226
-0.0020472002532954557
-0.0020540577302076146
-0.0020368294220579593
-0.0020116333173992628
-0.0019789693209200394
-0.0019235314442696803
-0.0018481901606749254
-0.0017718967964794646
-0.001693965227674587
-0.0016067547276201251
-0.0015145398568287027
-0.001401500987511069
-0.0012662711201578472
-0.001119916974407198
-0.0009585535192707341
-0.0008018354042964461
-0.0006526138887883665
-0.0004985712433811559
-0.000345404797999812
-0.00018393457050435496
-1.3138161843816667e-05
0.0001573945971129568
0.00032957478732404885
0.0005222398727103007
0.0007357735989699103
0.0009623948153762998
0.0012068977130011147
0.0014558985420374362
0.0017085871860516603
0.0019756644835927416
0.0022542330921058846
0.002476677053909618
0.002637350947206873
0.00276590624478573
0.0028430597728438057
0.0029102419560174332
0.00296878398891036
0.002980443978745845
0.002952788815524088
0.002930622395570591
0.00291219747784489
0.002880079449885479
0.002844403351213893
0.0027673469626803135
0.0026458226474466826
0.002506289556483577
0.002339558363836064
0.0021957814417541193
0.0020821660626342917
0.0019679318014356345
0.001867677766844976
0.0017578126062879772
0.001635924758927444
0.0015267109711973002
0.0014253865548820026
0.0012850151115784
0.0011048588625593415
0.0009044175995330831
0.0006718808788679324
0.0004410240938679169
0.0002140282552176912
-3.575888543879466e-05
-0.0003008981129299682
-0.0005146738555527547
-0.0006733580546489089
-0.0008029864284947573
-0.0008850410074020056
-0.0009643174131309857
-0.0010420027746182747
-0.0010790053598811506
-0.0010837023478692286
-0.0010944885486557786
-0.0011091739519185709
-0.0011140971629864742
-0.00111776709408715
-0.0010859601633543923
-0.0010160706215443021
-0.0009314686341028983
-0.0008238572206026574
-0.0007484903713822551
-0.0007127643892111089
-0.0006841880874418247
-0.0006787655467672974
-0.000669380961735723
-0.0006535897202053794
-0.0006591328923646628
-0.0006805954865323409
-0.0006689598374323028
-0.0006237675848029892
-0.0005651939289127711
-0.00048104402910752127
-0.00040728763721741245
-0.00034631486260940813
-0.0002701565863742185
-0.00018683408402273607
-0.0001256915086931481
-8.658211793293529e-05
-6.145545996024978e-05
-5.800612097721363e-05
-5.266184055360304e-05
-4.511796984841369e-05
-5.400738423971562e-05
-7.481062477999861e-05
-9.656130849227393e-05
-0.00012076994742155203
-0.0001499686113215429
-0.000181992876812178
-0.00022886941709377175
-0.00029138203890046783
-0.0003620794812798294
-0.0004439185554173269
-0.0005064077123617891
-0.0005460390007535685
-0.0005795356770071466
-0.0005981943455737521
-0.000618148482245771
-0.0006406283408349448
-0.0006498625240519286
-0.0006490581942592408
-0.0006629139646807942
-0.0006914302523496777
-0.0007247350417375914
-0.0007688937353220941
-0.0008052300313669604
-0.0008325094439809057
-0.0008649907229046704
-0.0008984733837212403
-0.0009194054442560108
-0.0009279424539955591
-0.000927400782474511
-0.000914212759154543
-0.0008995254088863585
-0.0008833895291002138
-0.0008570220400183773
-0.000822513109385101
-0.0007844308963010979
-0.0007419743146718417
-0.0006941676066035153
-0.0006418320421489907
-0.000579562991191235
-0.0005069617646545155
-0.00042720416497261503
-0.00033891020396436964
-0.00025709722635689766
-0.00018339715755059997
-0.00010958888203055854
-3.990935033657955e-05
3.377452627185393e-05
0.00011211631585545095
0.000187333213119926
0.00026108521988769457
0.0003454637288278268
0.0004405052336506449
0.0005414802328904318
0.0006513935681991199
0.0007611521253582277
0.0008702076369266678
0.000985578957778227
0.001105261317649923
0.0011993091467207926
0.0012654419373677498
0.0013162535927517113
0.0013432407709606244
0.0013652752371268158
0.0013828804051627043
0.0013788826770401318
0.001356719687765006
0.0013354375121056338
0.0013141600269149217
0.001285591038795561
0.0012539848975424374
0.0012029425823471384
0.0011311139117902165
0.0010498262414298787
0.0009550673739817887
0.0008702693646952866
0.0007986737030975405
0.0007260918442124325
0.0006593057152924683
0.0005870369613581721
0.0005081585227285603
0.0004342878553528039
0.00036312369728431414
0.00027312037919608156
0.0001639572745211712
4.4501619383494024e-05
-9.06712235853872e-05
-0.00022599835986437242
-0.00036049712858008315
-0.0005064414159621409
-0.0006604146252454508
-0.0007835746820657796
-0.000873375428563339
-0.0009456159778986425
-0.0009894088878144532
-0.0010300464841960764
-0.001068240923875211
-0.0010814998054611185
-0.001074513748044834
-0.0010708277999058242
-0.001069259047652285
-0.0010611255418694675
-0.0010516846805355231
-0.0010203687750537376
-0.00096556748508298
-0.0009014483302191354
-0.0008230189257940192
-0.0007613891205427911
-0.0007208170248643612
-0.0006827580849728393
-0.0006562360100944343
-0.0006261764317223069
-0.000591164001652039
-0.000566724751960292
-0.0005498327624539851
-0.000512410502199749
-0.00045413572845880596
-0.0003865973721319915
-0.00030278296278363583
-0.00022316402478647401
-0.00014908687985871121
-6.455482267746083e-05
2.5886351630090367e-05
0.00010141172358591397
0.00016171404761654778
0.000213338488406783
0.00025072811722902036
0.0002897110729396459
0.00033057059605844547
0.0003604344705537789
0.0003823271817935212
0.0004054541935293963
0.000428887343410723
0.00045001795166854056
0.00047077156796931116
0.00048190649022720187
0.000482794616362976
0.00047941122119231886
0.0004695072234629014
0.00047322762125202243
0.0004930118225938517
0.0005176013373074823
0.0005527805440779576
0.0005881357032648087
0.0006228454908839488
0.0006672474060131111
0.0007192796508305566
0.0007622011876251772
0.0007959772466030576
0.0008273798152882795
0.0008522914685535755
0.0008832797774055625
0.0009211895747651234
0.0009563966329543768
0.0009917309126259509
0.0010150159233136623
0.0010239493412373985
0.0010262556239652727
0.0010181285762623756
0.001004248605660133
0.0009849892966889784
0.000954477749280704
0.0009134613956042779
0.0008741665513085829
0.0008366464281768208
0.0007952838434258746
0.0007529977025885523
0.0007008270021739084
0.0006379396263186104
0.0005710731935752694
0.0004980652325866293
0.0004234827336917775
0.0003484156661726434
0.00026905438362108023
0.0001868110410507219
0.0001004292531155169
9.565732704832812e-06
-8.39134425453923e-05
-0.0001802997350773126
-0.0002857956403524351
-0.0004006977381988147
-0.0005222414258113405
-0.0006520659553710144
-0.000786169142324669
-0.000924311476157668
-0.0010698998198886134
-0.0012221000969593427
