0.003719957525665869
0.004106361367819163
0.004498609015637056
0.00489541551205547
0.005313354245515351
0.005747919486833774
0.006072590206522576
0.006276367270457226
0.006415336477679427
0.006453271452927016
0.006466781609102558
0.006458330680782115
0.006356627518331336
0.0061755797274025935
0.006000142040001838
0.005827090318739758
0.005623024115742272
0.005407156196777573
0.005108050423093966
0.004719786440568638
0.004292366839559551
0.0038083910209750506
0.0033603315962698914
0.002961547935667128
0.002554893316649307
0.0021672647416461697
0.0017553262984079199
0.0013145290265173444
0.0008902673023968652
0.00047369055281348317
-2.2424875296658356e-05
-0.0005995702582503773
-0.0012215445527266613
-0.0019103659535468153
-0.002603511036462012
-0.003297007558087378
-0.004040378787066187
-0.004819917023650901
-0.005454758537879104
-0.00593218901718363
-0.006327326695187837
-0.006589246797050567
-0.006833845101600038
-0.007064510345996334
-0.007177182371478419
-0.0071932763278330794
-0.007225066759525613
-0.007267266526024099
-0.007277837495343592
-0.0072819417322295575
-0.007182430813217356
-0.006971611059502352
-0.006716687795539442
-0.006394075058416679
-0.006145384864125805
-0.005990254701892219
-0.005843601789254343
-0.005746538891846173
-0.0056309811603451184
-0.005490386059977976
-0.005395174436216033
-0.005331640748999054
-0.005170733914749026
-0.004910822462110544
-0.004605263558968266
-0.00422175918694178
-0.0038540644731673104
-0.0035083133474597228
-0.0031110469442823963
-0.0026830370908873438
-0.00232077089142699
-0.0020256864193028234
-0.0017672006024888355
-0.0015710285164314177
-0.0013639136272525086
-0.0011444620858843545
-0.000972207620273044
-0.0008331003580275991
-0.0006841693243520263
-0.0005296274576078663
-0.00038163888230820784
-0.00023114867648144048
-0.00012104177687953063
-5.4176769599972974e-05
-2.6804196442985396e-06
2.3063166222140343e-05
0.00011598265393631886
0.0002874144403265235
0.00048546352363217034
0.000736864495251612
0.000993734963828004
0.0012523466518976883
0.0015603931341869484
0.0019084447311712432
0.0022192883489124474
0.00249281604734926
0.0027603658253393653
0.0030029915697380853
0.0032787416387796277
0.0035915781648099775
0.0038971478374757547
0.004208569747778284
0.004462502667428534
0.004647639752227607
0.004803057419672801
0.004909150549177784
0.004991704835277056
0.005052643010421465
0.005060933871110211
0.005020817048057081
0.004993949018865377
0.004980471064867197
0.004952401051122655
0.004924443494164968
0.004851044369063156
0.004728052124982753
0.0045896215990563595
0.004424788412984758
0.004259649555541382
0.004100035383574738
0.003925266877652008
0.0037433627475364044
0.0035463106454197845
0.0033323220463811957
0.0031124704538944017
0.0028849951368166886
0.0026164852302027575
0.0023055239536096672
0.0019669406583484542
0.0015919931072679947
0.0012026329576363486
0.0008002316924634877
0.0003663790534422738
-9.42772882562393e-05
-0.00047615291650915446
-0.0007708344739874487
-0.0010247018544585062
-0.0012078755132255467
-0.0013856663930090166
-0.001560389221212187
-0.0016723904814806814
-0.0017338107484604847
-0.0018140159837284648
-0.0019104299203071145
-0.001996529773101614
-0.0020881481338497396
-0.0021269042224966546
-0.002108254273469424
-0.0020733316207310892
-0.0020081174668433403
-0.001990034192083082
-0.002030394185618802
-0.002081952912281551
-0.002167389590478297
-0.002250636418043377
-0.0023281727442208753
-0.0024381947534291744
-0.0025735438283616655
-0.0026621400714282586
-0.0027030424685603417
-0.002726484420573672
-0.002714476526051249
-0.0027192159262777625
-0.0027442597020878186
-0.0027487694363196907
-0.002744396363781041
-0.002728170468172881
-0.0026951299597379763
-0.002654877913909964
-0.002605275086290192
-0.0025381282364746005
-0.0024538416212366836
-0.0023542268671184205
-0.00223730247009189
-0.002120050060434482
-0.0020036146491202904
-0.0018781297058290698
-0.0017479088875389723
-0.001603319939805644
-0.0014431144070642943
-0.001275541257230976
-0.0010982318468925395
-0.0008987999174369984
-0.000676877965983278
-0.0004364796545384909
-0.0001742222966836449
0.00010115839287755128
0.0003895826196576909
0.0006984953429132316
0.0010263205531186612
0.001368307964347451
0.001725156165774249
0.0020983189591887753
0.0024869383448065338
0.002896170160898089
0.0033264960288432884
0.003774862520688654
0.004242637985570287
0.004601193258525061
0.004837233712304328
0.005012102204898193
0.005088482662339034
0.005139607585692587
0.005168341877732118
0.005104039520018742
0.004959905176889039
0.004829613636226824
0.00471063698330492
0.004564863093962345
0.004413832526233063
0.004181316859306121
0.0038609393708260342
0.0035070651416597566
0.003101244043746194
0.0027295090350641796
0.002405161774469683
0.002073396061646505
0.0017594607803632972
0.0014248073366668651
0.0010650939723084922
0.0007219162123952693
0.0003874187928081269
-2.279198223340783e-05
-0.0005104053806086537
-0.001039902945191724
-0.001632645797910328
-0.0022287727753487127
-0.002824411648013979
-0.003467225019912791
-0.004144087877094775
-0.004667997994931203
-0.005025423787544314
-0.005294774419298277
-0.005423301248419258
-0.00552994665681787
-0.005618259047821855
-0.005580984153754857
-0.005440070804311616
-0.005312728131879079
-0.005193591940726406
-0.005038507508877119
-0.004873784953247107
-0.004598417647995469
-0.004204371809453962
-0.0037616534564670475
-0.00324574060910429
-0.0028010956083301675
-0.0024478860995007412
-0.0020989595371825147
-0.001796275139119767
-0.0014706667407716131
-0.0011154065969466607
-0.0008021944996717614
-0.0005170862945215216
-0.0001277895766120584
0.0003674463231429992
0.0009138763333129814
0.0015446445257510416
0.0021638172441188538
0.0027651347009419523
0.003423866035646284
0.0041187813025730345
0.004666650972557371
0.005057349584046566
0.005361712078400678
0.005528839114520298
0.00568210075152714
0.005824586186514524
0.00584865314109147
0.005777276679900256
0.005715000074822659
0.005655610658027981
0.005561903513312953
0.005456911650782486
0.005246911849205458
0.004924663001481544
0.004553847721218799
0.004111639203150054
0.003750914715840611
0.003491936138899498
0.003244810809729758
0.003053709993256985
0.0028432239592769692
0.0026064789933441875
0.0024202480678522154
0.00226937493151466
0.002018371650737857
0.0016658848440351513
0.0012674562305887297
0.0007892974701662993
0.00033070514314523697
-0.00010184033720792002
-0.0005857284118279577
-0.00109890709512096
-0.0015329275434737728
-0.0018854778408976443
-0.00219175955491979
-0.0024226176458436778
-0.002659023700538835
-0.002902460143420008
-0.0030863503461516103
-0.003226077412478758
-0.003371777129854674
-0.003518761313263873
-0.003652064773250848
-0.0037822558107852553
-0.0038599751229356632
-0.0038817526178275418
-0.0038797310381384767
-0.0038418690134987363
-0.0038714254574441246
-0.003981025355249857
-0.004112541005169169
-0.004295624214342746
-0.0044771472886715544
-0.004652815363637387
-0.004875465406026792
-0.005134535659850001
-0.0053434262063028
-0.0055018351143325634
-0.0056448133465274285
-0.005750999041110957
-0.005885144679610847
-0.006051558115544328
-0.0062004832943840255
-0.00634645133116818
-0.006426886915733456
-0.0064298665262818655
-0.006395024535090352
-0.006302741514722371
-0.0061769124419630865
-0.006019385545659354
-0.005799960139730484
-0.005522387399822419
-0.005249497442218403
-0.004981503499092388
-0.004689420653691325
-0.004388198253656062
-0.004031687366310892
-0.0036155366346886345
-0.0031743307498216917
-0.0026968798734517837
-0.0022066061093983028
-0.0017090473815002186
-0.0011845408765553738
-0.0006402818135683151
-6.973734822536993e-05
0.0005289265876790589
0.00114617887245324
0.0017835875033143473
0.002473129685690823
0.003216399805033357
0.003999243925662327
0.004830163755439939
0.005688638485700934
0.006573504513975623
0.007502357098718106
0.008470973866281607
0.009235183840438524
0.009772332067696718
0.010193983321285892
0.010429958585738898
0.010624840317299563
0.010783763252022866
0.010770566205115902
0.010611523590902408
0.010475887554631956
0.010358075564103328
0.010190777504067413
0.010012604843398006
0.009683253062752702
0.009191148671525092
0.008635398948891187
0.007981992091214812
0.007402936418375819
0.006923829493163302
0.006437248482036228
0.005993459612562196
0.005513357856059368
0.0049884893953749225
0.004502839244558725
0.004040335281434044
0.0034364337260706698
0.0026882200749930195
0.0018644899014532352
0.0009237296087759325
-1.644769410820337e-05
-0.0009484332001266268
-0.001965416221160938
-0.003041540779437305
-0.003898771390557311
-0.0045195544689522055
-0.005016027040926139
-0.0053104763566934965
-0.005585227336316005
-0.00584539818175298
-0.005929630923754683
-0.005871846098957665
-0.0058383843732123025
-0.005820649976143645
-0.00575787047853197
-0.00568714610080862
-0.005462534769078606
-0.0050727175469694
-0.004618068532020283
-0.004063199317826513
-0.003631299771457628
-0.003352817876779637
-0.003095064382614815
-0.0029227763120712987
-0.002727611698928859
-0.002499490437441031
-0.0023499205231552528
-0.002257193102707385
-0.002020585239758973
-0.0016378955097519124
-0.0011919634273694832
-0.0006327115905035951
-0.00010670061279044419
0.00037638987587469214
0.000930938163325255
0.0015243555714034801
0.0019598323074560314
0.0022301888244641932
0.002404508957934574
0.002429058310985985
0.0024443427801791105
0.0024532423688951783
0.0023371777470021326
0.0021225591261230677
0.001909448380123916
0.001690050700843142
0.0014315976473186778
0.001155576465686802
0.0007675845599991498
0.00026060199116642276
-0.00030280621986479117
-0.0009457176042784706
-0.0014912535087012613
-0.0019171281267008778
-0.002324853850827656
-0.0026635746340838533
-0.0030229016516064217
-0.0034105268111980914
-0.003736671034684093
-0.004019297826492185
-0.0044103222006705205
-0.004910775833674733
-0.005458966421083591
-0.006092606532857562
-0.006699205723295953
-0.007271422146867815
-0.007896362568649994
-0.008548960447782
-0.009041300512718441
-0.009363860321004083
-0.009586750525115451
-0.009657849215793048
-0.009705816752257386
-0.009733414004492196
-0.009629143092974619
-0.009416823900293456
-0.009200029355063696
-0.008971831231150963
-0.008695838674076752
-0.008394526831994634
-0.007973240937359113
-0.007424521450782553
-0.006811830938457576
-0.006111908186403762
-0.005486925632439071
-0.004957782341125863
-0.0044296740763948165
-0.003949219455803529
-0.0034352409784714766
-0.002880317508482327
-0.00236613767096333
-0.0018762323383653941
-0.001268116579027303
-0.0005403228399261976
0.00024924573513224733
0.001136224235001115
0.0020161552263246317
0.00288242265952654
0.0038166234985205845
0.004795697602723495
0.005634261384602346
0.006322683898165082
0.006931542090117829
0.007409503192449294
0.007882815746112477
0.008354568356472842
0.008715335354871356
0.008988696055644646
0.009278856591032449
0.009579413526373263
0.009853757950228493
0.010124808568243224
0.010298549405385892
0.010367802573737483
0.010396305231132313
0.010361184798221752
0.010420526711146908
0.010595121048061634
0.010792608123684436
0.011058666529287565
0.01131494908333318
0.011554471109549559
0.011856849433366385
0.012206401930789887
0.012464038397442105
0.012628528008287518
0.012756875170991553
0.012814476524733377
0.012903606356849761
0.013031003013396245
0.013117184298941074
0.013184932353173738
0.01316184341340538
0.013031454753676768
0.012843682430506504
0.012574996820656667
0.012247500343832948
0.011863304234038165
0.011389182857416507
0.010828042924069302
0.010260274663865577
0.009686580059229784
0.009068428198910823
0.008424955498271953
0.007698397002272773
0.006882936305883156
0.0060221123291181195
0.005101752916951588
0.0041415260987819925
0.0031473288494619205
0.0020988361973859468
0.0010021888946442994
-0.00014547991782938246
-0.0013463977351354023
-0.002593975035906536
-0.0038893263185790458
-0.005266376706944405
-0.00672750635241513
-0.008257620332092284
-0.009866097633597677
-0.011532622946987153
-0.01325632614050437
-0.01505572135452035
-0.016926946219022885
