0.00938832397828401
0.012012288116230254
0.015187962044327109
0.018960517494419304
0.022927569199231505
0.027221115731492704
0.03011918730477048
0.03140893624778889
0.031997655390423214
0.03137999368567135
0.030458577199806627
0.029283014447590173
0.02694285985104293
0.02360284619547496
0.020661966298508676
0.01810486076485505
0.015346897580920919
0.012719464325028783
0.009135965752092133
0.004508724802952313
-0.00036150856142514246
-0.005732119010420886
-0.010389645005029565
-0.0141352123703075
-0.01773340512518416
-0.02082067659818437
-0.02392301144249538
-0.027092704985321337
-0.02973960538949417
-0.03196373255053809
-0.03495896178170752
-0.0387419541414181
-0.04279564027979005
-0.04741606386889795
-0.05174432726545313
-0.0557164730457097
-0.06000199739146148
-0.06440583054061377
-0.06631814665037172
-0.06554406700918759
-0.0631630693461893
-0.05843347631545422
-0.053004936485416945
-0.046918330803079826
-0.03867214258511946
-0.028564131828948486
-0.018210143079359344
-0.007526671540915197
0.00410522087245337
0.016329546096365798
0.030556359180700834
0.04690536653991671
0.06441413507207096
0.08343134956434313
0.09620337573642852
0.10186630434899603
0.10432898498085867
0.10134036499439385
0.09716263356523185
0.0920082673096064
0.08170598278861209
0.06704060493895796
0.05398246163470785
0.04243244598576006
0.02994887219891222
0.017936074652069124
0.0016722457136231256
-0.019217725751235065
-0.0412870627605455
-0.06565590091822651
-0.08267480020332942
-0.0910390023820838
-0.09612193731020287
-0.09507514000689256
-0.09269944487961057
-0.08931292863243875
-0.07993466467692348
-0.0654501031706811
-0.05416356222613706
-0.04605112800567478
-0.0376009876179616
-0.030810073294917893
-0.019383869395604606
-0.0028263979955719092
0.0141410323106669
0.03299055732802316
0.04682935840081977
0.05448493144018887
0.06028722423198443
0.06214586689373247
0.06297652717776125
0.06304874672126382
0.05900526738331295
0.05137662413399141
0.046978011505533344
0.0458834067823917
0.04509126093237078
0.0462724830414318
0.04449069608387997
0.03935152776046356
0.03465971365329461
0.029273003320774694
0.024724672560553836
0.021571063592515094
0.01825369890220098
0.015307363623399118
0.012708127463610441
0.010346604762952152
0.00872885433019653
0.007862461388382785
0.00514085843520971
0.0004371105994669782
-0.004971208510713545
-0.011756398444777027
-0.018272228038562717
-0.024379861701220897
-0.031459609367744064
-0.03914313628760039
-0.04465526461039305
-0.04788138316978362
-0.049866517574242056
-0.04985683312274082
-0.04977488171623708
-0.04967672129030768
-0.04792958042575665
-0.0449024192099698
-0.04203794844447187
-0.03923930046637833
-0.03603404559466664
-0.03274030137085612
-0.028034220743480442
-0.02182388741594588
-0.015006336245887871
-0.007264460121020459
-0.001310403166121402
0.0025099249195247816
0.00571695996840621
0.007523110972602878
0.009301579594495329
0.011155450742323408
0.011693761208016885
0.011181406915790936
0.01190665361954242
0.01387036404021035
0.016128985329306678
0.019240470762223707
0.021482457031370993
0.022731028834592687
0.024295049149959558
0.025780705687586673
0.026603380166549905
0.026840036932722768
0.026475539589985636
0.025369986956519024
0.0241585172485676
0.02282600697360425
0.020928341441846604
0.01858305218119583
0.01571578054153165
0.012260530367170425
0.008320878405566598
0.0038543775346173044
-0.0012431549722664095
-0.0069806099570968155
-0.013355477543556793
-0.020403770482167304
-0.025267713048570603
-0.02767339376882949
-0.028998909734913793
-0.028429267443706992
-0.02762169273055135
-0.02665622938344872
-0.023971387252489366
-0.019879843693732965
-0.01644280859452326
-0.013616091954318411
-0.010588496715626224
-0.007844360001014626
-0.003725083086071813
0.001893587135797936
0.00780635945825277
0.01440338500034179
0.019112804661614653
0.0215597569089359
0.023245150970904307
0.023405616761265326
0.023255659341370225
0.02288902913593092
0.02100840159155301
0.017839549639007794
0.015696767549351832
0.014587142366056141
0.013521752700301103
0.013062939378352501
0.01148929133290683
0.008667043404525206
0.005904409142453094
0.002802360867077118
0.0005350467602060069
-0.0006431463078733228
-0.0015772828011178129
-0.001897991543993788
-0.0019855196355383613
-0.001893879637084122
-0.0010953233857310403
0.0003439081491228305
0.0010689473497539066
0.0010482293001508982
0.0009035015171736359
0.00029735243483704015
0.00016889054602237672
0.0005954373148340616
0.0008347528925354635
0.0011026564815057641
0.00084373010277766
-8.092366992876875e-05
-0.0012554018224740675
-0.002862110429155753
-0.004752937907568272
-0.0069063016906646645
-0.009566958226202144
-0.012714601936044685
-0.015654904076354458
-0.018372534426190402
-0.02119920354331278
-0.023964454813079763
-0.027148904504120285
-0.030797223852840113
-0.034534136380573205
-0.038473576800286534
-0.04069549263236456
-0.040963932219595225
-0.04026188986263823
-0.03802218984276786
-0.03526348568926837
-0.03203225744723983
-0.027299650905387572
-0.02124615568314342
-0.015408767445234112
-0.009761932866765854
-0.0036572727222425098
0.0025467338334164346
0.01006180576274369
0.018991413098940996
0.02845628984784676
0.03874862660761537
0.04616637925050739
0.05025305531218298
0.05296801683991201
0.05322673697976651
0.052971761197261935
0.05231356082605312
0.049297475352297296
0.04428076712687316
0.040286386880434955
0.03728558913374539
0.034018974464449805
0.031205600033439015
0.02650583170351119
0.019734069120030298
0.012621490969323832
0.004616694521083995
-0.0014490481145273228
-0.005121327474923181
-0.008143779477955387
-0.00966724061289204
-0.010942744679279347
-0.012083354011697727
-0.011696069099701605
-0.01001413753317399
-0.009760125745436107
-0.010961436883286409
-0.012437020346461358
-0.014855988060270862
-0.016237534580184374
-0.016429087040587882
-0.016958654980040358
-0.017371198277687114
-0.01766705382270042
-0.018008679970309253
-0.01806313693699592
-0.0178679727803498
-0.017771225544586763
-0.017744139301308706
-0.017650462185805058
-0.017559202965104888
-0.01687637455003349
-0.015540621439580706
-0.013883750134913287
-0.011741342089258892
-0.009408824521143931
-0.00691316035946674
-0.003963928115185139
-0.0006219857417615392
0.0019159394198382147
0.0035722484560236425
0.004872644578657989
0.005488218731494992
0.006183683444812628
0.006994178000164283
0.007246582693487071
0.007091205465441471
0.007272554487455248
0.007765636520323915
0.008305897701659681
0.009067776650549995
0.009426706138833332
0.009342467293809211
0.009264053578522866
0.009047428445063373
0.008782685213224468
0.00852114683506511
0.008112006419948858
0.0075876790552094776
0.006996857088133975
0.006323063909430626
0.00556891494990649
0.004740443030883971
0.003610360456061582
0.0021586892005802855
0.0004958304901149944
-0.0014417762408056101
-0.0035306061417485672
-0.005764120757089084
-0.008260756120618608
-0.010997219921236229
-0.012840395782925606
-0.013693314402962141
-0.014074446529567268
-0.013662676962080183
-0.0131425350226089
-0.012542430260150523
-0.011230971758030702
-0.009336772724406292
-0.007635043446147677
-0.006102982858237967
-0.004441553191239992
-0.0028305150657969846
-0.0006310542365441888
0.0022050593375108267
0.005220537289135301
0.008566886222950196
0.010977074701136005
0.012280936043023629
0.013188229017595223
0.013326227169150943
0.013324757576164466
0.013227497844111867
0.012382960543001602
0.01090866721186879
0.009893106799706567
0.009334459063561508
0.0087746447028746
0.008476458217387565
0.007617448326604819
0.006134156441503269
0.00464596392045453
0.0029616294305952542
0.0016805886077279476
0.0009264342115422565
0.0002760522858032249
-8.413418353013822e-05
-0.00036027637964371857
-0.0005803683779062957
-0.0004718183864012422
-7.183253914924178e-05
-5.292044433893565e-05
-0.0004302859535804395
-0.0008989756841922753
-0.001626780356549819
-0.002145781600687625
-0.0024186006207104088
-0.0028152725477311805
-0.003228924407176692
-0.0036748279857432313
-0.004195764596968591
-0.004707715407500527
-0.005225802992417043
-0.005826971873957065
-0.006506147849712296
-0.007240806491228968
-0.008048032034965912
-0.008771557545746307
-0.009398485120009598
-0.010017221884754846
-0.010586427826771251
-0.011190739974866122
-0.011839518280378923
-0.012456072405038859
-0.01305970575626885
-0.0132662510184036
-0.013026075511370893
-0.012531729666955468
-0.011667764410888962
-0.010635850911847827
-0.009442675691049477
-0.00788010958930672
-0.005981848682417761
-0.004057335818305372
-0.002099518741606674
2.579079163916425e-05
0.0022480055134095215
0.0048145290388487486
0.007748564543302888
0.010874154133372504
0.01425262767952001
0.016710547934948774
0.01811377943937127
0.019060343893389387
0.019208690439948443
0.019198053632241585
0.019061148757516338
0.01816868049605338
0.016638277574321972
0.015389748293470857
0.014409696837522946
0.013320075090199519
0.012337963643508278
0.010740130861187138
0.008469193942905259
0.00605511222097317
0.003326656869552885
0.0012464968699739793
-3.779752248000013e-05
-0.0011077187855887643
-0.0016765778628008402
-0.002183793237517361
-0.0026675439854473544
-0.0026496479406194584
-0.002212832505354018
-0.002260070474362845
-0.0027990019045696446
-0.003441892911392808
-0.004410492780687357
-0.005043824168687341
-0.005291823425704086
-0.005663245977456066
-0.006006546548092212
-0.006328404921044458
-0.006683600134233577
-0.0069583030333823
-0.0071669434607728654
-0.00742209952132603
-0.007714152824782107
-0.00800119041553133
-0.008305680883717054
-0.008426723878155537
-0.008344246106115366
-0.008170083997221024
-0.00784893428919808
-0.007482186698025973
-0.007079209219639763
-0.0065415099823987865
-0.0058902136798096765
-0.005250620184622031
-0.0046204556779278205
-0.003953161902820032
-0.003278797567822569
-0.0024989100085494385
-0.0016073336699826374
-0.0006773947667045399
0.00031313199305532755
0.001415258778050661
0.002626610512345243
0.003939540860309884
0.005367251478402748
0.006863293074638792
0.00842815804326571
0.010097091186427556
0.011861568447661812
0.012952618107825902
0.013296144330073905
0.01324688750465464
0.012582832565744965
0.011755495230305996
0.010780907952962042
0.0092308645754539
0.0071869767885722685
0.005194909870023183
0.0032379006458747076
0.0010968276314760404
-0.0011034825359496866
-0.003812501354956786
-0.007067587121495401
-0.01055023417895446
-0.014369405476903269
-0.01694775270401637
-0.018097364877505268
-0.01864199161276
-0.018121445584031497
-0.017376044301382162
-0.016452434675781946
-0.014513717148926639
-0.011715090922460342
-0.009320134575494346
-0.007314623747029847
-0.005176122264000894
-0.003204612840748336
-0.00041661530918731546
0.003265332042881953
0.0071155367322072
0.011365779626814978
0.014379943739229597
0.015921649036134147
0.016932466852041462
0.016925845113940432
0.01668333249764088
0.01626133721716357
0.014827854359033409
0.012526442855441274
0.01081955526780374
0.009708621921257715
0.008567492366453561
0.007749697758510989
0.00616070699012287
0.0037137719964927783
0.0012359067665593882
-0.001528249408612782
-0.00356143308178732
-0.004676394730432275
-0.005539846375579823
-0.0058397838136396854
-0.005976848419938279
-0.0059928887175973115
-0.005403534761757799
-0.004280919236569112
-0.0036827459649989096
-0.0036249708475710285
-0.00363527594774099
-0.003974398114439582
-0.0038872975280707382
-0.0033131012299063766
-0.002838658893142881
-0.002289685454515083
-0.0018897685566668424
-0.00172447122886757
-0.0015615995407383424
-0.0014808046887758678
-0.001486681735085604
-0.0015638822023868234
-0.001784459549852151
-0.00215203056392921
-0.002273358859166297
-0.0021295527308975385
-0.0019157835214956564
-0.0015311369275084377
-0.0012240434103561956
-0.0010164420241741948
-0.0007010321714664295
-0.00033408982714773125
