0.0025569372743672724
0.0006895623631005075
-0.001480892090790272
-0.003960976675657043
-0.006854906313043214
-0.010161211365145998
-0.010820354462203263
-0.008546132843551652
-0.004782759314591968
0.0013433302033177333
0.008032596048835558
0.015205754967456665
0.024550607296133495
0.035730652448822856
0.037178639367283085
0.027982194666996505
0.013386367808176683
-0.009852133489566138
-0.03459208399249846
-0.06051768130594027
-0.09409861501790857
-0.13396510411536555
-0.15187766699454794
-0.14595008479220375
-0.1286691423838218
-0.09225351689013073
-0.05481916324113577
-0.01721155536798174
0.036507799079826674
0.10276942214973765
0.1443962257624669
0.15996133381600094
0.1648514909346775
0.1492355605605876
0.13907230836484225
0.13568065539629084
0.11761229239485782
0.09024704947958416
0.06758353314487554
0.048170305216001345
0.028833206688340256
0.012595091281469632
-0.014464240521401436
-0.053011447606648235
-0.09381061534310192
-0.1400601366473046
-0.16539883643650274
-0.16637528654804337
-0.1577851770208243
-0.13192959719080233
-0.10184004662213304
-0.06846184283405167
-0.018358635214027426
0.04600920087741778
0.08436619166036968
0.09489206469193968
0.09531632102363206
0.0750057927424793
0.06107479353070762
0.05514336027021462
0.03456407044874807
0.005052573726122616
-0.011868274927174918
-0.017006684882505764
-0.0167828709110244
-0.0060134750927804854
-0.0030902700709470638
-0.008789667917269407
-0.009658020749630538
-0.009678125445744432
-0.010090273653680317
-0.009552450090915883
-0.010282035791152003
-0.012273276374864214
-0.011373835869671823
-0.00771379086096815
-0.0032879431747270278
0.0027901648796231776
0.005864466961307064
0.005395288190595131
0.004265183707115929
0.001196719116360401
-0.0016696892442398033
-0.004057877809148819
-0.008120858534825016
-0.01338061033448805
-0.01700983628720114
-0.019036610541279367
-0.02048808956172231
-0.020670300237783032
-0.02173197211744429
-0.023788132012945284
-0.025192696704227864
-0.0264131376906104
-0.021435799631891662
-0.009451479805831883
0.006405668241974437
0.027941298876793388
0.05213300712821207
0.078856872015606
0.11129543118544678
0.1489401558285501
0.16326052845861935
0.1519175805027673
0.12809040507398153
0.08376863511741553
0.03634013816919638
-0.013381657475325798
-0.08124347670995319
-0.1638996084942436
-0.2095151414277429
-0.21525778124880346
-0.2036135898814687
-0.16057594052944468
-0.12057952147523784
-0.08536265390312782
-0.025488877794085752
0.0520575923161593
0.09696862159244346
0.1082664857478656
0.10531043738669608
0.07509097377467407
0.054744783225001065
0.04606450473914827
0.01939515451525057
-0.017466151672329386
-0.03550685686573334
-0.035536446613622714
-0.026054300624330267
0.00010657207381993073
0.01833040959241656
0.02774773275076387
0.04669074818884251
0.06996969003668647
0.07935310109493483
0.07511099976101542
0.06225916049076588
0.03611091888626065
0.012025422867066125
-0.009668820377631525
-0.0407394601703463
-0.07811412951016632
-0.0981433615394757
-0.0999290941402428
-0.09261302167596222
-0.06984334520130368
-0.04858872554657176
-0.02949821844217804
0.0014855773823988418
0.04096791212701295
0.06325305246279239
0.06767651474104668
0.06423044885765078
0.04619452286207138
0.032346889222709715
0.023562168448491853
0.004680074513257741
-0.02039848143900006
-0.034003354603851205
-0.03630670941506092
-0.03308512829687704
-0.01989131632898711
-0.011001850058555593
-0.006979410770144531
0.003076207127654513
0.016162697285546236
0.022919350099556705
0.023704530136832696
0.02089567490959988
0.012175895400915049
0.005842641318738954
0.0021124990553518783
-0.005133582171484307
-0.014179107905598117
-0.019054145776340414
-0.019873099807907583
-0.01828794242550908
-0.012779031484357802
-0.008462127623444705
-0.0054661314631366895
7.935408753086473e-05
0.007132926844521553
0.010877409412585595
0.011303644751283511
0.009995172977162122
0.005709510643003483
0.0023050023690321777
-8.570137401205967e-05
-0.0044619773055882585
-0.010030881070888252
-0.011943001034882491
-0.010082867150478415
-0.0062093680365397
0.0009601848949926082
0.007811286812505144
0.01421498022413116
0.023097756628813127
0.03373157962630992
0.0385822218786678
0.03727458882906854
0.03288691678837394
0.023373510019284418
0.013887126515509256
0.004638335217835611
-0.008751544782307932
-0.025260663620871114
-0.03555083170722077
-0.03929762536206782
-0.04027610844901376
-0.03602125841203877
-0.033157605545014165
-0.03200600964156251
-0.027129095520432096
-0.019896532152866186
-0.013909693836590289
-0.008808738421773115
-0.0037685257321472395
0.0004270686733968511
0.007342883808021813
0.017146982632891352
0.02746252015433105
0.03910541433507048
0.0447091410116518
0.04332126411138725
0.03901285681686635
0.0296292429355423
0.018851547481081834
0.006928873608923716
-0.009922355117038682
-0.031015209157065734
-0.042287006789177115
-0.04294920195035648
-0.039276193871399905
-0.027484589984190042
-0.016780409411333057
-0.007678620876600048
0.007703680041628923
0.027473769350405203
0.03753276204991328
0.037539278088943966
0.03293574151988981
0.020042526650522856
0.009120314669922625
0.0006388186678869757
-0.013692761043796096
-0.03174864221170357
-0.040871963300578136
-0.04085344548685251
-0.036261516355029715
-0.023796036534808513
-0.012986343138138417
-0.004204019371083268
0.010165262967361631
0.028169915911474115
0.03796430600943363
0.03933660855903827
0.03659804593649843
0.02665630568664965
0.018428786128964328
0.01227028951511943
0.001052872128175724
-0.013393617368679419
-0.02143360587859924
-0.02301641199709702
-0.021493918375773757
-0.014393013920936792
-0.009224069843165816
-0.0062883039051265695
0.0002831882461176603
0.008928043209201769
0.013110124145445408
0.012899342815645101
0.010337111618335624
0.0037666350212760356
-0.0014609628025548638
-0.005163495059937733
-0.011431377475837372
-0.019155698033207887
-0.022724875842985763
-0.022068797507917102
-0.019086272009106023
-0.012306378897545947
-0.0060709472015647754
-0.0005178111507392508
0.007805962870474716
0.018025936239615188
0.023870205754096274
0.025157494369838787
0.024281362488355007
0.019583824788952365
0.015648646314738127
0.012665655583444492
0.006904250053537418
-0.0007007434589967542
-0.005302452290531066
-0.006907398295677924
-0.007203499254552901
-0.004964523621828429
-0.004017547413720512
-0.004531295312780069
-0.0035571196453667267
-0.0019057300786582887
-0.001547409590323828
-0.002327308238628371
-0.0038663646867576756
-0.006627666544090037
-0.008698039404675948
-0.010031132454752671
-0.011966993367841742
-0.014101326058895457
-0.014471527763450344
-0.013019068206172145
-0.010379802233716354
-0.006016227772285216
-0.001410310601316734
0.0034161489044771875
0.00969031172661324
0.017134742726600163
0.021356067035313567
0.02208734240147739
0.021233947108150974
0.017593620529686663
0.014067505699256367
0.010791160542418025
0.005255482066269488
-0.0019613327098783506
-0.006324082208421565
-0.007734345023236843
-0.007979610211647005
-0.005887944770694619
-0.004782649489399446
-0.004834688753151689
-0.0033871581930216997
-0.0011431446020447413
-0.0004894589448443737
-0.0013347499620369881
-0.003023945562646061
-0.0061399220569536925
-0.008607731275209
-0.010358125180810753
-0.012916453269793701
-0.01584452847073156
-0.016809662906281345
-0.01574687125782669
-0.013448084510619214
-0.009282729219617621
-0.004994332938767574
-0.0006220564837077524
0.005268922422059764
0.012343493925740159
0.01715634140499181
0.019562713164345543
0.020985018661024504
0.02050447438143478
0.020531373358887908
0.02118246025520019
0.020456281814915864
0.018847799357899098
0.016682029875759872
0.013718212016357968
0.010109562836025949
0.005848551112809975
0.0001900638898561191
-0.006914951308523416
-0.015150291179455724
-0.02472091074309077
-0.030178976679297972
-0.03099411496143365
-0.029911098297576568
-0.02538998848487448
-0.020541011887873665
-0.015552188909401035
-0.007500319431956842
0.003005938176770043
0.009380810963821946
0.011411274512987686
0.011856864850050818
0.00900327205060841
0.007479659827418247
0.00754968781796032
0.00544276773567671
0.0021418730049615263
0.00045924019136185656
0.00019854974493917275
0.0006859516914911025
0.002574829484260466
0.003255754258968807
0.0026345754667672734
0.0025445965533326125
0.0024183215428465596
0.0018206915129430643
0.000893605850514239
-0.0005668048952114306
-0.0026488367385368557
-0.00463908653909401
-0.0065651867748545
-0.008863360983543659
-0.011398054095441798
-0.011513769105441107
-0.008983594738778654
-0.004960573038990871
0.0013177543150322659
0.008189669789279826
0.015605723626383006
0.02509242378593555
0.036347263325109735
0.041484969208639755
0.03994763907348197
0.03528104670639495
0.025304382804698974
0.015017590468182589
0.004661294614352503
-0.010194324210821004
-0.02856465378887419
-0.039682427398674745
-0.043110336010017604
-0.0433354159816715
-0.03750206724309763
-0.03307370295433815
-0.030429454307967497
-0.023373407521430908
-0.01344792570886756
-0.006269503340062469
-0.001573942564319673
0.002304483756530626
0.004040214233220517
0.008561139411749333
0.016098264785529625
0.02312020470234829
0.03071767601364711
0.03405149914197514
0.03226488309773392
0.028410586370680963
0.021005821641321414
0.011955158174278733
0.0014265586413249058
-0.012892244081194772
-0.030676988701726644
-0.04034436198436158
-0.041158548410984847
-0.03845716523593876
-0.02910319887901397
-0.020469552216206322
-0.012990597553020296
-0.0002555197695722053
0.016222286798903633
0.026247379062050248
0.029686948060544994
0.030399806955239368
0.025775565290479124
0.023434538383171416
0.023749501243735913
0.02069947184507173
0.015896521808844773
0.011889902929162753
0.008188275728392886
0.004662397267475126
0.00180855804999863
-0.003439633600765823
-0.011173639833538376
-0.019504343452967813
-0.029127474107068715
-0.033890571410432425
-0.03303101615347524
-0.02996955944280547
-0.022928147340778488
-0.014998794742430165
-0.006410930054174516
0.005970108239725872
0.021549877409430766
0.030012098294989194
0.030825327517153396
0.028530905161351473
0.020369688823133114
0.013178038565611307
0.007336469853615556
-0.0029578362222359485
-0.016292864178027486
-0.023137304225527084
-0.0233163186705715
-0.020418589321535473
-0.01197305952034327
-0.005038069308817512
6.97533635091042e-05
0.008995643334824423
0.02027223229581934
0.026168636392063228
0.02662246830243081
0.024307591165140533
0.017225815966260865
0.011350420917323219
0.006904389657457432
-0.0008186489051842654
-0.010590959613045688
-0.016833688330390444
-0.019583365360663626
-0.02066688660904832
-0.018670473609503007
-0.0181026012127927
-0.0191355637793101
-0.018313517749143544
-0.016579667894042985
-0.01453552814400838
-0.011818701797477503
-0.008770410438312963
-0.005431343511355099
-0.0005164173521397072
0.006004314369796032
0.013503619714307602
0.022292912956495402
0.027026175526561905
0.027156034918904105
0.025453814349234095
0.02040609384971118
0.0149684453358033
0.009334766358783652
0.0006849283557469423
-0.010400646209375747
-0.016969599795176926
-0.01875807256835914
-0.018713565860218304
-0.015010509748020751
-0.012452686809347767
-0.011308705303746676
-0.007616399688804516
-0.002385750152969606
0.0013278936058017201
0.003733979181705813
0.005615169742613587
0.006267276709319902
0.008506330111790883
0.012449922036371137
0.0161279892514269
0.020162983555286555
0.021550886941192147
0.019789838836030263
0.016738974508101703
0.011488728401908588
0.0052753236100118355
-0.0017939092936396978
-0.011166564329544998
-0.022625218804240465
-0.028881694109779667
-0.029463257590178357
-0.027711712582648155
-0.021645369346688485
-0.015892416102903737
-0.01071543301989061
-0.002072660167567303
0.009094030139282434
