-0.0040564144045084505
-0.004171064537215006
-0.004288833421005891
-0.004409913569001084
-0.004532325614119783
-0.004656666691327805
-0.004762363874786424
-0.004847093305565161
-0.0049209096815244205
-0.004977774493132727
-0.005029007018518578
-0.005075044218988153
-0.005104688177679727
-0.0051199354403273205
-0.005136288659223114
-0.005153358689405873
-0.005164685342969712
-0.005173825706196874
-0.005168264238065197
-0.005146909914539759
-0.0051186883450112285
-0.005080546079117252
-0.005045847784952837
-0.00501668317190748
-0.004984373526114193
-0.004952828841813328
-0.00491611481184639
-0.004873510312081396
-0.004831418953085002
-0.004788602476912673
-0.0047316604923070315
-0.0046602720064031385
-0.004580052928917996
-0.004487579316231846
-0.00439225207022958
-0.004294647870944157
-0.004187197460971221
-0.004071932289636613
-0.003965222864310298
-0.0038678143967011834
-0.0037734164372983697
-0.0036864957480714877
-0.0035957371729488747
-0.003500791895444304
-0.0034112974179824613
-0.0033250757076172563
-0.003232993468847451
-0.003135557936885893
-0.003035842717412869
-0.002931789244728791
-0.002831553274332879
-0.0027356864252701873
-0.002638555960817638
-0.00254209161694152
-0.002432464604028631
-0.0023077961619749547
-0.0021760622795075
-0.002033218954846459
-0.0018860107175255004
-0.0017349780839862716
-0.001573126711497368
-0.0014017523403183506
-0.0012328858054142483
-0.0010665657658195996
-0.0008977652934546359
-0.0007294260936027667
-0.0005525838463547835
-0.00036658413391971867
-0.0001782722735893886
1.4401655577169915e-05
0.0001841931830079462
0.0003275755124902364
0.00045878112944292156
0.000569709364658168
0.0006743737767749443
0.0007734300535312941
0.0008524316097345119
0.0009138268682391423
0.0009797393699906155
0.0010498172334577013
0.0011146056106356036
0.0011792541000434501
0.0012263982564345928
0.0012545172199988647
0.0012762051744028033
0.0012872531280198414
0.001303824450849638
0.0013286480098688583
0.0013508542541608133
0.0013752247443050908
0.0013949882783404887
0.0014092490280392782
0.0014256073108213443
0.0014426535541545223
0.0014434320391034667
0.0014274860329049858
0.0014020332634675319
0.001362731260786349
0.0013213428140193234
0.0012786072929669864
0.0012250037784158718
0.001163076432743603
0.0011166102513998652
0.0010868656306353465
0.0010644275242656456
0.0010558399960463065
0.0010450469425257165
0.001031542821683045
0.0010292070395149277
0.0010349734069024035
0.0010350966230115374
0.0010302863010206275
0.0010253253715338947
0.0010171110264119581
0.001017759929577127
0.0010281250138577441
0.001039809437603166
0.0010556942046586189
0.001056352623404197
0.0010391101510526044
0.0010153120376747103
0.0009792794523870879
0.0009404086721013035
0.0008994900295972844
0.0008467501721088477
0.000784010507931305
0.0007284185370599797
0.0006800707152467978
0.0006318044131039836
0.0005878350783744168
0.0005354720136608079
0.00047380678853418837
0.0004125896191171486
0.0003489371842870682
0.000295417886008476
0.00025437639878871234
0.0002178500519048228
0.00018975224383457166
0.00016516644896401685
0.0001436909935846802
0.00013140583421076483
0.00012750747576198432
0.00011933385709511826
0.00010681177594649741
9.572198617256467e-05
8.302610952101703e-05
7.797959906889615e-05
8.142174021463602e-05
8.6360303179704e-05
9.501280750956817e-05
0.00010230277418531984
0.0001070480386997216
0.00011332473744978048
0.00011955506434792493
0.00012720692653797827
0.0001366214793087561
0.0001456651024591907
0.00015465226572909966
0.00017021449924954204
0.0001926304591011031
0.00021892328057137016
0.00025082164847870463
0.0002839706083353906
0.0003180849309412079
0.0003568051787144031
0.00039920033413609526
0.0004309064467469202
0.0004509229381165866
0.00046535989694535744
0.00047020028400442576
0.0004746169445457101
0.00047893229496311025
0.00047494985672428424
0.0004644001973794092
0.00045630279850826207
0.0004502868376621661
0.0004430191237007058
0.00043655676845101273
0.00042320421106297905
0.00040238977198091524
0.0003795184785271038
0.00035275484116706714
0.0003329095165151747
0.0003215395067248805
0.0003121512373833456
0.000307914826655358
0.00030374593914936755
0.0002991779053699852
0.0002995807533874564
0.0003039595437728415
0.00030243901749531715
0.000294921343060925
0.0002855546251280559
0.0002718919352358524
0.00026114767167787335
0.00025382887893111213
0.00024433782352007544
0.00023430028494624756
0.00022528137459077482
0.00021682126927424588
0.00020935085848437432
0.0002031664102427946
0.00019604318330456285
0.00018802096720968897
0.00018045197037382178
0.00017288713554830184
0.000166276743100239
0.000160843937791372
0.00015582985836220037
0.00015152978161270424
0.0001477980569569676
0.00014458532389020128
0.00014223146720533016
0.00014071601330550794
0.00013698686576809891
0.00013081133812523071
0.00012363113911295742
0.00011460418376520378
0.00010558369165049436
9.667418372554558e-05
8.620830866220311e-05
7.455558368183238e-05
6.372369586735087e-05
5.366677065354404e-05
4.365314358151712e-05
3.416196631081889e-05
2.356249544186793e-05
1.1752637746490505e-05
-7.039555018583686e-08
-1.2277367297174464e-05
-2.2984930211453833e-05
-3.1879283515048885e-05
-4.011441331034746e-05
-4.7118462966868054e-05
-5.369180462813158e-05
-5.990020302529499e-05
-6.482095275797952e-05
-6.85949735493387e-05
-7.299752402571803e-05
-7.803569443685434e-05
-8.292313306358e-05
-8.808780369264326e-05
-9.22212102268932e-05
-9.521231843446927e-05
-9.805157830522309e-05
-0.00010042995699118858
-0.00010305420664233644
-0.00010609376951297326
-0.00010898428203904433
-0.00011194848678101768
-0.00011479305380231544
-0.00011747447829880908
-0.00012028950443920459
-0.0001231998359316922
-0.0001252907582795133
-0.0001265275823021862
-0.00012732771807145237
-0.00012745579143185292
-0.0001275183472751713
-0.00012755916262068687
-0.00012707850179189436
-0.0001262093451444643
-0.00012688461781090718
-0.00012924084196071166
-0.00013246419761854276
-0.00013709753787918174
-0.00014190942964092926
-0.00014686053860938234
-0.0001530566142775951
-0.00016026830381883454
-0.00016729422435425177
-0.00017418852196907986
-0.0001813991307254612
-0.0001886552174352585
-0.0001969908417908816
-0.00020648621768637546
-0.00021642224572916805
-0.00022704849543007274
-0.00023691463348853443
-0.00024581552582660625
-0.00025462762967196577
-0.00026292848560313095
-0.0002714067320053512
-0.0002801289253305613
-0.00028837625801746717
-0.0002962865935014408
-0.0003051902720418561
-0.00031510412244717097
-0.0003254750395888168
-0.00033663550494934737
-0.00034761990864088044
-0.0003583639820709637
-0.00036962361484650175
-0.00038118417057300983
-0.00039206621026608536
-0.00040225575324282084
-0.0004120599950205557
-0.00042121774551560486
-0.0004304739606177773
-0.00043984195198222195
-0.00044871625195044563
-0.0004572392516636909
-0.000465841220700512
-0.00047447829381857724
-0.00048302918626347963
-0.0004915837381472577
-0.0004997088651097928
-0.0005073751611784481
-0.0005148622553517499
-0.0005220647095871494
-0.000529925869690171
-0.0005385598499462637
-0.0005474392809448878
-0.0005568349433496207
-0.0005662590520852161
-0.0005756730318349831
-0.000585560880997248
-0.0005958259348497161
-0.0006056843252570827
-0.0006151343374642387
-0.0006244928877659506
-0.0006335671126926532
-0.0006429453124118377
-0.0006526669358941725
-0.0006622812952007532
-0.0006719207843698724
-0.0006787452438025788
-0.0006824131309164128
-0.0006843469818407786
-0.0006837071840166486
-0.0006820114334032885
-0.0006793207352870258
-0.0006741043485748768
-0.0006666269539234394
-0.0006590878885297068
-0.0006514375625190404
-0.0006427462547516449
-0.0006335195921422823
-0.0006219976447907268
-0.0006080243493871856
-0.000592858982692418
-0.0005760713400730239
-0.000559428844267277
-0.0005432144035242502
-0.0005262590724433704
-0.000509080270388334
-0.0004909072567929783
-0.0004716406489155557
-0.0004521193633877471
-0.0004321804970382922
-0.0004100134599930411
-0.00038556991851035696
-0.0003596096279816488
-0.0003316674345229752
-0.00030300291645835937
-0.0002736914983653437
-0.00024271175165690306
-0.00021033376744714928
-0.00017886575522056157
-0.00014841606261093123
-0.00011808445314311316
-8.850047879263451e-05
-5.807700341903511e-05
-2.6761970710727806e-05
4.091162850763025e-06
3.4789379322245437e-05
6.664055726222822e-05
9.9576831937208e-05
0.00013315659968057118
0.00016767698914369668
0.00020198071939736865
0.0002359910364795865
0.00027051293933982575
0.0003052742905752411
0.0003422059988171529
0.00038157406747053353
0.00042226439420082806
0.00046484356945220294
0.0005083768184893608
0.0005527905369463127
0.0005990609143067603
0.0006470100910254907
0.0006949550068042968
0.0007428916477594549
0.0007915271998521816
0.0008404514893025286
0.0008909205478578441
0.0009430280726231944
0.0009958178783805365
0.001049578726706251
0.0010942312183228377
0.0011286384309326485
0.001157723976505615
0.001178529863919023
0.001196605492913969
0.0012121649654129076
0.001219720805966469
0.0012202521352646452
0.0012213504912968363
0.0012228250270338652
0.0012215133318786283
0.0012191573012677967
0.0012096272195295057
0.0011923890266146988
0.0011718140898073991
0.001146407067306843
0.0011227241509774851
0.001101789967558162
0.0010793492024430737
0.0010573199977409206
0.0010327900586949222
0.0010054061134828136
0.0009783103264157415
0.0009508952929355696
0.0009165909439664916
0.0008752404560327683
0.0008295973186297356
0.000777983119014502
0.0007250081713568405
0.0006709555562024544
0.000612114076141206
0.0005494802537121015
0.0004910792760142333
0.0004372766942360491
0.0003849895330479577
0.0003364077376888621
0.00028598468113838493
0.0002335497537727568
0.00018382774711906097
0.000135751289605841
8.484385631456028e-05
3.1354483052974e-05
-2.3209955057588926e-05
-7.985813818177147e-05
-0.00013459186202525558
-0.00018714038011643583
-0.00024026438950814881
-0.0002930175989487195
-0.00035217951929918383
-0.00041867084572059577
-0.0004885809385475849
-0.0005638920921221118
-0.000641297182058655
-0.0007205308658774686
-0.0008050219665922846
-0.0008941348431937536
-0.0009819709623772213
-0.0010685110386779984
-0.0011562191694741175
-0.001243652821936606
-0.0013352064986155237
-0.0014312006804773733
-0.001528279045603661
-0.0016274462396170398
-0.0017075256831856189
-0.0017659831257033516
-0.0018134506164592162
-0.001843678358851825
-0.0018680098004864687
-0.001886916291456525
-0.0018889894690801378
-0.001876220896652712
-0.0018650611131571814
-0.0018551582016561726
-0.0018395801287807928
-0.0018221225216238503
-0.0017896550478300071
-0.0017410286984178946
-0.0016856691148332953
-0.0016203796242135703
-0.0015584362288960086
-0.0015019755366634496
-0.0014422563532873291
-0.0013831775096422743
-0.001318966980027042
-0.001248898594224359
-0.0011792873755426668
-0.0011089281143110417
-0.0010242714331731894
-0.0009249747507204691
-0.0008167479118042026
-0.0006961240235748103
-0.0005725633565324255
-0.0004466495840939735
-0.00031074588648222814
-0.00016689543849073045
-3.260720414337697e-05
9.126837985129681e-05
0.00021154868981264623
0.0003234410433396872
0.0004389312670214506
0.000558394413957214
0.0006715622343860056
0.0007807360897109941
0.0008958369405831346
0.00101633309937485
0.0011388397601929873
0.0012655963090625593
0.0013877973437553092
0.0015048390141749644
0.0016228156005314816
0.0017396410240161121
0.0018699020520852212
0.002015593466130744
0.0021682617868823027
0.002332173637533182
0.0025002428124341397
0.00267189188271879
0.0028544833492453103
0.003046652634455742
0.003235636664978758
0.003421383808270386
0.003609229550477155
0.0037960478156413464
0.003991325640373641
0.00419575212019865
0.004402068309310825
0.004612439595143453
0.004795298864380259
0.004946625714112249
0.005082753092653826
0.005194306806840491
0.005297671119298952
0.0053935863735642955
0.0054652485949329204
0.005515518797050862
0.005569766852964915
0.00562755243645541
0.005678058605341064
0.005727174652531881
0.005754902742604253
0.0057594863725140165
0.005755386161850429
0.005737745578963823
0.005725543703029663
0.005721943047825537
0.0057142377302445875
0.005708028299989432
0.005695281349693399
0.0056749426512225035
0.005655959445661413
0.00563665378843017
0.005597238414751219
0.005537182918009922
0.005464882026134223
0.005375265140442185
0.005282071609149024
0.005186156013035724
0.00507639490597057
0.004955754604664574
