0.0017820565780839828
0.0018653242056799243
0.0019521972506469955
0.002042961823395978
0.002134611301956692
0.0022280436395778766
0.0023078232589362575
0.00237204258123387
0.002428571335014874
0.002472839600367837
0.002512985156439375
0.0025493608238087544
0.0025737011293962614
0.0025874308672456632
0.0026027514025512427
0.0026194270655393974
0.0026322848183773237
0.0026441486786546254
0.002645342221003607
0.0026350169710499705
0.0026201451294397206
0.0025983738317700883
0.002579179551078197
0.002564114112576835
0.002546885975122795
0.0025302847479763647
0.002510244242095664
0.0024862420502852387
0.0024627658834905477
0.0024389665213396124
0.00240506880512212
0.002360818053575486
0.0023103474295223924
0.002251153814719697
0.002190043286214066
0.0021274374026766718
0.002057833809462527
0.0019827021332030465
0.0019150974722060028
0.0018556764694500876
0.0017993189590381365
0.0017496050515797314
0.0016976467261556104
0.0016431637743144563
0.00159379610764962
0.001547839804456163
0.0014978341623666967
0.0014441713417989027
0.0013894160818459572
0.0013318831727982038
0.0012781727771796635
0.0012287411814344538
0.001179015463492131
0.001130560540621722
0.0010725850370923006
0.0010036079124155265
0.0009299005064221967
0.0008483061159311483
0.0007640557180941402
0.0006775798325889305
0.0005834381777493962
0.0004826396288941706
0.0003846576025837286
0.00028953513059758434
0.00019331120010751394
9.830857275935918e-05
-2.5044826888441744e-06
-0.00010963702243692028
-0.0002177022309610197
-0.0003283031757829051
-0.00042444221054316214
-0.0005037951711196697
-0.000575473302127775
-0.0006343907895875009
-0.0006890253471951947
-0.000739799928695403
-0.0007777984528026297
-0.0008044904452466874
-0.0008340910781200121
-0.0008664180550916553
-0.0008953298405473904
-0.0009241486084251431
-0.0009418278535969513
-0.0009473927558674947
-0.0009488978541713308
-0.000943667916900451
-0.0009413899891060361
-0.0009437517526403548
-0.0009441240553121917
-0.0009453835252010252
-0.0009435783760110296
-0.000938159075925655
-0.0009336370623057041
-0.0009291862066880124
-0.0009144208828621882
-0.0008890421564263602
-0.000857493114278978
-0.0008171069824650668
-0.0007750433345903755
-0.0007317517480263584
-0.0006814132981075279
-0.0006255727172652128
-0.0005796704501892712
-0.000544563918858718
-0.0005140644623296916
-0.0004924298264564599
-0.0004693234660695439
-0.0004444118231153978
-0.0004266719477765625
-0.000414131644165277
-0.00039773939080014223
-0.000377943525215334
-0.0003579242365809382
-0.0003356327640961753
-0.0003189994092526815
-0.00030858538930071797
-0.0002988784828584747
-0.0002917634629843686
-0.0002747827469016963
-0.00024620734548029685
-0.00021333979358671498
-0.00017253506721774282
-0.00012979016788938546
-8.561404516924322e-05
-3.375007359582629e-05
2.4639580457056897e-05
7.850591694401617e-05
0.00012778186884556121
0.00017709006718199876
0.00022371277003316846
0.0002758151512556467
0.00033398229775793097
0.00039193569079183193
0.00045153000474297376
0.00048225531689836764
0.00048029328886735714
0.00046124669985925747
0.0004160639414166622
0.0003607347674924178
0.0002959472055953798
0.00020538470659360917
9.183270437783501e-05
-2.0487212824288343e-05
-0.00013204224043125473
-0.0002531401220864047
-0.00037818031762898126
-0.000526360891628293
-0.0006993789966505986
-0.000883410573270332
-0.0010831325843169458
-0.0012799217917912012
-0.0014707258700274093
-0.001667957932453666
-0.0018661417751094705
-0.0020732599080154806
-0.0022903551166823526
-0.0025086252051600795
-0.0027297479528617615
-0.0029730153473321993
-0.0032389469143125206
-0.0035193974573674578
-0.003819318004635223
-0.004125308658190417
-0.004436551134163115
-0.004763906893806361
-0.00510449315071182
-0.00543225269944366
-0.0057458708409558554
-0.006055612046940353
-0.006354335248985466
-0.006659767073330057
-0.006972480485855945
-0.0072772437223864676
-0.0075774637385342975
-0.007888099519843829
-0.008208384176509886
-0.00853317874532497
-0.008865873120318793
-0.00919327417805779
-0.009514479332986596
-0.009838655192407345
-0.010162682672652681
-0.010508067925549302
-0.010877777567509211
-0.01125932176057122
-0.011659000927189458
-0.012066417732727418
-0.012480725427245447
-0.012912767833898215
-0.013360549113822145
-0.01380519185469043
-0.014246619978581189
-0.014692745557943036
-0.015138948236944947
-0.015599255604159822
-0.01607469409838716
-0.016554536018947835
-0.017041988064014267
-0.017465994919916555
-0.0178181072138575
-0.018133877990744746
-0.01839234758599036
-0.01863169947837116
-0.018853502289983583
-0.019019424969136778
-0.019136171989783127
-0.019258743950093207
-0.019385937198007543
-0.019494599742233765
-0.019597411055084106
-0.019650406535409413
-0.01964973741007003
-0.019626933634999007
-0.019571286388434424
-0.019527572145740506
-0.01950296675401774
-0.019468039781674946
-0.01943593226961014
-0.019387115380303247
-0.019319141674926408
-0.019253330346207166
-0.019185602007602866
-0.019070361344063806
-0.018906461023946733
-0.01871309723508502
-0.018478603635487686
-0.01823483109094295
-0.0179837406317347
-0.017699624675938736
-0.017389360558177983
-0.017111566716776133
-0.01686907238364382
-0.01663907735899185
-0.016437621019829814
-0.016224537059747756
-0.01599856820756943
-0.01579410282753991
-0.01560342520903025
-0.01539336118294943
-0.015165691756582866
-0.014931718883616137
-0.0146839535696916
-0.014451850928352402
-0.014237426383221868
-0.014020293707067151
-0.013807428577605045
-0.01354992406062462
-0.013241094124941474
-0.012909265509366193
-0.012540131635257488
-0.012157456842450226
-0.01176317247760916
-0.011332587360970297
-0.010870274891822074
-0.010419000517069992
-0.009978931661026596
-0.009532188190524073
-0.009089241317904185
-0.008618291546479525
-0.008117025898969057
-0.00760976700512552
-0.007089253693210124
-0.0065996543845478406
-0.0061480959416962055
-0.00570863799007041
-0.005294740759738617
-0.004886743981787055
-0.0044833462624677065
-0.0041067730041509515
-0.003753669510382754
-0.003383176410147273
-0.0029953542875611077
-0.0026083533752250354
-0.0022124514667634515
-0.0018382801131029936
-0.001488545570827229
-0.0011404056083252382
-0.0008012046476501232
-0.0004495146646591101
-8.103067117586196e-05
0.00028855959686107025
0.0006657744158809676
0.0010430208024059388
0.0014190287137659727
0.0018033806964722176
0.002194506970842818
0.002567365876717405
0.0029211162800251607
0.00326678101476199
0.003597912659584324
0.003931449012583725
0.004268512137396125
0.004595224789359202
0.00491525697116273
0.0052738768125937755
0.0056739927337038825
0.006096891924866728
0.006555184205507326
0.007019412329138132
0.0074886164521910945
0.007988858016486714
0.008514582494349788
0.009038259319390852
0.009561159016672184
0.010093296216378007
0.010628442047103564
0.011190425195943553
0.011781015760198178
0.012383617893882138
0.01300393593506174
0.013606901367958463
0.014187580292748815
0.014766868184799567
0.015334519305529358
0.01590726064055934
0.01648660958141778
0.017055078174393102
0.017615956329567427
0.01820092823458719
0.01881029184593197
0.01943081707042803
0.020070358259908827
0.020705715999034733
0.021335281483355457
0.02197705133811802
0.022625808831319223
0.023196055664140104
0.02368099438072351
0.024116865364670708
0.024479279706479652
0.024821444041150203
0.02514478648378425
0.025400449508900004
0.02559803373587844
0.025792202949205423
0.025980408977732242
0.026141455065481496
0.026287493783900676
0.026371470002554378
0.026389403382433025
0.026373690938745094
0.026312746202480936
0.02627155948493038
0.026259124084418658
0.026235658106097914
0.026219908020023247
0.02618064560397243
0.0261145937254902
0.026053817090649568
0.025991842581288317
0.02586826835614243
0.025682036282187706
0.025457887613152624
0.025180510813277865
0.024893228287794587
0.024598663675040943
0.024262386763275193
0.02389380774951377
0.023547389438772402
0.023224559621103622
0.02290624739639053
0.02260702659386004
0.022286954611869338
0.021944943835404494
0.02161386886933369
0.02128595033654624
0.02093394964590665
0.020559805289758225
0.02017179150210188
0.019763860858246655
0.019361487519708762
0.0189662565756295
0.018560890418715236
0.018151387985627845
0.017687702028083667
0.01716332497740549
0.016606358982085793
0.016002211072363486
0.015375904195826432
0.014729281070036487
0.014036737529509874
0.01330304261224162
0.012570324800154136
0.01183853714861756
0.011090175551252076
0.010335457844472616
0.009542587735251904
0.008709203770474003
0.007859350936785489
0.006985701080926644
0.006213743490747667
0.005558857130503407
0.0049569677232500775
0.0044451433337172296
0.003957013789674806
0.0034896081638061266
0.0031100882316958717
0.0028067453118832304
0.0024804054639504494
0.0021329007474555923
0.0018061102175472602
0.0014770091911912545
0.0012241104489289743
0.0010542049018557197
0.0009105665063801726
0.0008122116295010871
0.0006821610277040837
0.0005077241459643451
0.00033986696660504414
0.00015586160474950905
-1.1413249265149456e-05
-0.00015781161444963624
-0.00031982959226328056
-0.0004906744622594622
-0.0005911184774096283
-0.0006191875291362954
-0.0006085175608871291
-0.00053889036877466
-0.0004656241921953944
-0.0003922339035626917
-0.0002741658173285182
-0.00012343835507559278
-4.500352472225827e-05
-4.4172580443523456e-05
-7.999480680823522e-05
-0.00018130086602090613
-0.0002766795839199664
-0.0003639715806709764
-0.0005046683652535253
-0.000685146350314241
-0.0008457322165454035
-0.000989677233617509
-0.0011375700792810243
-0.0012760051810804475
-0.0014579966854310394
-0.0016872853074084556
-0.0019273061914610074
-0.0021906954079788975
-0.0023907226184357298
-0.0025155743302587366
-0.0026157604986760123
-0.0026659755446805477
-0.002708419291423144
-0.002746639335968894
-0.002736943800911471
-0.0026875416548542692
-0.0026746734100537074
-0.002698765792547061
-0.0027280716963791244
-0.0027813477478792876
-0.002802140730277578
-0.0027864444442541572
-0.0027776527167977082
-0.002762961659340764
-0.002764147511377581
-0.002788147153323419
-0.0028155281314752195
-0.0028537709482323787
-0.002900575227329307
-0.0029548342835268647
-0.003024719993009961
-0.003110140626741751
-0.0031793009156979414
-0.00323111903713723
-0.0032812921170769878
-0.003321888606421158
-0.0033739215163894197
-0.0034393870990920908
-0.003501422545102413
-0.003564964913741177
-0.0036309221524787097
-0.003697561324982011
-0.003768092427923829
-0.003842339518536858
-0.00391609988331688
-0.00398966202934831
-0.004064916584267068
-0.004141034754275434
-0.004224600449980324
-0.0043163627121870045
-0.004412618631501846
-0.004515224477083431
-0.004621021536651313
-0.004729738288818767
-0.004844587592728203
-0.004964943921220803
-0.0050527935121772345
-0.005104756267232625
-0.00513828704432595
-0.0051425541317763985
-0.0051402317306565365
-0.005132220760202901
-0.005097392714119099
-0.005039953819856818
-0.004985946149846084
-0.0049345591253556155
-0.0048756181774033515
-0.0048151181422663265
-0.004731544514774879
-0.004623208178948879
-0.004505419986841759
-0.0043730284276145455
-0.00425180837264756
-0.004145695390545826
-0.00403860288453696
-0.003938118571753591
-0.003832592481789901
-0.0037208179498741728
-0.0036153680427454937
-0.0035139272002795803
-0.00339183938179723
-0.0032487202628391585
-0.0030949938646965265
-0.0029244856140118913
-0.0027548982808513114
-0.0025874411880943376
-0.002408191911721632
-0.0022210928766472136
-0.0020611146605155743
-0.001930252442900658
-0.0018149270663577234
-0.0017248775572056806
-0.0016367078596101958
-0.0015498438983458966
-0.0014847911333323812
-0.0014372127020985783
-0.0013871049674200567
-0.0013356656713334114
-0.0012900716646594525
-0.0012459295570838131
-0.001221172706975925
-0.001217211218816197
-0.0012218854022174456
-0.0012395803041555218
-0.0012415666699035863
-0.0012240395003770136
-0.0012039826950618452
-0.0011731107081062746
-0.0011455890841256759
-0.00112274333583638
-0.0010901793742735353
-0.0010507672125862457
-0.0010301001439510732
-0.0010284694300024921
-0.0010354116614154807
-0.0010573329053669865
-0.0010755445735294636
-0.0010888525613279233
-0.00111188108053193
-0.0011405025163980318
