step, usd->oil, oil->usd
Band: 0
Linear p-values:
1, 9.459977396084267e-13, 0.013814640651323675
2, 0.004063478249963339, 0.336600517272781
3, 0.16776880015679677, 0.6878950825584491
4, 0.2116928626622144, 0.7874185415011541
5, 0.39942161230565065, 0.8719042434089546
6, 0.2454096125480931, 0.8821226448532151
Nonlinear p-values:
1, 0.00878, 0.05801
2, 0.0088, 0.05851
3, 0.00903, 0.05951
4, 0.00932, 0.06048
5, 0.00945, 0.06163
6, 0.00972, 0.06316
Band: 1
Linear p-values:
1, 0.0077452502875548414, 0.2346105818081857
2, 0.03765730740313125, 0.05340281236965681
3, 0.20499567672772773, 0.31812015996189164
4, 0.2548744725036438, 0.42497284024660054
5, 0.43664117875927955, 0.5797782933637476
6, 0.38356834010010377, 0.6003190347321757
Nonlinear p-values:
1, 0.52746, 0.54073
2, 0.65446, 0.55358
3, 0.6207, 0.58429
4, 0.61551, 0.63562
5, 0.58156, 0.67738
6, 0.59434, 0.69311
Band: 2
Linear p-values:
1, 0.7411777709743943, 0.2723475139460045
2, 0.6505037059436435, 0.9172774965782173
3, 0.9377420560406029, 0.9752775998079972
4, 0.9552513174547417, 0.994318338144475
5, 0.9858304797610203, 0.9850841101522654
6, 0.9283347357959787, 0.9596597679168435
Nonlinear p-values:
1, 0.88428, 0.68942
2, 0.93881, 0.79125
3, 0.97674, 0.86834
4, 0.98888, 0.79368
5, 0.99133, 0.7136
6, 0.98741, 0.69347
Band: 3
Linear p-values:
1, 0.3929691190013308, 0.5721056863711438
2, 0.44063887588402906, 0.648121135889066
3, 0.7026920967230206, 0.8913010305987253
4, 0.4215477553712408, 0.7361975998851771
5, 0.6410496316168115, 0.9231295649142434
6, 0.5199845066823046, 0.7518166363331956
Nonlinear p-values:
1, 0.98136, 0.99999
2, 0.99748, 1.0
3, 0.99434, 0.99998
4, 0.96582, 0.9992
5, 0.82104, 0.99594
6, 0.77598, 0.96215
Band: 4
Linear p-values:
1, 0.7175723399648073, 0.8859748320944366
2, 0.862788713095477, 0.9475461107310553
3, 0.9104057025968784, 0.9851234819987578
4, 0.9642740828599904, 0.9963877049682405
5, 0.9787219969170934, 0.9973202890542718
6, 0.9866245274340248, 0.9999278213664855
Nonlinear p-values:
1, 1.0, 0.99833
2, 0.99284, 0.95238
3, 0.54474, 0.62232
4, 0.45327, 0.74613
5, 0.57893, 0.6891
6, 0.55622, 0.53676
Band: 5
Linear p-values:
1, 0.5898703907025875, 0.143176279045222
2, 0.015870415589554092, 0.0013215927306207765
3, 0.07049690477775027, 0.012355640926078635
4, 0.27855833220061976, 0.06801717655193648
5, 0.20545377047122565, 0.005976129702697286
6, 0.23721188816337035, 0.007528551807076932
Nonlinear p-values:
1, 0.37747, 0.13435
2, 0.17949, 0.00821
3, 0.12411, 0.02123
4, 0.19936, 0.15683
5, 0.07222, 0.07496
6, 0.17699, 0.35357
Band: 6
Linear p-values:
1, 0.17099138719732984, 0.9641472231755376
2, 0.22240534234535062, 0.6302978861492311
3, 0.522197739701208, 0.9518114359492593
4, 0.5981358526370553, 0.9346951009680222
5, 0.6753340437932223, 0.9773062739349017
6, 0.7130908513461731, 0.9957242308569514
Nonlinear p-values:
1, 0.94947, 0.99474
2, 0.99063, 0.99765
3, 0.85846, 0.98336
4, 0.87266, 0.99262
5, 0.92272, 0.84946
6, 0.90606, 0.86215
