0.0046869638200461965
0.006412594144827154
0.008474504917393585
0.010898883302446608
0.013456400551998877
0.01622320110238675
0.01797203588535635
0.018556833918725195
0.018610723475264223
0.01777453463387135
0.01670408592517451
0.015433057540481129
0.013307013379832703
0.010445389939999512
0.007822502297548588
0.005424582608552489
0.0028468177952892526
0.0003187064539543627
-0.002923674402840883
-0.006942344585951156
-0.011177994709706358
-0.015812329470360823
-0.01901167343744585
-0.0205367508048116
-0.021384853360713663
-0.02101574770111127
-0.02036242144848269
-0.019481763919682683
-0.017417065471792784
-0.01433936831576436
-0.01179067181971037
-0.009761281893499191
-0.0076017835819598995
-0.005680564610546413
-0.0028167254388951997
0.0010839417324459036
0.00514246075770352
0.009636661612936527
0.01287589839037095
0.014602179803770203
0.015816674228795985
0.016013448457193165
0.01597143879277697
0.015751467735592453
0.014504983488384653
0.012374734481388979
0.010924818013759987
0.01016222235939469
0.009410865721934248
0.009050807627326452
0.007924561095440798
0.005940266092091996
0.0039786363615739034
0.0017704694287556113
-8.35926401045365e-05
-0.0014322379225407329
-0.0027566461651390975
-0.003863809559747541
-0.004902564936918575
-0.005906277420390214
-0.006624609357790788
-0.007083727748266982
-0.008063449985441777
-0.009590223882502155
-0.011300482277810768
-0.01339201278764671
-0.015343304879964215
-0.01711263391514766
-0.01912315622646529
-0.02125732274649589
-0.022441966833799037
-0.022616459384345002
-0.022199993361060173
-0.020894454962235763
-0.019414735498177897
-0.017779289038588924
-0.015361609940829054
-0.012294718076169024
-0.009182946299143102
-0.0059893316585635315
-0.002498554563575635
0.0011568527637481143
0.005520055507849068
0.010633523111223326
0.01612941268447907
0.02214047255850674
0.02623975541605353
0.028151849777039464
0.029118755723870415
0.02843601423201781
0.02742333503330647
0.026150786085407798
0.023321268672627064
0.019179316673762593
0.015615347992158602
0.01260249343913293
0.009366948506410067
0.006355695847859296
0.0020838689384716615
-0.003564913127405224
-0.009500664481056301
-0.016073860539032692
-0.020758901492246126
-0.023195067156476307
-0.024831127458267255
-0.024917572349539785
-0.024668448530309976
-0.02417137723576312
-0.022140372497487144
-0.018799387549579917
-0.016393511258000027
-0.014924570617367232
-0.013434362898146758
-0.012465878748386562
-0.01033742912659611
-0.006916683329348082
-0.0034745569737920823
0.0003807373633303375
0.003675240207726662
0.00618144591956744
0.008647564244661236
0.01076545287218953
0.012812699173191253
0.014841715618489732
0.016433971133325807
0.017640032289583652
0.01966095314216567
0.022534114225827642
0.025706825077136872
0.029483020304138387
0.03305072891634709
0.03634627717001151
0.040025094796927674
0.04390436290484946
0.0460852590237584
0.04644914024902022
0.04575520599981297
0.043472459389159356
0.040843802167237625
0.037901999621758165
0.03354513159816907
0.028002963604367586
0.022383300541408996
0.016623372425528922
0.010318764348465655
0.0037136188243204775
-0.004174937397626666
-0.013425251417790404
-0.023368080791787843
-0.034243920111536846
-0.04245831533175363
-0.04759416985458556
-0.05152641068077424
-0.053212115021314364
-0.05458278193870771
-0.055749582217755084
-0.054805959505821567
-0.0521133391808322
-0.0505250781548232
-0.05001088543415646
-0.049402261060719724
-0.04937931765867498
-0.04772301303104178
-0.04426339578460832
-0.04064335131473395
-0.0363433768292743
-0.032316025806418576
-0.028816454792941124
-0.025006041687383348
-0.021187508405378683
-0.017171674199496514
-0.012888024985788659
-0.008700063236688487
-0.004565803791390312
0.0008428830856002099
0.007587844910840859
0.015058320503823198
0.02360150139543779
0.032364276691024416
0.041288231880078255
0.05109376306940095
0.06159817835991324
0.06852314257205612
0.07152363874002014
0.07248130303662717
0.07018355635745319
0.06726654833914224
0.06382241907826473
0.057436236805125614
0.04859626141427449
0.040112040508083195
0.03187751723248399
0.0228143437990269
0.013562236134200264
0.0017543801302796025
-0.012795601884917737
-0.028423313646343068
-0.045698755313482865
-0.057707958396405044
-0.06360566610426201
-0.06707449801587026
-0.06609665788461631
-0.06429779092919116
-0.0618952343978255
-0.05525289307233221
-0.045045481155044476
-0.03690468065118809
-0.030784197456101947
-0.024351137886398158
-0.018951020324769308
-0.010239431985035432
0.002120465962827529
0.014900206451763287
0.02911732552523422
0.03915723515470484
0.0441315013049393
0.04743417996611527
0.04737851604741219
0.046477703027984936
0.04494037934941488
0.03997926076104195
0.03205439291858701
0.026465067936527555
0.02324623694919009
0.020093163644777503
0.018297413128453715
0.013965827177610744
0.006788885992616421
-0.000258239624971512
-0.008079375642758974
-0.013730691375428872
-0.01660365776416152
-0.01874482819619453
-0.01923293173992334
-0.019090866166880324
-0.01844503634433987
-0.015940592799752972
-0.011754956832665557
-0.00917747326231535
-0.008273368828104864
-0.00754087976369647
-0.0077942253191825
-0.006726292333236267
-0.004145384431314826
-0.001859509103026495
0.0006647977843859485
0.002409623287384809
0.0030756905725561248
0.0035289684769012944
0.0034266801752205972
0.002943898662464412
0.0021324889152720436
0.000585469497144608
-0.0016760890622019577
-0.0031953047442950092
-0.003922069619477352
-0.004560758783801624
-0.004745328745449073
-0.005443857655296742
-0.006742662645377573
-0.007861455196042503
-0.009024084367845814
-0.009726044724589955
-0.009827991227769022
-0.009727524259125635
-0.009254760868606259
-0.008521742691424744
-0.0075483231243053
-0.0061182295799697434
-0.004244163272177864
-0.0026104416318317334
-0.0012349442679222688
0.00021435401281204503
0.0015687353134075722
0.0032954486584684055
0.005438752079377577
0.007631167138274986
0.009983522869639426
0.011648905483253242
0.012502221989804992
0.013022356816960434
0.012954597023466366
0.012705274769451184
0.012299628779424619
0.011301192385924703
0.009781788921358255
0.00850712406715651
0.0074756055831327935
0.006354665196754423
0.005327427656944541
0.00381604751377339
0.001772051415673057
-0.00037267825602777313
-0.002755131097969858
-0.004480817753410738
-0.005416781876224117
-0.006085716647200314
-0.0062207809341933715
-0.006242841948432288
-0.006183654376079623
-0.0055908115293988305
-0.004541734884649051
-0.003855236228679384
-0.00353420722393107
-0.003226619946168388
-0.0031313197320675147
-0.0026400342183804533
-0.001704867381793578
-0.0007879525121570868
0.00025207571123268737
0.0009822260201567984
0.0013110213128745955
0.0015460836259994799
0.0015518513689966047
0.0014736842614816075
0.0013313816025639542
0.0009285404620742813
0.00029080876643756216
-8.884632646732442e-05
-0.00019928160994568268
-0.00026554420117885314
-0.00016487003649821676
-0.00024002048774909192
-0.0005189262115428522
-0.0007309269887328456
-0.0009546712413559049
-0.0010886029714030367
-0.0010924255546304372
-0.0010704942907809017
-0.000985675599443891
-0.0008340126415249258
-0.0006213622107388842
-0.0003143581847732948
8.991251160179548e-05
0.00041119403131767315
0.0006416914350543371
0.0008725681537981181
0.0010582918610324476
0.001314262764551972
0.0016516248299601637
0.0019758696870660897
0.0023139276567582393
0.0024601788148049847
0.002382798421460297
0.00219741099414154
0.0018412812349572823
0.001411011788400929
0.0009117620578285928
0.00023714007591874863
-0.0005966287065240381
-0.0014015736296073957
-0.002178723347183616
-0.0030114099623795767
-0.003855281249182642
-0.004853216399551787
-0.00601806823685442
-0.007244379402269354
-0.008566696448427268
-0.009403026516765308
-0.009684152868767233
-0.009709082901825808
-0.009307320426112726
-0.008790829142461445
-0.00817523833566123
-0.007149393957647377
-0.005769918782285776
-0.00449931307825248
-0.0033308435002365497
-0.0020721282558707806
-0.0008319698225488254
0.0007527451960553809
0.002711657082483291
0.0047792653329427745
0.007042080291576065
0.008756748460177788
0.00982292311556285
0.01065494423890773
0.011033523226919214
0.011329094051670655
0.011566422468923242
0.011361771235261496
0.010783673080713055
0.010473397613153045
0.010429448724911344
0.010380982963555762
0.010482448348980806
0.010248375302125978
0.009640776339555445
0.009024346072531587
0.008285773652317616
0.007610839794529953
0.007054677545294925
0.006445368318715615
0.005843603394665511
0.005222891443279774
0.004569392396326538
0.003950849230912685
0.003361696134618418
0.002524579935939008
0.0014261591045421687
0.00019664822986643462
-0.0012362775144541187
-0.0026959021736464627
-0.004169343206874705
-0.005805868767300068
-0.007567212427397709
-0.009011135966902178
-0.010111606805897825
-0.01105024909386257
-0.01170499823440032
-0.012367212826754103
-0.013047056214423675
-0.01348981246523929
-0.013751239481349788
-0.014093480818405722
-0.014504279597594455
-0.014890817648924831
-0.015312708413699203
-0.01554224740629706
-0.015563375009569076
-0.015535165951305831
-0.015403652205248919
-0.015002206175313408
-0.014326816060341625
-0.013413166400523523
-0.012213381389985456
-0.010855697333150366
-0.009335842004411414
-0.007543553090995794
-0.00549884272183234
-0.003260178545255241
-0.0008138412384314688
0.0018609598793086902
0.004756854904923371
0.00794854710972633
0.011445990284785088
0.015211347976655583
0.019267035437811365
0.022136723498732067
0.02367107140398723
0.02458222173681306
0.02444487561722242
0.02410446769131147
0.02359851180037651
0.022119031664094613
0.019822036142614744
0.017791509514547527
0.016002902952749705
0.014021000327267942
0.012098492416785662
0.00936183375861273
0.005741917063538599
0.001869448500015769
-0.0024636779452015317
-0.005589033511426092
-0.007279691436838352
-0.008477108210719439
-0.008689951345812227
-0.008742890217660013
-0.00869444770037375
-0.007688764197341319
-0.005880034912294325
-0.004718518180144773
-0.004203855792157057
-0.003724769608980298
-0.0036323674728219297
-0.0028352170985866056
-0.0012496002043621362
0.00029992662670405915
0.00206649058629677
0.003224224546046521
0.0036048563529558703
0.003782871462031637
0.003501225059830941
0.003049090522431952
0.002463169653868745
0.0013644514085709453
-0.00019578700552214101
-0.0013036428539217088
-0.0019405152341384038
-0.002521456444875106
-0.002819656084093655
-0.003475257782456467
-0.004540459270228372
-0.005512259870341824
-0.006537932766530923
-0.007005849999110361
-0.006798241530330586
-0.00630802617732215
-0.005343548457373615
-0.004140127346441767
-0.002717565938780176
-0.0007805221798403944
0.0016328633635200914
0.003884070896178036
0.005967625841564706
0.008176254078798295
0.010355954379942717
0.012969983517595686
0.01606011991876117
0.019274330467094834
0.022723176008400073
0.024362852839711083
0.023949139344881836
0.022521747525012487
0.019479726515784102
0.01591919619831641
0.011890889514836854
0.00629765400732787
-0.0006644312868481471
-0.007380580161760821
-0.013878425791925646
-0.020833727263621704
-0.027869454201874876
-0.036261375484099696
-0.046116755694438
-0.05650947370604967
-0.06774618912937205
-0.07484961695550316
-0.07722727508962392
-0.07744520222030557
-0.07404641851584899
-0.06969204864677946
-0.06451816625501507
-0.05586936572445845
-0.04422998028897338
-0.0335532299789137
-0.023783049754479566
-0.013276507093444955
-0.002964605113668988
0.010252764358937384
0.026627526669547135
0.04389036275214443
0.06277885355694013
0.07628310264008872
0.08347674798501907
0.08820562699239694
0.08840326503996644
0.0876094839807297
0.08604711443246023
0.08007243581645358
0.07033617762473074
0.06278714235890921
0.0573961103135818
0.051654575219078916
0.04698764115000667
0.038857911922842645
0.02690555973141629
0.014518525154857014
0.0006320592944622933
