-0.009200298215782136
-0.009392767168002886
-0.009587739487475403
-0.009785241944270022
-0.009985129408376356
-0.010187463673820006
-0.010359771278189232
-0.010498705411206828
-0.010619499297000871
-0.010712698508438593
-0.01079686526845339
-0.010872640594964915
-0.010922082518232581
-0.01094848600758546
-0.0109752059337758
-0.011001518018113417
-0.011017863565487968
-0.01102955371403819
-0.011017393527808231
-0.010979719579362984
-0.010930081636846556
-0.010863781304566318
-0.010802993667106282
-0.010751048971185352
-0.010693817319364508
-0.010637752855320183
-0.010572732073537906
-0.01049758038620724
-0.01042302657202484
-0.010346959918412125
-0.010247681829389396
-0.01012471294451128
-0.00998707557705628
-0.009829236354170753
-0.009666519075718373
-0.00949985601065086
-0.009316953164462047
-0.00912112419978062
-0.008936699503678796
-0.008764664854609958
-0.008595874325028827
-0.008436931563730692
-0.00827075477936599
-0.008096829756342091
-0.0079295697132775
-0.007765673254328785
-0.007591912992741843
-0.007409067166346271
-0.0072214817916390886
-0.00702618280446974
-0.006835103601205499
-0.00664903217708131
-0.006459755615402513
-0.006270091288170536
-0.006059023474401336
-0.005823726425933325
-0.005576229247622897
-0.0053103882374343405
-0.005036516351307749
-0.00475541817262264
-0.004456429634661991
-0.004141524550970786
-0.003828820212084923
-0.003518350418032366
-0.0032025506254433826
-0.0028858384430633997
-0.0025546619631472323
-0.0022080236950230443
-0.001856238739615416
-0.001496198653399276
-0.0011787697604909346
-0.0009102648891034628
-0.0006646268612908797
-0.0004569109783427657
-0.00026037003734770387
-7.38126611259979e-05
7.557321455736111e-05
0.00019248491925406784
0.00031731359835582957
0.00044931800074317894
0.0005713802208154114
0.0006928708307884696
0.0007818390160195832
0.0008355006776213432
0.0008769315123635186
0.0008983801937892141
0.0009309033203925059
0.0009796268540053614
0.0010239169549382833
0.0010729353825855376
0.0011134333467085165
0.0011437155278002612
0.001178480903487765
0.0012149776016097981
0.001221118093445008
0.001196078617650916
0.001153466400387518
0.001085077542489783
0.0010132693636032493
0.0009394463191678096
0.0008455615463179622
0.0007364575737276857
0.0006552249181812467
0.00060405901546751
0.0005660690607349247
0.0005530883797931828
0.0005358351469872233
0.0005134034191301034
0.0005110099208482719
0.0005230574456984589
0.0005249235831021323
0.0005179191951801628
0.0005105424477273054
0.0004972458421373405
0.0004998379914738539
0.0005198458034009507
0.0005421890987266446
0.0005720537631242743
0.0005739032189478684
0.000542874012213029
0.0004996566443267545
0.0004338692056033054
0.0003627598595476339
0.00028776767749118845
0.0001909902373720716
7.577016805737067e-05
-2.664527771283301e-05
-0.00011609300924835763
-0.00020561161635885522
-0.0002875241919365034
-0.0003849863684996209
-0.0004996560885041518
-0.0006137578159858783
-0.0007325549361063505
-0.0008294408640827802
-0.000899764869319356
-0.0009597779723417197
-0.0010012731547327791
-0.0010353311177115944
-0.0010627599844358876
-0.0010704361259539356
-0.0010602028288232129
-0.0010577939138174469
-0.0010632623944350657
-0.0010649902641752217
-0.0010691210865975962
-0.0010566062012005173
-0.0010257296303910932
-0.0009907779664171347
-0.000947178041252268
-0.0009066915950849205
-0.000871852870417818
-0.000833635591510973
-0.0007956476036052245
-0.0007540732945568076
-0.000708160170752211
-0.0006630113376508473
-0.0006178176772314481
-0.0005580391035481219
-0.0004831155250437848
-0.0003994963693845294
-0.00030340691011003686
-0.00020452037960248578
-0.00010346442572214036
7.785087842134538e-06
0.00012715414771609224
0.00022577887074156418
0.00030172916390183046
0.00036714071242452916
0.00041396334494268297
0.00046080537938149015
0.0005083090518388601
0.0005399417208603601
0.000559221651196255
0.0005840310974658351
0.0006136055336453604
0.0006413968616971336
0.000671477064915688
0.0006885097990719923
0.0006913654063562197
0.0006907925102947911
0.0006831350578434555
0.0006904229390012385
0.0007158041106623361
0.0007461114075070771
0.0007878012893583741
0.0008304605583715671
0.000873148016925424
0.0009268315939621227
0.0009894770827532583
0.0010410817492705552
0.0010814622983892988
0.0011190128110611839
0.0011487837131905505
0.0011854211506602472
0.0012299578521280832
0.0012710492884849419
0.0013120007610371092
0.001345379048715026
0.0013691668555960439
0.001389207158042137
0.0014030161274906862
0.0014121607296810905
0.0014169331801266265
0.0014142125826550516
0.0014041700053923926
0.001396341678611673
0.0013909440422362116
0.0013833313119894683
0.0013758337601804521
0.0013619002953198101
0.0013408913549273892
0.0013179139257687006
0.0012913969832010165
0.0012623986652456104
0.0012315361727070605
0.0011971212690233925
0.001159556981026468
0.0011192937578605386
0.0010761622678789144
0.0010302897752671714
0.0009817378004076086
0.0009274962763332669
0.000867318397776584
0.0008026674428734507
0.0007327110652998989
0.0006591482081857715
0.0005820784726822775
0.0004999181100274213
0.0004129995739660346
0.00033300012354267307
0.00026087129297035384
0.00019133040664891097
0.00012766991564157023
6.274234690549789e-05
-3.749469764426632e-06
-6.527484191008005e-05
-0.00012318613754897772
-0.00018533681513858988
-0.0002514868159338191
-0.00031864591286151267
-0.00038863635717133156
-0.00045495791845574123
-0.0005171303028772065
-0.0005798046527530174
-0.0006414447683431852
-0.000710283827689647
-0.0007875767855984357
-0.0008682872458393892
-0.0009548532263060446
-0.0010435401954002866
-0.0011339980673627631
-0.001230279424998753
-0.0013316654749094981
-0.0014304418320775878
-0.001526526091454859
-0.0016232080191110109
-0.0017185804713930107
-0.0018182547806467693
-0.0019226405860210242
-0.0020273872283763732
-0.002133768089685683
-0.0022256235657053523
-0.0023008140353187297
-0.002367810055613633
-0.002421785219208155
-0.0024709661836913983
-0.0025157266346674126
-0.00254750812405748
-0.0025677303424452907
-0.0025896177029562303
-0.0026129556403163595
-0.0026320498884155065
-0.0026499698216867983
-0.0026563362969342927
-0.002650223086650975
-0.002639141345403324
-0.0026205633475800197
-0.0026040718755635777
-0.0025912776948471003
-0.002575701350595097
-0.002560168526586167
-0.0025406525877775007
-0.002516605730038266
-0.002492522936781307
-0.002467554015131506
-0.00243158978703664
-0.002384341508854202
-0.002330093631121876
-0.002266245365164799
-0.0021997802380946
-0.0021311232740639182
-0.0020545926964572513
-0.00197168696388726
-0.001897062286185558
-0.0018315063442550963
-0.0017691589390208045
-0.0017140495586507299
-0.001656311925835749
-0.001595619707797761
-0.00154050299050527
-0.001489069213172143
-0.0014327535166531748
-0.0013719746035520336
-0.0013097145866365757
-0.0012440277016175139
-0.0011824136760769058
-0.001125391179683842
-0.0010677333241449997
-0.0010112138464820908
-0.0009439066065356208
-0.0008641521357579615
-0.0007789100864926876
-0.0006846838783188194
-0.0005872096736831837
-0.00048696117454769395
-0.00037793776736631205
-0.0002612414689759202
-0.00014740433815793174
-3.647617735975476e-05
7.596324583032012e-05
0.00018733309347566246
0.00030544280070410486
0.000430862892273929
0.0005576120204988155
0.0006874735718764964
0.0008017291368118602
0.0008978161936351951
0.0009857838751425472
0.0010600321778729757
0.0011298907392263224
0.001195829277484534
0.0012480344159587556
0.0012881255041980533
0.001331785993460998
0.0013788204175900088
0.0014224545410248788
0.0014663569916810836
0.0014983516542479904
0.0015173668030921635
0.0015322886704224247
0.0015401711789921188
0.00155168484373129
0.0015686931324275604
0.0015838970800412116
0.0016004682622601492
0.0016140615061608862
0.0016240750523687354
0.0016354792929758142
0.0016473686833629383
0.0016483042409938399
0.0016379597566684699
0.0016212347912378411
0.0015951946329687521
0.0015677300202545361
0.0015393398703671987
0.0015036170185449408
0.0014622667276695581
0.001432382749192776
0.001414921368022049
0.0014030308214467038
0.0014014285122783466
0.0013986847401608266
0.0013944339760107788
0.0013986136572695872
0.0014090464648656687
0.0014157070992574764
0.001419094821110895
0.0014227399626725221
0.0014243760373303985
0.0014327901196239834
0.0014486080795565336
0.0014657276777948066
0.0014862403407208183
0.0014963717775714033
0.0014942126647951115
0.0014878458230066787
0.0014732435529828277
0.0014570405500234926
0.0014398039086305973
0.0014146184982341524
0.0013827732864205406
0.001356496808219331
0.0013358676698020295
0.0013157749039884993
0.0012992295388333777
0.0012772026500622166
0.0012490509519414385
0.0012217246607423168
0.0011931760540303683
0.0011616993811343318
0.0011278727637969495
0.001091014407962357
0.0010508107973515714
0.0010098651969348903
0.000968101945872638
0.0009239591256575491
0.0008779492207853305
0.0008286982219803276
0.0007759150209469001
0.0007205926995228099
0.0006623052896731655
0.0006013569622253356
0.0005378014845753238
0.0004710960586719692
0.0004012812757847323
0.00033203096631551304
0.0002635965242809366
0.00019424091246026147
0.00012496195492954463
5.347452808015111e-05
-2.0363571042477493e-05
-9.454352356292655e-05
-0.00016953527698352914
-0.0002477396491205641
-0.00032911438097343876
-0.0004128176610236526
-0.0004994343509384691
-0.0005870326673192729
-0.0006755090644797583
-0.0007663071948681487
-0.0008590011838856502
-0.0009558920738129068
-0.0010573743453185947
-0.0011620702755600135
-0.0012706894326582293
-0.001382272509332458
-0.001496756823276314
-0.0016152800392813915
-0.0017376868377386476
-0.0018618528115114093
-0.0019877872077565576
-0.002116453909657263
-0.0022473538640087063
-0.0023820844253170637
-0.0025207964066961937
-0.0026623112722352444
-0.0028070192046997415
-0.0029540808738895206
-0.00310330850101702
-0.003255401964348109
-0.003410108525669044
-0.0035676803395457315
-0.003728187058475869
-0.0038912858445825883
-0.0040570402969110145
-0.004226573370485297
-0.004399943882646367
-0.004576664354345368
-0.004757036332944795
-0.004940343179717894
-0.005126548965338006
-0.00531627500085158
-0.0055093774323669385
-0.005652119916352385
-0.005739062017785088
-0.005795236690163452
-0.005805025439694793
-0.0057993497785086045
-0.0057792621384478125
-0.005715000601477221
-0.005612064277851008
-0.005508775945193447
-0.00540390973464489
-0.005281841282636445
-0.005151274718259324
-0.004980618243284385
-0.004767141616144312
-0.004533112032243887
-0.004270795793667831
-0.004017156845046851
-0.0037777147567213624
-0.0035289912339663055
-0.0032817389524423626
-0.003019018582377086
-0.0027388818502453436
-0.0024592407432210087
-0.0021765669580306097
-0.001854837026555113
-0.0014932696008375375
-0.001106830179198892
-0.0006863381876089877
-0.0002572670675837105
0.0001788317421113543
0.0006423764982600468
0.0011278550551414026
0.0015956072856803496
0.0020440679175848164
0.002488066414459526
0.00291684890611867
0.0033583508600939778
0.0038134055821067723
0.004258484701587277
0.004698989466850481
0.005156346817462691
0.00562927585483158
0.006110772037502642
0.006605647598186282
0.007094518988630536
0.007576110261922172
0.00806374512128005
0.008552846994877796
0.009077828234142637
0.009643302525725482
0.010229599816532396
0.010846777020316372
0.011477919778351966
0.012121713009117751
0.012795629175125053
0.013496430867596275
0.014194504369520418
0.014889799741613077
0.015594674823638363
0.016301910603360465
0.01703367118355089
0.017791587693891955
0.018558795668881783
0.019340379684977146
0.020018565731713043
0.02057947163578599
0.02108187924792082
0.021491092162379988
0.021870642862734813
0.02222314590504349
0.02248500649514621
0.0226674096756882
0.022861200254057187
0.023064375177163525
0.023238785639098286
0.023405380389471743
0.02349148851006695
0.02349077577551634
0.023455362667715147
0.02336756374994333
0.02330183461926301
0.02327009320464061
0.023223509229124778
0.02318394250072247
0.02311888657861492
0.023024302732460075
0.022935678830517395
0.022846244113992147
0.022680370031934315
0.022436187358569025
0.022145553289766407
0.021789137782765443
0.02141983804385518
0.021040931759625885
0.020609779323315022
0.02013782208628326
