0.004493445966405337
0.000836582051928522
-0.00300325520798908
-0.006963810050518415
-0.012253380427659466
-0.018609194873203835
-0.02156474790712273
-0.020846776538859975
-0.018401351050996488
-0.013006938555856714
-0.00757939051499494
-0.0022559201396107832
0.00549689118936556
0.015099162580963481
0.02094955462433011
0.022845696509266728
0.023074576520805024
0.020157009947611465
0.018035004564360416
0.016903418857842065
0.013516561334729265
0.008690101018526778
0.004895751103326474
0.0019509145188720241
-0.0007890071951793754
-0.0027630862986788374
-0.0062822527405839166
-0.01145381950282839
-0.016682743045803947
-0.02248900450824975
-0.0258149830665729
-0.026199666812672703
-0.025461147249621643
-0.02268916959614947
-0.019258097107037284
-0.015279442843222964
-0.009242130453009081
-0.0013981828443486103
0.0031500655731631984
0.004152770036809752
0.0038987495580981584
0.0010371017926288071
-0.0010463564401439246
-0.002142522407372296
-0.005099477560448579
-0.009202743831997229
-0.0074952549031809005
0.0003566421453726982
0.011555003560468962
0.027988087238545574
0.044912652180046364
0.06214727137999297
0.08373132594840371
0.10873238577379096
0.11900333311174113
0.11327011430640888
0.09948485722825
0.07260202042229855
0.044199709616723065
0.014765875296454203
-0.025985293022981533
-0.0758159456245611
-0.10956259739024418
-0.1262239596921307
-0.1363629985486232
-0.13332868442706006
-0.1346128875181228
-0.1411421100930764
-0.13845349874203774
-0.13019142515980725
-0.11695576918269153
-0.09686916635193549
-0.07194882706936587
-0.041667711922310495
-0.0017285212197328953
0.04813171693295716
0.10657292172420818
0.17483778637636174
0.21280105883045305
0.21667722475157233
0.20649871706405698
0.1709610838729962
0.1332114248393364
0.09463468349706547
0.03362847198777517
-0.045262691254085996
-0.09240800759951702
-0.10610786482495604
-0.10715262797698961
-0.08257076289230728
-0.06710220589414799
-0.06268310653601607
-0.040888054388195275
-0.009051469170430293
0.008116813332848496
0.011781268649388608
0.008758263908035253
-0.006860753967447886
-0.013326028551054851
-0.009801505937923331
-0.012014989918363734
-0.015274404146505528
-0.01555477459906791
-0.014142652225952417
-0.009621696387416601
-0.0012340946439171683
0.004664284782162506
0.008189863900372409
0.01313584637544658
0.01820961358512824
0.021186787764321174
0.02217142950638347
0.021283782361413962
0.017911650109533436
0.014431071155905069
0.010776002395432662
0.005174219286296643
-0.001955485333489885
-0.006640034561103504
-0.008732186549569402
-0.009872647178835639
-0.009011671854387487
-0.009036053186611107
-0.010098060219060285
-0.009854393420585016
-0.008912834188803334
-0.007743584357266158
-0.00609083743607487
-0.004127223426841352
-0.0018845768378869666
0.001536887734668212
0.006174934033243324
0.011596267999771178
0.018028965202366843
0.02107809784968463
0.020301464648899724
0.017959520062520756
0.012809413554182546
0.0073117567327046756
0.0016252337399098064
-0.006582527093112755
-0.01682748780907099
-0.02248867979778002
-0.02325601401704032
-0.021970089560990506
-0.01686543317291903
-0.012412444778435585
-0.0088475543809577
-0.002409290688164639
0.005980888548076354
0.010908729980185373
0.012336501223568769
0.012228183235880806
0.009202051524600838
0.007399851037602947
0.007009478061390562
0.004788415314760277
0.001609244258115659
-0.00046895901659575837
-0.0016382350382020427
-0.0022862823515111216
-0.0019443399234198798
-0.0026624691143927203
-0.004502010516187494
-0.0060606289733096405
-0.007782926433936977
-0.008450574099485547
-0.007800875223572313
-0.006724757053026349
-0.00484252309617961
-0.002494154023865081
0.0002638781006792287
0.003947386688604559
0.008499278752766449
0.011042515272295158
0.011390605717786242
0.01088505749552313
0.008747279156121793
0.006784893844303315
0.005107936608617686
0.002137323052224702
-0.00175507911292674
-0.004046236289658538
-0.004702603793814879
-0.00468061667695476
-0.0033341796799981373
-0.0025454946820044834
-0.0024067722443929028
-0.0014296482917924077
-1.2194352341084259e-05
0.0005489970669425726
0.00030702730380700356
-0.00039419157900900893
-0.0018712855561462314
-0.002984817609789022
-0.0036990950577877294
-0.004849481050245659
-0.006196288515641317
-0.006694393947571753
-0.006332393965346945
-0.005436121911309436
-0.00372818373440933
-0.002032059372674022
-0.0003652522754527623
0.0019297838359015984
0.004692328532202414
0.006531122924945977
0.007395089893039012
0.007840312787596403
0.007496930294716324
0.007358951189357151
0.007471508920070502
0.0070168405020138115
0.006198553305595545
0.005296931953663221
0.004229451647219598
0.002990865266818319
0.0016216178904701888
-0.00026809045324544033
-0.0027005844940159503
-0.005463715590542166
-0.00865594968685271
-0.010372088033243788
-0.01041365336385693
-0.009757788623676293
-0.007861547089932227
-0.0057845849455319545
-0.0035915024377311307
-0.0002680860205306879
0.003980707718168418
0.006472018215721919
0.00709455521689116
0.006998939643448203
0.005477532047809973
0.004367535993971954
0.003772368171833116
0.0021672644324864107
-6.252284545067972e-05
-0.001525315538541947
-0.002281442172152325
-0.002736890226331151
-0.002559440924459126
-0.002957943825905292
-0.0039841024806874315
-0.00476239828597365
-0.005556285868852444
-0.005819249092783934
-0.005401880368548457
-0.004746733276952413
-0.003672840930438062
-0.0022716750556044892
-0.0005668073007105903
0.0016566265001677336
0.004389944085473085
0.006128156284794057
0.006770636234861501
0.007036681938829594
0.006520037807150025
0.006156422713259053
0.0060077542283660966
0.005255676448074505
0.004095270069902177
0.0030945686234037087
0.002196408307109687
0.0012543792093464951
0.00038924961382053925
-0.0009470334880029742
-0.002785735863493518
-0.004764242237674582
-0.007011362529938114
-0.00808835733805345
-0.007820238891486912
-0.006981267523618697
-0.005153357833239168
-0.0030840048841051905
-0.0008210144243968075
0.002385659320701526
0.006395338095269778
0.00859897974557776
0.008856163600110984
0.008322342375610064
0.006297440184415549
0.0045030024861932895
0.003034871312069695
0.0004261998286533951
-0.0029682395522132587
-0.005103729125758454
-0.005974851805019114
-0.006320861790625816
-0.005624417780503995
-0.005462416319504888
-0.005909398575074513
-0.005741261155833518
-0.005293411563599701
-0.004748375771254222
-0.003976015102582601
-0.003115489315725847
-0.0021735702400072967
-0.0007218803697144906
0.0012467309464099107
0.0035290981475910683
0.006228336596186713
0.007825101634960701
0.008165108109689796
0.008048876960799776
0.007049022511223005
0.006000893904009561
0.004964360189710775
0.0031452644402213932
0.000710860524157545
-0.0009122534866859615
-0.0017020393497731608
-0.002234912938860294
-0.0021494461267848133
-0.0024892353877392012
-0.003316371881271196
-0.0038078112316136357
-0.004190597681561909
-0.0043132455920880525
-0.004061451613522075
-0.0036609271757037094
-0.0030376307914238326
-0.002068871941679617
-0.0007579008399188427
0.0009120227536909705
0.0029786177255646837
0.004095112153968087
0.004148943197142031
0.0038143418143600605
0.0027201577625496015
0.0016606131244941685
0.000689881760621812
-0.0009127893824816701
-0.0029847980090216236
-0.003891163000388278
-0.0035707047929499167
-0.0026932993777263998
-0.0008265284963961413
0.0008930074356981523
0.002409695175263831
0.004665179793136215
0.007425475412031408
0.00874859970521164
0.008563006614249002
0.007631422621937627
0.00543560458396578
0.0033486623683629544
0.0014271942891461204
-0.001467742462313435
-0.005059459707299311
-0.007429413689971135
-0.008539459542253977
-0.009120199005999927
-0.008673747817402138
-0.008624688342784537
-0.009039046282483632
-0.008778763439045018
-0.008141382459813242
-0.007272838524462148
-0.00604139526007684
-0.004570633598243897
-0.002852796477956429
-0.0004941005949525359
0.002521777197675957
0.006026891508324101
0.01012417085240058
0.012638617521416562
0.013358661938833337
0.0133977242059126
0.012143880982585458
0.010828830985073045
0.009533198994797074
0.007100402864357372
0.00377500979560843
0.0015257980599996711
0.00037391681889551164
-0.00046932468067833934
-0.0005090895342889409
-0.0012066962063159087
-0.0026507791561083843
-0.003700915762313802
-0.004677753122940148
-0.005688984423494622
-0.0066124904434124165
-0.007619961469927403
-0.008704404312488713
-0.009518759024418837
-0.010065895815056455
-0.010501344166368498
-0.01074499621942043
-0.010221318378938466
-0.00886917663084736
-0.0068886152713400805
-0.004100100765885962
-0.0008636346842469655
0.0028327740190136966
0.007345420481447009
0.012625010940150956
0.01571418594982833
0.01638100251197548
0.01600379848548501
0.013759660367511986
0.011480182587778085
0.00926083806152543
0.005457482699477572
0.00043167302844961656
-0.0028709895601188693
-0.004398280081043947
-0.005327754206709761
-0.004907267519838779
-0.0053037103175272785
-0.006639330330407525
-0.007199344262939498
-0.007450693021634472
-0.007398434025912414
-0.006833622603050916
-0.00606835569766169
-0.005038488998874792
-0.0032973714637743326
-0.0008404502193036166
0.0021918672814892587
0.00591606676652775
0.007768169161123571
0.007511488025700507
0.006458378002419536
0.0038944901815458274
0.001285191226014248
-0.0012685663758404252
-0.0051261232792297684
-0.009991301667270525
-0.011988250790902906
-0.010926074872012198
-0.008450659271470382
-0.0035208303800034406
0.0012605908526470944
0.005766230713581829
0.012204317876144403
0.020046693169888535
0.023587963547416716
0.02255370668095301
0.01929469676649452
0.012270388975472415
0.0053715275272168996
-0.0012327088346342258
-0.010838517885877537
-0.02266728936221226
-0.028685500738605683
-0.028539759793562738
-0.025528404800003505
-0.017498276742903475
-0.00999907907817064
-0.0032837378127329553
0.007299525649051599
0.020626320824069358
0.02776219891098372
0.02844053134387118
0.026161191155691103
0.018572419918453223
0.012109892954910917
0.007065031964740154
-0.0018099681838205778
-0.013190523431112298
-0.019728865433392792
-0.02137306297036009
-0.020729614157189883
-0.015913481648343657
-0.012590835748469129
-0.010999152383507205
-0.006697107281698218
-0.0008669716067238585
0.0028254282338440687
0.004564388262342924
0.005294566351730784
0.004134795657760501
0.004395916897907756
0.006189837897421976
0.007131485142451346
0.007928120763997612
0.008094296538712792
0.007318992581717239
0.006321525778821644
0.004894803194951393
0.0026902287185592362
-0.0002585602977793396
-0.00398186783948946
-0.008571018227657897
-0.01087895513051005
-0.01064079271688194
-0.00942956134077356
-0.0063768129097841846
-0.003319367463543902
-0.0003804076290904973
0.00411738931160537
0.009800705776529951
0.012673157482265976
0.012575692849202489
0.011163076297035425
0.007375823476096479
0.00397291424264582
0.0010913102615126076
-0.0035638857209752332
-0.009424970091305867
-0.012288844819705866
-0.012037057432221632
-0.010283497933560806
-0.005920656067465461
-0.001992222654565136
0.0013725330100635173
0.006654491116128446
0.013231759500416404
0.016155076820939907
0.015250847239856367
0.012447486036726697
0.0064264402652485075
0.0007181696592651458
-0.004532555452479867
-0.012240893604305386
-0.02169386749631807
-0.026145199699056078
-0.025305580255206062
-0.021897579979891425
-0.014109717928956782
-0.00663619199628187
0.0003219505396562853
0.01069592821263566
0.02354122387815031
0.030093255950785915
0.030005567925857204
0.02681224285983566
0.01817547704621926
0.010239616931148034
0.0032799880111016888
-0.007809250583270084
-0.021779226817431475
-0.02921168415187518
-0.029845640031616782
-0.02732473962642989
-0.019173695152007234
-0.012228485079296159
-0.006791903691671015
0.0026905559520479716
0.014812695987180538
0.02171454215334276
0.023330472997655054
0.02245427801157279
0.017064841441250797
0.013208428076540305
0.011135977105009647
0.006097097361254796
-0.0006496277906169938
