0.017937984499688715
0.020756931804014174
0.02389926810613381
0.02738576804023726
0.03105029939552602
0.03495017109217772
0.037263611749386215
0.03779010533480281
0.037427047200172134
0.03564364710080836
0.033450826620876006
0.03089262116407889
0.02697987815431478
0.02189528260402908
0.017016641442426494
0.012314301118893093
0.007221907903261987
0.0020594565310440424
-0.004276803053878573
-0.011878337565373516
-0.01994947298106971
-0.02875561784461398
-0.03540726678832416
-0.03953920355608821
-0.042709966685846756
-0.044072706245827965
-0.04512087915931353
-0.045945959745160615
-0.04503495602798757
-0.04266461542513293
-0.04123556103915157
-0.040732188109118946
-0.04015263743607955
-0.04007155664786256
-0.03864716880528254
-0.03573566235858527
-0.03270948477326398
-0.029137265422398168
-0.025905755365693405
-0.0232388836131205
-0.020396181436488792
-0.017658244747167772
-0.014815072589073205
-0.011807507294192478
-0.008991501778592391
-0.006323907964107114
-0.0026255956359740496
0.0021522062622267696
0.007468642933479173
0.013628867588315356
0.019861577523911513
0.026111826709108468
0.03302121603603132
0.04042195397722114
0.04572074846297624
0.048732563632806786
0.050558017569241276
0.05046911905440353
0.05011300588572077
0.04954449384148398
0.04728365125159598
0.043638332085564946
0.0402331320196892
0.036997904632445906
0.03332676453272999
0.029587583115817512
0.024388675417535716
0.01762328217969242
0.01026312772629393
0.001973571588104791
-0.0042566523201376175
-0.008042879150144809
-0.011047100658998173
-0.012397351040410844
-0.013610497343708464
-0.014794247463319934
-0.01440692281989735
-0.012736993338869653
-0.012316621757795096
-0.013143122018388135
-0.014165524137359076
-0.01599825573261356
-0.016727914749166788
-0.01621281212167601
-0.015899746409357575
-0.015347932751626159
-0.015041715202769862
-0.015179203795456503
-0.015208117588695346
-0.015300294564443213
-0.01550528233784771
-0.015780254033401702
-0.016257447587159017
-0.016947863202446945
-0.01694991229360531
-0.016212220621471186
-0.015179297605093383
-0.013614994977928332
-0.012070866756309449
-0.010591428398818391
-0.008702451470644499
-0.006524489485173173
-0.004786144893816189
-0.003500084460160562
-0.0024049413742094302
-0.0016911270386898419
-0.0008217709922149904
0.00022258199183606344
0.001008232205594778
0.0016435938737588442
0.0024688457624792185
0.003459975248571662
0.004524332407158112
0.0057391727537738635
0.006785516244447619
0.007647476456872902
0.00854473177313857
0.009404838222899455
0.010181941925426126
0.010890946617952615
0.01149856316164779
0.01199365990969984
0.01245298761498583
0.01286943773357267
0.013192556299067248
0.013434130372349806
0.013555868822628873
0.013546061626210233
0.013427632821502616
0.013186055929632788
0.01282233074172002
0.012334172165628408
0.011705581147075306
0.010933220073595075
0.010164646246564574
0.00940854779178906
0.008589477568808238
0.007745895849580738
0.006783267461916303
0.005693015889822646
0.004554207544002581
0.003345319180686909
0.0019600249227070387
0.00039690729698163763
-0.0013093777983590581
-0.003186911125191722
-0.005156291623350575
-0.007215697873280154
-0.009429657088473885
-0.011782773361387186
-0.013538776289032953
-0.014631130961352148
-0.015395137223774358
-0.015619955524784668
-0.01574636497677969
-0.015790556817500034
-0.015340768167350602
-0.014477893736800107
-0.013713739870468282
-0.013032272841737653
-0.012231717770325442
-0.011429564449397075
-0.01020266746464054
-0.008517097220241637
-0.006673261317859826
-0.004569342618322552
-0.002823822788134965
-0.0015250676880314467
-0.0003037502924139816
0.0006588006887639198
0.0016565483185190018
0.0027159512561586315
0.0035282132204871195
0.004150824309240878
0.0051499186637054065
0.006531084851465397
0.008056845950388603
0.009867523920325
0.011549147325121415
0.013072724596909854
0.014759434944478388
0.016516041343902766
0.01742769713235869
0.01743589240609433
0.016901601707734887
0.015567491762250647
0.01403331203976598
0.012312676877956437
0.009871615515937265
0.006819463831982873
0.003693266085287764
0.00046138064005320586
-0.0030749765666632563
-0.006798516124156602
-0.011188087267409934
-0.016283345890903557
-0.021760573405860746
-0.027738100668149402
-0.031641101287502006
-0.03318297744120478
-0.0336640796136719
-0.03233739683183446
-0.03061769675734403
-0.028576429475376603
-0.024829653204766475
-0.019638479947529704
-0.014985809245730583
-0.010839429885238512
-0.006389277944730108
-0.002102282578453224
0.003588366664794119
0.010806534189822638
0.01840728078038396
0.026761780532967117
0.032552473257832906
0.0353338431412231
0.03694210571810411
0.03639789034335084
0.03535921502383482
0.033933171649197874
0.030402741885143452
0.025072681791056046
0.020780535192535893
0.017515085459965867
0.014076462254709335
0.011145381851896969
0.006564494443064197
0.0001626136512526584
-0.006446362209120586
-0.013768276957565523
-0.018964987006963273
-0.021587653566773012
-0.023344953878934527
-0.023383278440793062
-0.022977368958076366
-0.022230634471724513
-0.01973005798162783
-0.015707772189462704
-0.012841901663793193
-0.01114857555550238
-0.009461630002007284
-0.008432751619535862
-0.006091027670325859
-0.00227862596134412
0.001500951629884883
0.005706291734551692
0.008705982893902505
0.010178822614156736
0.011228584571447115
0.011348789470292792
0.0111404102491502
0.010671537145485776
0.009178770377182564
0.00676778248430205
0.005206556026449175
0.004526159392687477
0.003926256489582558
0.0038433831713723062
0.0030272275743996047
0.0013748104764318015
-0.00013832304214603854
-0.0018014172837769041
-0.0029906364223124746
-0.0035376006489046983
-0.003945944159664959
-0.004009646653450301
-0.003866247342617843
-0.0035460456517847493
-0.0027891117451297786
-0.0016151065970336767
-0.0008623611276015005
-0.0005568015454669161
-0.00029817398930426665
-0.0002963199134982329
1.3112095333465656e-05
0.0006797049016942977
0.001251783610013031
0.001859916110498419
0.002277728414885965
0.002431866351180207
0.0025228517614710724
0.002471943287885086
0.0023066708036914335
0.002037878495417047
0.0015773695320430163
0.0009263569808861474
0.00043289879340141583
0.00010925180136014609
-0.0002162404164997053
-0.00045648823161111056
-0.0008416818472530947
-0.0013934712217071776
-0.0019267815674181596
-0.0024955269635167825
-0.0028450501195588797
-0.002928926607538189
-0.002905713714091277
-0.002696243320267863
-0.0024054812073306072
-0.0020414565918138983
-0.001478432626145939
-0.0007338722304792628
-6.920381825145793e-05
0.000513633160899404
0.0011330739968189966
0.0017260077608156625
0.0024833604322952274
0.0034219498306771587
0.004396847896601136
0.005453425306761755
0.006008097829032407
0.005986759843021669
0.005696702675886555
0.004965545680247437
0.004096727189578655
0.0031060248952912684
0.001684370517158557
-0.00011379389657650713
-0.0018092668504347124
-0.0034077139716984853
-0.005111488980561558
-0.006807618557495452
-0.008868830202957752
-0.011326125383129059
-0.013905955179503854
-0.01669728498947538
-0.01851279628061034
-0.019205647686246274
-0.019399612541660727
-0.018745918314500152
-0.017867547746071
-0.016798069464501422
-0.01490879191223958
-0.012312997992993168
-0.00997448024264335
-0.007882100393020019
-0.0056325414203997615
-0.003453718529827748
-0.000595920863643536
0.003001770617445492
0.006787793166774673
0.010940104034979938
0.014066275662761928
0.015972437371676605
0.01744625038754634
0.01807550129552761
0.018541585624073365
0.01889174787529374
0.01841188519890974
0.01722776904207557
0.01656168814308671
0.01641288537471802
0.016262024412271887
0.016404142648368845
0.015919147099252014
0.01473476984109316
0.013544389476721676
0.01213342875503332
0.010784318700658952
0.009595081492747645
0.008272908701235395
0.006912984224373228
0.005505829551131789
0.004027062886256658
0.002566842835619603
0.0011222613312241285
-0.0007835172300024288
-0.0031770436612238015
-0.0058306574279763735
-0.008870066322206736
-0.012000094220005336
-0.015199362462884369
-0.01872215826704652
-0.022505379010875473
-0.02490897040638766
-0.025798533736318446
-0.02590039480606911
-0.024749339299026847
-0.023350374743664505
-0.021739344033735813
-0.018992960636531765
-0.015297373009655842
-0.011735516622825496
-0.00826747576144452
-0.004476385741078566
-0.0006091540258948153
0.004243992146406227
0.010154742386954796
0.01648234650133451
0.023445785759582918
0.028211611463859882
0.03043648120976431
0.031617855164054895
0.03092867332124133
0.0298627124041057
0.02850662583232641
0.0253653472316056
0.020715719727844615
0.01684885308097028
0.013742735334428113
0.010448419065786082
0.00751160408175936
0.003157962944190457
-0.002751323636984388
-0.008902107019033441
-0.01571130750016416
-0.020572492574497944
-0.023092619267963747
-0.024806715043239815
-0.024936077583902257
-0.02468979577688927
-0.02416105992501391
-0.02203898901793807
-0.01854541534799843
-0.01607064562433401
-0.014623511943982748
-0.013173063697391936
-0.012299468957861081
-0.010229598254891148
-0.006822811624627736
-0.0034262464756919255
0.00037273844214728586
0.003257578651867447
0.004956381365396041
0.006392117616693781
0.00715409599116888
0.00769808538519482
0.00808337149737506
0.0077074634820026
0.006651217287224865
0.006392702815169527
0.006963761425169217
0.007692215057937978
0.008945701591629399
0.009692438249480732
0.009848658604073227
0.010227351854006974
0.01059167881483612
0.010581735252541472
0.010249780110076516
0.00959249672230155
0.008527416199054835
0.007446635625969683
0.00634495222210451
0.004954372840663689
0.0033506272026214987
0.0014692750596094382
-0.0007285998644336717
-0.003165134845151894
-0.005869117679204812
-0.008887337424718533
-0.012220960104925252
-0.015877278341159533
-0.019872167383581375
-0.022433421625325942
-0.023389780423199287
-0.02358891707678321
-0.02252361760640838
-0.021219498184712637
-0.019722940081115057
-0.017063288248580985
-0.013431679404537811
-0.010096222821026969
-0.00702609471267692
-0.003718885753584164
-0.0004700979074155695
0.003747503634837585
0.009013581164806734
0.014587389863789577
0.020712905896958702
0.024918741459572128
0.026885371734972394
0.027956977021773452
0.027407097037714705
0.02649594284558143
0.02530156646413198
0.02253569773907181
0.0184306174143768
0.015053374936120844
0.012391139453574177
0.00957630981372357
0.007103243658148153
0.00338902735171232
-0.001691478905751292
-0.00695899391053913
-0.01278514330873709
-0.016844928828019197
-0.018785675716506866
-0.019975606046004134
-0.019718796306940095
-0.019091409476338812
-0.018175193836033558
-0.015799900786625912
-0.012161803180799848
-0.00939757777272374
-0.007514326927868153
-0.005588112817998435
-0.004136753324072923
-0.0015739443547757594
0.0022273214980924744
0.006063615472872326
0.01030501547799838
0.013216967110957314
0.01449999499368736
0.015241540829868972
0.014912808650751338
0.014242028983404676
0.013294077429237336
0.011222396649921192
0.00815696538787487
0.005821096994773142
0.004231631473674226
0.002624547399490339
0.0014205814893755134
-0.0006316155054808855
-0.0036346000484824463
-0.006627915449172359
-0.009903135959705352
-0.012095679714807137
-0.012966466061206298
-0.013370050908891904
-0.012888365339062846
-0.012090214557445465
-0.011024614435372587
-0.009024355095730244
-0.006189167571699229
-0.0038835047751259884
-0.0021196370442611474
-0.00028900553117339276
0.0012763935248594114
0.003569060967853375
0.006672087581006848
0.009826205761685287
0.013264010683985052
0.015421171678501338
0.016059995421768027
0.016085766468745596
0.015027639103430052
0.013615406262279646
0.011898859320962428
0.009082751335214958
0.005296843812140669
0.001971740903283512
-0.0008922595073897123
-0.003918228367918374
-0.006762539074365544
-0.01049641941925381
-0.015209055281961682
-0.02009539647090357
-0.025408368371319445
