-0.011079147172827333
-0.0014068843397002978
0.008751263503724956
0.019239084000723543
0.0331545977427714
0.04982285412575935
0.05729458567173828
0.05481742833138358
0.04761273007801309
0.03240320332054228
0.01695109489718848
0.0016174478299757053
-0.020369881405577057
-0.04747366262144826
-0.06260136072587046
-0.06500145530223261
-0.06179372819423762
-0.04841321913490256
-0.03661996482752438
-0.026985101032630576
-0.009666489198497226
0.012931728586943152
0.026427043953711028
0.03070464724002718
0.031021026967354915
0.023703490973539167
0.019746599229005294
0.01965778204441419
0.014827360355021359
0.007576149787443169
0.0027642323968625217
-0.0001781988721531287
-0.0019907038534376434
-0.0016032312698387621
-0.0041043774785297395
-0.009641465569946517
-0.014826383009679775
-0.020773736436881865
-0.023584528325680993
-0.02254873959897071
-0.02031140277116226
-0.0156965128994062
-0.010091345853157034
-0.0036778750229984475
0.005294428504929534
0.016566602685849818
0.023331469860925304
0.025223727238768517
0.025341581913917176
0.021872664416447588
0.019234281324261915
0.017700431064544123
0.013506841553714425
0.007579046350219415
0.003384803967475873
0.0007647576213044328
-0.0013240052281125124
-0.002063622197851343
-0.004457272900304158
-0.008647738127721044
-0.012475056434891581
-0.01660380957901558
-0.018660455285437486
-0.018179904413931414
-0.01675268554021728
-0.013641491848485494
-0.009675512538661099
-0.00494471049217342
0.0016427032101293594
0.00994893261540506
0.014648692550638456
0.015417619467075669
0.014724132328867613
0.011135979030716767
0.008052678447271998
0.005685339433568346
0.0010980178079075917
-0.005002603490470345
-0.008349070968870099
-0.008913597271577424
-0.00825784589329129
-0.005296180210440138
-0.0032741184674568258
-0.0023436883819812314
3.577663189776795e-05
0.00317789213462979
0.004994973622163196
0.005586926811164976
0.005475273100893291
0.004153012207728362
0.003493411979922457
0.003551136892544585
0.0029644599268368417
0.002126964063469785
0.001232795529798973
0.0001466409741472221
-0.0009544799722740341
-0.0020569115002680165
-0.0036402678103329153
-0.005702656689531426
-0.008004767117173418
-0.010654903798438285
-0.011510670466820085
-0.010346046709277995
-0.008251920613883457
-0.004615207483827534
-0.0006085919760366487
0.0037010281674640126
0.009449839791997707
0.016415626120680014
0.01968529515614856
0.018942288095890665
0.016376656385683485
0.01064378030895809
0.004900296400875806
-0.0006954956915067984
-0.008903728626285726
-0.01909389633792054
-0.024180396058276363
-0.023841883025587325
-0.021029263692798568
-0.013844822573049155
-0.00714066783285567
-0.001147546588177988
0.008211813665420191
0.019950626326252666
0.025893310375108943
0.02576956467588729
0.022804936101410808
0.014836705709950049
0.007696400479061407
0.0016438896602379923
-0.008109923274667379
-0.020372144126943905
-0.02673620006932847
-0.02698895828667597
-0.024323440453663917
-0.016531856183630296
-0.009770002236941768
-0.0042989184767936155
0.004867327522171219
0.016466473804505624
0.022802482665003166
0.023750999969387957
0.022121270892822092
0.015912917239899023
0.010926727004161177
0.0074018366443496224
0.0007174300318741917
-0.007929263710520957
-0.012854828295331177
-0.014077668544366682
-0.013493303496894933
-0.009656729586917788
-0.007103305605331316
-0.006008715584142206
-0.002875197348418565
0.001350314916759425
0.003816626829146028
0.00466405724695843
0.0046038886092672785
0.0029453723695438234
0.0022750050854894784
0.0026711988869861387
0.0022635588058436623
0.0015986300839083973
0.0009930009053844932
0.00026949174608516713
-0.00034468990560914986
-0.0008131899129300565
-0.001818285536268958
-0.0033538357056361635
-0.005060701843539621
-0.007088281941632657
-0.007692946703120245
-0.006679322958180458
-0.00498114851243142
-0.002100480406702035
0.0010532329161816113
0.004417227756631593
0.008889713995073923
0.014294940516306724
0.01672609186569383
0.01593006927769103
0.013646926272932495
0.00880655244550404
0.003911054060429344
-0.0009154904944806622
-0.007865629542685134
-0.01644107462147828
-0.02061295716084724
-0.020086344821819077
-0.017395675675315005
-0.010918175164535172
-0.004739539586288853
0.0009472664379849168
0.00960136048949476
0.02039638862914238
0.026047597209949827
0.026296079322185483
0.02405419283895281
0.017390947045752555
0.011460336554819471
0.006497254337610574
-0.0017483577143601495
-0.012221913999481656
-0.018801419415994523
-0.021437599805162074
-0.022342337520791813
-0.019948030187503376
-0.018951143244583545
-0.01955972268187687
-0.018092696858643596
-0.015536177524856061
-0.013116933030449925
-0.010499811378734713
-0.0077577672264930835
-0.0050969202592722205
-0.0008198438559055604
0.0051255598407840275
0.011763290228310814
0.019489645525970028
0.024208525614271708
0.02545273331152079
0.02546132881333431
0.023066633236520306
0.020412186583645082
0.017659753275385607
0.012703192853495374
0.005966031040654772
0.0013460360536347608
-0.0010978654390988688
-0.0029700979214760804
-0.003288475463607356
-0.004893987579904671
-0.007966596700525618
-0.010272846620453866
-0.012437868678457923
-0.013926190147871482
-0.014420495018700477
-0.014603845486821481
-0.014244004304862695
-0.013090999848136827
-0.011163812804993815
-0.008351107232377203
-0.004571389638482225
-0.0019251140990221923
-0.0005516222156519147
0.0006358402514936884
0.0010837402279348812
0.0020702525871743654
0.003709924306002567
0.004900775830637708
0.005928075098062959
0.0069599732307030395
0.007872380440921277
0.008778631313644269
0.00967994738053459
0.010210872866070284
0.010360596436460897
0.010294050227550908
0.009919504691226523
0.008928128740516642
0.007281622520094717
0.00504088645169165
0.0020994260362089353
-0.001345725119672431
-0.005319688268970946
-0.010034581817659746
-0.015476151348265126
-0.01821164166785764
-0.017940289153927234
-0.016284792808524004
-0.012276292291464309
-0.007980816888465811
-0.0035001670266537545
0.003064327132168948
0.011314598382023425
0.015824234844052744
0.016335998111450162
0.015179904809319415
0.010907378202651256
0.007194145977171893
0.004234670417950709
-0.001061594305203712
-0.007936582050390627
-0.011687227467784922
-0.012255767396889493
-0.011373704065249941
-0.007831131093327183
-0.0051760588040664695
-0.0035670765960875853
-0.00019869242442146
0.0041870219801015155
0.006610251085241563
0.007121355990897699
0.006631306268652449
0.004391916766730704
0.0028713630974909273
0.002155041639697209
0.00037360207268432097
-0.001958178459321965
-0.003084126799322202
-0.003050747699222594
-0.0023384660826736093
-0.0005065561500744356
0.0009284964138433955
0.0019249464152838469
0.0036179469353735958
0.00569507445885334
0.006700825236821243
0.006623954090426479
0.005940137353682686
0.004268940603197384
0.0027604308424167582
0.0014490338060288482
-0.0005718564201936911
-0.0030705594513467252
-0.005016952615058897
-0.006425801714694976
-0.007635296799275793
-0.008388820434671625
-0.009537223238141827
-0.011117348303983962
-0.012489169383620234
-0.013834879952324259
-0.014004210560298963
-0.012804689945689729
-0.010898704806963684
-0.007930122399882202
-0.004389611805679278
-0.00030166579924196607
0.004912060290913654
0.011175761243854802
0.01546799730725285
0.01759576815719191
0.01896149502124761
0.018747744482089896
0.018883572560081503
0.01948616193222278
0.018882721112569247
0.017471852708961923
0.015562577218647686
0.012949817351112421
0.00973063146459139
0.005903136342946582
0.0008284300137031801
-0.005542510567005024
-0.012937902601798492
-0.02153717959716296
-0.02643368147397227
-0.027150651266863727
-0.026157049705387677
-0.022065880944436747
-0.01768469907644365
-0.013182634260193723
-0.005923625524803994
0.0035428223026268573
0.009428442270264303
0.011556294472497676
0.012343817482221879
0.01028867822978742
0.009479129602407784
0.010149672884689811
0.008982936659848827
0.006849812784656943
0.005361736086220025
0.004260755644207096
0.0033646737079455406
0.003000066453042738
0.0013693588816390781
-0.0015892340428272614
-0.0047369633126610675
-0.008481474318298937
-0.010872701895287499
-0.011625571460263537
-0.011967980517232545
-0.011335030268783393
-0.010582993487039125
-0.009809428077231211
-0.008089178639449216
-0.005597058758963167
-0.0037965016569676264
-0.0026826064055735246
-0.001659009548387849
-0.0010804103606256229
0.0001472810267849778
0.0021020300175724005
0.003952697944212469
0.005949034310272522
0.005542971517298257
0.00238492989477707
-0.002151496196737286
-0.008828141842227815
-0.016378794578682875
-0.024738085027359875
-0.03523890684409915
-0.04766074821468728
-0.048644622232444285
-0.03706088685717173
-0.019077064978596053
0.00907676786077279
0.03932401884364045
0.0713039858911829
0.11243506574346099
0.1611811557539306
0.18197573056159064
0.17234779942120051
0.14814399947165577
0.09953071605966991
0.04912099477962072
-0.002030957844911245
-0.07394301664180986
-0.16217846636746283
-0.21134572307417152
-0.21878407703078676
-0.2079387360890295
-0.16395098974855316
-0.12442814544211594
-0.09122627448243045
-0.032621265959039636
0.043719509413245344
0.0894404028678123
0.10401184407772832
0.105400787129365
0.08122672170197481
0.06810099680493079
0.06775066018691159
0.051371671158808876
0.026692777830488165
0.011952804421182576
0.0054301894159987305
0.003690481202281477
0.010874110794942543
0.008826123951764415
-0.003004135684845516
-0.012214252042384013
-0.022747962343051254
-0.027795308443993354
-0.0254481071217496
-0.021747315127897734
-0.014496052992672927
-0.004443644863081298
0.007977598974736485
0.025131060437782543
0.046904139950370446
0.05396316252764344
0.04489746377538766
0.028866295365795044
0.0005750568954865084
-0.02821342599910957
-0.056801637544075294
-0.09570173238784276
-0.14253923607045602
-0.1641083480799864
-0.15855595352433657
-0.14004085717486026
-0.09953228220580028
-0.05902042996063073
-0.019507869551356652
0.03793832822511254
0.10893714741601332
0.15218541340741742
0.16620211715367955
0.16776834800926807
0.14596994803842364
0.12993935162665352
0.12109341931567341
0.0954513246609237
0.05902922234484488
0.03169473266790842
0.01225697854625342
-0.00481315733671925
-0.014909702866208234
-0.0360452400995003
-0.0690538927375248
-0.10126394017995659
-0.1366916866534067
-0.1520813353254464
-0.14381073191609187
-0.12570553719424254
-0.09077903693956618
-0.049289440917974894
-0.0020226219134925165
0.06251762532032303
0.14250795959706736
0.18470284602246734
0.18577297299647863
0.16999376733851337
0.12293333601437337
0.07869106158432103
0.03920768365459542
-0.025123039869712677
-0.10733261896126856
-0.1532590941395776
-0.1615753820054174
-0.15344596025904592
-0.11476670781282336
-0.08483085633187869
-0.06551944419643646
-0.025109676362479197
0.028208691599999197
0.05954600073963333
0.0694593038623854
0.0690210905128441
0.04951728073175594
0.039582601657278484
0.04032860586231074
0.03009482243221142
0.014923596226299587
0.005491690405758224
0.0003144982636628324
-0.0015426837552163578
0.0022525080270955223
-0.00022151479371336697
-0.009192331575416308
-0.016837208449119023
-0.0257202592295771
-0.030082332556830675
-0.028607379116962223
-0.02585487364400436
-0.02004469491263979
-0.01244737713441047
-0.0033979042014441897
0.009332914892263032
0.025508683496061633
0.03426238538074998
0.03495104124266022
0.03263477394457776
0.02440608628882826
0.01712718747548366
0.011237152077164029
0.0008039309036809326
-0.012739931801679072
-0.020274975381637177
-0.021690631951821946
-0.020366880603717396
-0.013962514112878773
-0.00930910126971638
-0.0067183517040519496
-0.0007817772427794281
0.007069379839427926
0.01110688615783152
0.011428857112347214
0.009781981946579726
0.004728053018487346
0.001011763317632611
-0.001203895208328478
-0.005512780779746329
-0.010926009092771223
