-0.0027964184054775332
-0.0020874701562445122
-0.0010873162534282624
0.00023092582948983363
0.0016188918853212368
0.00315652153733885
0.004249833437327143
0.004814792369392805
0.005190320679853859
0.0052003017093069865
0.00513222478702108
0.00500651836460778
0.00451989479216249
0.003725394301056804
0.003148603091554848
0.0027896672437931836
0.002424635154557692
0.002180528996417332
0.001662924848605963
0.0008408045722184884
1.1929243775318576e-05
-0.0009156285552415648
-0.0015834906086720781
-0.0019250325026839963
-0.0021765604178962663
-0.0022280188039848696
-0.0022190022056750506
-0.0021643857776514003
-0.0018941727371770412
-0.0014334754241342267
-0.0011570085820700189
-0.001070624688625621
-0.001006724690730383
-0.0010577461086805524
-0.0009567164760589586
-0.0006820943067291586
-0.00044161674352815813
-0.00017368416114294557
4.203800991386185e-05
0.00017515371817955776
0.0003079892591151676
0.0004121514091221572
0.0004862592012558109
0.000535690586367823
0.0005345977981293906
0.0004816937328539053
0.0005165536829923883
0.000645801265287558
0.0008001071495566196
0.0010152373562693072
0.001202847717808365
0.001355084865560162
0.0015455228852943649
0.0017540997334413826
0.0018292367835410982
0.001764183375035388
0.001615776571205274
0.0013425402225961873
0.0010485401585395415
0.0007364784607055545
0.0003171446986326546
-0.00018979554396731006
-0.0007057095489588312
-0.001236207836466211
-0.0018076424181564155
-0.002402946000819046
-0.0030948137273291505
-0.0038886502047139077
-0.004735766822519923
-0.005653857421190687
-0.006232385987454192
-0.006425766814074497
-0.006440232379701257
-0.006156573377351454
-0.005800479227926088
-0.005382991298920642
-0.004683144295080126
-0.0037423665656438044
-0.002874399657417203
-0.0020736405220553233
-0.0012117190836927706
-0.0003622104960463212
0.0007237786923253212
0.0020662008884421044
0.003483907560711263
0.005036121085937555
0.006162874634068142
0.0067903694614330525
0.007226151227766326
0.00730530790776956
0.0073107032245487095
0.007260342212284825
0.006863381504711361
0.006171976929600301
0.005660879724311744
0.005327881120199673
0.004973075872656044
0.004710306375373767
0.004177689971643914
0.0033466835225274927
0.002487747639780174
0.001516085616586627
0.0007688299703183707
0.0003069347857132456
-9.121641951299666e-05
-0.00032292644541633117
-0.0005225080787935169
-0.0007046264417571214
-0.0007091400841670677
-0.0005609116896219095
-0.0006091696587504785
-0.000859757814462076
-0.0011580492803819464
-0.001590645482216488
-0.0019092151652557216
-0.002094448445413382
-0.002340535290017817
-0.002590719186962694
-0.0027931854522462926
-0.0029638583625755627
-0.0030859023856237484
-0.0031495097319254694
-0.0032291569540137603
-0.003322922516028623
-0.003385425619951461
-0.0034313562861021238
-0.0034223679437521697
-0.003350063337224894
-0.00324238372754354
-0.0030873264193166266
-0.0028929083273142573
-0.0026605669391620906
-0.002375224305565719
-0.0020378467843465667
-0.0017373793912412825
-0.0014793617244344744
-0.0012214741639425414
-0.0009875345746930364
-0.0007214500601788105
-0.0004194052138789183
-0.0001298669507715247
0.0001590036496666088
0.0005045918360261517
0.0009061256123031559
0.001344189113050552
0.0018329982041761094
0.002326746054229499
0.002823339241658009
0.0033575257045453783
0.003919482482626926
0.004275829740804609
0.004406601667855769
0.004414168329977589
0.0042317098215956805
0.004001806768017591
0.003728846085679251
0.003280643635285913
0.0026830492226653153
0.00209267643873116
0.00150348177572533
0.000853996933145384
0.00017960415481821682
-0.0006517176527143926
-0.0016509122887371779
-0.0027256918553024874
-0.003908234044810249
-0.004716999369733471
-0.005095369186301329
-0.00529419030953659
-0.0051732862717973355
-0.004990530490695437
-0.004760336126436095
-0.004226991910397716
-0.0034383434788091316
-0.0027782176252326846
-0.0022422859469287413
-0.001672488653112558
-0.0011600424719343566
-0.000406050465710394
0.0006128014554566597
0.0016758095535109885
0.002853268244309683
0.003694713095213778
0.0041329814454120276
0.004432135546765422
0.004457822857783354
0.004420520188252083
0.004336308687925368
0.0039781556197025295
0.0033847718466839343
0.002966668762198722
0.002725182594542087
0.0024837044466422178
0.002341843597887719
0.001994599325565987
0.0014178689988853053
0.0008432321020659819
0.00019973645447812113
-0.0002712414566868555
-0.0005214189140139635
-0.000716500462386748
-0.0007815059635190516
-0.0008033567334596834
-0.0007925341958061085
-0.0006371666369366626
-0.0003526696370120809
-0.0002037586110979528
-0.00019554891554081412
-0.00020813958122372535
-0.00030713059663107584
-0.00030636600807430384
-0.0001906731987479643
-0.00010597625156395554
-9.39893758042842e-06
2.4046996463032537e-05
-2.91739126531031e-05
-0.00010276915829348968
-0.00022242435013888927
-0.00037837710117013336
-0.0005667438821030976
-0.0008164630286725377
-0.0011267391944734186
-0.0013857129010903858
-0.0015893620476446536
-0.0017924004443609083
-0.0019667264222390803
-0.0021861236812184778
-0.0024573346672643877
-0.002720763365447351
-0.0029935419287142073
-0.0031248117679765946
-0.0030923952559198525
-0.00297922942057792
-0.0027396391894479524
-0.0024465581892181886
-0.0021037067765521016
-0.0016324201991756815
-0.001045097215425863
-0.0004748278589933344
7.953014161864634e-05
0.000676396496599763
0.001284502475231754
0.0020059835015369997
0.0028499719659233866
0.0037414946675044013
0.004705277675372659
0.0053153814239717
0.005521437869745532
0.005541903005424719
0.005252097344543701
0.004880853288399625
0.004439627478067643
0.003700571402034637
0.002705272471279915
0.0017912271080416514
0.0009534548466274992
5.17750783537812e-05
-0.0008344214870504362
-0.001970288991624744
-0.003377423772342268
-0.004861988381095492
-0.006487134129126491
-0.007583378069249306
-0.008064402994368917
-0.008291947720828894
-0.008068974388884712
-0.007738426175964206
-0.007320807850170743
-0.006465836568942644
-0.005236364287728386
-0.004191345926069111
-0.00332676850017886
-0.0024076865613866147
-0.0015674377404921692
-0.00037677493192954235
0.001198580170668639
0.0028397103197873694
0.0046477102692916335
0.00594906158734113
0.006644141124134736
0.0071246429159264905
0.00718963611884447
0.007156331685300107
0.007048162847235037
0.006524154919501239
0.005642385134329685
0.005013585839005488
0.004639098234508119
0.004256186286766107
0.004012696889744602
0.0034533849159559846
0.002542015646019304
0.001623299028327605
0.0005910482445491373
-0.00019990742862999275
-0.0006785012318805024
-0.0010900212934427586
-0.0013244552189438014
-0.0015091443277047026
-0.001660044347677491
-0.0016133658590667998
-0.0013920384919530711
-0.00138755254055077
-0.0016080346767280828
-0.0018766297857505188
-0.002290728782448102
-0.002576107656172627
-0.0027108097014132077
-0.002910734382350732
-0.003113077511396179
-0.0031932224077280413
-0.003162123412723888
-0.0030326310476266466
-0.0027744423402218683
-0.0025085279297741127
-0.0022341682171148807
-0.0018641229686324665
-0.0014215688124222605
-0.0009108057610920091
-0.0003209702895145694
0.0003359060821936656
0.001062507465327232
0.0018886224433788334
0.002815970085795506
0.0038340281410838917
0.004951180160761833
0.005704169931928369
0.006047220328604262
0.006205260277952758
0.006045667051105964
0.005834077768968163
0.005583235508767664
0.005040799467837255
0.004256536725464945
0.00356703249932997
0.002965060988699343
0.002316995042758888
0.0017017397979004355
0.0008487683463440556
-0.00026260911187523013
-0.001436096956188634
-0.0027356071087249446
-0.0037237896495048665
-0.004337923173384224
-0.0048315998451707014
-0.005075310529482461
-0.005277905481147047
-0.005455325754105152
-0.005386180890425871
-0.005109448785653663
-0.005016193031674417
-0.005107477906403294
-0.005216854908512907
-0.005439376636156065
-0.005483681261626945
-0.005327311073728363
-0.005191651198572743
-0.005009257600416222
-0.004774370613148126
-0.004509049422276543
-0.004165977118170892
-0.0037481450073378894
-0.0033083319604399865
-0.002841407816979558
-0.002323592762016439
-0.0017644677040840838
-0.0010816660269718616
-0.0002652620958514768
0.0006396196246322811
0.0016566778287416342
0.0027478172592788033
0.003910421405326764
0.005184834961699904
0.006564113838729802
0.007527085913951257
0.008027351549034712
0.008305765715685181
0.008214025815744395
0.008062886377466555
0.007865234102848862
0.007331882764702326
0.006520833581705037
0.0057920372754280925
0.005135032082645024
0.0044095114893045765
0.003698785835148453
0.0027069451084545844
0.0014111752328176907
2.311599354756186e-05
-0.001527699975811008
-0.0026628191813077317
-0.0033045250694123014
-0.003778078524266402
-0.0039134839276581575
-0.003998175434689917
-0.0040525222519266725
-0.0037795039612899153
-0.0032330381793766404
-0.0029121832918996226
-0.0028166119421673607
-0.0027366408703368935
-0.0027930839562136196
-0.002609831660639037
-0.002158194028660044
-0.0017222084999456147
-0.0012147188156554228
-0.0008402756727623526
-0.0006486453251290928
-0.0004793688004283611
-0.0003977285876513436
-0.00034996045224554317
-0.0003250058500405081
-0.0004091958753876608
-0.0005930191384295228
-0.0006192674573413
-0.0004797688562577679
-0.0002939531988566479
3.1921460738981396e-06
0.0002384746254870272
0.0003979938362334625
0.0006215823887366646
0.0008700749026461058
0.0010259236712911494
0.001093308576298006
0.0010995530358870324
0.001015051995847431
0.0009401764668174945
0.0008762359742081551
0.0007471804475006575
0.0005727446700329116
0.0003825199269489878
0.00016951777911765537
-6.802531908464106e-05
-0.00032506150488123835
-0.0006413258983329604
-0.0010188460904244248
-0.0014348480432417592
-0.0018990668475011494
-0.0021622985327301525
-0.0021981441970377823
-0.002131362842893396
-0.0018902273640746033
-0.0016134072587881334
-0.0013080775720996215
-0.0008402287088498724
-0.00023578901598318364
0.000318845392561478
0.0008269918865761647
0.0013636849191357508
0.00188501920163999
0.002539020487687157
0.003337102083734273
0.004171173353939764
0.00507615418127041
0.005648745517062667
0.0058375312926602085
0.005857784092084247
0.005590723944529521
0.0052441848587029515
0.00482988486334962
0.004135873594156544
0.0031999003453126048
0.0023538526201309093
0.0015944588112127627
0.0007820649250636596
-4.660681140427291e-06
-0.0010224103003135185
-0.002292094813011875
-0.0036242621757991145
-0.005079781845079334
-0.006094051258711289
-0.006591446893859142
-0.006882572325370749
-0.006800563903490842
-0.006628723815273866
-0.006384763675991258
-0.005775498417510859
-0.0048527088037277205
-0.0040981243458598025
-0.003509369752056337
-0.002882466888571077
-0.0023326857427056983
-0.0014927526367767726
-0.000333232665345651
0.0008718690950519962
0.002208940899253114
0.00316912141056764
0.0036737339185074166
0.004026144781079835
0.004073826482163403
0.0040491402658387994
0.003970558499997646
0.0035834645116162357
0.0029304013845574367
0.0024861112710315774
0.00225309361650373
0.0020256612088456836
0.0019193018073313509
0.0015836002822336801
0.0009907256455577585
0.000407722495119454
-0.0002468562998984299
-0.0007356615288274879
-0.0010070258144698001
-0.0012324543375194037
-0.0013372470126446754
-0.0013980265893998587
-0.0014258469174399991
-0.0013141511078886194
-0.0010763499870276901
-0.0009884647170850963
-0.0010571493858383886
-0.001155786183551469
-0.0013532430186427044
-0.001458610641033998
-0.0014562760991430393
-0.0014974555221335926
-0.001538382167679932
-0.0015420775510231817
-0.0015215073348037874
-0.0014623688395398275
-0.0013581901685161585
-0.0012648779679674052
-0.0011810768086525688
-0.00107369163939976
-0.0009539401605350167
-0.0007882376144091865
-0.0005701715927640752
-0.00032332948577626185
-3.756955423204635e-05
0.00027776982085883975
0.0006211847493903883
0.0010064894917289318
0.0014320931585773324
0.0017450599188337473
0.001932549496924277
0.002065889030450486
0.0021020894060292702
0.002132950646582709
0.0021628371574051956
0.0021074431029965146
0.001984373939235464
0.0018971469091185102
0.0018429912954791288
0.0017825744337342363
0.0017401383344559746
0.0016309610203869731
0.001448978424362951
0.0012553888191480336
0.0010303635696059688
