-0.0014001545749115195
0.023295242581713664
0.015215952579773515
-0.02420390874025287
-0.025111521392972604
0.00652305041693398
0.01100643973719824
-0.0015344731782227436
0.002391372334411227
0.014974287433462689
0.01008787948838065
-0.009543237831558983
-0.016546477852289975
-0.014244253336628099
-0.0013475729222660383
0.028191147313703625
0.01792396140219688
-0.034301230822081655
-0.027603106766740694
0.03160603474426012
0.02888972066746732
-0.022966344899367157
-0.023632562828649464
0.01208891016123649
0.017038158959954013
0.004614373513419061
-0.0010118726742753901
-0.009245735715120688
-0.009606569015541034
0.0010222459267372188
0.003189385318941715
-0.0008201433435626737
0.00035685738738110335
0.0038759222242248288
-0.0006200059112053705
-0.012524123831676972
-0.0022434607535405885
0.030575672977690226
0.0205453455702186
-0.030527490367636752
-0.029731511228935876
0.015186908123337265
0.020998651953424558
0.0008854320899111846
-0.007621556085992429
-0.01686290244069305
-0.008109519247863226
0.024670857687806396
0.01736010511588529
-0.02851090109715499
-0.02537661976841996
0.018926564482709622
0.023435428112255408
1.289232121390164e-07
-0.008998623844526543
-0.015529705774253413
-0.0030026179686359405
0.03590695535260175
0.025722749542593387
-0.03303984906171999
-0.0379542708866596
0.0009644016803303998
0.011988342277156972
0.010801043421476343
0.012010350558918656
0.005467446158015312
0.00018180669937435987
-0.003885032209671719
-0.01262242081593073
-0.02459606344125535
-0.01218768663634628
0.026608406938926597
0.03208154005610407
0.007048925238811603
-0.00492946404936679
-0.014433826847710643
-0.01987888909945157
-0.014777292184431806
-0.004636886286769345
0.013633704366940941
0.02350009835714621
0.023775671157907102
0.006671979640668442
-0.0337890065895387
-0.03151166775375723
0.014656771772744045
0.020338221023998116
-0.004214623332025843
-0.004613513972945492
0.006952370423151426
0.005996588439755884
-0.0012128426305179315
-0.007759454227168637
-0.016791382341440324
-0.009210900469065907
0.0173822902420422
0.018113665712124916
-0.005050211799143608
-0.010744148644639205
-0.00607622400260456
0.0034152464829740243
0.024809361738901987
0.017790964571319224
-0.019633974310045432
-0.02789609724682667
-0.012993356601477282
0.0010665994511564962
0.025023302345100144
0.02085917451621313
-0.016229584947468203
-0.018203184128030934
0.00902318586652822
0.010155639693637612
-0.004990727287759091
-0.00682214722511388
-0.0024896697291254336
0.002519289638252643
0.01232093844308542
0.005718991328638454
-0.018990168944274317
-0.012352259964545097
0.02399028937705876
0.019112693921457008
-0.0214169679822531
-0.01919056556597341
0.017051572537185762
0.01729568864758831
-0.008381661666013451
-0.015941146215491284
-0.01516013828417258
-0.008676343483879778
0.010489300704253557
0.021973736182238295
0.0264710950514916
0.00902266617682951
-0.036910980920005554
-0.031694329093208184
0.024972460692051283
0.02855388640621046
-0.009483340817321982
-0.017781430579965236
-0.011788603644962774
-0.002894965313814635
0.01947658481274386
0.015148691462695419
-0.017889916980875793
-0.016940632857778085
0.012510450245029529
0.016742290599712415
0.004605604062205764
0.001152870391358992
-0.0013231275130781077
-0.0119540170281672
-0.02863515745074694
-0.013653732012454402
0.0351543373731491
0.03277973132152605
-0.01760930270103199
-0.020606938576804526
0.011648462172942303
0.011115832691012724
-0.009201766619397662
-0.005117474079849195
0.01567309905276007
0.0009346176233855348
-0.04609567975661936
-0.03174275994648046
0.04046348261440821
0.05224362183092193
0.01585658046373363
-0.003784922516214943
-0.026375258931194794
-0.03502155547158766
-0.020430140854042357
-0.0015280287467755258
0.02887356763464944
0.033808966876805714
0.008687264879992466
-0.0051736732830855005
-0.016186174351248687
-0.019377543946995528
-0.007645555554698639
0.003127402301134435
0.01636620945845268
0.012172510985747837
-0.013680584682686103
-0.014395421096323592
0.007005589768385605
0.012203838458158783
0.008474675649856447
0.0027409424694662303
-0.01103183332539892
-0.013201560438038062
-0.0029099540448958004
0.0015642592410937944
0.0040657759219642625
0.0068242269158455314
0.007169863452069042
0.0009273158230301923
-0.013053045909195747
-0.008737296847618972
0.014603618756539188
0.012858127368115565
-0.010842673985456998
-0.011971377315507426
0.0034909121127619336
0.0076899649508969815
0.006991934706377377
0.00032189692919870486
-0.016894765459305697
-0.008939890939299333
0.025245063242955897
0.01391425791499723
-0.03989656991528185
-0.031242127201694777
0.03231823518959725
0.03796067020494346
-0.0006377881221303917
-0.012566955572746768
-0.014748861336086083
-0.009558188065193946
0.013645590091919721
0.013312071693176771
-0.010212017610989974
-0.008612662118789085
0.01210571561331696
0.011359559528238862
-0.004873570365804539
-0.015411876252594572
-0.02633533115030855
-0.01571267212791627
0.021467358881136735
0.03588989681359235
0.03121417848364955
0.010331998571033731
-0.03798591481391137
-0.0420291863087413
0.0001591700201721337
0.016347893014716328
0.01983334150820263
0.007451824544787488
-0.03372680279672727
-0.027872682669937848
0.025168450452026002
0.036139412212751826
0.016634151385890427
0.0024318329813752164
-0.02122288786245119
-0.028862640602786642
-0.01570368825859286
0.002233114822773715
0.03249788745255008
0.025847458900731066
-0.022758331077072813
-0.021167761311346397
0.02375291513395002
0.01235187683234066
-0.04390583058223304
-0.032554008890394275
0.036230902047930835
0.04244816904265008
4.2620065401097077e-05
-0.014473096416165671
-0.019426800550689814
-0.009017123418217046
0.029021393847170476
0.022255262306568817
-0.028990240667436055
-0.03072570413532033
0.007138422871775083
0.007848709143410966
-0.015746324404496657
0.003697440775125656
0.058436480058740366
0.03285362886869742
-0.06987123274518287
-0.05770657992917215
0.058113229375741
0.057909927427899854
-0.0332792914622484
-0.045125312687141074
-0.008004626792346916
0.00814561273202924
0.027771088987154635
0.01970577305339956
-0.026347280683499053
-0.02341135907148377
0.023968587493489745
0.020946663264652374
-0.02088811038976441
-0.018301263108700727
0.01704858132895978
0.0158589310756297
-0.0117529580686728
-0.01232816564204679
0.005414155640067932
0.0050531520399050055
-0.0066596409875997
-0.007845172961561193
-0.0030264837069557704
0.011055357719394726
0.0386089553302096
0.024052073395787143
-0.0352293073973896
-0.04645693593323363
-0.016982177653644293
0.0024296238646728434
0.028286288350828186
0.031839270590358945
0.004954599420597225
-0.01018631516881785
-0.02119212416236173
-0.015029762810618897
0.01677047031962482
0.013496782161023832
-0.022960587833616205
-0.012206784249361514
0.03845707581344298
0.02491738233360468
-0.04504986471808772
-0.03306887075130988
0.04997426725715335
0.04241053233845753
-0.039404921247259035
-0.043306587108578
0.009809055924830286
0.0175880032973962
0.0010474435102366029
0.0016231801461273152
0.0058714210347399305
0.0004279965777923224
-0.011150833750747826
-0.005760102245646343
0.01663646000683247
0.012125444894979001
-0.017142562988704143
-0.01539618288356062
0.012005383990074631
0.010919656259660394
-0.01152693103552136
-0.008674345774108957
0.01289840222047063
0.008297813837376244
-0.017422350343109246
-0.009176843962823263
0.02868083418218591
0.020443572150127015
-0.02846736509566156
-0.02760928581537527
0.013965205987383761
0.0166504155830617
-0.007270740381566317
-0.004482149013326065
0.014744888330590743
0.01087785892127479
-0.01047770156030553
-0.01692821506776468
-0.013512998890032988
-0.0056183930825229045
0.012678970148116243
0.019542790192552267
0.014359770530069637
0.001446370708976979
-0.024960640893962396
-0.019660193416354065
0.01989693695902209
0.021003498441970157
-0.009946034669589647
-0.012885762975858242
0.0017197274985745038
0.008152475725599725
0.014953768471129832
-0.0008823271716986614
-0.04455378366450844
-0.027655219676286716
0.04988280624527467
0.044536002862094026
-0.03384977714646791
-0.036638019532574284
0.016796906538857577
0.022415158942665464
0.000638368078332993
-0.00575682443904537
-0.010819119914579197
-0.005247408715507938
0.016851564898916316
0.013883483455345961
-0.01310699037029306
-0.016374383274032116
-0.0018142858978178876
0.005062648663217571
0.011720022314793101
0.008661200727596683
-0.008267522683110429
-0.005747656731485899
0.014958609133599234
0.0013174679849632083
-0.04363572083429011
-0.031011066132390377
0.03526600390004721
0.04515778751681207
0.010193309068786207
-0.009884960100164524
-0.0334243086859848
-0.019447809061362065
0.043100456335650364
0.036425342149484466
-0.0346327278014775
-0.04107031259683753
0.0005910581354500564
0.011022995904198469
0.009075836498719153
0.0136401280315717
0.01438098870161166
0.004069721495068285
-0.01776169437430196
-0.02278788055391264
-0.010864948461810622
-0.0027331852725594654
0.007485053424026756
0.02083363433511513
0.034956303862151726
0.014827109602173543
-0.04393964830134221
-0.04054127833875441
0.02295526696198764
0.028641580569731727
-0.008700530791352893
-0.016266571301988324
-0.011328262877976348
-0.007033641864167772
0.006532079048723785
0.019794601947219576
0.032937539606743775
0.017447567147028914
-0.031737277475343155
-0.0376626059805347
-0.003290647348411642
0.015480820906530631
0.03257967400746013
0.00951517428606214
-0.06555981059448276
-0.04738294742213756
0.06207599075081356
0.0629687232628959
-0.026163540941154733
-0.03879420565736186
-0.003402882993226875
0.011337491307519923
0.02971826284312512
0.017658262091614994
-0.03508537276328408
-0.03032087966323927
0.027766535594061507
0.02943733996414587
-0.011896345633083272
-0.024415867785546858
-0.02407974702856163
-0.01137912101317878
0.02531278642692252
0.033653554181410986
0.014014659686514464
-0.002166217861412629
-0.025600825441956073
-0.024741749799983764
0.006391727383815582
0.013930922110115537
0.004105787145103998
0.0018436187495871716
-0.0015843670695102259
0.0014198074241009977
0.013944453957883386
0.003819986994979538
-0.028771993964692898
-0.013730006460686743
0.04737609129483152
0.02464272196753054
-0.07650830038856837
-0.06535852005096665
0.044274484643879675
0.049898608511778825
-0.02341874852468498
-0.054831518071690226
-0.07508639035226122
0.04391989048419103
0.3329162087018704
0.22775273251158934
-0.27756484919917424
-0.3348094941626511
-0.01705400606505868
0.13228099546100092
0.25343624292146927
0.04255677893260601
-0.6075685077970383
-0.44675368956213557
0.5136869284192007
0.6522962099335634
0.14176201762250623
-0.09708473728638499
-0.3266929216574612
-0.3352951000852837
0.015676551339317616
0.14245218815692806
0.11135126329690304
0.07423104435202044
-0.07296415491831748
-0.09024898409253715
0.03341463458551439
0.06261666671428269
0.04200720892804745
0.018723326576061055
-0.04249785685533916
-0.07073177450591314
-0.06350268302138945
-0.021520598865364126
0.07484233680074018
0.09157900917254674
0.026004839605569596
-0.014041197781606231
-0.05570784394287298
-0.0553896455753883
0.006068680276657856
0.02399501642673398
0.00953294730644522
0.012027202336465847
0.014408433401094666
0.003905751427959258
-0.016165161937919437
-0.01988561425293069
-0.0070671462599345685
0.0031366146417455424
0.016290458885509364
0.0139399973685498
-0.00800895700180174
-0.008701331696784238
0.00880827653040747
0.0025761398999401674
-0.02217607526596101
-0.014420118442539164
0.022158909845550665
0.022300573984190976
-0.008248578405687804
-0.01242187090834788
0.0004416677218716263
0.002210035033634366
0.0009461864727044578
0.0005288850171094814
-0.002371299466461385
-0.001041662809352212
0.004769662774849197
