step, usd->oil, oil->usd
Band: usd 0 oil 0
Linear p-values:
1, 4.4436892781274364e-18, 0.004228007809957547
2, 0.0714624068535903, 0.22452719684977596
3, 0.43895297410879996, 0.8185203476386984
4, 0.533984091043034, 0.7871285943741144
5, 0.3586017676853884, 0.5843413541963691
6, 0.384426598636616, 0.5408021089567095
Nonlinear p-values:
1, 0.99249, 0.09829
2, 0.9916, 0.09695
3, 0.99141, 0.10041
4, 0.99073, 0.1006
5, 0.98973, 0.10108
6, 0.98668, 0.10074
Band: usd 0 oil 1
Linear p-values:
1, 0.6199270281122883, 0.492432525585754
2, 0.9510157356722498, 0.9860174090084084
3, 0.9969944321242981, 0.9995879686470767
4, 0.9995067039147777, 0.9998885458349785
5, 0.9999472674967318, 0.9999889703064709
6, 0.9999784528888241, 0.9999972518730962
Nonlinear p-values:
1, 0.2644, 0.47256
2, 0.22431, 0.5262
3, 0.21084, 0.42994
4, 0.22316, 0.41316
5, 0.22501, 0.37291
6, 0.23815, 0.21109
Band: usd 0 oil 2
Linear p-values:
1, 0.6138124543287754, 0.05635565528493481
2, 0.682725786126257, 0.4908960131295116
3, 0.9441708200463929, 0.8548291156885285
4, 0.8982656763224125, 0.8232037046706999
5, 0.8680128884391795, 0.7425514131999474
6, 0.837445658442175, 0.753923459750811
Nonlinear p-values:
1, 0.99779, 0.13962
2, 0.99777, 0.16047
3, 0.99753, 0.1903
4, 0.99526, 0.15556
5, 0.9934, 0.14649
6, 0.99172, 0.1598
Band: usd 0 oil 3
Linear p-values:
1, 0.9272170274549582, 0.8888973414023493
2, 0.9846377100976081, 0.979159266157061
3, 0.9990912894134658, 0.9990488637260541
4, 0.9998219895406459, 0.9998977680035601
5, 0.9999912213500992, 0.9999845120072801
6, 0.9999984715351607, 0.9999980101551299
Nonlinear p-values:
1, 0.23833, 0.94576
2, 0.19485, 0.96327
3, 0.12325, 0.93195
4, 0.03871, 0.88803
5, 0.02161, 0.78799
6, 0.03684, 0.77228
Band: usd 0 oil 4
Linear p-values:
1, 0.9785302118614546, 0.968683059164023
2, 0.9998949898375575, 0.2088464570393583
3, 0.9965405679983826, 0.2339303432068762
4, 0.9905183731220181, 0.32732098000597243
5, 0.9976163480223602, 0.3368370779046224
6, 0.9823376465529736, 0.5570369405492995
Nonlinear p-values:
1, 0.93827, 0.1267
2, 0.80492, 0.1389
3, 0.6981, 0.11929
4, 0.63618, 0.1199
5, 0.8642, 0.11587
6, 0.87934, 0.11737
Band: usd 0 oil 5
Linear p-values:
1, 0.9550191193714922, 0.8997945620825435
2, 0.9905948210801432, 0.8243904084210198
3, 0.9136493739230807, 0.6128946192859204
4, 0.9966059688516117, 0.6529652059314869
5, 0.9152146368738582, 0.6828469761345917
6, 0.8088055497542981, 0.8725574066118739
Nonlinear p-values:
1, 0.9942, 0.92377
2, 0.97728, 0.9418
3, 0.96507, 0.9394
4, 0.96917, 0.93379
5, 0.96648, 0.92962
6, 0.9706, 0.94461
Band: usd 0 oil 6
Linear p-values:
1, 0.9616183565940668, 0.9752772375830069
2, 0.9986414917440565, 0.9395881608604307
3, 0.9964129127908796, 0.8574811833127596
4, 0.9982527798343369, 0.8925972916551116
5, 0.9990934772706407, 0.932603789599771
6, 0.9980115771236228, 0.9418430866429991
Nonlinear p-values:
1, 0.94954, 0.95987
2, 0.93622, 0.96398
3, 0.79835, 0.96025
4, 0.73373, 0.96006
5, 0.66236, 0.95788
6, 0.63802, 0.94867
Band: usd 1 oil 0
Linear p-values:
1, 0.021332735922681985, 0.8627995739731342
2, 1.2749956613385366e-05, 0.49202902297299844
3, 0.006851349593420086, 0.8761756086266559
4, 0.007077341033204351, 0.913390353169159
5, 0.03627035330448465, 0.9558843296956869
6, 0.01572952847766873, 0.9494912769653349
Nonlinear p-values:
1, 0.9975, 0.9017
2, 0.9983, 0.86496
3, 0.99858, 0.8563
4, 0.99894, 0.85524
5, 0.99917, 0.8582
6, 0.99927, 0.85925
Band: usd 1 oil 1
Linear p-values:
1, 0.04698946804844127, 0.006835477798121879
2, 0.38495570769583043, 0.04729769479922541
3, 0.8112808874721577, 0.33937476114696713
4, 0.8265291483492025, 0.2946502182951107
5, 0.9141221426650108, 0.5439849390399745
6, 0.9267738744722848, 0.4462719616325209
Nonlinear p-values:
1, 0.27815, 0.99186
2, 0.30462, 0.98776
3, 0.35172, 0.98976
4, 0.37583, 0.9892
5, 0.37975, 0.9858
6, 0.38735, 0.97853
Band: usd 1 oil 2
Linear p-values:
1, 0.14964459085934903, 0.0006480420434628233
2, 0.32294601912147497, 0.36923654898877234
3, 0.7882273707169551, 0.6689215079900355
4, 0.8103635843786121, 0.7905441514552785
5, 0.8683835824079235, 0.8100645840268303
6, 0.5335765237270016, 0.7987167725610762
Nonlinear p-values:
1, 0.99993, 0.63727
2, 0.99996, 0.60241
3, 0.99997, 0.57718
4, 0.99998, 0.54182
5, 0.99997, 0.56804
6, 0.99988, 0.58225
Band: usd 1 oil 3
Linear p-values:
1, 0.800718185465033, 0.20271237747234014
2, 0.7995315962611901, 0.21631538582335
3, 0.9472597929451899, 0.5355661620672616
4, 0.9026138293307752, 0.5428328111401957
5, 0.6365825980681435, 0.44399938462703437
6, 0.523574448419541, 0.3403692539169225
Nonlinear p-values:
1, 0.92572, 0.99377
2, 0.91213, 0.97086
3, 0.77763, 0.97327
4, 0.47873, 0.97367
5, 0.34542, 0.92926
6, 0.39314, 0.92301
Band: usd 1 oil 4
Linear p-values:
1, 0.9536990508760514, 0.7127312397029201
2, 0.9498405965338163, 0.8258695576539105
3, 0.9563386488035461, 0.9147336881791905
4, 0.8742082376050608, 0.8714761023369528
5, 0.8929089232799399, 0.8907726829062482
6, 0.9971333153029601, 0.9820680350334227
Nonlinear p-values:
1, 0.98966, 0.83845
2, 0.95161, 0.76842
3, 0.88998, 0.589
4, 0.8748, 0.59792
5, 0.97396, 0.56082
6, 0.98648, 0.55039
Band: usd 1 oil 5
Linear p-values:
1, 0.9885818152637025, 0.9832594849187674
2, 0.9866133820750231, 0.937025877900769
3, 0.9724887197485976, 0.9064766159243695
4, 0.9992998910641248, 0.9748661148952252
5, 0.993177182096136, 0.9838568544000093
6, 0.9969631636715597, 0.9958582239132787
Nonlinear p-values:
1, 0.99543, 0.98928
2, 0.98713, 0.98683
3, 0.97933, 0.96734
4, 0.98188, 0.97287
5, 0.98061, 0.96977
6, 0.97717, 0.96979
Band: usd 1 oil 6
Linear p-values:
1, 0.9905727159030924, 0.9384185785515591
2, 0.9997687231005599, 0.8688602732065644
3, 0.9999827597063874, 0.8813920035407278
4, 0.9978932413716063, 0.8815325580519039
5, 0.9934020443473348, 0.9033279073492819
6, 0.9821004965789151, 0.9701929404791488
Nonlinear p-values:
1, 0.92609, 0.99542
2, 0.92341, 0.99682
3, 0.80181, 0.99706
4, 0.76045, 0.99729
5, 0.7073, 0.99805
6, 0.67179, 0.99885
Band: usd 2 oil 0
Linear p-values:
1, 0.09863509080008871, 0.6374357360355298
2, 0.02373758941399884, 0.6329881354507885
3, 0.25808019112975084, 0.8721300797432477
4, 0.23753296778530802, 0.790413764746207
5, 0.41144059396087956, 0.8442976668705524
6, 0.39461065387480576, 0.8846451624518679
Nonlinear p-values:
1, 0.90636, 0.99234
2, 0.89905, 0.99333
3, 0.89204, 0.99285
4, 0.91177, 0.99133
5, 0.92622, 0.98977
6, 0.94541, 0.98083
Band: usd 2 oil 1
Linear p-values:
1, 4.791428791832969e-10, 2.8612477613280044e-06
2, 0.15193641468328284, 0.07020359927309788
3, 0.6642369514548548, 0.28343313095341355
4, 0.6515304501071653, 0.3760427559338027
5, 0.729839165992106, 0.3531399744212094
6, 0.6440150391718826, 0.19939388848206624
Nonlinear p-values:
1, 0.76229, 0.94838
2, 0.81466, 0.93593
3, 0.81206, 0.90297
4, 0.84057, 0.87998
5, 0.80038, 0.90989
6, 0.79113, 0.89924
Band: usd 2 oil 2
Linear p-values:
1, 0.0504854582543623, 0.010083281160932567
2, 0.4256793661019679, 0.9821647331284973
3, 0.7828134900938736, 0.9779756980043735
4, 0.845324918457093, 0.9914284679925126
5, 0.8592413930342961, 0.9635404620983978
6, 0.5859513356285829, 0.9813036799128942
Nonlinear p-values:
1, 0.99888, 0.92751
2, 0.99884, 0.95494
3, 0.99814, 0.95793
4, 0.99587, 0.97355
5, 0.99724, 0.97859
6, 0.99644, 0.97357
Band: usd 2 oil 3
Linear p-values:
1, 0.7763907148227704, 0.22308737021787056
2, 0.45887065384093917, 0.06792922522069908
3, 0.7474349539870339, 0.23323310244898332
4, 0.7368263770351429, 0.2725076394343416
5, 0.8585978705922364, 0.4440991995946372
6, 0.7544107790231954, 0.3870782493483748
Nonlinear p-values:
1, 0.88735, 0.99894
2, 0.84257, 0.99368
3, 0.74448, 0.9663
4, 0.56431, 0.88421
5, 0.46517, 0.79505
6, 0.63342, 0.72072
Band: usd 2 oil 4
Linear p-values:
1, 0.869589615041053, 0.4869824222723028
2, 0.8480306529801178, 0.7847794435585919
3, 0.9046298232405455, 0.9074051851646489
4, 0.6281844033703282, 0.661995827572071
5, 0.6887965074030512, 0.7682007465075509
6, 0.8523873687727893, 0.904409240919163
Nonlinear p-values:
1, 0.99999, 0.95944
2, 0.99988, 0.97526
3, 0.99907, 0.96287
4, 0.99849, 0.9665
5, 0.99915, 0.96117
6, 0.99849, 0.96563
Band: usd 2 oil 5
Linear p-values:
1, 0.9724913961702336, 0.6116956834832947
2, 0.9997335104548023, 0.7767296874090515
3, 0.9555617780922884, 0.5477459800895368
4, 0.9702367131364753, 0.739521141514847
5, 0.9172097499631704, 0.7792044247250807
6, 0.8370205079605779, 0.9666736337161725
Nonlinear p-values:
1, 0.99735, 0.98929
2, 0.99176, 0.99432
3, 0.98517, 0.99493
4, 0.98852, 0.99628
5, 0.9897, 0.99714
6, 0.99258, 0.99737
Band: usd 2 oil 6
Linear p-values:
1, 0.9466621430921867, 0.9470197361072199
2, 0.9956538508762564, 0.948286741377939
3, 0.9927896482539831, 0.9517345241429658
4, 0.9901094612202901, 0.9462236957452155
5, 0.9666796649002792, 0.9300507969373375
6, 0.9454582361841077, 0.9898763504498483
Nonlinear p-values:
1, 0.98746, 0.99828
2, 0.98836, 0.99839
3, 0.95981, 0.99919
4, 0.94571, 0.99935
5, 0.93443, 0.99949
6, 0.93603, 0.99959
Band: usd 3 oil 0
Linear p-values:
1, 0.7067906480902922, 0.9120584388580748
2, 0.40385138790060515, 0.9652649084521627
3, 0.5623786930407975, 0.9658463513662818
4, 0.7027557324213707, 0.9325859272698884
5, 0.41532713732527726, 0.48451342058074265
6, 0.3302291357287437, 0.41201650267074386
Nonlinear p-values:
1, 0.97647, 0.99927
2, 0.93837, 0.99936
3, 0.85596, 0.99909
4, 0.89724, 0.9983
5, 0.94577, 0.99733
6, 0.96486, 0.99161
Band: usd 3 oil 1
Linear p-values:
1, 0.45706606126148186, 0.7655338097874353
2, 0.8981749791958789, 0.9807510857986143
3, 0.9888993676237846, 0.9972208210241675
4, 0.987495256635561, 0.9891143614698248
5, 0.9387600167892411, 0.9206765462994482
6, 0.9054930678184001, 0.9214058325199755
Nonlinear p-values:
1, 0.22943, 0.22856
2, 0.27503, 0.29182
3, 0.26486, 0.42361
4, 0.3019, 0.50106
5, 0.36163, 0.73045
6, 0.44083, 0.74767
Band: usd 3 oil 2
Linear p-values:
1, 0.41765378142096665, 0.5300018918471612
2, 0.7478128298568635, 0.7637557405871149
3, 0.9637340202385957, 0.9371211693156448
4, 0.9704406951656723, 0.9620314490048263
5, 0.9876281901903674, 0.9647033290103755
6, 0.9595134545222858, 0.9328292331992373
Nonlinear p-values:
1, 0.99988, 0.99991
2, 0.99971, 0.99992
3, 0.99953, 0.99994
4, 0.9992, 0.99991
5, 0.99847, 0.99985
6, 0.99565, 0.99938
Band: usd 3 oil 3
Linear p-values:
1, 0.8891885899665557, 0.668818392061685
2, 0.7914886979971649, 0.712608261756045
3, 0.9506015179525302, 0.9016246295310744
4, 0.9177384024234527, 0.9174331154419476
5, 0.9721052727141248, 0.9531817148169448
6, 0.8921008397764273, 0.86505981183238
Nonlinear p-values:
1, 0.97643, 0.98388
2, 0.9437, 0.9966
3, 0.87849, 0.99503
4, 0.6629, 0.98225
5, 0.43465, 0.96335
6, 0.38722, 0.82007
Band: usd 3 oil 4
Linear p-values:
1, 0.8482408600233162, 0.8120927165104885
2, 0.9326091153910445, 0.8676596018297753
3, 0.9861098354808984, 0.9715230010021603
4, 0.9958480978256946, 0.9867557847343582
5, 0.999364149538766, 0.996632251628635
6, 0.9948092051725482, 0.997748642262108
Nonlinear p-values:
1, 0.99964, 0.99782
2, 0.99883, 0.98443
3, 0.99875, 0.89932
4, 0.99845, 0.84301
5, 0.99425, 0.81315
6, 0.98897, 0.69422
Band: usd 3 oil 5
Linear p-values:
1, 0.9157560321717773, 0.8084057226264441
2, 0.8187342066177107, 0.7914780590304644
3, 0.6993898237902356, 0.5328512721568724
4, 0.8766711230374877, 0.4911138430239601
5, 0.8859816234106925, 0.5975963234480846
6, 0.974951867428538, 0.7477953992188497
Nonlinear p-values:
1, 0.99533, 0.98672
2, 0.99144, 0.99373
3, 0.9886, 0.99441
4, 0.9845, 0.99497
5, 0.98241, 0.99573
6, 0.97645, 0.99625
Band: usd 3 oil 6
Linear p-values:
1, 0.9366837054779084, 0.9815845198373448
2, 0.9969976044124254, 0.944892308256594
3, 0.9981194750365041, 0.9749758676657632
4, 0.9926210152082723, 0.9921877121344863
5, 0.9989592749144351, 0.9944252368879158
6, 0.9983602562288812, 0.9974526440491954
Nonlinear p-values:
1, 0.91717, 0.99921
2, 0.92998, 0.99973
3, 0.81788, 0.9997
4, 0.7582, 0.99862
5, 0.77347, 0.99357
6, 0.77698, 0.99606
Band: usd 4 oil 0
Linear p-values:
1, 0.7547745152996551, 0.9831453515646517
2, 0.6224638707422889, 0.9939907029371828
3, 0.8413774964512652, 0.9691780402809947
4, 0.4072182842126729, 0.78190118457821
5, 0.4230003375262924, 0.8331790116325524
6, 0.3270145291689125, 0.9739423321599096
Nonlinear p-values:
1, 0.9923, 0.99239
2, 0.99484, 0.97143
3, 0.99601, 0.97098
4, 0.99398, 0.93359
5, 0.99021, 0.93249
6, 0.97739, 0.93598
Band: usd 4 oil 1
Linear p-values:
1, 0.2225387033005232, 0.8318016624895775
2, 0.22495128662595293, 0.708258669634698
3, 0.4356035344960111, 0.597203434076164
4, 0.010163830096968295, 0.058868264700216326
5, 0.013972864072448932, 0.04025654735914775
6, 0.047762026125708394, 0.5374146965378404
Nonlinear p-values:
1, 0.16319, 0.27767
2, 0.16956, 0.36141
3, 0.18285, 0.35698
4, 0.20403, 0.2892
5, 0.22227, 0.25113
6, 0.23952, 0.20338
Band: usd 4 oil 2
Linear p-values:
1, 0.838825546281311, 0.9854686755511965
2, 0.7075094343195785, 0.9969787182440857
3, 0.896921420827631, 0.999855004997244
4, 0.9402323092588353, 0.9874743994352904
5, 0.9761840356250902, 0.9935201910185704
6, 0.9954213188106121, 0.93815452172787
Nonlinear p-values:
1, 0.99595, 0.99826
2, 0.99708, 0.98898
3, 0.99668, 0.98732
4, 0.99733, 0.97889
5, 0.99814, 0.97694
6, 0.99818, 0.9723
Band: usd 4 oil 3
Linear p-values:
1, 0.03887151186463578, 0.16549649163108635
2, 0.8963648634696917, 0.23958288685964238
3, 0.990378559218345, 0.4479898222761123
4, 0.6833792034063386, 0.5427397193004637
5, 0.8581934507789343, 0.5970417505213601
6, 0.8900696153841309, 0.7410288777898251
Nonlinear p-values:
1, 0.94983, 0.99057
2, 0.81812, 0.8726
3, 0.50851, 0.33288
4, 0.28805, 0.21787
5, 0.25044, 0.23496
6, 0.32724, 0.28201
Band: usd 4 oil 4
Linear p-values:
1, 0.5569743677484196, 0.38880945945597856
2, 0.8209858210578405, 0.830341585728865
3, 0.9417781693399269, 0.9282737765583956
4, 0.9074802480489336, 0.8252614952032321
5, 0.9434435564235422, 0.8670833890356917
6, 0.9712067510000219, 0.917339568609229
Nonlinear p-values:
1, 0.99532, 0.99712
2, 0.99421, 0.99062
3, 0.98422, 0.93419
4, 0.97973, 0.78935
5, 0.96478, 0.75257
6, 0.95472, 0.7261
Band: usd 4 oil 5
Linear p-values:
1, 0.9643316918351497, 0.8829109199667514
2, 0.9922793191315764, 0.9415030518396412
3, 0.9989551212669082, 0.988104498933693
4, 0.9876117189274075, 0.8771925668840092
5, 0.9859664183300648, 0.5251492026522087
6, 0.9256103764407528, 0.5659540086521664
Nonlinear p-values:
1, 0.98977, 0.97678
2, 0.9859, 0.92714
3, 0.98722, 0.92181
4, 0.98894, 0.9397
5, 0.98997, 0.94411
6, 0.99169, 0.88336
Band: usd 4 oil 6
Linear p-values:
1, 0.9176972809437379, 0.9696897673366492
2, 0.9960955566414774, 0.9780819168206756
3, 0.9997894603979784, 0.9896649255242466
4, 0.999167531347795, 0.9965915106726216
5, 0.8677428610758877, 0.9992098864182497
6, 0.9113266140634383, 0.98515114763433
Nonlinear p-values:
1, 0.98489, 0.87023
2, 0.97555, 0.29488
3, 0.95237, 0.32787
4, 0.95502, 0.3856
5, 0.95212, 0.43222
6, 0.94824, 0.47512
Band: usd 5 oil 0
Linear p-values:
1, 0.9831637355742284, 0.9715704393947114
2, 0.20758612789943792, 0.9929111387518115
3, 0.03583795677235195, 0.7352315546849941
4, 0.07165795669743188, 0.862326693309516
5, 0.16190448217340048, 0.9019206460886596
6, 0.023280224787864436, 0.5180106673313469
Nonlinear p-values:
1, 0.99396, 0.99983
2, 0.99195, 0.99786
3, 0.9935, 0.99148
4, 0.99404, 0.99051
5, 0.99526, 0.98661
6, 0.99297, 0.98525
Band: usd 5 oil 1
Linear p-values:
1, 0.9066913385063835, 0.9655730757156115
2, 0.607666948195061, 0.9966831648639429
3, 0.4321714855377977, 0.664210893618219
4, 0.6581999214499881, 0.8291522821071624
5, 0.71621272724119, 0.8175216986586474
6, 0.8369979514227815, 0.9360330641262019
Nonlinear p-values:
1, 0.28489, 0.93748
2, 0.43781, 0.83958
3, 0.48469, 0.80477
4, 0.56528, 0.77944
5, 0.61057, 0.76853
6, 0.62789, 0.75996
Band: usd 5 oil 2
Linear p-values:
1, 0.9854525675705077, 0.9816336650635492
2, 0.9572778145965296, 0.9932407594167346
3, 0.9810017074709462, 0.998561756997012
4, 0.9961554956404456, 0.9607117440376978
5, 0.9995521642851845, 0.9858839379112947
6, 0.9948216691832962, 0.9922909814370957
Nonlinear p-values:
1, 0.99969, 0.99995
2, 0.99972, 0.99983
3, 0.99975, 0.99912
4, 0.9997, 0.99886
5, 0.99976, 0.99856
6, 0.99958, 0.99821
Band: usd 5 oil 3
Linear p-values:
1, 0.8040554398773576, 0.9915957809235522
2, 0.653856773746798, 0.9955310247580272
3, 0.81951385840161, 0.9998210970910347
4, 0.9492608604661168, 0.9978427252723963
5, 0.9596146865898839, 0.9996910634313679
6, 0.9269790416487689, 0.9906582139792961
Nonlinear p-values:
1, 0.52432, 0.99787
2, 0.45915, 0.83258
3, 0.41769, 0.43565
4, 0.26789, 0.35413
5, 0.17751, 0.27658
6, 0.22126, 0.28954
Band: usd 5 oil 4
Linear p-values:
1, 0.1604906656928436, 0.3537352453041278
2, 0.8641368783393583, 0.4136199377553621
3, 0.7935930284877328, 0.4761396034888583
4, 0.8991107365732686, 0.7980422819470456
5, 0.9127920021127681, 0.8236958545187127
6, 0.998628800839033, 0.9019399658222075
Nonlinear p-values:
1, 0.99921, 0.99812
2, 0.99794, 0.99881
3, 0.98892, 0.99761
4, 0.99102, 0.99823
5, 0.97781, 0.99743
6, 0.94927, 0.99655
Band: usd 5 oil 5
Linear p-values:
1, 0.43764389513858215, 0.5255641552209427
2, 0.7256937536890127, 0.9204145647188443
3, 0.8161085377939957, 0.8859873172133994
4, 0.9450751180989074, 0.9806782992110247
5, 0.8915116662796243, 0.8685230889600015
6, 0.6302398307804723, 0.9476313242039053
Nonlinear p-values:
1, 0.99145, 0.99532
2, 0.97682, 0.99576
3, 0.97714, 0.99255
4, 0.9847, 0.99173
5, 0.98652, 0.99076
6, 0.99015, 0.98961
Band: usd 5 oil 6
Linear p-values:
1, 0.9380555619090515, 0.6916676379862755
2, 0.8579186817720572, 0.8192699850907885
3, 0.5797661159267651, 0.9161801326590283
4, 0.4764120371841378, 0.9467664419277582
5, 0.5908702148602929, 0.9837108405936493
6, 0.9856886426674716, 0.9999126715079172
Nonlinear p-values:
1, 0.99209, 0.99881
2, 0.99683, 0.99898
3, 0.99104, 0.99846
4, 0.98698, 0.99827
5, 0.97916, 0.99807
6, 0.98152, 0.99828
Band: usd 6 oil 0
Linear p-values:
1, 0.9463353301774305, 0.9735483453409302
2, 0.6257221612935988, 0.9978902959095336
3, 0.41679276489174133, 0.6077446737508951
4, 0.33959900811884763, 0.056267397687955446
5, 0.35894244202505754, 0.12635423260407155
6, 0.46963826375658746, 0.3776849686498598
Nonlinear p-values:
1, 0.98843, 0.9997
2, 0.98907, 0.99818
3, 0.98835, 0.9955
4, 0.97419, 0.99673
5, 0.96149, 0.99455
6, 0.96469, 0.99462
Band: usd 6 oil 1
Linear p-values:
1, 0.9061721868776719, 0.9744326667915558
2, 0.2936192072865748, 0.9948896155978317
3, 0.16549511687252005, 0.5065013804590839
4, 0.15276099585280137, 0.0401065060568214
5, 0.194962510177647, 0.08109788062200063
6, 0.28733739692399957, 0.1669414296813467
Nonlinear p-values:
1, 0.27095, 0.655
2, 0.27602, 0.56272
3, 0.29905, 0.67509
4, 0.36357, 0.73097
5, 0.43052, 0.86576
6, 0.48512, 0.75244
Band: usd 6 oil 2
Linear p-values:
1, 0.9945007167129049, 0.9841023667027589
2, 0.9572659760665845, 0.9999496114844685
3, 0.9686335022559088, 0.9971897524454689
4, 0.9873896688879968, 0.9987670042041645
5, 0.9926377022268675, 0.999083463377709
6, 0.996446641529676, 0.999843916986882
Nonlinear p-values:
1, 0.99835, 0.99986
2, 0.9988, 0.99933
3, 0.99929, 0.99788
4, 0.99935, 0.99858
5, 0.99901, 0.99669
6, 0.99861, 0.99439
Band: usd 6 oil 3
Linear p-values:
1, 0.8306871278880303, 0.9482966529301826
2, 0.4969665654031462, 0.9871055010884773
3, 0.5133282223430593, 0.8305251896803317
4, 0.623081071864154, 0.47995170250494834
5, 0.6991909811977937, 0.3577050890065655
6, 0.935591510818, 0.6412559845543058
Nonlinear p-values:
1, 0.8712, 0.7437
2, 0.83033, 0.5562
3, 0.77445, 0.42079
4, 0.49266, 0.33718
5, 0.22691, 0.14861
6, 0.22821, 0.12179
Band: usd 6 oil 4
Linear p-values:
1, 0.8828548148534894, 0.9583848776148434
2, 0.8822420138190317, 0.9811101334587499
3, 0.966763438262496, 0.8799519243486034
4, 0.9914759575724355, 0.9253019554082164
5, 0.9992470756876458, 0.957426608445865
6, 0.9998865117025025, 0.9560931660636104
Nonlinear p-values:
1, 0.99961, 0.99991
2, 0.99926, 0.99979
3, 0.99526, 0.99715
4, 0.98835, 0.98798
5, 0.98464, 0.96805
6, 0.96317, 0.92231
Band: usd 6 oil 5
Linear p-values:
1, 0.5079946626685274, 0.419918844048472
2, 0.950586573480195, 0.5696859815764435
3, 0.7032050162570032, 0.7286769049986387
4, 0.8716225668382851, 0.9818150689683424
5, 0.9140734449622572, 0.742081725768946
6, 0.8150732041111635, 0.5310782785456376
Nonlinear p-values:
1, 0.99452, 0.98827
2, 0.99289, 0.92624
3, 0.98438, 0.93286
4, 0.98886, 0.95362
5, 0.99034, 0.90448
6, 0.99321, 0.92833
Band: usd 6 oil 6
Linear p-values:
1, 0.720925483260002, 0.4759001818154305
2, 0.7425958387149343, 0.31184064789847094
3, 0.8889555720082638, 0.5968523401118648
4, 0.9166500625238333, 0.8982386459910753
5, 0.9515895150071481, 0.919307212326512
6, 0.9245952530581363, 0.8325318384939764
Nonlinear p-values:
1, 0.96679, 0.9923
2, 0.98357, 0.93375
3, 0.96279, 0.85165
4, 0.96056, 0.88099
5, 0.9427, 0.81275
6, 0.93976, 0.83163
