0.014958963836409423
0.19118164627956738
0.24584210357275035
0.16143893637747606
0.048292978983198856
-0.14220087914036128
-0.22317424390750706
-0.17294766919971105
-0.1220612779033882
-0.02136251458124784
0.06551628492369563
0.12440869061484339
0.2268201513387082
0.3564284174674033
0.34108575382183515
0.17318607759408924
-0.07802574446137096
-0.4588390305924339
-0.572545250336013
-0.38562132218530243
-0.12796474772330188
0.3051209315887746
0.45937257426853273
0.2847457314903314
0.0869180861975933
-0.2539002190576861
-0.36230613615047297
-0.18446646782120404
0.0011443815366313208
0.29644407051767785
0.3831203301562289
0.2108345047555776
0.015527288824293072
-0.29189869971622623
-0.38449408515977657
-0.2154993256724627
-0.0155940675394445
0.3058337881023698
0.4137173134653573
0.2626376310581086
0.0888653940770016
-0.1990805880525402
-0.3285616105532394
-0.25944903286718485
-0.198789839244761
-0.07267779304201322
0.00837247521364913
0.018857189214178897
0.07312296042787839
0.14076833135299283
0.1621792461075575
0.14480855782422603
0.09314697348503934
-0.006226912127767624
-0.061109114697135
-0.0680600785251677
-0.08345517802783914
-0.08586798196235931
-0.06817746432560122
-0.033098792737641186
0.03319622490085794
0.1335671376133746
0.15202461411500923
0.08201776093421127
-0.01754540554683484
-0.17676836278377497
-0.2169535144364519
-0.12064003106216421
0.0013731660200802026
0.19642185166309253
0.2504077106235155
0.1379884543522737
0.0009095884393797837
-0.2186198891753753
-0.2755942025495544
-0.13912741803003156
0.025540597972625128
0.2851401398044646
0.36026932575289106
0.21525946153060152
0.039356459889383126
-0.24367175921384127
-0.35184164819715485
-0.24811861923031248
-0.13131181299743613
0.07489318945501752
0.1661883886358953
0.1109595111128658
0.07071644171982665
-0.009793055432073075
-0.042304313918247245
-0.005357003503054271
0.013567553616347082
0.03994172081282006
0.043831505592427066
0.013111556146164785
-0.01745740464973317
-0.05844469331932014
-0.06638784624666295
-0.03364043771536124
0.01004736102491091
0.07768959368334005
0.09853997006772588
0.06473861656955708
0.021442086116646875
-0.05044667901318381
-0.08080220211864786
-0.06098255560025737
-0.04066639067913608
-0.001230188333926238
0.022608407392672124
0.024348436291040186
0.036090199080739724
0.048540325998877136
0.033881757850995974
-0.0073364245528001375
-0.06941602994503221
-0.15969410643212165
-0.17580716546817846
-0.10977839955508215
-0.01691526014807969
0.13003836513322642
0.20245257707127715
0.18747254084950357
0.17002104904253423
0.11665060700399323
0.06901863657091777
0.03558630288320718
-0.031730602233578355
-0.12289964958737776
-0.1723162540335787
-0.18061553991820684
-0.17219290595461714
-0.13104261427713243
-0.07923180011852371
-0.016781135184265578
0.08132848784042791
0.2122017716447391
0.24280295791793644
0.16480999408242195
0.04061183200927109
-0.16559711803846658
-0.24363439598465708
-0.17515474277935936
-0.09201657539116065
0.06002923461258529
0.13945617489427914
0.12646333097768256
0.13396667883127608
0.12505967047228925
0.09344490937548454
0.048213846137335904
-0.037615017442258744
-0.16509938017003262
-0.19998853028375949
-0.13622353824259098
-0.03984873293826549
0.12343373056922624
0.1879679449575512
0.1380016210740015
0.0819262482295972
-0.02301310648406654
-0.09648222237848053
-0.12489200115621883
-0.1822623691756077
-0.24787606475557641
-0.23466784985017647
-0.14201514946304658
0.00515485534802444
0.23002674189987748
0.3372005249457844
0.31281701799464007
0.2712565787368121
0.16259898803558265
0.07416105093865749
0.017932365019805677
-0.0903454810306575
-0.2302906809710034
-0.2884069526337692
-0.2644903384550535
-0.19794078631812903
-0.05989747378018219
0.028862498056920614
0.061316061799236404
0.12132619583893073
0.18094074211179276
0.18703676749485731
0.14142446049751745
0.047526464738269006
-0.10947180383444588
-0.16448417476772348
-0.10792320284462145
-0.03302227548382047
0.10175405894624431
0.13612774731985758
0.05155727649816978
-0.04098567608377683
-0.18373856227353844
-0.21766073385230017
-0.12017054080237705
-0.001644345192459976
0.1821411293194969
0.2501247006365769
0.1789436664747607
0.09236946205341284
-0.05897847022112037
-0.12438814569912397
-0.0828375743595849
-0.048058191602077284
0.020271676106681357
0.03924698019123873
-0.00763047020943984
-0.04767842801184832
-0.10424464829992984
-0.11878628318085258
-0.07894786066888237
-0.03159017132279173
0.040871120386803926
0.08850931992832126
0.1036271930718363
0.12533851333332038
0.14007202156535087
0.1054824433395109
0.02009752895913021
-0.10771023369249404
-0.2904308230792029
-0.30767513755515263
-0.14159891556555848
0.09144776227399123
0.45096247151262414
0.5381640741650657
0.3140961110761335
0.01998349571952244
-0.4507773908193764
-0.6063186942557536
-0.3908829031805533
-0.12932351854408725
0.30990311571840434
0.4730162434858569
0.2996981822118779
0.11683336504483471
-0.1976739907558615
-0.32275987432653747
-0.2060185148634456
-0.10209743616318664
0.07719848183487328
0.1501371357546963
0.07923524111497099
0.024028753471568243
-0.06740066551862482
-0.08728866848762844
-0.011090489342681453
0.06702563642289085
0.1792305448829195
0.19715044325908646
0.1006124155003289
-0.02233722059714399
-0.20870021771555747
-0.26479111034928043
-0.1679871197157223
-0.04241184869128179
0.16473328296494685
0.23828383557398164
0.15240014068634117
0.05464811564607219
-0.11249581947112164
-0.17882361462070376
-0.11938474121331144
-0.0634293408166465
0.03510612841055124
0.07999397695153433
0.0524635338934347
0.036525819315910035
0.005227084280700577
-0.009305193518870575
0.003584721173357737
0.0064372386301685125
0.0092533513733456
0.014339564045691854
0.01761111483920205
0.02612418159709189
0.03938295705608164
0.027991282207074256
-0.009566388747519522
-0.05988811642815912
-0.13073413589272492
-0.13165508493684247
-0.054074110163193585
0.05248335105297775
0.2128466042020587
0.2401658952084776
0.11586046353688637
-0.04977781189513351
-0.3073068422209368
-0.3738410119363142
-0.21898920575534372
-0.0206023570084529
0.2974364779129506
0.40330057577895123
0.2577154559527833
0.08326946805769936
-0.20917970446708928
-0.3202358510739426
-0.20924066907789868
-0.093853878786509
0.10665982414529719
0.19612564732261134
0.14116252257715
0.10254974732408721
0.026438864564712842
-0.01912448230871431
-0.014246890261845068
-0.03579150057188822
-0.06369829736384998
-0.06846069022760355
-0.05626374281094285
-0.025102152025613195
0.030909253547966243
0.05640797481276206
0.04933042092602709
0.04138881223473849
0.019398903648012576
-0.004542684076618146
-0.027902418744551617
-0.06729927082542266
-0.12020942507747966
-0.1239280396367888
-0.07511038818097816
-0.002047232822013053
0.11197659115950348
0.1585155063101268
0.12815189600723184
0.0872838869343955
0.007699141798579242
-0.037633416702509845
-0.039086319126575585
-0.05536863787731378
-0.06784532927079015
-0.06273482309644426
-0.044029234736967925
-0.0033674611540684754
0.06256047237459011
0.08518968988237362
0.06151411479786835
0.02778284552477272
-0.03308374051013429
-0.054405702231531024
-0.029022519388118444
-0.0030458806889953273
0.04079550842609955
0.06291042996627955
0.056458289225036776
0.05449957243398038
0.04621565101002014
0.006500954686682494
-0.06443230866054414
-0.16382095922057432
-0.2988052309471235
-0.3055944141305091
-0.1706161144496927
0.02186040620825955
0.3165553772236189
0.4249959249578316
0.31996149247264083
0.1779765099456186
-0.07724130649824965
-0.19357043103755803
-0.1402614068951471
-0.10243055548187495
-0.014324290339471026
0.02190370444054064
-0.017314197113713244
-0.029507938189162093
-0.043225006036694574
-0.037334924347981274
0.0017385883457726582
0.04155420177909884
0.09113456903859771
0.09837973143299059
0.05458995849547545
-0.007614039000818505
-0.10404756795742617
-0.12599238009695546
-0.0625203344601383
0.020476248677018496
0.15224121376393518
0.1758994277060577
0.07398661475192667
-0.05404092956451551
-0.25060166332310463
-0.2966425302848959
-0.1666911707217368
-0.0007956999477302259
0.26070095133079163
0.34648129605559275
0.22449787762696008
0.07467889199036187
-0.17615730900601792
-0.27182582450021575
-0.1786570338542508
-0.080555398745779
0.09130623448011145
0.15749391631043286
0.08871294475225339
0.027774391712403264
-0.07453713475377777
-0.12103508219041063
-0.09104048518601673
-0.0715138533551704
-0.034592468420092615
0.021538975192694564
0.08949669401729429
0.19185419197909118
0.32851508653646405
0.33080602828802663
0.18730777644163416
-0.021461755273635322
-0.3410845286866271
-0.46514477604280746
-0.36602061719254986
-0.2297298681799773
0.024259040935238767
0.14984397714051503
0.1166719077105415
0.11063255082412465
0.06816334507728364
0.051543749744859306
0.08172204685940043
0.0775461851793719
0.05717072699567884
0.031081359865585242
-0.011107097158480114
-0.06107647899675615
-0.12011477996532993
-0.12693827977945563
-0.07411605527434745
0.007466600634433023
0.13601398375828402
0.17782298344312425
0.12118507691514815
0.04640088843009627
-0.08163967844370613
-0.13551984800425648
-0.1001442300148604
-0.06601143922363835
0.00032810320121161307
0.04356267399885351
0.05236457404548957
0.08083824355276194
0.11410289543992433
0.08784621401221578
0.0016293921011301497
-0.12597436619198224
-0.31204282353153195
-0.34132827489558987
-0.19622099391668077
0.0057266439458585
0.32210028632764837
0.43315675607306275
0.3066363378206539
0.14442899258412253
-0.1381975219136441
-0.2581176751208233
-0.1793208102001289
-0.1084289280789434
0.02941380607684371
0.08944974639935521
0.043121899523612665
0.021154962520720164
-0.016477598200198312
-0.03381578395293129
-0.01460119964795683
-0.008259513784272513
-0.002351463343582355
0.012287988302052104
0.030569084796181124
0.05848913581749517
0.09690775537880783
0.1011918271389842
0.06868699242489772
0.021125871932026394
-0.05325898695431481
-0.10594212437402338
-0.13266109281423497
-0.1669579684763747
-0.19677276031470708
-0.1736663598819878
-0.0949950237452804
0.02643788945178118
0.20497566027253622
0.27997210913487874
0.2395993878903774
0.17399346849283256
0.041247084852266094
-0.04135937172851782
-0.06089487242492855
-0.10951137231789855
-0.1583221928471409
-0.15583197241936478
-0.10554068277094901
-0.009104577674028471
0.14709507598009397
0.19703527426261475
0.13076826710781378
0.040534134446757956
-0.11582832332291577
-0.16818630291254025
-0.09763624248258106
-0.020676173020641418
0.10730680301715607
0.15501938537956172
0.10255600578996371
0.0493239499434009
-0.040603929466294604
-0.09483893468541214
-0.0994289362231403
-0.11893298553061009
-0.13336946143889866
-0.11453370897244104
-0.06560861809000744
0.01654758817613267
0.13928019326269586
0.19219650786616632
0.1688585007094046
0.1290848678546507
0.04470775846361125
-0.011528243158196649
-0.03170340510232192
-0.07473822083020186
-0.12305432092769777
-0.12898320049434733
-0.09376950803225038
-0.02644449275342976
0.08554322680398226
0.12175234051816637
0.07435146644282406
0.012444771349486157
-0.09455602511959095
-0.1227984402879415
-0.057939914652603244
0.015494865539949523
0.13034840086968
0.15744657427001874
0.0791551470954165
-0.01589212192683765
-0.16338241063074818
-0.19620178129896285
-0.09343106170346384
0.03528137228332996
0.23585333552760293
