-0.0028314712997441383
0.016113164706144517
0.029340320899633225
0.03594802218860399
0.043696533934020565
0.0495751743567839
0.043899803176825715
0.026093616923944032
-0.001828579866846533
-0.042845543457552225
-0.06266831506197942
-0.05892727010438985
-0.05087021060722661
-0.029637763505409864
-0.00928290043379802
0.008506140733896998
0.038139001000504005
0.0765983932256768
0.07707902189411929
0.03700992785525394
-0.023464466490936677
-0.11701566937958487
-0.1409154694243233
-0.08627988925689024
-0.01322360244894038
0.10538908270007072
0.1499414257467149
0.10712982209551408
0.05702157420067494
-0.032061769859731394
-0.07145320464213294
-0.04822760692975868
-0.031190161737261662
0.003383294011646858
0.017045744378726108
0.0006489563819580852
-0.008033264161175242
-0.020032468404593894
-0.022154673730761274
-0.009149834874821815
0.0038317513101715456
0.02142148230319525
0.02694062764575804
0.017302136860665982
0.004435998566805996
-0.016659728484379046
-0.025473527355546224
-0.019539723175289184
-0.013050184138599033
-0.0005312246678200959
0.009768845921746516
0.01625210118885878
0.027482737079317424
0.041367126178841716
0.039730778704646814
0.021839671219707642
-0.005294594136753987
-0.04656747097879689
-0.061448428389617206
-0.04662299715970143
-0.025769414828796203
0.011718598649828944
0.02850131421250046
0.0202895547768982
0.013923452657860168
-0.0002752519699905753
-0.005156366186718082
0.002863247938516785
0.007699950364269436
0.014111275924347017
0.013767570952168328
0.004174407732144221
-0.006939306277256845
-0.022320259461322652
-0.026244128350564718
-0.016603877600748267
-0.003261638306986976
0.01825720441371368
0.02437899878562778
0.01255756833583978
-0.0020779920629248492
-0.025834717410150504
-0.02990489115994975
-0.010790253529640446
0.012501914966649407
0.047807562403798534
0.05595543442590051
0.03220757821769465
0.0017917802051441059
-0.046033741794889484
-0.06145311149072144
-0.038600711859269776
-0.010350970003799784
0.03674861423843881
0.05499231851207087
0.038182928546651417
0.02043628511065514
-0.011044363964254934
-0.030955156066007433
-0.034697483620501374
-0.04505654707916077
-0.05523988424846597
-0.050099374988726304
-0.030386912511653454
0.0022217991577133155
0.051690515929861854
0.07533856526068534
0.07052840614440431
0.06135250379738856
0.036986810577271836
0.015680435479545195
-0.00021924319081991568
-0.02869300826135584
-0.06562759675086804
-0.07690657040507083
-0.06161220739306279
-0.033086804570788574
0.017586606481139272
0.03937342326487025
0.028402779153505187
0.016993093218939888
-0.007653774753814575
-0.011214970182000248
0.011438073348763601
0.03348542493419918
0.06413838580816693
0.06808017264701066
0.03963569473667752
0.0030069722091379423
-0.05204248841022626
-0.08025165360221524
-0.07626663765244633
-0.0705759634926181
-0.05102886600364934
-0.030716768737211107
-0.012370139008408778
0.02070329547554299
0.06554812936488685
0.0833996737396669
0.07314276710529842
0.051359928403180564
0.008103436599486678
-0.017742559386311405
-0.02324516644131046
-0.03580082266356642
-0.046098195913265916
-0.04211883631743671
-0.024871344967189315
0.007344559213038225
0.057930977227002495
0.0725215441439553
0.0478915130420821
0.013380922552531645
-0.04493546152223232
-0.06801686248363893
-0.049639695710017244
-0.029759564850978026
0.006994632341049282
0.0253085564798452
0.01938322811589433
0.01880288455363623
0.014098411642569982
0.008437823132495784
0.004785249621266886
-0.006066047742384286
-0.022919397276133284
-0.026945552864008307
-0.017972198500788968
-0.004174547212670519
0.01904527540282824
0.028475081544198144
0.022060780141608203
0.01477837294977335
0.0006928650975872655
-0.006944414985193161
-0.006044605592884978
-0.007849274111985584
-0.008877077873053977
-0.008388926088913175
-0.007383037058200238
-0.0034236671873805473
0.0035382124967195576
0.005631733771733475
0.0027125807302214935
-0.0013290357213064526
-0.00838237483917191
-0.009564746973661413
-0.0039538690063389
0.002663688419918148
0.01262509315370887
0.01404165812687886
0.005440556661054747
-0.00559683669198634
-0.02236022726694801
-0.021735722616902976
-0.0011597925246200173
0.025602606067125645
0.06493425353082241
0.07341845714297818
0.04648019371780587
0.010236132042750066
-0.047129782810580355
-0.07684142708573755
-0.07349586464430405
-0.07055111323031897
-0.055219936735852945
-0.036112797254604624
-0.01596731579913652
0.020132278139312634
0.07033088367164099
0.09033731864067224
0.07859605522646611
0.05527644049345107
0.009047927114800427
-0.017757629176733902
-0.021654436236993844
-0.032805696423743584
-0.0409652448544364
-0.0400094892009347
-0.031771926435479415
-0.011016316801884083
0.02394104382595087
0.037399098400890875
0.028029013098846593
0.014829740257141021
-0.010946108922409851
-0.019992579662447732
-0.009009538001301765
0.000751330043083307
0.016809571481063323
0.022510470274146537
0.014614082415126625
0.007111048151320119
-0.00473607119621258
-0.015874182184483283
-0.024706449076775303
-0.03763713014793546
-0.0532140373629181
-0.05194793135693883
-0.032728972712971996
-0.00361155229422842
0.04074637849690157
0.06576717973180946
0.06872836978068078
0.07095879141505787
0.06363969882158907
0.04617634101920482
0.01934040552385376
-0.024158813035437075
-0.08520426980052534
-0.10669922239952351
-0.08528145842481995
-0.04952420420117993
0.015537499367997126
0.04626785191346571
0.036784880412355454
0.03051068827306926
0.011383659028242007
0.003065819855856987
0.01075182087183553
0.01006699015516457
0.007369020486529389
0.004456462965864922
-0.0014634328873124349
-0.006434247803986611
-0.01084416784148981
-0.012618213125844836
-0.010781957889828555
-0.006714203218668996
0.0005635397847140241
0.004643454057991806
0.0050817833038655225
0.005977658604007235
0.005746029996874408
0.004122909585842824
0.0013074769820203712
-0.003891448208222686
-0.011629900463072872
-0.013566882475847012
-0.00925807888046293
-0.0029100105611348168
0.007632182698728353
0.012444188998999926
0.010572991064581141
0.008606484680328833
0.003992252270218528
0.0003276724376496365
-0.001667082263442831
-0.005836665914074083
-0.011273576102972378
-0.010668532573734586
-0.003797804349854884
0.006551691952556875
0.022314415234399955
0.026353585989068427
0.01723648112287404
0.0048289236905206005
-0.015392627763145037
-0.025402387986677252
-0.023221080196285174
-0.021313979925781868
-0.014982916262476607
-0.00865222327116351
-0.0035061801326516824
0.006499412398671181
0.02028530820548095
0.02479961963123804
0.019725710820147714
0.010560887792075192
-0.00602336430994283
-0.01390257734364781
-0.01178667427923125
-0.010294553550073153
-0.005409863009508709
1.751630230199244e-05
0.005063142501783631
0.014388396618176088
0.027330531814321067
0.029533566002947112
0.020407920683885257
0.006389706790734974
-0.016255572657259562
-0.02943190168257343
-0.03162681347685804
-0.03476277847788719
-0.0342959787841437
-0.02615191254293333
-0.010597182414647412
0.014253040905795907
0.04979358654990528
0.05988481631469974
0.04211921523015513
0.01519361808499318
-0.030422082307307984
-0.04800987136397859
-0.03305821058474
-0.01609359735911982
0.014991926330427095
0.027570426434313657
0.016826690452511287
0.008372844922849057
-0.006503940600764878
-0.013542279343506497
-0.00927470869598744
-0.007604624480490476
-0.0043826299585789695
5.447855523829957e-05
0.004294899565273986
0.011922801978625702
0.022598234668812157
0.022903880996957917
0.012206051520839152
-0.0033721566559899137
-0.027344252125083433
-0.03537733062722443
-0.025280819393834343
-0.011692553031516447
0.01179961715290015
0.02074909092623
0.012288010856013174
0.0035076347608344535
-0.012036510097090187
-0.014089145211866584
0.00042534009454979645
0.01655577211460807
0.03990725468748863
0.04353364901297967
0.023802278585751062
-0.0018260671580956468
-0.040932859259482667
-0.056673153504641645
-0.04484364903076636
-0.029536920793391066
-0.0008406389806208904
0.012904540412972003
0.007864512709730116
0.00598994558123378
-0.00014672089098623242
0.0032714055786317075
0.019416297071763986
0.035726954481097604
0.05625675865406746
0.05477638268131216
0.02751737313308709
-0.009810105200844983
-0.06491530072076522
-0.0839858855460708
-0.06164266457797873
-0.03032564020653106
0.024446423696414667
0.047812519720024156
0.03352523447394835
0.020187801109113
-0.006524688942243635
-0.017682162550726223
-0.007926857977716046
-0.002860520672057612
0.005400081518249326
0.007689113058686003
0.0006183283934339935
-0.005133562207083324
-0.012610356835947504
-0.011835545298218451
-0.0006761761882349738
0.013600548999027892
0.034123843920389585
0.03734753072145254
0.020690615022638824
-0.0018954155559654654
-0.0369128423620495
-0.049366874079154126
-0.035565959274863355
-0.017803679081619814
0.013255841185165727
0.026283222913194418
0.01728945719756255
0.00912186354647735
-0.006508728595671166
-0.010416379930339358
0.0008767169911359614
0.011414654035817541
0.02654344462400356
0.02985313652445255
0.01838422728918388
0.00431156628474275
-0.01716051103289687
-0.028767896881159306
-0.028186922319542212
-0.027798214982455282
-0.022924820368149995
-0.014371649049799111
-0.002922922251138328
0.015825884070491052
0.041870040331307284
0.0465558592329613
0.028131708476901864
0.0004568365535224211
-0.0440855402613733
-0.05791002693785374
-0.036652484009443514
-0.009620020628025428
0.035668285634886804
0.05222581582486509
0.034307655697309876
0.014806095072659745
-0.018786413374415216
-0.03237810301555758
-0.02062355947004391
-0.010173001235234035
0.008274509941280669
0.016904657163872225
0.01195264685608561
0.009606367340086623
0.004811610041309308
0.0022196485942049603
0.003797996784455351
0.0031794707976378466
0.0019041082057863134
-0.002014068083513075
-0.009598131762580358
-0.018690294185621514
-0.030138635901890736
-0.029806386394852294
-0.016163408916046628
0.0033276058158732947
0.032700880120454696
0.04136157339249793
0.026436707920115543
0.006064071422909089
-0.027931422039925016
-0.04188683896861136
-0.0320399621135591
-0.021435882137531545
-0.001226624167985704
0.015924349802274584
0.02746335132358906
0.04686464068808785
0.07091061591067865
0.06864755685276422
0.038719479081608284
-0.006659680405442283
-0.07584390184070493
-0.10306176882462133
-0.08294137257557
-0.05428757555529208
4.924049588480358e-05
0.030920833041155567
0.0324025014185121
0.042574644552388144
0.04896911288558407
0.047722068752018953
0.041742785537893776
0.022861297058214856
-0.009762341158892815
-0.016822242621881377
0.0030885857355352664
0.030037410257152307
0.07377089744570614
0.05574284397074374
-0.03210388522616116
-0.14447982444255858
-0.30292086692467735
-0.32199447239408624
-0.1825526949124938
0.009032313171130048
0.3037990459514141
0.4140726638686406
0.310369678749973
0.17398376893945974
-0.07165239070388409
-0.18891893649368366
-0.14748685578602946
-0.12577259879707822
-0.06165698696640483
-0.017796554285194967
-0.013904698228204393
0.03074599818013362
0.0984893058101125
0.11055949777987832
0.07052969656354012
0.00272382891390104
-0.11124151700235484
-0.14364639750438682
-0.08483612271415844
-0.011383992336992955
0.10934445411184726
0.14896035436273602
0.09180823863588788
0.026158053274141474
-0.08237539118256364
-0.12392497669125936
-0.08273257579821518
-0.03988619401407786
0.03451691128196571
0.06730302190524526
0.045955376913817306
0.03032836902780127
0.0002772513234612945
-0.017000587874659627
-0.013967417321174284
-0.02023832744723555
-0.027854016328986368
-0.025514559069358535
-0.015484654359515916
0.0032792803689390237
0.03313144833702257
0.042763239985538014
0.030483487595355005
0.01333333458544291
-0.016578820285800468
