0.027564672452324288
0.024185100048539403
0.009305050359889348
-0.025450164776060123
-0.04056909261611022
-0.03588373361046178
-0.013644650873454326
0.03671934611551368
0.05662876922964616
0.04545895843379874
0.012609906533451275
-0.05726615810583594
-0.067650246517419
-0.014750679324186798
0.010521623496402614
0.027361887605522703
0.03297510795924139
0.012673761117904182
-0.008450818604185851
-0.03609439656757133
-0.012794444511156862
0.07048365746979318
0.05559828316824508
-0.05270581586117804
-0.08011400825728811
-0.049958107522389515
-0.014532930922089852
0.05662638961523732
0.08090801642316342
0.051429434899700345
0.00554587333056516
-0.07861364796025352
-0.07783545412751969
0.01825962067528669
0.04066182040290837
0.011478678450885951
0.005644765432683212
-0.0034877224085789163
-0.002644578300491918
0.0163961487744256
-0.000322182803960281
-0.05116342180361038
-0.027792338623108002
0.06710599285330125
0.05179156806565534
-0.06348496629299845
-0.05508699587670714
0.05470663615807916
0.0468237276549624
-0.050737253276498515
-0.048363603177418904
0.026904084654810066
0.0413515331233412
0.02031212914289283
0.0001680820289773153
-0.03966947387387949
-0.030273506846984988
0.035087349712015
0.034311253872054845
-0.022927627203777078
-0.0253518777260814
0.01004127767312843
0.01323657991354816
-0.0009822963343914287
-0.012029848597001685
-0.029793201966932265
-0.023018911234019876
0.01233016426232291
0.04618948531758849
0.08608611969850138
0.04494118789335838
-0.09017000640065213
-0.11005102089201456
-0.024640217247495738
0.016720053551720123
0.05112390423836383
0.06135514599286765
0.024414830259186344
-0.007099293857045309
-0.04401718223756923
-0.04501281942229063
0.001698960220349976
0.017159831982524656
0.011067464924802276
0.01217011341387351
0.007333497096542534
-0.001559565804202611
-0.013289439626007682
-0.010978461908629333
0.007730604291727046
0.008751881408710409
-0.005284469246862755
-0.005557768614980503
0.002937925607432685
0.0016315057237993238
-0.006024882041021167
-0.0010637515527724792
0.014992826300314146
0.00946020490156051
-0.016410337561872105
-0.013424220126161677
0.014950119643006958
0.015392227738100638
-0.005696192414892035
-0.012830101023332647
-0.013834357286433183
-0.005437141132246481
0.01849193278184175
0.01645719619880155
-0.011757629186134443
-0.014563516474091277
0.0018590124692251723
0.008327252150019148
0.012785347297768094
0.006439509909932078
-0.015561534276295511
-0.014123333705216134
0.009908023397532236
0.012745748632323568
0.0001522898057153158
-0.008131665609165832
-0.01911908880574128
-0.009450593807418469
0.02508549072356559
0.022924865691497605
-0.013632108467221085
-0.013296235498160038
0.015492815538830697
0.006219960944326676
-0.03265549649417234
-0.019632276011316126
0.03944192269941008
0.031967388743402006
-0.033711642645236344
-0.029373656742979995
0.03105864573853697
0.02355209511061818
-0.036220643290107234
-0.029478391951293745
0.02948285790148065
0.03198391357148906
-0.007248180563208044
-0.01337132518073302
-0.001450310823854656
-0.002387076436313379
-0.006266076100038631
-0.002952888401735414
0.004882549239178217
0.007727993401495876
0.006382788722246727
0.001196487087019716
-0.010132280236105863
-0.007807152993756992
0.00903189264485539
0.009344410392140918
-0.004122462316953089
-0.007306246485914547
-0.004837964528520252
-0.001376376741978283
0.006839318200965707
0.0059180390554652565
-0.004946041405020056
-0.00759179085338566
-0.004336168388453018
0.0028204222243671884
0.017412043637792734
0.008349578755676539
-0.02621959354451237
-0.01425975231303151
0.04202198554817417
0.03356652241288763
-0.031972789093035144
-0.04227548453962131
-0.012133573716163668
0.003759676271501915
0.02322262529281301
0.024732110876309974
0.00020034779235361542
-0.009467413559462916
-0.009896133821068291
-0.006165199481702428
0.009105974722481645
0.00944372715747287
-0.0053522368877143
-0.009214409118782048
-0.006666444289231477
-0.003262159327895724
0.005155653519935007
0.01076073579306419
0.013351269947434009
0.004743229660533015
-0.01802675841786268
-0.01643461097548578
0.00948807371567636
0.011267847412742848
-0.005423995414812574
-0.006031539352075793
0.002626965177407781
0.0008498476511070174
-0.007317536956121425
-0.0009363868724180888
0.01861116187726562
0.010873524442858109
-0.02303696818913588
-0.015690748389236116
0.02906743656492347
0.024874421576771277
-0.020371031674905716
-0.029000628053385456
-0.012936990273147228
-0.0023562345956233193
0.015003288494308879
0.02281484725522236
0.017371182879352916
0.0022707910623860393
-0.0282497568031962
-0.023362081120987296
0.01971827636434122
0.021947427014947018
-0.009218456422052781
-0.013061097448724104
-0.0011405080425023052
0.003146364671282249
0.008186938928611468
0.001872410741607697
-0.019360089815614073
-0.015412409631953436
0.012797243188876543
0.020995688112251464
0.015195216858319174
0.003437942711121549
-0.022490627955286963
-0.020800635289267292
0.01065868870268151
0.01560299613098127
0.0008195365802173889
-0.005056437720924694
-0.01090854114991578
-0.004976280624913953
0.01723539495865909
0.010776461337609395
-0.02352323831176633
-0.019165482693884576
0.018755483744300642
0.02005632439094275
-0.0066858711183751226
-0.010264552688559877
-0.0004544426722985065
0.005140322925835958
0.013902918121472662
0.013080106682203357
0.00017830359972898662
-0.017000969381343444
-0.04231752247136721
-0.01888396232196552
0.05902929644015668
0.044652238748135474
-0.05806186383082547
-0.05484976003155908
0.03559905295313056
0.04566654670679697
0.002158742353388596
-0.015408517753618355
-0.0314782318280456
-0.008125789357893948
0.0681677928986798
0.04894311818865926
-0.06384823586973835
-0.07159435019214504
0.006205304547309638
0.022489954755336713
0.006848402815373512
0.014854757883221248
0.026922666631311723
0.009409432038615157
-0.03535587204279841
-0.028366104923864086
0.029493731858484515
0.03201950176404375
-0.009938048233944357
-0.028605902931342346
-0.04067552162774356
-0.019899941640186238
0.046428208969800884
0.053655307788489634
0.004857279114151005
-0.009902291937433694
-0.008394166172171334
-0.02200434608982316
-0.03867315735431552
-0.00969965661638924
0.06717842656156639
0.04794943322550803
-0.06669289622612766
-0.05130716358051168
0.07738220034444541
0.04754838769143567
-0.115005330682872
-0.08744200721122981
0.10110415683079174
0.10452398243832187
-0.037605532340509736
-0.05596839758306362
0.0012232596909361525
0.014439278391002385
0.021306364510928752
0.017047654864043093
-0.013142903982186316
-0.02932632962273336
-0.03544622643716684
-0.013025552422199455
0.0481196021311096
0.0456043070691041
-0.020296096712427967
-0.026324462882896783
0.012088668075639766
0.006858239507110109
-0.025267705381626836
-0.014078889665127626
0.03176509251701495
0.026139218663780675
-0.02427941518359934
-0.020241385601332946
0.02770067774115537
0.01451621116566839
-0.048454272266200596
-0.037023028385529816
0.038089416795913336
0.04201488301715714
-0.009857515580624822
-0.025130156873589434
-0.023870920366470712
0.006519043055219277
0.08253836615182668
0.05508428012295648
-0.07916705118631216
-0.08780316480593174
0.010103313188727118
0.03478905573135526
0.02196652738509499
0.011199369089260985
-0.02441535816988957
-0.023803013388362302
0.016728966733110306
0.026078696781462584
0.014941823131976152
0.004232707327373181
-0.0175867853847115
-0.029304895439462905
-0.02895544035548838
-0.01708978004881767
0.012780849248458516
0.022052787201669245
0.010388915960474561
0.0002568759254491376
-0.016761906566566665
0.05787199664500888
0.2357919606252215
0.19990451849343333
-0.04851807940422294
-0.3653753885145439
-0.8235935675334344
-0.4539710965046927
0.8421738094636821
1.0012740622813059
0.13593971728450843
-0.23050495086916142
-0.4518137280723573
-0.42631677394212697
0.08752467532107809
0.2322749433853112
0.06970404303956612
0.026831799824945657
-0.046760302069053725
-0.07125670754498198
-0.0015094970588150328
0.043914906518801734
0.09404942115336395
0.046714193637987254
-0.12325885796583722
-0.10720661222311749
0.08493790839535346
0.08757661559712752
-0.05709223201773198
-0.055181120582282535
0.04453402622972297
0.043894997248907414
-0.020867679525907297
-0.029864748551575306
-0.00796609579482904
0.006414872341916234
0.030463861620672536
0.01017270768817008
-0.06214417710444207
-0.045320652320914284
0.05641891684173981
0.06445967201917056
-0.0027159734108675553
-0.01851059227474973
-0.009690035711450596
-0.01793503024660005
-0.02641070516727277
-0.006539034216440046
0.041290554330176546
0.03687375427698209
-0.019469816077529952
-0.019367874503829898
0.02598268287558312
-0.00011030148879051125
-0.08560544092652768
-0.0563322687024282
0.07922975738453103
0.09195071953313841
0.002859548203328538
-0.021258142849914088
-0.01595631450435734
-0.01903524827967166
-0.006873413956707924
0.018142709999909308
0.05699225308763621
-0.007715085941518982
-0.18708741177709046
-0.12746535790008728
0.1683078634163098
0.20406395562402935
0.025883745358775658
-0.0466564267344183
-0.09380349167940845
-0.08509542681631559
0.02867192555369217
0.05337037733890915
0.0019411821366940361
-0.001528962501105899
0.010877928786890936
0.006469569234971666
-0.0009857050096524294
-0.014475839038321898
-0.03710950968139492
-0.018416514405369823
0.04481966153539882
0.041225625440507015
-0.02480219192446801
-0.029784041424205543
0.010378961904440289
0.015608214144428926
0.0034595534237824585
0.0003424256390367464
-0.004224487320868191
-0.009253835190088908
-0.012400192189870776
-0.004683125421524551
0.015954450642404038
0.016583048562934476
-0.0023845734148173012
-0.006159019243677769
-7.380310399285518e-05
-0.0045412444080489755
-0.014918689175641809
-0.007572307437513766
0.01660262103929042
0.020165787444397135
0.005601213801621273
0.0003379739458160237
-0.001935901687176277
-0.015105684229753155
-0.036385951262543605
-0.01802016623593358
0.042307501445114096
0.0434954915504978
-0.010006853126816087
-0.020413760847188947
-0.00339865258334644
-0.0047565044597029215
-0.010483528284183254
-0.006457897342511661
0.003183539460960596
0.014343909587407642
0.028850807379684134
0.013245130510678283
-0.036215211586518005
-0.031058526704606803
0.026378383908726794
0.029314946459469176
-0.009907673980064608
-0.02119403452655189
-0.02037511825221925
-0.009622982461050065
0.02205583793595191
0.025114544956470572
-0.0006148514967696026
-0.011209440538191638
-0.015647823701799502
-0.000773365298777544
0.04197036439524566
0.031482118737618005
-0.032425442682376744
-0.04687937936292531
-0.023772070746205895
-0.0024066991687944905
0.035260046898648874
0.0369230226677055
-0.004091769405595141
-0.01759259912362591
-0.014014842092956665
-0.003108939815444698
0.027568143250261284
0.02205081594559401
-0.021542192478189406
-0.030854188611740017
-0.01464948531045171
1.0998146974399792e-05
0.025569814095965645
0.02865066393664457
0.00491435521468573
-0.0016085760285705413
0.002341662865968646
-0.01992697326053656
-0.06387408496630746
-0.03324041853724532
0.07386086589025469
0.07616986344064337
-0.01666240736207566
-0.031034032465515678
0.005629100684457388
-0.008812240502625013
-0.05133312931213866
-0.029292448058435845
0.05004167013347123
0.052780709080075046
-0.011935137224755211
-0.029002332597503698
-0.019281731461275303
0.006123644365135592
0.06690740296867248
0.047541786975295826
-0.05670934628354508
-0.07651930958868218
-0.028687061809704827
0.0039453881013764795
0.050588128059084775
0.0533083163469332
-0.001227125799082432
-0.01869378204239004
-0.011907129538942234
-0.01398158852679787
-0.009767881007170591
0.002464550446876672
0.02164806292473556
0.01211027883829636
-0.02924682753760758
