-0.019831189706035274
-0.02058617948723186
-0.020946603718262034
-0.020866700175774796
-0.02079214715057013
-0.020584058145137002
-0.02010676113433576
-0.01939009227038304
-0.01839313819212936
-0.017084227429822373
-0.015638715776696743
-0.014046476216913276
-0.01218926824683178
-0.010096917119911394
-0.007691941435049726
-0.004949716098424509
-0.0019219673407528857
0.001420404893979972
0.005076783455145035
0.009050312910574844
0.013371798786965393
0.01804737074303022
0.02162344347389493
0.023962686084392542
0.02575640793336946
0.02658965123542078
0.027312547437395553
0.027963695526820057
0.027744033350439748
0.0268129004572122
0.026210631496631945
0.02591263675026118
0.025509353770026416
0.025243989798678333
0.024274208059206992
0.022535904862210913
0.020637981047934063
0.01838126500683353
0.016220719095090756
0.014257570397203009
0.012125598341730062
0.009963402589799972
0.00763859283070893
0.005118435252355437
0.0025903292079905178
2.410376462402315e-05
-0.003146684358253284
-0.006946443605597152
-0.01112462194593441
-0.01582975919745763
-0.02069154810796654
-0.02568737351412954
-0.03112905634369066
-0.03693866909094948
-0.040593336839165266
-0.041875430584315344
-0.041914852210631674
-0.03999193812512921
-0.037633909780217516
-0.034894711018925446
-0.030357975002487828
-0.02430431953306427
-0.018436283913931824
-0.012694015684375073
-0.006412907221651692
1.871478806146729e-05
0.008023185872279133
0.017714765758684775
0.028090403348275488
0.03949345611792624
0.047192508411711596
0.05062004064363269
0.05225951839948257
0.05073041176401102
0.048541964274160104
0.04583618521086863
0.04010889293740299
0.03182424997374414
0.024785119096028853
0.01895118171610987
0.012749126463296455
0.007082964919781691
-0.0010011972756051276
-0.011735360162902091
-0.022936601924094243
-0.03530022666193299
-0.04380806992064753
-0.0477380079398962
-0.04996514529427858
-0.04899677722089259
-0.04723754736658915
-0.044857556512717396
-0.039299715857254225
-0.03100423866591461
-0.02443772739310917
-0.01960096340788666
-0.01458091790377181
-0.010455309086717438
-0.003873686275571669
0.005431178207386936
0.014932979167865307
0.025415104122743195
0.03274670981646822
0.03625246324513834
0.038451531821869694
0.03809441430831721
0.03699351444304644
0.0352989080669533
0.030966374700060296
0.024322421676524184
0.01933571838313475
0.016034002121481383
0.012675604330395454
0.010226237494484472
0.005776409267992815
-0.0009102532169811956
-0.0076121549029205425
-0.0150078096996188
-0.02029805890096093
-0.022968952506324497
-0.02483467266315757
-0.025034221853956717
-0.02468037984439439
-0.02388229490796864
-0.021296874303725608
-0.017120913108745573
-0.014251882268861288
-0.01272822859386554
-0.011251865606447725
-0.010533582196708227
-0.008493991153421592
-0.004961794081624387
-0.0015442267916836315
0.002242033997585489
0.005075464106635894
0.006652363982194415
0.00794782054159557
0.00854022530451631
0.00882860714815161
0.008873352735252181
0.008087418364998348
0.006537446778879434
0.005817384842086426
0.005967282246971574
0.006246969398010026
0.007053644147949598
0.007289741631806582
0.006862873352566211
0.0066424652494462035
0.006375462203109317
0.006055118216711889
0.005776242030116082
0.005358274609424671
0.004823168895293944
0.004372205763063839
0.003992295729507776
0.0036067543766710795
0.003257739612261308
0.0025992706335638874
0.0015976490160586536
0.0004494399358877416
-0.000939532989438377
-0.0023926997515280185
-0.00389196495294696
-0.005605930457090666
-0.007496392965963481
-0.008628311989253746
-0.008930153947781178
-0.008815691898893753
-0.008022461799237407
-0.007128902518902227
-0.0061577319414523315
-0.004584069541277419
-0.0025171602639539217
-0.0005567763005074586
0.0013193484523467496
0.0033364434707052228
0.0053569884634773685
0.00788591938193754
0.010961031816135156
0.014225309288667335
0.01779898710462882
0.01989715550354038
0.02030617665363643
0.019954341443976037
0.01831979894157902
0.016350546699314978
0.014097311509347088
0.01061242947582348
0.006069418625716479
0.0018883609939098246
-0.0019493186174086386
-0.006033109542927503
-0.010027633641146708
-0.015042832672368642
-0.021168022386887295
-0.027588273724455936
-0.03456681710624234
-0.03894853523414516
-0.04033412525024112
-0.0404006843607785
-0.038219458464544935
-0.035424974262598406
-0.03210822957996347
-0.02660719062202146
-0.019218827636591697
-0.012534404307051824
-0.006527609298195258
-0.0001095196766073476
0.006105835022104984
0.014124994889622433
0.024111204370478624
0.034584329251597684
0.04602018230837803
0.053463471696499225
0.05626749670914295
0.057113550060747184
0.05453954784817919
0.05107024214331734
0.04685462036198836
0.03930124886634972
0.028869891362736752
0.019713916947471585
0.0118024026461298
0.003382248218617189
-0.0045574848594753725
-0.015207107453996482
-0.02882448845667305
-0.043042723124295516
-0.0586153899712787
-0.06906040603832658
-0.07348773951906948
-0.07550217579592057
-0.07318206056199873
-0.06973416164039624
-0.0653636230527263
-0.056720453732425034
-0.04438869161620504
-0.03397105792267892
-0.025446320591539104
-0.016429630062708398
-0.00826314909740885
0.0033079021470305762
0.01862648326964112
0.03451245924251392
0.05196682308910449
0.06415743029284066
0.07007493696255213
0.07367155514936663
0.07290645047900501
0.07100639930447342
0.06820267944415434
0.06102655080626536
0.05006486808879415
0.04149458844781018
0.035323058370329376
0.0288884518183415
0.023682059191048196
0.01508675834338356
0.002730903156594365
-0.00989953386999313
-0.02388528876287992
-0.033871967282078495
-0.038963272797590175
-0.04247405280096853
-0.04278086767920669
-0.04218861607286621
-0.04089800891827448
-0.03627871737778836
-0.028746858218087805
-0.023537186956060687
-0.020696656065216174
-0.01792116430972187
-0.01648904848019806
-0.012586207317506735
-0.005904444279828332
0.0006307715216636743
0.007906041638096082
0.013048064483485196
0.015459639167271022
0.017141446429687724
0.017192962120308034
0.01660921693879245
0.015513222945806192
0.012582486139773441
0.00798895426668852
0.004960319099083867
0.003561266846551896
0.0023165186621688315
0.0020251516669067505
0.0004246336462525941
-0.0026733686556974496
-0.005495331523609179
-0.008564531546545613
-0.010739727125786998
-0.011712662847877602
-0.012399549508600052
-0.012422569629544192
-0.012035303785165907
-0.01129140469678708
-0.00971262153369618
-0.0073341365572196365
-0.005687985239883906
-0.004820133945536559
-0.003997497731979833
-0.0036025502514502013
-0.002601058846777957
-0.0009010172828419419
0.0006724373872760196
0.00235959870656708
0.003801632551010395
0.0048712380037946226
0.005911443669348183
0.006795270151121872
0.007543491931362624
0.008176271253280265
0.008563498471888465
0.00870327146914419
0.009194933323027668
0.010063491543011867
0.011012143453485283
0.0121927706670581
0.013217531743756188
0.014050955997849042
0.015010488212837108
0.016006679081430917
0.016458121241271564
0.01634144002535802
0.015864343450166064
0.014867543537945834
0.013756074563420933
0.012538015884563259
0.010867238502926313
0.008819102983987555
0.006677996857984594
0.004419374145760622
0.0019491455241184385
-0.0006730688900671303
-0.0037194862027661872
-0.00721166613154491
-0.010972195903812168
-0.015068788835295154
-0.018046312832348116
-0.019744793819512788
-0.02090068472839364
-0.02109315893197849
-0.021124042862558357
-0.021035248019153706
-0.02004570592236591
-0.01830466657442706
-0.01692949305126268
-0.015902973721424008
-0.0147711847963596
-0.013798135795577704
-0.012102493908551157
-0.009615891342852765
-0.006984323448792415
-0.004000014189378951
-0.0016250188068954309
-1.8070415835718257e-05
0.0014294663995221275
0.002429183372408599
0.0033942922732334803
0.004366400651565036
0.004879340285632495
0.005011594325616348
0.00570913245575071
0.006985130279784062
0.008429245505813428
0.010275932922362731
0.011845007976507988
0.013085584013623579
0.014527740068233343
0.01601684865839161
0.01679539357025594
0.016843684562922623
0.016404404786787105
0.015271529457848166
0.014002140526878612
0.012603300546867908
0.010610125878015252
0.008125708850469022
0.00549078975968277
0.00266905403048679
-0.0004451724233854802
-0.0037830780580586777
-0.0076882148616312755
-0.012188036593292243
-0.017065134581122708
-0.02240607029286479
-0.02593918158878581
-0.02742024032523999
-0.02798432213590561
-0.026975216441551875
-0.025657400377310586
-0.024094191361238908
-0.021060130871498738
-0.016789990448916842
-0.013004699201798081
-0.009674175840626765
-0.006101501796508741
-0.002691711160146353
0.001920840211016905
0.007842749283383785
0.014077387301961548
0.02094771865640144
0.02568177181220839
0.027903535319892182
0.02915684657166942
0.028622829057230348
0.027677601163324024
0.026411889831037132
0.02339535956621789
0.018881185180744206
0.015253729450074067
0.012505439903691443
0.009626646931750422
0.007190137519395589
0.0033876189193112645
-0.0019241572795205483
-0.007390107499345011
-0.013433753871628162
-0.017724155878308914
-0.01988910444112317
-0.021337468928384853
-0.021367087691035843
-0.021017591282121214
-0.020373922385935942
-0.018277852137266726
-0.014918169569779377
-0.012505390725934287
-0.01105347139828683
-0.009597713089600413
-0.00867603190883701
-0.006663535736144713
-0.0034295802163245015
-0.00021410271033977287
0.0033611995834475087
0.0060489564147467745
0.007594447964164088
0.00886233656092955
0.00946356899895839
0.009838031465557139
0.01004013645062841
0.009494509536585772
0.008278554974550437
0.00778105035025326
0.00803006578992361
0.008394119780733022
0.009217662002008646
0.009527045330256853
0.009242513818613183
0.00912845542513241
0.00896056975563798
0.008590904313058723
0.008087226224922625
0.007355373893766154
0.006372451604543108
0.005396730793561989
0.0044184203390646385
0.0032901420708270936
0.0020625946756593675
0.0005368661518123661
-0.0013204273438416074
-0.003381032377550248
-0.005704297043436671
-0.008222454055027266
-0.010927906575715731
-0.013908225211638061
-0.01715179634800663
-0.019159213944291324
-0.019793752998906056
-0.01975387256962134
-0.01861201666451824
-0.01725378977365862
-0.015716292050044007
-0.013170634548543645
-0.009781610889062485
-0.006589674860993261
-0.003564917261554327
-0.0002994705236496331
0.0029660331961044607
0.007085359296329906
0.012125025371607945
0.01747448082094983
0.02333743104463961
0.027194402044367176
0.028733897148725446
0.029292481328740815
0.028132137203287277
0.026569429565997078
0.02467985101739888
0.021136045841296847
0.016180100787902652
0.011862910759680491
0.008164484347498092
0.004229985294071183
0.0005469171723932906
-0.004472358902524175
-0.01095412403692097
-0.017724248831709855
-0.025157181973291417
-0.030238479618010208
-0.032547610224246896
-0.033779198997519515
-0.03303879667655081
-0.031801378204861036
-0.03016502789855062
-0.02657989308613275
-0.02131531883760724
-0.01700287187274143
-0.013636452954223657
-0.010093879622519345
-0.007007329316571177
-0.0023873801588720042
0.003925507313441568
0.010439401709857452
0.017621147936828365
0.022556011418344863
0.024798732052426276
0.026064269770215642
0.025478407040856844
0.02438653022840729
0.02288949488894636
0.01951931943539687
0.014519907134224547
0.010578517034455177
0.00770338368574916
0.004729299517858183
0.002306652847715563
-0.0015606528603638358
-0.0070338771553253064
-0.012600568385600386
-0.01872747640944695
-0.0226805265883332
-0.02402731856654239
-0.024395703508589505
-0.02296054526119573
-0.02095594399584814
-0.01847543017517408
-0.01414916979380312
-0.008198006622052114
-0.003188132453944453
0.0008706148347405688
0.00510073543024228
0.008881579259667718
0.014112995124979794
0.02095123312466734
0.027956437820920586
0.03557432226549765
