-1.1020951830776842
2.7758385679698483
-2.437565149101795
-0.2511982682922317
1.0493526638580648
0.038863930192935825
-0.2120955516249877
-0.2287633789109776
0.8549360926397561
-1.8375775839493147
1.8773993588424038
-1.2000792087151875
0.4395619855347449
0.44305623719653575
-0.7656116852768465
0.7214615586668096
-0.3030588365070304
-0.4687098667094441
0.9259598388337104
-1.1834127548859164
1.1806974318337675
-0.9043036298609335
0.8237446504497196
-0.870152858831903
0.9355272809343429
-1.1885467480864593
1.142547597448984
-0.4207850617419528
0.49626645204381203
-1.806305029019295
1.6071222947833739
0.2643663014974166
-0.910345675498668
0.3476079711119339
-0.19533721237626364
0.39313154056177735
-0.5170592422430424
0.6451409102134928
-0.5619663061009854
0.25035359259866774
-0.1117517843843062
0.0872803734084783
-0.05215362952012669
0.2261469909316594
-0.06425632129033974
-0.8330682008392107
0.7537196985169691
0.8044938832394558
-0.8254037373917135
-1.0268749743368222
1.1594365512188651
0.33121974876334004
-1.108600028993568
1.2871691132986958
-1.1145274127128035
0.7908105094122551
-0.23829030901432496
-0.6157275069300924
0.859360977628858
-0.6317699619891242
0.24070925999595588
0.2966353472617978
-0.6323033725680653
0.7663873904895648
-0.728295938141445
0.7424088006336572
-0.3797663995930821
-0.5874900021892789
0.7674495106011379
0.00792805983232503
-0.08981417739551686
-0.6105833123856352
0.6818497964089099
-0.2943426117198803
-0.0031985603305346444
0.5833800147439387
-0.30375299091990726
-0.9586941376960143
1.1524787810536488
-0.6159923813300271
-0.11377247809432565
1.2449647121235328
-1.2573074116692322
0.6934824912924478
0.11934587571421812
-1.9794954347512048
1.462864895867989
1.49677972913478
-2.5909622519133046
2.2762242407208695
-1.467634626374079
0.0008209899015492184
0.48095004638708794
-0.09124357931783185
-0.21597858690203153
0.42037983111246
-0.4663341176708974
0.6112855644542414
-0.2935029686625688
-0.5683605330489574
0.6401340473726992
-0.20204111874366368
-0.5492749242353835
1.5344756379034594
-1.9102755155269926
2.1550801751072926
-1.3462145598728683
-0.6545976545579146
1.5451903954038981
-1.1963927968262877
1.1537105323623085
-1.7439665281454784
1.2682803569324634
0.22365259221889217
-1.0312627010888185
1.2428512647032508
-1.0767933908544636
0.8304796675420851
-0.17323588713416516
-1.1331128577271914
1.4612760354925323
-0.5845529466713718
0.2991527939377664
-1.27267507150306
0.8049187345303004
1.8497463108542693
-1.8608251882453106
-1.0912797047374014
1.9527968029421978
-0.5858052822612871
0.22382133844349075
-1.099192685677466
1.111424885471437
0.034781032983055404
-0.18597095532220104
-0.9279105925224413
0.9309842569728441
0.26338470368393313
-0.6260234031462675
0.279580039033204
-0.05712820620330687
-0.22226807654368788
0.06175993383549265
0.5518996318294586
-0.7543046971520109
0.6114726101431744
-0.33531247557517124
0.03624399513273313
0.36054122456622173
-0.8065519982777928
0.9316830949399496
-1.0280629519890567
0.4461477876613388
0.6978936207545208
-1.2860386501334045
1.7777757793012472
-1.2721177807009645
-0.45292253767688034
0.9932955081813444
-0.2634990279965814
0.10345747749110544
-0.549524751380795
0.526069110471704
-0.17104401610779177
-0.2742981043791398
0.7955496055416937
-0.9742819358411332
1.0836225343450256
-0.7027344878634209
-0.3633366106625878
0.6350416256529428
0.15439835585627784
-0.3129275705786822
-0.6894395662326881
0.2661073338426461
1.9538776621901017
-2.3815254297502486
1.011662269616348
-0.5123964339085693
0.7596336491195343
-1.0036180847960232
1.2759158498201557
-1.3337044215030993
1.247525027204078
-1.0836001619271152
0.7927386787006305
-0.7118718789905638
0.7799482240094424
-0.7940430371561124
0.9262400406645845
-0.712509836865084
-0.021923816931035595
0.1257330908187003
0.32084492681164467
-0.3628446939259822
0.447447942958518
0.23021825002442423
-1.909875101669042
2.1670408477902465
-1.3036397210583226
0.5080514238131922
0.5793084803593062
-0.5934472983883422
-0.4978866460688598
0.8078777384143729
-0.5803658267015759
0.1562184085367383
0.6449789709724725
-0.7048580549259198
0.07375445011070975
0.2918608341410891
-0.42880523690354266
0.43214590523859214
-0.3111971304081085
0.11278769135043828
-0.023293086124466206
-0.2989293585534263
0.9819391645623381
-0.9409507474942362
0.3924833283551596
0.21703003319929182
-1.085404564889627
1.1888730592093906
-0.6148263778929093
0.2957964676986794
-0.0482282800096462
0.2242941898969876
-0.7636506938870777
0.9222913956531806
-1.2106538973196235
0.767723604418359
1.1274524049209582
-0.9264694842539035
-1.6768324983253984
2.1685638370499465
-0.687857144013513
-0.33083857303303704
0.7137525151219967
-1.1404939811616706
2.040749936169907
-1.6943540081315287
-0.02645384454691435
0.704887629401331
-0.31628372801816096
0.23566737439559698
-0.562420405058942
0.5158719932897239
-0.01524451492273357
-0.15966579853276985
-0.14094831245104325
0.07129378962269939
0.5651320358816924
-0.5527068418792044
-0.27530116983124786
0.46368826573403604
0.16567260091528385
-0.12405839548012466
-0.5922806928849234
0.7628611751647211
-0.5861784820044805
0.10902476829958406
0.6027026295937088
-0.9430302229206964
1.2167968019411697
-0.7926836630370678
-0.3325627641863378
0.8059865931970733
-0.8046675926261837
0.45142970260182097
0.10068684301453423
-0.5369315319751513
1.1009603264373164
-0.8304648992522037
-0.045282915531833556
0.7165238154976692
-1.517640447414313
1.2335475373860132
0.038234592151594526
-0.8233994201140258
1.3405544785034011
-1.3409639145274272
0.8111956559492383
-0.6733361697262304
0.7754006827271374
-1.0068029105286913
1.5715340519342766
-1.5943257667481652
0.8311345145653433
-0.7706433022070647
1.7464137683064207
-1.7321764525474321
0.3220312184410752
-0.2417418509564367
1.6740970811923925
-1.772552886354864
0.7198979620915822
0.1529437650310888
-0.8916287078555836
1.175321071156637
-1.400452676682984
1.1604607247968697
0.26815403699786267
0.046773814344844455
-2.708561775269957
2.867992621745795
-0.34993360601829016
-0.5837023373788216
-0.19466287788004533
0.27646854070436716
0.5646199747084869
-0.5672481950649928
-0.48828547837909475
0.756744192551439
0.08607014455334194
0.04154489887589145
-1.3597580340011934
1.4738481988328709
-0.5630059029026726
0.007435063395400357
0.6930698670080412
-0.4797345451606977
-1.194663913753572
1.1043209701067287
1.0918139597258312
-1.5939548270388908
0.2491123630344056
0.04033109444358362
0.8260904769790842
-1.076054958827856
0.4599705032780739
-0.42943458626369607
1.3698675932538513
-1.0954675193605645
-0.5066523205098685
0.9898832767755216
-0.616366657620208
0.20149117871846842
0.5524945856603299
-0.42518571471611033
-0.7012149174642797
1.0943360776955655
-0.6625453341618702
0.6335701096782381
-1.087998690372482
1.0830742771840476
-0.6339892089998544
0.351567220965356
-0.18109281350217724
0.031686368811039235
-0.09983720121443956
-0.13180617353434312
0.9281684958323326
-0.8718187395661138
-0.10057475864031395
0.3790390020586382
-0.07299378688053995
-0.23389408981116935
0.4810399214504744
-0.5781165203309285
0.7548928217412202
-0.3622764726162561
-0.602097034699608
1.0719162198250591
-1.078091700068991
0.9225587709145249
-0.8168006813087529
0.3408323640255024
0.5679375479162093
-0.8379174066189851
0.6956914582041124
-0.3260194385889774
-0.4494718812153972
0.5215597240222938
0.06411776661042201
-0.33126682145773056
0.444278888013136
-0.29027637303014303
-0.28760773677960033
0.37646890485872614
0.22351589751784162
-0.23995661017410536
-0.492240148948888
0.43663157506995015
0.26800609596933256
-0.6778540036457044
1.2466143379380972
-0.9858825648591419
-0.6023553870868116
0.5520903090583807
1.2847227348766717
-1.7074293362322723
0.9506466452733535
-0.23512415960070204
-0.41793156345414506
0.5720196650584246
-0.78523612821656
0.0762634910080744
1.9698284097689236
-2.1173132461553985
0.6407612095254815
0.26818181290113136
-1.1286631429363585
0.7065850871534943
0.9678937355235843
-1.5890915209069274
1.5550992110405024
-0.8082433573499851
-0.7315796895722597
1.4490705036765992
-1.4259395256425744
1.3699053466163194
-1.3045542163256547
1.232994459263434
-1.036515058551697
1.008735787870182
-1.3353439976917743
1.1147204619149804
-0.30945472516841377
0.0066277187698093355
-0.08986205210313195
0.24111268299879787
-0.598532968980835
0.6015441034168847
-0.14015460331452329
0.13475873931485322
-0.5896835753589863
0.7564218565405696
-0.6987911490811639
0.5701347513020733
-0.4123192464371172
0.3444480510576251
-0.16476658006579478
0.3683281577618389
-1.0789449404903295
1.1607564888550361
-0.517044886807134
0.14876671877596026
-0.37951668821537793
-0.11270184700815626
1.614264030533512
-1.9233582820321073
0.9340625433427004
-0.673534726283001
1.235832314311156
-1.351500038036531
0.7630724936320789
-0.7457323479798914
1.5946190245951732
-1.3282494296939342
-0.07026913954632569
0.8030798147932806
-0.7830361029534694
0.8647071328891884
-1.3033849540603333
0.9338775014598625
0.1046705044561893
-0.6800387915069718
1.2701867849426325
-0.8821581483358174
-0.8414722756815833
1.1453778459081487
0.1986890045196109
-0.4834067276020037
-0.5340725943175286
0.5861728622550682
0.5190923838797525
-0.722985471056747
-0.14380792375188883
0.3036499965871631
0.27421998253248475
-0.23473819605227422
-0.19206635669689737
0.8741323266157442
-1.7685894286882404
2.126936863975909
-2.343637075529026
1.7989615056607817
-0.12723364912750879
-0.3787391957154166
-0.7840229029607059
0.5464515045120323
1.6772853360697757
-1.8145717166141977
-0.3449258701216966
0.726376747644138
0.2581134128520884
-1.114839368476832
2.3788341361308483
-2.056497044267757
0.06458956870147359
0.7576161183667348
-0.6138881533508639
0.4919813827949715
-6.07081803917775e-05
0.23857388261054713
-1.5692343811272187
1.4531427989456633
0.0802204781146853
-0.8540220123245005
0.97438697554823
-0.9007139221354185
0.7436150852539409
-0.4913864790479195
0.12312631242986902
-0.13851399081997717
0.17798949689086666
-0.6767681909818501
1.8642848906868263
-1.7673763311384034
0.7931120015180793
0.2671593284596903
-1.8871182860546591
1.9851324229266525
-0.31375741589922035
-0.23088061795717643
-0.6996211208929719
0.49396473846066835
1.0906454951222677
-1.3465484715360334
0.37101469202130266
0.1521445293818506
-0.36820661277408534
0.23135430336057422
0.12683174084262605
-0.3928833887936895
0.8505596952706665
-0.5800967320376779
-0.48245605459570734
0.8356053315374924
-0.623210815403817
0.35938172652277256
0.12707995592256902
-0.1874967837520254
-0.3188878565777739
0.2626173862745047
0.3816777478993792
-0.6576336514101987
0.5000958865131789
-0.45940952887111436
0.6761800804171004
-0.41637954136393224
-0.23143910609357873
0.6434826747720155
-1.0255213127054101
0.8846605721266216
-0.1485183597654841
-0.12831754796023692
-0.09167964041869209
0.09562003150353038
0.16435905774378595
