-0.014069341610657234
-0.010163267819393935
-0.006410678277875336
-0.002938933403248911
0.0024904184379997718
0.009350430125437204
0.012991127091190541
0.013255899339503552
0.012007844658488432
0.008019762346977682
0.004592428532984941
0.0018815174838864226
-0.0028226174592507138
-0.008839904594304535
-0.011858539685790932
-0.011800367817762976
-0.010256708451833674
-0.006105024510801915
-0.0025657978943839574
0.00022655768518851937
0.004848326376086077
0.01063556176921382
0.013589914791793839
0.013638230124205227
0.012228951244512627
0.008316425811280113
0.00490496873725659
0.0021107128753407958
-0.002473055847902988
-0.008232512129652743
-0.011315500226595849
-0.011645735027023195
-0.010640081950058621
-0.007291200478682407
-0.004481806777875679
-0.0023283588065472027
0.0014803597849293983
0.006352883282887931
0.009261954579532833
0.010202124465875482
0.01021672366975083
0.008532970070080874
0.007530557019471247
0.0073063360114628195
0.006012424552905728
0.0041463711639194364
0.002118212580300401
-0.0002603881078641619
-0.002855158008388904
-0.005621691839195738
-0.009298001808868568
-0.013905695170459342
-0.01906553645154744
-0.02495595724598607
-0.026977587662398387
-0.024653302244057304
-0.020287081952331178
-0.012560960324967863
-0.00404146529269623
0.005134045051908913
0.017433505085274338
0.03237271434469274
0.039916143306315946
0.03944118267426357
0.03540723545778398
0.02507861794678923
0.014952270644923457
0.005359955042173255
-0.009344295966013435
-0.02785433590346182
-0.037758465930599706
-0.03860395504166684
-0.03543357631273487
-0.024963695835003612
-0.01591509675517752
-0.00870751699403361
0.0038555264285455616
0.019978202396847795
0.02878523072155043
0.030133980787423787
0.02799204998080221
0.019550797066617193
0.013034721204710028
0.008795805779537048
0.00031807740356918084
-0.010688704385140343
-0.01691261492170323
-0.018438968083251586
-0.017585092611367995
-0.012506806413677468
-0.00917764694932956
-0.007815162196479883
-0.0038659903942142456
0.001422326845490178
0.004821095115849018
0.006554748777984307
0.0073086663407687935
0.006317601166044599
0.0066722427293553445
0.008457008938488192
0.009492987184834836
0.010436509725997951
0.010428580957476041
0.009147296354937955
0.007452310999801638
0.005037558539258766
0.001815817351086971
-0.002169922140712822
-0.007167304189561623
-0.01321586561249433
-0.016482469916479947
-0.016662660772445506
-0.015619865884979309
-0.012297970585756704
-0.008990128500344866
-0.005839165494612303
-0.0007738803648002499
0.005742272288203157
0.009418000243143227
0.010122160553467655
0.009596220319546878
0.00671859941959622
0.004532746514482674
0.0031951131143843976
0.0002244313912525942
-0.00374265867626432
-0.0057028337173849804
-0.005673243454795759
-0.0046509294376512605
-0.0018758748745311981
0.0002593058934439173
0.001661106367673188
0.0041711703362514955
0.007289000294984152
0.008685049977735115
0.008346798868006999
0.007033542562186964
0.0041392864885457
0.0014981829066585469
-0.0008340096145623769
-0.004301226610280779
-0.008533257825675055
-0.010654660058860487
-0.010561115531951272
-0.009366832765432594
-0.006302734506025162
-0.003429189759768451
-0.0008276444436348227
0.0032048305129512233
0.008254027864025563
0.010913709874340687
0.011071357405008104
0.010070673820863857
0.00701048990403639
0.004330216811405083
0.002139029501384807
-0.0015630799094368073
-0.006276333829796666
-0.008881872500129548
-0.009330078446826953
-0.008769301225537393
-0.006390879393054116
-0.0045401835278075986
-0.0033175198311079655
-0.0008566324987803337
0.0023561368789435403
0.004209499986078086
0.004728072183971878
0.004587459652249809
0.0032561572742064405
0.002456791768468644
0.002254339675540506
0.001337109979075632
6.62997221225238e-05
-0.0006646145461323295
-0.0009229126012236535
-0.0008864151792891501
-0.0003443518753776689
-0.00016373594384177454
-0.00036661649386368384
-0.0003449813763021979
-0.0002825282205424007
-0.00022687446635316595
-0.00011801396554277096
-6.188467132742181e-05
-5.6985461304638224e-05
8.609710205995052e-05
0.00036073551556177843
0.0006764480408811646
0.0010733854913249836
0.0011659589600726916
0.0009116722443657614
0.0005225853619226105
-0.0001101125508370434
-0.0007900587359975389
-0.0015015217736304017
-0.0024385084658032044
-0.0035618953982159947
-0.004079875765697329
-0.003942375282286458
-0.0034991789566111717
-0.0025336437492810334
-0.0015544655657103324
-0.0005863401885322874
0.0008157468420292148
0.002550673337826253
0.003640792675841357
0.004051596240270553
0.004182610668327883
0.003776166742504007
0.0035211001512545433
0.003451930410854071
0.003002562426347422
0.002315942588702578
0.0017077383771172193
0.0011346338997823776
0.0005390335854347282
-1.4500848280855823e-05
-0.0008623100072396709
-0.0020203539065171807
-0.0032739978131005073
-0.004701704460949465
-0.005313000168396178
-0.004991162478088753
-0.004261445687261813
-0.002836892562230935
-0.0012388489187480129
0.0005005952644085609
0.0029003525777098584
0.005862373305116077
0.007315908631539459
0.0071360933311139935
0.0062458684553152845
0.004083176063715369
0.001991343939465659
4.144107998998581e-05
-0.002928978833277428
-0.006647770136496943
-0.008642129414664915
-0.008825384390867094
-0.008192973625578344
-0.006091204746999775
-0.004264960922813847
-0.0027964912043899385
-0.0002485014183770181
0.003020261280785635
0.004667747301833268
0.004647996617506045
0.003833095782262499
0.0016125987129460718
-0.0002726347980822686
-0.0017488615593221758
-0.004211899845491284
-0.007302724669218558
-0.008192055690682517
-0.006772370556134525
-0.004138937534592446
0.00046762377590794317
0.00504053606753348
0.009503803873017457
0.015527509743714944
0.022711773096764573
0.02574477486796848
0.02431705210843896
0.020675720856676096
0.01336597276745767
0.005913554383803677
-0.0015317393506290137
-0.012018855936445865
-0.02485331438855121
-0.031739049827194464
-0.032275107600028025
-0.029947365207885303
-0.02252500591566069
-0.015653316283664384
-0.00960123110259519
0.00039880104778808735
0.013201914713632206
0.020412866156943772
0.02184061556850506
0.020722929793274013
0.01487461430506958
0.010453242590439999
0.007746502393531065
0.001803803894270583
-0.0060922167179872175
-0.010407798369987837
-0.011218385449506553
-0.010289400733953713
-0.006233065990421732
-0.0035704875832502166
-0.0024746212096548106
0.0004879962603177887
0.00436673709502676
0.006469190826994959
0.0069319881102262995
0.006379466478753262
0.004154230882141053
0.0027237123215299724
0.002148511756829184
0.0006390167695296115
-0.0012919622857045625
-0.0025475413423412026
-0.0032219638194508566
-0.0034831822685030844
-0.0030707108665504815
-0.0031058469878710413
-0.003606929222679875
-0.0037940631676434138
-0.0039002377755072634
-0.003706302964442495
-0.0031044821513644357
-0.0023567737057908177
-0.0013778712893837144
-7.743941024573737e-05
0.001533878821319319
0.0034944755439510256
0.005831516874756153
0.007050656495233936
0.007023861300758045
0.006483965662511404
0.0050151134808494756
0.003495509624821339
0.0019782156246987152
-0.00034240882785106406
-0.0032916129360814786
-0.004931047665195657
-0.005185260678735639
-0.004864197838275403
-0.003455993294419608
-0.0023027609186965494
-0.0014746222066952636
0.00013970730264604433
0.0022613881179712795
0.003187427189657212
0.0028922528934835767
0.0019968552003645414
5.9652041615289425e-05
-0.0016399725946615686
-0.0030490210328567445
-0.00518653356608954
-0.00778831959369926
-0.009006082789909239
-0.008782541484027084
-0.007813550853982974
-0.005607031603993777
-0.0035032872974550466
-0.0015523445702569439
0.0013462987016475672
0.004923751980332016
0.007451196745178118
0.008903974715442213
0.009928730991700371
0.010080252663620608
0.01066578998778659
0.011746382485533653
0.012289598177035132
0.012570491796650294
0.012170633146007758
0.010916792945013128
0.00918459646680028
0.006809093366210068
0.00375142478049599
1.0997050933058908e-05
-0.004561724456082273
-0.010000966937584498
-0.013669736212550795
-0.015358130430620863
-0.016358814263299677
-0.01594640638890827
-0.015712218924393128
-0.01575958038357632
-0.014659945037068993
-0.012738572306886086
-0.010541088827023976
-0.007912872638071075
-0.0047884745640003
-0.0012411105203370362
0.003441336338015596
0.009315894333459614
0.01600432485288508
0.02369676886402621
0.027210130393174634
0.02601578765905214
0.0227106651551563
0.015814245513398998
0.008255994446059036
0.00019779042470640968
-0.011151761737473198
-0.02523335895815351
-0.03262092600433688
-0.032801431088735025
-0.02990462277999936
-0.021391021904573582
-0.01349802071307233
-0.006555061816652937
0.004764616888544718
0.019187174179951274
0.027208235590246085
0.028603244594529696
0.027048535150398782
0.02006763420567055
0.014595496130499562
0.010955279449459662
0.003556260570588812
-0.006159744556544061
-0.011956248388783407
-0.0139236537452818
-0.014057600093934019
-0.010797934524653729
-0.009247414083704896
-0.009605871748031401
-0.008006567223537705
-0.0055262200873415525
-0.003622633676508002
-0.0019836118298822364
-0.0006498255078185105
9.380846512680401e-05
0.002119128300080814
0.005459250898618483
0.008967058973297038
0.013055750822463331
0.014656007242420131
0.013367046165318294
0.010939705287310681
0.006482962185963446
0.001474016318161969
-0.0039701752722705015
-0.011385015150794377
-0.020488125002897976
-0.024475259281457506
-0.02291065909886604
-0.01884640810961236
-0.010424951851513854
-0.001998059406089325
0.00620897663401665
0.018000954507999052
0.03250476783036956
0.03957698808912951
0.03873335398345795
0.034211561565340984
0.023283830141669775
0.012847346172591301
0.003223699431068356
-0.01141641848725368
-0.029678807199577658
-0.03977301522855231
-0.041311975736493464
-0.0389753385173447
-0.02964989894769814
-0.021744748355689097
-0.015645822184981433
-0.004457922287730108
0.010091050368749254
0.018573697624316616
0.020952137902977386
0.02055869138915933
0.01498866524621144
0.011561269179542404
0.010592162517714675
0.006379441497173831
0.0004603770763477393
-0.0028329408704604055
-0.003764053683040802
-0.003346661924566497
-0.0005485278420124684
0.0006103458492565963
8.188924463007e-06
0.0005092782759855027
0.0012579144071532254
0.0016836835394889403
0.002038341089152957
0.0019922809615229276
0.0014556631036550494
0.0015120121685733266
0.002140666875238596
0.0027335220573260653
0.0035162518567913126
0.0033027720706568318
0.0019280396015913396
0.00011449141333662342
-0.002480235344256552
-0.005346719484382052
-0.008432564689450837
-0.012295624354843998
-0.01683617195448862
-0.018589608737710626
-0.01729664006417621
-0.014531455636426027
-0.00933098176749543
-0.0038391403338619663
0.0018426610204797633
0.00964196353102973
0.019141762387373543
0.024169790540089074
0.02438936015366956
0.02246163720055514
0.0167165588990814
0.011260184076839872
0.006294259523227897
-0.0016937745103605937
-0.011874514985412393
-0.017604039974179028
-0.01870226445586764
-0.017784406565808077
-0.013113609193740217
-0.009493507805308433
-0.00715386133990526
-0.002202718790200799
0.004360829918859705
0.008232398472987183
0.009481155712022701
0.009483383934985412
0.0071658431702452665
0.006058736494622847
0.006302881800627703
0.00523077369875682
0.003589838958285826
0.0023618287267993666
0.0013316925770856048
0.0005445175282877747
0.000192288149497906
-0.0009984290693770066
-0.0030464502173274057
-0.005171536017558813
-0.007652773327290588
-0.008753916424934957
-0.008237248120894266
-0.0071264583144918054
-0.004916751290052156
-0.002408477961948435
0.0003274309822708804
0.0041412891422105205
0.008878700234999074
0.01131810677915826
0.01127530212981451
0.010186145816845545
0.00718186626676776
0.004356749651366114
0.001825498015881815
-0.002214103500997314
-0.007334164418589892
-0.010153339565132752
-0.010580211285425155
-0.009938973019151946
-0.00734484102950982
-0.005238364593273418
-0.0037336745402679573
-0.0008501165479736022
0.0029066399603663645
