0.1961495561756716
-0.2389816834428608
0.16585276970599042
0.10887320972673312
-0.09218634348535959
-0.23618325276550783
0.34738791761857957
-0.2528065532746629
0.19109975758013206
-0.18867418247436624
0.1521071797109076
-0.03747875995036434
0.058529441721167155
-0.23846055487364226
0.299171305585008
-0.2171758088454066
0.22321877814987712
-0.32693527041333087
0.3401573491326268
-0.2649162434858299
0.19693527628306123
-0.15734605458629589
0.07187905861600431
0.038241422113341854
-0.10048095557120575
0.1950919567623128
-0.11284945866222824
-0.16346276202219898
0.2251940716523359
-0.14007224594690834
-0.015062490758741817
0.2602083126319116
-0.33637730210241645
0.2758079088350421
-0.17777828653211922
0.050954463225541514
0.039869020537479795
-0.11888871542883847
0.13134304480630354
-0.06803191757051293
0.049955091114209316
-0.10127417100910999
0.10693917556820456
0.0012308159457252235
0.02929449106183298
-0.28537349883366003
0.2638672431799685
0.08877875439312032
-0.1781077812314129
-0.04601182001710547
0.0862259576984197
0.13810885560908312
-0.11054755509832959
-0.21965453761059925
0.268447711322284
-0.06235679099702782
-0.04408415623808772
0.13340706701837737
-0.08197939234822836
-0.16225861709435813
0.14704641342402014
0.08377796531928133
-0.2580868976320312
0.4364573651634554
-0.4460166974777484
0.24665405600157836
-0.18924094142996487
0.33346181297173194
-0.29425449816733085
0.024532576632502426
0.028593013408810708
0.1491066674641782
-0.20237159205027258
0.09882429529795515
-0.07610734225989897
0.18960382403479797
-0.12269821385438433
-0.11460887882165996
0.21480654640496477
-0.26615742672671594
0.17908362774833972
0.12335944268048321
-0.14212959740114645
-0.15034338980871245
0.24548825294011895
-0.11587077858286615
0.09445293048686249
-0.22668320235506073
0.20809917922604146
0.008122244250645436
-0.06315997815680659
-0.10294729761285913
0.08022071488190283
0.19350074850926005
-0.23808361364281955
-0.00784266320528891
0.027596409645614467
0.21214104779259263
-0.2304098555471812
0.05908782552953829
0.06855419808613875
-0.17085910770625423
0.17219526952509273
-0.13569355759462695
0.04017646671522689
0.19984656535637235
-0.1860979160467757
-0.13051250428138111
0.20912507868709146
0.007762322053192244
-0.04770315608949384
-0.1963555208950409
0.14226833424811725
0.2916762735594755
-0.3446951323964193
0.016831075042204102
0.11372972021495689
-0.09745847461484038
0.05233313517500473
0.0745866898743177
-0.036663669755790496
-0.15048021152774135
0.2260736443487297
-0.27251520595363626
0.16855498001033256
0.12354353395458366
-0.18660871510501165
0.0361509013068006
0.07655399407048206
-0.12349551410049059
0.19255233228437316
-0.31977859744442994
0.2944757597845009
-0.1499424651387384
0.03342544521827405
0.11131492750446716
-0.11102320971815491
-0.06861991320391644
0.09782434425205253
0.04651282979514866
-0.07933430710035162
-0.03013735230118426
0.034393387211855336
0.07772253844821411
-0.07404871924180499
0.010222165897460205
0.09092286565495722
-0.2965366997742414
0.2772376776070383
-0.052252151903780866
-0.04052303519508908
0.10480449238742498
0.0006389362151266731
-0.36168837362389195
0.3879597289428246
-0.04700003247362686
-0.0784786445713363
-0.04568239054821446
0.021566736163701302
0.15528171512161543
-0.20399944634176553
0.1504572531062045
-0.053691973248362695
-0.0420115746506589
0.1454937003799163
-0.3215642222079795
0.2724562047925031
-0.029382421035241697
-0.12228929163693916
0.23593116836373976
-0.19325404381302577
0.014444351595222525
0.10335898104877601
-0.18861149739291735
0.18348624407152653
-0.09038125214980569
0.027957823461508373
0.009704716281591733
-0.04764167833048573
0.07304652691565762
-0.1305876833510705
0.1791289997741436
-0.2275011432355069
0.35348433384873795
-0.25097684249103863
-0.0902848316075595
0.2597924868345576
-0.25978225279139305
0.26892511559000704
-0.3107667510052316
0.28217289652028
-0.16944416500316925
0.1194637955334397
-0.1483039277887449
0.1219965824304601
-0.03238506658297583
0.006292044330703947
-0.020023592500259695
0.03630734426203019
-0.11528147549173981
0.07204379318628294
0.1422666689741042
-0.13744397866304744
-0.03200804798304269
0.1385963600136764
-0.3111303145608857
0.19229170074794155
0.31009226209503327
-0.4239797725422074
0.11853758730474281
-0.07035765863592598
0.26383275227246833
-0.37336017869372035
0.3953242231849422
-0.39532236340245563
0.40714059047592643
-0.325311863527986
0.1492125058061033
-0.042537603466840504
-0.015526678558086947
0.05182520200412981
-0.024313155593028546
0.07388705778999849
-0.2543630918356319
0.26003561222321664
-0.0600735100732436
0.022918406525973687
-0.13622895018724435
0.1727478913613944
-0.17774668889706485
0.10151761122054269
0.0736460200646126
-0.13072136615259264
0.07925949955025949
-0.04040545838528537
0.026945396962513496
-0.005443627051744839
-0.04202044446783243
0.017845111621645073
0.057278073821097786
-0.11797352589906479
0.2117941120481437
-0.20054229463882808
0.03451454170482897
-0.030548812238197432
0.2142464538415655
-0.24277775016698838
0.10151284068159785
-0.027494558580637703
0.0791333733839782
-0.009750241846338409
-0.24784813926362484
0.2643838968180141
-0.004845071476533694
-0.0694683502722569
-0.08154642432208908
0.09180126577929232
0.09505772899625523
-0.09051373571148269
-0.12401657839596869
0.16330596620488433
-0.05352255827637884
-0.05749947037929132
0.13044486383980067
-0.1888530948431086
0.33844314415682275
-0.21897435973121715
-0.1891382479959876
0.33196201267266356
-0.24296381289379348
0.11649741444552776
-0.01675501526733216
-0.12419837421762585
0.39500194345853296
-0.3604304964086794
0.03014569289625614
0.13553327936580511
-0.16488261785274216
0.12928294796094894
-0.06251156601214963
-0.023440167564640978
0.16556830832198352
-0.17208567808670977
0.04730487226486775
0.01631982390877109
-0.01338318815240816
0.0021291780436875785
-0.031006463471948516
-0.03133158048143403
0.23181052397923868
-0.2600985248668313
0.081186381797484
-0.045379937968247186
0.16337752697704677
-0.14890263697486084
0.07151268824648274
0.047361635979996104
-0.32776448450155704
0.29981465462427287
0.12136502636332867
-0.16232698872337267
-0.17005541383535838
0.29538575341578005
-0.26515668556308086
0.16648931414282708
0.02144736060409834
-0.10852324071732754
0.0723579373585401
-0.10082158722249539
0.20312811288520724
-0.19987308167080436
0.16479628343059333
-0.06453193921388489
-0.20981080224079393
0.16670488797593114
0.22187480389004177
-0.3161954243580022
0.20598659244357795
-0.06495275040927069
-0.23879667753015166
0.19069782894816933
0.26610122876503745
-0.3518746074239578
0.10176919983039284
0.0671174705602895
-0.1554204534330327
0.1770211560471479
-0.20857990042608052
0.10164087025492088
0.20551068953398696
-0.25916781952353235
0.06438624054938338
-0.005503141338796748
0.03110497916150665
-0.11631594500406016
0.30030297765580993
-0.3309478279583969
0.1992786096237123
-0.15499937965170157
0.20102380187722868
-0.20725722733591706
0.1777458255986228
-0.16130806113851223
0.1642865784857554
-0.1808021230332327
0.14681805368902773
-0.20544801064195883
0.4282775413700082
-0.38783779036445337
0.09305305668890627
0.05600674337875511
-0.0988648853137488
0.06888174491438755
0.026363895599268418
-0.06550130091541383
0.09866197166156018
-0.04474655391154497
-0.11602963126851548
0.1285534811175895
-0.03317832288245357
-0.0875838217092994
0.23666843287739317
-0.29297779379068434
0.2665548728264333
-0.18167974600921813
0.10044215725966414
0.06993301121889933
-0.36907134412181364
0.46005686775427207
-0.3503950483258837
0.2905073708978402
-0.2743513598928226
0.2465041761112847
-0.2229351108973468
0.17618414322483222
-0.06850064119284602
0.035017163392118064
-0.12768412004268986
0.05505135280955225
0.17133051638538363
-0.27374319181421525
0.3087791788958294
-0.22071600615012882
0.01829355663039406
0.08934344317760791
-0.13199663335517242
0.0877593454889775
0.0011768891072202609
-0.09520673490617503
0.26227172114540004
-0.23160633692361476
-0.01528317718021073
0.09305061919243496
-0.04128089520290433
-0.0017645450894825492
0.10637794035206169
-0.048379033634802844
-0.22675571225317995
0.27848935816312015
-0.08965487646470788
0.05888926338050855
-0.13723714214157604
0.19963582688938572
-0.35110831410526594
0.2589086046750555
0.13276692304716808
-0.21090972582695
-0.002881512424609753
0.12758177377564994
-0.1715424818338675
0.17453506421803686
-0.17335174260289332
0.11543526213634436
0.04207171481337782
-0.07319238442091984
-0.09175295925726386
0.09476079006393717
0.18055608253478062
-0.13372722652661323
-0.3295006812265275
0.3878618429914422
-0.011098351841461032
-0.09918976052107552
-0.037008846838627034
0.088634987625677
-0.09624504216660278
0.028584807053268657
0.12018752348904711
-0.1746880671089495
0.1812487948240389
-0.14179101786342937
-0.010417768436437921
-0.019079359573726216
0.26353148945086874
-0.3091803405176532
0.15933392796610885
-0.07910087044950771
0.05817221222704145
-0.025306223257080464
0.021798622396228713
0.043999405180137355
-0.18946126622549395
0.1933397307485691
-0.08767917390311936
-0.05568354174912895
0.19971380455463453
-0.3205382691506514
0.48715796957630536
-0.434444209732335
0.17327008823110326
-0.028267480046742725
-0.02329910198809835
0.017898736427995825
0.05888633504697514
-0.1239710470380301
0.09301489808795463
-0.20761189179912154
0.5383705225143398
-0.5489367693493775
0.26311707492172914
-0.0877979909176814
-0.020256568748891098
0.04043328857696307
0.044595680051103606
-0.03499649122239112
-0.05053623984237861
0.10954896039389848
-0.17524715584629547
0.15210644834045411
-0.03425676815465099
-0.013264502519466388
-0.010716625547644291
0.028146868289537344
-0.003920770833366719
0.036214790690581575
-0.1612966162283267
0.14289258977277738
0.009544540547105303
-0.09799947696831193
0.13102522111970888
-0.1255788070224872
0.10972020564383268
-0.05439211870965049
-0.06298202309933795
0.08186933246511903
-0.027057302696382138
-0.0044003093089088445
0.06213592349786895
0.006603641224754975
-0.2066309838005415
0.29220407144024835
-0.28263117282866057
0.24680502916264443
-0.17938684917249378
0.13432678460616457
-0.11415103750616347
0.07094587080655454
-0.02902312943321825
-0.0284977064059954
0.13789596251782052
-0.13184392566531822
0.015431620020965642
0.026451453805929708
-0.022184109345236458
-0.03833405454807224
0.14225319037170192
-0.2058932754553632
0.2597363543545764
-0.23297746113089018
0.0877038436137526
-0.021293052468035843
0.12031281675838122
-0.00532272529274513
-0.3471375223155764
0.42387524851707276
-0.33504446755932604
0.1466002774765965
0.2513791570124231
-0.26692783735223485
-0.09715793318587827
0.22268276794255543
-0.20291610930504037
0.07565300541665194
0.22366253237769784
-0.2417997007324941
0.0013758086209474801
0.14529853046420324
-0.2112181570515943
0.21019766058057232
-0.19347421585494462
0.09927223345419992
0.07907715812945712
-0.10799870045020174
0.07822150300847464
0.07267171365221835
-0.42102732411477495
0.47029650143981644
-0.19226595912425978
0.09650415225249896
-0.1937485757734107
0.16966635450084802
-0.05592059937499675
-0.0539431680900106
0.186616515328768
-0.2089961709784068
0.12346024046113752
-0.06643230679451059
0.05393055870893101
-0.015322026676323514
-0.07049542035711596
