-0.002834906428905525
-0.011374501313222563
-0.012970887640711255
-0.006801839500930238
0.0017906616211669098
0.01539952819899829
0.01959967276749895
0.012923262071798156
0.004472496614739182
-0.009583233355931746
-0.016942043896020723
-0.01603461707243778
-0.015974605925397345
-0.013527692142629234
-0.009718798020715973
-0.005295118574329856
0.002923631772012324
0.01469970152507962
0.020433926636189054
0.019861101200777897
0.017503716913902914
0.01097026274810748
0.005244389145524802
0.0007325372527145272
-0.0070358990345624
-0.017000201491194807
-0.020432398565115726
-0.01706550583824872
-0.010321360623447049
0.002099136382428016
0.008177022532079237
0.007038070591839492
0.006490706743341557
0.0035716732872978127
0.002021512628141113
0.0026870882011742992
0.0013745047284757883
-0.000951134839333289
-0.0021955666403293255
-0.0027312141856837054
-0.0028671757462231232
-0.0022153437573436403
-0.0013546544934241447
-0.0002272545401101396
0.0017669581792848308
0.004578073828494335
0.005024124309275255
0.002920250875798198
-0.0002081276357628197
-0.005205015711449784
-0.0061237678026232105
-0.0024139148280978577
0.0023624202111178745
0.009783143243509849
0.012321826527895693
0.009129002917480413
0.005124297183698523
-0.001710736697200345
-0.00669042658651894
-0.009141618157938645
-0.013023713979523385
-0.01713775360909499
-0.015486089157801655
-0.007848146601593633
0.003909621829865855
0.021459804696894038
0.024937523869610866
0.012738157474224066
-0.004167276914380869
-0.031064521011363554
-0.04037344474872892
-0.029263676466737713
-0.015412169378611559
0.008475391094429572
0.026325055482835334
0.03581014654124037
0.050807177698008334
0.06724051022648062
0.06206462631598795
0.03437154715034333
-0.008200479016484848
-0.07204025958648107
-0.09819035130325028
-0.08212336459197525
-0.057777455311956195
-0.009806250628812461
0.018313247355267466
0.0215390459116518
0.033770338381899176
0.04412120366810791
0.045813329019591
0.04122518569495031
0.024930889002258726
-0.004675200887609022
-0.015807808229232213
-0.007524804927855138
0.0031693108171668796
0.023910961276941308
0.017634672082932946
-0.019849884992108015
-0.06472310219052843
-0.12697739038997333
-0.13144459328575253
-0.06959228971230844
0.014614404640512745
0.14215912988674376
0.18643524721226357
0.13442853514135084
0.06466094180582632
-0.056785312769131305
-0.10703623532346129
-0.07134341326699892
-0.037216467984261696
0.027683474731321822
0.04955050214496576
0.015342964621415215
-0.013102017322605028
-0.05608988394958413
-0.06604139615556552
-0.03288006018903406
0.004249611696158532
0.05948849981042122
0.07650236226891047
0.04703190998216642
0.009917330620583295
-0.050718578888177816
-0.07306777143934216
-0.049299656272396956
-0.022495695405082936
0.023997072877628593
0.04767832832428865
0.04193689773358627
0.041038662613633516
0.033574782680946796
0.02250084053548385
0.010929753601894158
-0.011951935307717102
-0.04517694292603496
-0.05663007263867155
-0.0453465121646925
-0.026170666457206462
0.008980141094630325
0.025367644394562593
0.019903029991202106
0.016134477359995736
0.005343724890816937
5.918448684425436e-05
0.003066834942154245
0.0012998975810169138
-0.0018815466036206678
-0.004082616173132286
-0.0066805900094946725
-0.008277898181392672
-0.008689302153958208
-0.005592194168545078
0.001687135336021822
0.012213155284695507
0.02693436815693436
0.028104841345369856
0.014207275857453894
-0.005387889883442284
-0.035519789388261204
-0.043615951509984305
-0.026522742550587945
-0.003949756254365739
0.03279453734311438
0.04491225557768368
0.02797882685461265
0.007860000620808726
-0.02579743166452352
-0.03687205790627069
-0.020492721870288496
-0.0025418798585824546
0.02675884143318638
0.03779501267585221
0.026053256278956004
0.013800367488769352
-0.007109841205308114
-0.021208229409803377
-0.02550511210946299
-0.03423563094101292
-0.043191903697913356
-0.038568188584085984
-0.02040232906626123
0.00821042579310355
0.050999218033961166
0.06541575025650342
0.048336628753716616
0.023459075183771907
-0.02033236878572698
-0.03944315648549998
-0.029216575323947835
-0.01995843203003695
-0.0004050494459732089
0.010796066025092678
0.009855840570199427
0.014947444430938782
0.021063549587361403
0.020645629549691104
0.014987384863339615
0.0037561619290829244
-0.014696723542978182
-0.024233371829909325
-0.02416686125680076
-0.023724760073066727
-0.019010460747549113
-0.011968100143484886
-0.0031343343655522143
0.011674985612369333
0.032217923998318646
0.036323638573696776
0.022722020335834925
0.0019870977680132014
-0.03175238395224779
-0.0438018825672
-0.03102872811576243
-0.015095956924949045
0.013023196800266645
0.026919679734105622
0.02308595204335561
0.02170123572566163
0.015843417323203504
0.007823334237164331
-0.0005653895599176295
-0.016117220097060053
-0.03817824289424841
-0.03824300838353506
-0.014829399835450988
0.01886584602268638
0.07036223960227642
0.08349204004367133
0.05312582888389893
0.012513867660181227
-0.05326919859304043
-0.08208083291215064
-0.06693846066053552
-0.05019463353633019
-0.015467325298545592
0.007398266759609783
0.013104678747051426
0.029637744296561446
0.049231738673115595
0.04758460130992345
0.025378767598917284
-0.011941554718862045
-0.07060644362648302
-0.0853675082231564
-0.05150207944687592
-0.005718599410986595
0.06892892289978532
0.0989999292085679
0.0765118137686025
0.05084010141015797
0.0026764946909216213
-0.0169869994711819
-0.0004195976813574317
0.011971638295405799
0.03386375024769219
0.017058147111344804
-0.046593933278512786
-0.1231993459896363
-0.22681883449990206
-0.22948225784433537
-0.11689660180501052
0.03832950145585132
0.2721530732776251
0.35171587375203484
0.25383059691675985
0.12080788132899106
-0.1096460469545728
-0.20070892855043396
-0.12464746835160993
-0.04752829617858864
0.09299119752987141
0.1198177617010738
0.004933916621753886
-0.11594138247271318
-0.2916662602989507
-0.32293553977226375
-0.18028752858845118
0.0012371140684498637
0.27824597545788476
0.3889701760121248
0.30219517141515495
0.1913578053347382
-0.014376341509081524
-0.11932830163616373
-0.09650175660376592
-0.0996002021457083
-0.07737204574655801
-0.06504583201116554
-0.0789253994859311
-0.06064675533901794
-0.02103334660155271
0.004074644120805673
0.02045002793514855
0.03765222083637149
0.04939812317043682
0.055539359858823995
0.05542641624669943
0.04438592360848319
0.021235728193985535
0.005309475219793249
-0.003418873719359836
-0.01611123238341435
-0.02855810347233294
-0.04059942820476645
-0.05295265892108658
-0.06246522465095833
-0.06898324185148845
-0.06086930329409517
-0.03598575297815375
0.000712080188820588
0.05320742385680499
0.08596851386495885
0.0963169749511863
0.10510554063009345
0.10316125138837591
0.07933348157535039
0.03297373524431451
-0.038737318909622585
-0.14001207030815024
-0.17280497405970563
-0.13024783823842692
-0.06348702043107683
0.053461154085524494
0.10366151846819475
0.07585445102253288
0.04842292453335895
-0.008619312771354606
-0.03341145445008783
-0.015201289251906008
-0.008189945817245945
0.0041630640759393765
0.0098576360093165
0.00237059228634006
0.0005684438938593258
6.477494962178645e-05
-0.0008265033025918015
0.00021577136707429356
0.0004085327617229361
0.00011403067779021893
0.0004905493456163525
0.0011893840583085198
0.0021251523843415295
0.0034320229499917986
0.0015259908825586187
-0.003925340297765553
-0.011170977995698177
-0.021220252034021073
-0.022308479559843063
-0.013324082960295353
-0.0007329362310738442
0.018689722137668008
0.028436478822533844
0.026883321762160857
0.02472240016594245
0.017642168589721292
0.011131860523180805
0.006224434892321431
-0.0033638026162329097
-0.016347820580795713
-0.024687656380996167
-0.028539388406711486
-0.030885019427509486
-0.02980429404954277
-0.022792009797461422
-0.009339450968413045
0.011123957629897017
0.03973871454692939
0.04891229982745842
0.036638619976542795
0.017289954821064026
-0.016492212009431274
-0.03136713074489657
-0.024157265193347054
-0.017192813905188613
-0.0019385661000779816
0.007266381266360932
0.0076912846395551515
0.013228122627214426
0.020116511947319296
0.019264480590223728
0.01136586405207225
-0.0021768959240070647
-0.023549143430303315
-0.030931890191511817
-0.02290001752346829
-0.01181678924958008
0.007882854951187792
0.016260193804062916
0.011031591793226539
0.006391841144230342
-0.002841912123373818
-0.005383728592865269
0.0008520515141432354
0.006247454173628168
0.013931958970139949
0.01557874947794272
0.009511413887910004
0.0022292999028716686
-0.008748394014165621
-0.014859476655718672
-0.014890029744649737
-0.015071222892366938
-0.01306250860860938
-0.008543181355709965
-0.0018388088108406931
0.008921221163255227
0.023941470293465692
0.026651906424477817
0.01597379080334265
8.701195756437794e-05
-0.02542408774177125
-0.033330024161985106
-0.021099658673606973
-0.0055476500698321985
0.020479996220485453
0.029639117993350596
0.01859126098931651
0.006385821758619359
-0.014267838551607117
-0.022518144003897216
-0.015182631137528437
-0.008268939072996487
0.0039087122387052526
0.011188257950160993
0.011418971483880203
0.014180359556780429
0.016640519416929175
0.014890347472271383
0.009502719769042394
1.9095068279308754e-05
-0.014508686583254889
-0.021051017876989212
-0.01890988528393623
-0.015213711484780056
-0.006683878380123176
0.0001066506954947871
0.004382122682665186
0.012082411456413969
0.021682032499701645
0.020681325916509105
0.008555497412756748
-0.00990334208453308
-0.038080510938448574
-0.045071308774691454
-0.028304252775364608
-0.005509215572600142
0.03147576186425334
0.04634470753578571
0.03515651303037825
0.022177597125367408
-0.0021589278810830222
-0.01490477760385196
-0.012523010160315933
-0.013976637374842085
-0.013197996666065156
-0.009682713484107165
-0.005079173567190596
0.005293315976489362
0.021397125956976674
0.02556061946417744
0.017181577965241706
0.004826008906611765
-0.015930626653691795
-0.02541364000253957
-0.021744266892453075
-0.018072914171839274
-0.0093617983604236
-0.0030811837881289574
-0.0007321437455181865
0.0054254225327522165
0.013466674099973383
0.01736660098585935
0.017511110781317948
0.015327953721537236
0.009404209382737313
0.0041448967997040126
-0.0003838321047772751
-0.007579243051264378
-0.01658164254038782
-0.019718418031306854
-0.01666019445849828
-0.010477616081769583
0.0008946248340512239
0.005619751039268204
0.002810411185630908
-1.5710144585997523e-05
-0.0058188907676993895
-0.0045221663553049445
0.005293018195239296
0.01643123884743525
0.03165369662529067
0.03205951717842831
0.015323252556128852
-0.0073178318753177336
-0.041212477126716454
-0.049920859329512915
-0.029695008831246116
-0.0025220535684869236
0.04145633681581502
0.0560434825692844
0.036106662605598736
0.012091435713455568
-0.02831131270683766
-0.04572150499267682
-0.03479494349463322
-0.02465650196916438
-0.004766911793442104
0.00696061132014345
0.006762575233139408
0.011937286244424694
0.017574773919035492
0.0189683256637454
0.01751628115154904
0.011545993076960293
0.00013561244227326062
-0.004848077923997805
-0.003114620933831408
-0.0012351512802162095
0.003568633002242285
0.0007878521699072012
-0.01090602049724279
-0.024301799289951315
-0.042237341575839284
-0.042903003819451495
-0.023709087601998798
0.002679215670966632
0.04242744761801186
0.05898273972819193
0.04866262091829408
0.03428721566338004
0.006127128441465206
-0.009597635412517395
-0.009500183212631045
-0.01441274907839308
-0.017634637613268417
-0.019700895905992773
-0.022537518642081325
-0.020546722637867932
-0.014092752075163606
-0.007783881970082988
-0.0008192891970977281
0.008965699995299989
0.020940173142387417
0.0254115812596379
0.021666964276826014
0.01397087505349319
-0.00039441833526121804
