0.007363636546411175
0.007650944810504908
0.007948023566422581
0.008255546711784922
0.00856651923899168
0.00888304280257983
0.00915634994537938
0.009380686856262678
0.009580387503246189
0.009741080952306474
0.009889066520807318
0.010025421750363781
0.010123810836591942
0.01018885963963027
0.010258185058663266
0.010330953510956205
0.010391360662493562
0.010448077516768932
0.01047100543976612
0.010457516512025295
0.010429190288894044
0.010378698310649496
0.010336883923214388
0.010308679477206383
0.010273852056017902
0.010241453848147846
0.010198010354699936
0.010141844178928439
0.010087654981175991
0.010032632776804665
0.009945442936688404
0.009825307069208209
0.009685417682828856
0.009517762759146517
0.009344252242568112
0.009166239636517698
0.008966056203008844
0.008748437564505072
0.008553337711840534
0.008382672070647551
0.00822093753381523
0.008079065114225728
0.007929647883250589
0.007771834960265167
0.0076290804920781064
0.007496122095048828
0.0073504093666494075
0.007193165119175705
0.007032063621945311
0.0068620194417200395
0.006703083078332504
0.006556628658114783
0.0064087924347051685
0.006264326057142386
0.006089841246485816
0.005880782484707666
0.005656483306670565
0.00540718088279384
0.005149116100823827
0.00488361064998284
0.00459380576710034
0.004282830259256794
0.0039798654289243856
0.003685027358297398
0.00338612389745121
0.0030903024470307627
0.0027758662071715617
0.0024412408635125457
0.0021030264391958724
0.0017562714363185813
0.0014323227250940557
0.0011361706791190676
0.0008495548379706882
0.0005820142080003567
0.0003194478000805516
6.094778758937498e-05
-0.0001776505275603389
-0.000398754809856211
-0.0006311046646056768
-0.0008746277021841876
-0.0011165823820649024
-0.0013637948909307935
-0.001594649645682491
-0.0018072345896713922
-0.0020176332032088595
-0.002220656218857807
-0.0024317415470851084
-0.002653945872759367
-0.002876037882115325
-0.0031027001093145885
-0.0033283728745224154
-0.003552142095254022
-0.0037809393820892093
-0.004013611482476071
-0.004232264631915336
-0.004436303161550032
-0.004633578184264728
-0.004819481633584413
-0.005006133831341136
-0.005194330892816308
-0.005374144937852772
-0.0055481987581820665
-0.005748261509901519
-0.00597634861763143
-0.0062193563401776245
-0.006486124729833105
-0.006755926661688682
-0.0070280844604779956
-0.0073209017021518
-0.00763046370513864
-0.007937502818276097
-0.008242910410949551
-0.008553672168917165
-0.008865426328268786
-0.009194860646335797
-0.009543207293634358
-0.009898840744775511
-0.010265751317985593
-0.010619239234172805
-0.010955830901411048
-0.011290218540130174
-0.01161518279003778
-0.011942509928574934
-0.01227326053696657
-0.012595108367841681
-0.012910366281210927
-0.013241309763793709
-0.0135881391372161
-0.013941547332789917
-0.01430705052050889
-0.014668320605940786
-0.015024219358495135
-0.015387398445920755
-0.01575418082230104
-0.01606791919969807
-0.016324185060863024
-0.016546826725826712
-0.016719701162351063
-0.01687822488989266
-0.017023327836221736
-0.0171225718271702
-0.017182348412904613
-0.0172385940018433
-0.017289589125364643
-0.017321443673016985
-0.01734212988083164
-0.01732060710174949
-0.017254248562941818
-0.017164380650435924
-0.017043352899557995
-0.016934483235612776
-0.016843733365311225
-0.016744637273747486
-0.016649679887360803
-0.0165379819419151
-0.016407359159691968
-0.016279203199014578
-0.016149182927821946
-0.015977143002670523
-0.0157623849066042
-0.015521334501038592
-0.01524381187649423
-0.014958633503630702
-0.01466753875612119
-0.014347627976574276
-0.014005157619167903
-0.013675834266351456
-0.013360552777781802
-0.013046866920061554
-0.012744317852536621
-0.012426630541069674
-0.012093089159970417
-0.011765272670144508
-0.011438056528064329
-0.011093683133527715
-0.010733427025255668
-0.010362641422435563
-0.009977383334109873
-0.009594294209374507
-0.009214399626798438
-0.008826415561853124
-0.008434255920989401
-0.008004959537032225
-0.007534245249094757
-0.00704058888620993
-0.006514377177955786
-0.0059721019399432505
-0.005414967820323414
-0.004826100132783293
-0.004208636617108728
-0.003590268893187063
-0.002970954948496087
-0.002339184991381451
-0.0017016686962164403
-0.0010374835528586506
-0.0003450695857890115
0.0003597678913898524
0.0010818567641845773
0.0017168764576156053
0.0022524772495471136
0.002740995583281426
0.0031517106734889598
0.003540750639501836
0.003910496361191487
0.004204728016065069
0.004433360701789063
0.0046772476797958
0.0049346928276217976
0.005171761288675495
0.005407147214636401
0.005576354310589703
0.005673801029501528
0.005745865471652496
0.005776891600479006
0.005832424859454469
0.00592304600926954
0.006005737590622523
0.006099787059022666
0.006176748790244451
0.006233105296431976
0.006300079845836262
0.006371781686498126
0.006381523298168251
0.006327684418404895
0.006238445161394377
0.006096789533490038
0.005949397961471931
0.0057992071732857475
0.005608651879802399
0.005387862455624426
0.00522213998250078
0.005115631495973911
0.005035291673312215
0.005004497336490191
0.004964844054435256
0.004914566515511605
0.004903751116328296
0.004921225651035264
0.0049189057303044475
0.004899449901220599
0.00487929740291202
0.004847643692960265
0.0048473309272213366
0.004881344096092433
0.004920144932363302
0.004973925758276052
0.0049715677793611855
0.004903408521286197
0.004810720204304948
0.0046727434933120805
0.004524141125933331
0.004367783356081919
0.004167789438580901
0.003930879242976493
0.0037193228717120564
0.003533421477288841
0.0033472300978486394
0.0031760404764437982
0.0029736483570107497
0.002736749434879515
0.0025007878828966204
0.0022552597179831707
0.002047519528785308
0.0018862492627039122
0.0017416983237586148
0.0016285669668862023
0.0015280173117698593
0.0014385417112853798
0.0013831506027362423
0.001358740376268485
0.0013180877449799515
0.0012609523480900556
0.0012088168752166983
0.001150355469212667
0.001120174688297465
0.0011213970228403272
0.0011279055838018292
0.0011479872770682933
0.0011621450335082663
0.0011659099850204167
0.0011747599062313446
0.0011826468848111925
0.001195354352689086
0.0012141678747881032
0.001230826869674604
0.0012465596732550216
0.001286492808108828
0.0013516532431513523
0.0014307776940969096
0.0015304029375652183
0.0016339644926369697
0.0017403707295307773
0.0018634272468118537
0.0019995829382944068
0.0020957532388594814
0.0021482742681114804
0.0021796434352279706
0.002175020730123295
0.002168381705599779
0.00216090704990624
0.0021222709336987367
0.002058880759641556
0.0020039290211427523
0.001956027400596098
0.0019029298071171217
0.0018521969794839373
0.0017754528048259791
0.0016705868518616716
0.0015575036393137918
0.0014294299344723854
0.0013264437425524892
0.0012542981780093606
0.0011889385855432808
0.0011421099217389075
0.0010949259109464544
0.001045652746353079
0.0010142064755133454
0.0009968864618140774
0.0009571264921883673
0.0008945635420132315
0.0008245417559375021
0.0007379978230594692
0.000661647384539198
0.0005973621619842149
0.000524408320074789
0.0004488023130109544
0.0003818907578515258
0.00032253833795161416
0.00026973988816617354
0.00022620659185415687
0.00018051644165499044
0.00013270562049733813
9.085063981083532e-05
5.272161565866792e-05
1.784813656322871e-05
-1.2820966553316292e-05
-4.046747541537428e-05
-6.490651905945447e-05
-8.339983737250577e-05
-9.584826086474767e-05
-0.00010330950304879492
-0.00010505864557508805
-0.0001162173467546382
-0.00013822103236921734
-0.00016330528448322003
-0.00019570140978043452
-0.00022680252703707266
-0.00025602225334575254
-0.00029138581374656575
-0.0003311632069904979
-0.0003641945617672864
-0.00039057049060069177
-0.00041455188210198877
-0.0004334164435576834
-0.00045583953246169527
-0.0004823618535744194
-0.0005064399137701568
-0.0005300188179170367
-0.0005503273756333111
-0.0005663775836665848
-0.000580864703278839
-0.000592814174540046
-0.0006022458748220409
-0.0006093172335805358
-0.0006131016287852037
-0.0006135542194949752
-0.0006149642611189557
-0.0006174947849480447
-0.0006189891793660407
-0.0006205205265775622
-0.0006193083394674648
-0.0006150804946749539
-0.0006100877285495955
-0.0006036752924109373
-0.0005948366426832676
-0.0005837140933380193
-0.0005702967598989802
-0.0005543519974041729
-0.000536945685929696
-0.0005180583438002529
-0.0004969515945542409
-0.00047382685358591674
-0.00044842704316237737
-0.0004206323911312782
-0.0003906853871638782
-0.00035847977537121773
-0.00032392528273339987
-0.0002870145819911514
-0.0002476803858570344
-0.0002058813587557233
-0.00016859563792448318
-0.00013649869137482982
-0.00010627098263934696
-7.99131775727666e-05
-5.337858195698451e-05
-2.649086931434089e-05
-3.0826535287173998e-06
1.759615322537121e-05
4.053964570817868e-05
6.562183382166612e-05
9.085851441853648e-05
0.00011741011772095084
0.00014122142501202627
0.0001619740265235575
0.00018258425843710178
0.00020208564026627873
0.0002250724774541491
0.0002522705250381071
0.00028078043877716847
0.00031196303305955814
0.0003437889580225473
0.00037604488310737436
0.0004109593862846733
0.00044813307610909513
0.00048309984550009405
0.0005157880329013943
0.000548102776420113
0.0005789271372174677
0.0006114595189643144
0.0006459236543989849
0.0006798052357580493
0.0007138195897361363
0.0007523259952017311
0.0007954855700373428
0.0008417651441511983
0.0008923555060822685
0.0009441556989601514
0.000997102678914292
0.001053818346867975
0.0011137208508744383
0.0011746105431270424
0.001236662321744201
0.0013005972545185296
0.0013659450278505265
0.001434787080671223
0.001507279897842787
0.001582048310708362
0.0016596027187969974
0.0017361149147578627
0.0018111030929421242
0.001886774653059257
0.0019620307813405383
0.0020388100010719375
0.0021172826898331054
0.0021955098730382324
0.002273882807753821
0.0023557019539361375
0.002440993678139256
0.0025284210278801542
0.002618805980312994
0.002709712243888045
0.0028009837310918337
0.0028945135510827836
0.0029897614001895625
0.0030744090944945612
0.0031474048348173037
0.0032141267682443604
0.003271045594873467
0.0033256727776865684
0.003378230060242408
0.0034217412491021515
0.003457561127708221
0.0034938491950979853
0.0035302697337870827
0.003563615583095792
0.003595718135188826
0.0036196594981402156
0.003634856299694034
0.003646116986778283
0.0036517459303215608
0.0036609061875221725
0.003674896918586315
0.0036880681535331793
0.0037030736822662494
0.003715571400096438
0.0037251015263111776
0.003736168747205873
0.003747877600650395
0.003751620588033287
0.0037472444902879897
0.0037382980680427755
0.0037226015933519803
0.0037063182229678296
0.0036898283838341854
0.0036682358406452376
0.003642883535488811
0.0036221491163569357
0.003606303784061192
0.0035923465967495813
0.0035825370159546246
0.003570840013557797
0.0035570930450972487
0.003546322326900235
0.0035373621995842186
0.003525900434411006
0.003512231913280955
0.003497718485199364
0.0034814042922982104
0.0034672826361257067
0.003455615279758214
0.0034436922472508348
0.0034324609805838867
0.003414399701400567
0.0033885257941176417
0.003359103590034807
0.003323943557697734
0.0032867944791055543
0.0032479454084848878
0.003203562901126085
0.0031543689293349404
0.0031067629734121706
0.0030607526187187246
0.0030136856750606236
0.002967123246462726
0.002916264533337453
0.0028607615164980174
0.0028042670142366657
0.00274568258609642
0.002691618915950855
0.002643139441136488
0.0025963497775232714
0.0025532609086323047
0.0025109288425969626
0.002469153106750953
0.0024312544603618657
0.002396726400525028
0.0023594488804149476
0.0023194261122649494
0.0022793699136966768
0.0022378204052753304
0.0021993565275748054
0.002164378477448348
0.0021294631201598246
0.0020957046691326277
0.002059935130270524
0.0020215098970865313
0.0019827514140741092
0.0019426920592636033
0.001902438397416478
0.0018621748026883054
0.0018204864672346946
0.0017775990586846684
0.0017372241007418735
0.0016994836262711724
0.0016627359658567414
0.001627934076370033
0.001592564015290696
0.0015564552602445037
0.0015216616428679218
0.0014876353959162305
