-0.006971890787213778
-0.007966752260565013
-0.008969257155072524
-0.00997450138544128
-0.011043854215160288
-0.012160355542359358
-0.013008534792169733
-0.0135632501430623
-0.013960316161953135
-0.014110029296816934
-0.014208291043582382
-0.01426107637662395
-0.014088916881660573
-0.013727617453820132
-0.013381814908874622
-0.01304288523568962
-0.012631922104957801
-0.012194980848405673
-0.011557750331239593
-0.010706006815256464
-0.009761042881170119
-0.008680414324023831
-0.0077021280477501015
-0.006859871959681755
-0.006008380929374259
-0.0052167804611499575
-0.004372088529545897
-0.0034628688579564134
-0.00260664141970554
-0.0017804419557564694
-0.0007632113831542318
0.0004484355604586652
0.0017629948709372944
0.0032360941092227924
0.004708392693954886
0.0061696830001597295
0.007745649336492357
0.009401233155282497
0.010749453446819034
0.011765297123036584
0.012605407067841985
0.013161388996036711
0.013685950220216283
0.014186106048901734
0.01443747533300446
0.014486921000449553
0.014567534542412972
0.014667366849590541
0.014700708061895747
0.014719513706819726
0.014519604711276505
0.014084985114952901
0.013556058289450074
0.012883222795951584
0.012377010436594546
0.012079775761675295
0.011806547202108445
0.01164733716759386
0.011451396133566993
0.011204564511382077
0.011061873394295624
0.010993024528079143
0.010718111727780375
0.010233915120271931
0.0096558399343689
0.008913955293007002
0.008212355708013774
0.007564415268840717
0.006810610554400447
0.005996229001827127
0.005298220683074338
0.004716459582203986
0.004199974531860762
0.0037952065060051195
0.003361833974047388
0.0028975850413459955
0.0025138152911013344
0.0021834340450521475
0.0018365597872094844
0.0014817057535315688
0.0011358576162313655
0.0007847547229455876
0.0005024265047927244
0.0002935196906711845
0.00011114932878945751
-2.6733642281606145e-05
-0.00030013875549960236
-0.000730305164975981
-0.0012183440655099869
-0.0018158993861294007
-0.002428739293740257
-0.0030498340122970024
-0.0037721933952853783
-0.00457730318255686
-0.005318734873771545
-0.005996644864589443
-0.006670110452570677
-0.0073033424219475064
-0.008007264332300833
-0.008789474225894116
-0.009565645443100785
-0.010360925396624756
-0.010986447317582762
-0.011413789296257928
-0.011749479578932421
-0.011936408511694472
-0.012062897953690798
-0.012134066329833895
-0.012053164853387898
-0.01183532226094852
-0.01164691830906268
-0.011486781765379964
-0.011281768009531516
-0.011071084782315006
-0.010727866326686871
-0.010240827465206277
-0.009703479135267947
-0.009085198093393922
-0.008481894293200825
-0.007911707158124007
-0.007305913905058024
-0.006693302958132279
-0.006037699921459045
-0.0053333417927454
-0.004623700027966401
-0.003901131213750464
-0.0030569143269028034
-0.002087438139969852
-0.0010398310875989207
0.00011398887466045761
0.001300232256116306
0.0025142554057653904
0.003816622898409821
0.005191496759985655
0.006285030312882846
0.0070685576881572764
0.007697045565584358
0.008070029953982413
0.008405732604091
0.008711503484315791
0.008787203769596304
0.008673066028735993
0.008601766767335038
0.008564353722472108
0.00847121768966655
0.00837520053309135
0.008079948262389494
0.007569819042733804
0.006982581854229522
0.006270803615296026
0.005695410973626079
0.005294165955647908
0.004907451039068309
0.004611442915223372
0.00428390790296411
0.003912637148311401
0.0036262603733374513
0.0034002433232468363
0.0029911962253860217
0.002395623227554171
0.001715091189702218
0.0008886040265760353
9.187849954069664e-05
-0.0006634340752189897
-0.0015154009312857665
-0.0024250643076700546
-0.00315154752704265
-0.00368606230337479
-0.004113985318764507
-0.0043696775915984636
-0.0046248440580004355
-0.0048832864849344204
-0.005000257140269037
-0.0050082094593727235
-0.005030298446389895
-0.005057248956492617
-0.005048887030495796
-0.005031854417717786
-0.0048906266135672295
-0.004616802265599626
-0.004287379280362726
-0.0038742852987510286
-0.0035916499126232002
-0.003466732785141197
-0.0033766838654429713
-0.0033832275342379602
-0.0033784273732809216
-0.0033531423603540295
-0.0034160417823890592
-0.003545635453676558
-0.0035579566343741337
-0.003451899625318495
-0.003302498298415921
-0.0030642108504213648
-0.0028734797222971257
-0.002739388949895975
-0.0025565695203534767
-0.002355565871283618
-0.0022058164465484247
-0.0021027261985882206
-0.0020355677638608984
-0.0020215151310066827
-0.001995494359927132
-0.00195737926156151
-0.001954801421810714
-0.0019751131046738127
-0.002006576527806274
-0.0020541361524832346
-0.002115522079528259
-0.002189443645572857
-0.0022972058089870094
-0.0024398556174637367
-0.0026065687975013233
-0.0028027500426157765
-0.002940621551048637
-0.0030112401052797564
-0.003060471175534295
-0.0030635414274848643
-0.003069249428907874
-0.003080953713534975
-0.0030523692202883324
-0.002993207153259025
-0.002970112851799213
-0.0029826454754853416
-0.00300485605424701
-0.003052978621275082
-0.0030755276690962196
-0.0030691574481309584
-0.0030727157239819666
-0.003074585924025517
-0.0029917543235145976
-0.0028198029217847437
-0.0025891170893192978
-0.002276465447885594
-0.0019385140350847326
-0.0015761729712022135
-0.0011399101168388449
-0.0006399856463032901
-0.00012195157664680315
0.0004175152009626474
0.00099479211593817
0.0016002001653620255
0.00227588750514775
0.0030254228412676344
0.0038209910559247346
0.004673151694478094
0.005508466024675709
0.006317752817078874
0.007144138327350681
0.007966694132380221
0.008822721014934025
0.009715806961126063
0.010608995652898025
0.011510038410524748
0.012483647426697964
0.013530694556584124
0.014625252501150541
0.015783673340176503
0.016958852067752207
0.018148027619647827
0.019388383232681064
0.020669699659335537
0.021580277282179813
0.022082222517191233
0.02236101770544879
0.022298094099318575
0.022138493135301255
0.02189014198412425
0.021322284508937826
0.02047902740642411
0.019642884348175207
0.018803673614532126
0.017848718190061123
0.016841953604191773
0.015547369525080708
0.013945036807659048
0.012200439659677077
0.010255929943868964
0.008407885674351294
0.006699475386232384
0.004945955114431817
0.003233481319815865
0.001423914668043952
-0.0004977042787958965
-0.0023864507035771068
-0.004270756541665648
-0.0064330694670385775
-0.008878680511904153
-0.01149043709664915
-0.014339899126439666
-0.01722554643723205
-0.020134803739684508
-0.02322799020493632
-0.026461153531743678
-0.028965501213332252
-0.0306709685080137
-0.03195367799707766
-0.03256646164635304
-0.03304696603587718
-0.033411931800293546
-0.03316797260372164
-0.032413417889685804
-0.031715307865042654
-0.031050348385185268
-0.030199468716287668
-0.029290545609900666
-0.02784196981070587
-0.025814528438749793
-0.023544012675800873
-0.020913299164900187
-0.018574643055427303
-0.016620847315532202
-0.014653328641312925
-0.012861712305309737
-0.010937313063065616
-0.008848879515673352
-0.006918269812942895
-0.005082853481827902
-0.0027356907665708804
0.00013249234553007334
0.0032700687247226227
0.006829697799781914
0.01037394542236457
0.013874638504200454
0.017676691120448267
0.021683756828064428
0.02481933390909521
0.02701320052883154
0.028701829249967708
0.029583452883641604
0.030359707109460492
0.031050007657714308
0.031030512807464047
0.03043117571664993
0.02990175285747382
0.029408999845179803
0.02871342326466545
0.027959798861642796
0.02657925791408767
0.024527052766669395
0.02219430027976156
0.01944269571629924
0.017133899328300038
0.015385465301295129
0.013683518000734595
0.012277745012030125
0.010749955099189032
0.009060652681646903
0.007639796220496248
0.006403200899086384
0.004573185417744762
0.0021405762854333323
-0.0005741324219322843
-0.0037653789297459866
-0.006866556074734554
-0.009840684607172792
-0.013130999983122348
-0.01661191206648147
-0.01934310120305875
-0.02127888154976769
-0.022770891149272422
-0.023559510273645987
-0.024291540229120914
-0.02498210325089077
-0.02507371506411343
-0.0246872552107192
-0.024338815257537956
-0.023994648895782223
-0.023475907164965906
-0.022895379907418346
-0.021782530886129286
-0.02010149329824704
-0.018169375749580732
-0.015871454825369204
-0.014015071430700863
-0.012705269565838048
-0.011471717053911503
-0.010547283879234698
-0.009529704583029316
-0.008383179938217149
-0.007514826223502873
-0.0068439129135534965
-0.005663345039588336
-0.00396694218520731
-0.002043628248429077
0.0002826025298238999
0.0024914607199957844
0.004548947168234633
0.0068595060379676035
0.009307409128814954
0.0112314113551657
0.012609424015138357
0.013668999724906561
0.014230004459084804
0.014769335200343925
0.015296209290542699
0.015410168153318388
0.01520084464849915
0.014997781812551793
0.01477402165913309
0.014423226142381666
0.014015712230594377
0.013237352404563243
0.012064824209597468
0.010705154832067913
0.009081400182609752
0.007799322029209318
0.0069344356125190494
0.006140589148133784
0.005591740912008509
0.004979311445845107
0.00427704898328085
0.003793030793076817
0.003465368385491964
0.002776611017077258
0.0017234802915434555
0.0005156213747699432
-0.000975370061544604
-0.002365711810930226
-0.003630429801780195
-0.005066480971441908
-0.006588353346701187
-0.00775478578754034
-0.008553805858061805
-0.009131190995710527
-0.009367306813904321
-0.009586721405985644
-0.009794985772299439
-0.009722226924250697
-0.009429446926111366
-0.009126969813948295
-0.008795728476240279
-0.008370114376166238
-0.007894351238994292
-0.007163339821606501
-0.006161895472508062
-0.005023528524999592
-0.003697776757770496
-0.002601717781141715
-0.0017862843312504437
-0.0010149075625820556
-0.000407052911140031
0.00025190412291020074
0.0009799904289539377
0.0015643805929865904
0.0020482067903522163
0.002784262044116108
0.003774541168459594
0.004876812148436071
0.006178598128899121
0.007417563605815255
0.008576785525845896
0.009859071386292946
0.011206023888558238
0.012239134570321166
0.012942293878155752
0.013451148643658411
0.013661526365696902
0.013839315877927002
0.01398981233254153
0.013886002765793487
0.013577392869742117
0.013263203917813809
0.012928689773392624
0.012506293738137731
0.012038857631429735
0.011340614024658016
0.010397231819503212
0.009332143964281885
0.00809970132466303
0.007038477359365775
0.006191279502191117
0.005362464055215627
0.004649257317675732
0.003880440566472563
0.003040886394918744
0.0023020042928719227
0.0016292152903986119
0.000729249289447086
-0.00040037710720021707
-0.0016407742464137338
-0.0030650429491643374
-0.004456988193617018
-0.005802786211027968
-0.007270603551485022
-0.008812534736749165
-0.010056218037517254
-0.010982578049653809
-0.011732066200491435
-0.012201521241174192
-0.012645275347433042
-0.013069223268891926
-0.013253026981232707
-0.013244023362378789
-0.013249688836662547
-0.01325679150980046
-0.01319249268531313
-0.013102171868769944
-0.012797586608381881
-0.012264185185350052
-0.011628992038023858
-0.010846023789430647
-0.010234988585716481
-0.00983755950640285
-0.009466992474202641
-0.009215471342836323
-0.008923838035820357
-0.008577776952303261
-0.008338348895730346
-0.008173526588100857
-0.007802324300641253
-0.0072221104986734405
-0.0065476410987461795
-0.005708871336465335
-0.004912207384259515
-0.0041710410992012075
-0.0033246575121438793
-0.002418875272099795
-0.0016674728623229883
-0.001074084345165029
-0.0005709665776415414
-0.00021534214206894817
0.00015443057646621428
0.0005412043977915932
0.0008130183914474024
0.0010006629657196193
0.0012002024021803793
0.0014021706452361814
0.0015787778748632831
0.0017501498501632027
0.0018204370950198388
0.0017830150376667037
0.0016999594085091978
0.0015478989849049573
0.0015340243076889793
0.0016834545547241768
0.0018801798447294473
0.0021836760530661867
0.0024868866760089483
0.0027813006809944444
0.00317317287733442
0.0036412674491514405
0.004012953688768208
0.004287788957304688
0.004535577387478944
0.00471381116339176
0.00495191978714752
0.005258558153114455
0.005534483902914422
0.005808798129500215
