-0.004551808555756222
-0.005055842233532342
-0.0055612677655369975
-0.006065638646116601
-0.006598378203028666
-0.007151221630483936
-0.007422465602025768
-0.007384489286096772
-0.007172560195897939
-0.006699769548204071
-0.006145989616210065
-0.0055168717993167565
-0.004643086148403668
-0.0035569251691267506
-0.002464161052913729
-0.0013571147650008751
-0.00015370769228330848
0.0010996352402828141
0.0025753623212706207
0.004288141855633421
0.006117399388958425
0.008105366626807498
0.009497007325528377
0.010205515837838257
0.010617759198422233
0.010514027312532386
0.010303594990165973
0.010007895802823812
0.009223230722174292
0.008025061938614476
0.0070058572117546744
0.00615729202563468
0.005235808186352655
0.004381386107037668
0.0031289801414660077
0.0014417995503752633
-0.00033894734880795006
-0.0023232381307993844
-0.0037740507657259134
-0.004584149428551238
-0.005182377230194092
-0.0053498662765338375
-0.00543636275060313
-0.005468497570783372
-0.005073431629370045
-0.004316094738522831
-0.00386159317845655
-0.003711974813329084
-0.003583025722247476
-0.00363636499107103
-0.0033770962317870553
-0.002766760999588824
-0.0021814210001667956
-0.001506350242265102
-0.000982637251284354
-0.0006734703679442418
-0.0003809745581451931
-0.00018322533179723364
-2.6072883560186865e-05
0.0001041713337216678
0.00010915543499981535
-1.8267671055383915e-06
9.15862269368858e-05
0.00040068908476059646
0.0007750896189756805
0.0012961138028235464
0.0017507589776839174
0.0021217824865205214
0.0025824600282400613
0.0030847366794464546
0.0033794126852438027
0.003461281702972439
0.0034131371596252042
0.003168362022518625
0.002910790291568756
0.002644353940001518
0.002217827612168438
0.0016664323205783107
0.001100922728090076
0.0005105132358351488
-0.00013690390100462704
-0.000818072033891677
-0.0016428193343479176
-0.002618696466178523
-0.003674377208986932
-0.0048365890935661805
-0.005577933619774236
-0.005839692001874392
-0.005890240712773521
-0.005576884900249589
-0.00518806237269624
-0.004739017270445451
-0.003947548569205641
-0.00286725387148342
-0.0019037647942801946
-0.0010508794857022293
-0.0001433406369140758
0.0007230583872607396
0.0018679413623693916
0.0033162523929602594
0.004833742613322194
0.006495850102541126
0.007591700055312765
0.008026531368444953
0.008190389794215845
0.00787328034643586
0.0074322980812012735
0.006889572904131112
0.00587583097552118
0.004456273253606991
0.0032337127312593848
0.002204733825621313
0.001114207241373284
0.00010615434335458707
-0.001279886364644184
-0.003080951687358504
-0.004954076023631307
-0.007007723590059397
-0.008382846529041366
-0.008958303584955968
-0.009218046739119357
-0.008906623220530433
-0.008442237970887747
-0.00785253427048959
-0.006696102511023364
-0.005048927716438743
-0.003664790649941418
-0.002541968122836427
-0.0013579658071412538
-0.00029371438464518906
0.0012203871422588684
0.0032303927706273847
0.005309385191260676
0.007591271642734818
0.009153786764818053
0.009860639796797679
0.010244237175721992
0.010028896345389698
0.009650482302850425
0.009139824394836198
0.008028166195022108
0.006394522228841819
0.005071878126006194
0.004060860535361879
0.0030021645014553706
0.002096646893826592
0.0007209478951919219
-0.0011753813597125942
-0.003122307213633299
-0.005265980813020865
-0.006804250944845441
-0.007608271357829341
-0.008163034295298589
-0.008226506155903337
-0.008155773305306544
-0.007979779000792036
-0.007299686538636314
-0.00618006358756631
-0.0053848582782042706
-0.004918893792121027
-0.004448126450896025
-0.004158360896280207
-0.003488073959768182
-0.0023918817090243538
-0.0012980845580249285
-7.579172877689798e-05
0.0008505117229919615
0.0013936328064155371
0.0018495561214333747
0.002085871753900509
0.0022511455838977235
0.0023642344589691103
0.0022299968418845796
0.0018747180452047074
0.00177404319306542
0.0019380067966618287
0.0021503857858818083
0.0025293865821078886
0.002742415962050711
0.0027624167406941785
0.002851131933589846
0.0029321383350213114
0.0029413849677452255
0.002900928202919354
0.002785265963031669
0.0025828559029255865
0.0023901457608179
0.0022043353238825245
0.0019677258454064207
0.001699326603271471
0.0013410911708112842
0.0008815594679413574
0.0003609113869869061
-0.00023867461817625446
-0.0009017573082393619
-0.0016261587539402325
-0.0024359153278287436
-0.0033287438742928264
-0.0039295422950445255
-0.004205046291524931
-0.004330943823098517
-0.004200937507699671
-0.004037635510769423
-0.00385111799506819
-0.0034345950962618907
-0.0028301349871892962
-0.0022968264217580856
-0.0018277411012833174
-0.001322593885140635
-0.0008417813732204422
-0.00017358255565972107
0.0006978214487046673
0.001619986377852837
0.0026429022885782554
0.0033436224076254517
0.003665054335998532
0.0038434319876129064
0.00375407299094987
0.0036068412008819174
0.0034159207239168325
0.0029635652249820673
0.002288632234606397
0.0017539320762236681
0.001358494443395363
0.0009491225595229698
0.0006131354213442965
7.57413075884617e-05
-0.0006845959974681702
-0.001461573243581753
-0.002319365237410838
-0.0029316778096433304
-0.0032446000591540756
-0.0034588693199703808
-0.003475750329278389
-0.003436846845897729
-0.0033542965561547127
-0.0030674519711462274
-0.0026019112909144663
-0.0022732041337754534
-0.0020838668208796453
-0.001895318597793707
-0.0017844995553891192
-0.0015208689107962102
-0.001085790371497936
-0.0006557582273919916
-0.00017712868910314426
0.00024564865688321276
0.0005837265504280836
0.0009257883899258047
0.0012376548644099873
0.001540043152473695
0.0018391617121417843
0.0020934190955131113
0.0023063189160446645
0.00262326800210818
0.0030498409170902083
0.003517389480076229
0.004063009005782012
0.0045910037204687625
0.005093664650308851
0.005649417218663978
0.006236778381736813
0.006548322308619366
0.006561814895721017
0.006406024406767643
0.005994230759678166
0.0055211831870980825
0.004992595238796083
0.004232492659751688
0.0032767046637899666
0.0023150209865516755
0.0013382721634229587
0.000274960877043841
-0.0008325729932832794
-0.0021487720078307844
-0.0036869082814780228
-0.005333599629309431
-0.007128962195464269
-0.008380465961115113
-0.009008487463202191
-0.009369015119602432
-0.009260707086724022
-0.009058293304654994
-0.008781789268518707
-0.008061591254064648
-0.006967009128326011
-0.006041462737291194
-0.005277576646057474
-0.004452225308513152
-0.003693981097673477
-0.0025768691137043574
-0.001067393672062517
0.0005214592345154108
0.002290249095929133
0.003564517513825556
0.004245868420309623
0.004726511438851178
0.00480598013690392
0.004803855608336378
0.004744281105856706
0.004286005313445284
0.0034881686832365887
0.002959238218949596
0.0027008833366908105
0.002452732880373808
0.0023624773022724245
0.001977024520338596
0.0012609512104939681
0.000558175984500884
-0.0002365094241018991
-0.0007927590787274579
-0.0010416530581958065
-0.0012158797441914064
-0.0012121825720974363
-0.0011432404648625892
-0.0010239145600419723
-0.0007036033679355467
-0.00020216420537763958
0.00010819325793990373
0.00021942720692871154
0.00030123674475285886
0.0002610968556348464
0.00035863336385255347
0.0006150705019469219
0.0008258909509098344
0.0010507783294961682
0.0012019119738931351
0.0012478529656011863
0.0012729476451256805
0.00124603833414027
0.001170677229918458
0.0010516925277941963
0.0008578675813054554
0.0005883068651022607
0.0003873664198242822
0.0002608527580275301
0.00013679194263281548
5.157189742274991e-05
-8.840102833191633e-05
-0.0002919458701294789
-0.0004828498646951386
-0.0006828993126142608
-0.000833864006289558
-0.000921185722361886
-0.0009878682192110983
-0.0010146897916611692
-0.001017928372921512
-0.0009996997019124838
-0.0009337975138506689
-0.0008224166270925568
-0.0007396563236282587
-0.00068713582683124
-0.0006294393467059988
-0.0005847482363187054
-0.0005016260662109251
-0.0003752798504838807
-0.00024581041145196577
-0.00010100810372514396
2.5450066929734553e-05
0.00012602399544116416
0.00022564041785440216
0.0003136720253897277
0.0004008859153700195
0.0004889802291487739
0.0005628966302880741
0.0006245874964356823
0.0007154064368709894
0.0008365742513418939
0.0009691912724194368
0.001123707624907316
0.0012719173987071084
0.0014116277187983823
0.0015655112147399464
0.0017272132531882818
0.0017785355977715596
0.0017099518096456558
0.001572236289274118
0.0013317073311545002
0.0010613943958218712
0.000763420683416585
0.0003705990506893956
-0.00010382264770108238
-0.0005838566714412897
-0.0010728899460211837
-0.0016003713617790388
-0.0021493219576572908
-0.002784792302146108
-0.0035122176316427765
-0.004286602436925211
-0.005123896124099976
-0.005642142504115918
-0.005798740918438978
-0.005785100941248718
-0.005490133119098639
-0.005123959111276885
-0.004696624890583944
-0.004002175928617586
-0.0030790210403630054
-0.0022199532232311157
-0.0014196592896043195
-0.0005580394074406162
0.0002963345830491018
0.0013759153407303666
0.00269948146792812
0.0040980580254839855
0.005627065616387476
0.006690135794616534
0.007210918230819597
0.0075111280702142985
0.007415462414563214
0.0072303253336118995
0.006974079150478346
0.00633454331489078
0.005368011788662307
0.004570718490002816
0.003939052340392471
0.0032648560744373794
0.002666544213956775
0.0017628531895369697
0.0005234714504535396
-0.0007682895085585165
-0.0022021428081295145
-0.0032238240083141507
-0.003749306954698442
-0.004105827456924282
-0.004127670636651589
-0.004071289561006035
-0.00395657014357311
-0.003504951469439272
-0.002763475006419873
-0.002242827520110556
-0.0019451168910788754
-0.0016498864287599472
-0.0014811781786838874
-0.001060636815444347
-0.00035826988866308906
0.0003382124873247506
0.001116813369447126
0.001623015630908455
0.0017911285722470348
0.0018523988991209763
0.001697686233638057
0.001466196225079711
0.001171908528578499
0.0006455156675067798
-8.837687858891407e-05
-0.0006616018597421896
-0.0010691175011300492
-0.0014761109923008046
-0.0017922203559358728
-0.002281195222842993
-0.0029647892953427973
-0.003638951051530508
-0.004364971228048153
-0.004833844150905108
-0.0049924357136047525
-0.005030471132280126
-0.00485324550791055
-0.004592185052219789
-0.00425762275172077
-0.0036968623141879157
-0.0029326192872895186
-0.0022685104870684186
-0.0017063511268687087
-0.0011106210306840562
-0.000554687099620519
0.0001842671368734004
0.0011252947625182692
0.0020992908060095384
0.0031588932388829385
0.003975732778600605
0.004499433742970414
0.004923308518771044
0.005148760580908461
0.005327626067165861
0.00547125319911028
0.005413988154906053
0.005183342540892108
0.005084590193340315
0.005118861298685204
0.005153699795834351
0.005263083089828066
0.00522057363546434
0.005007922511301576
0.004796925446685188
0.004534691593319634
0.004253678638362303
0.003974451802551622
0.0036422479609766537
0.003269838326328866
0.0028762526183128473
0.0024563054901217954
0.0020118173404232867
0.0015459479650588674
0.0009666626935477133
0.0002665629202413872
-0.0005084449631116369
-0.0013835474550691492
-0.0023070840488145818
-0.0032755547277456424
-0.004336758917842552
-0.005480276156373147
-0.006312682960677983
-0.006800798525434531
-0.007122685941955297
-0.007166822144141581
-0.007171869459797118
-0.007147250774953607
-0.006873063561833005
-0.006393918011128041
-0.005975238961793465
-0.005608488670252015
-0.005191354882813415
-0.004785003322811272
-0.004169165452867992
-0.0033269381214735667
-0.0024150522699261856
-0.0013809764664126118
-0.0005809557728022203
-6.49209981087594e-05
0.0003746835584803904
0.0006331505631494521
0.0008822488188813351
0.0011359121176208382
0.0012142858402726556
0.0011502092278231298
0.0012615143154299094
0.0015497947187286937
0.0018812882116328688
0.0023338726658485064
0.0026719798200165955
0.0028783001102587464
0.0031332472540523248
0.0033829693182378467
0.0035598652151509276
0.0036761154140146765
0.003724014156433899
0.003688259985194511
0.0036490366443110026
0.0036042676633493676
0.0035002234247444764
0.0033519957297862596
0.0031394609088608912
0.002853975628973012
0.0025142206807311105
0.002112234124899792
0.0016420466979755871
0.001103349784130718
0.0004908634394502095
-0.0001981738561220071
