-0.004124237956562006
0.012769377322407714
0.023069706721528117
0.02551539006609359
0.028793547541497173
0.029643162164660338
0.023757279056705407
0.011213471257673472
-0.008709200418628838
-0.037399822826359556
-0.04729605401703273
-0.03655192803343614
-0.01972060109071047
0.010426592168876463
0.02441397189902238
0.019329636688390484
0.01549388048070969
0.005395199253524814
-0.0003535455397864145
0.0006266641898854384
-0.002879893785346012
-0.008036961526100585
-0.009010717689858151
-0.006622282609358694
-0.001494835061330864
0.007607396781865151
0.009660904287667721
0.004023102773842743
-0.002985584705052282
-0.014118918780649144
-0.018142160266756253
-0.013724653466421322
-0.008489870923773117
0.0005637250325220396
0.008974685466185532
0.015916694086457007
0.026075500182154515
0.038347723650180646
0.03622835657476476
0.018666665173120902
-0.007377407129263735
-0.04647102740794194
-0.05853428834051296
-0.04014094257353414
-0.014450747567594836
0.02914829060957914
0.04648804824944042
0.03273044781954482
0.01800742091130679
-0.009250228080164905
-0.023017869998656442
-0.018978495788561867
-0.019159989559936967
-0.016593729909321626
-0.01147973414228886
-0.005849580678166144
0.006049323619249106
0.023914830857727547
0.029131616823241502
0.0211327575952088
0.008702647070981416
-0.012817739525744583
-0.02173116642825734
-0.016021488247215977
-0.010014542328498355
0.0018418332639982336
0.007451516308672298
0.004806988631211507
0.004257584235917693
0.002583211416075398
0.00010692472540811814
-0.002161469021985747
-0.006966371316998838
-0.01407177302591348
-0.012247418554515143
-0.0009267567680198037
0.014713630635432247
0.037627620405061006
0.041674253249119636
0.024420306165064614
0.0008309913780492409
-0.03614386201651734
-0.04930406592007766
-0.03475215769233421
-0.016267251730902054
0.016044986519998864
0.030778895429202494
0.023848552346859526
0.01860355730698485
0.006755440991584953
-0.0031284722051134802
-0.008526414801819253
-0.02037792708008742
-0.036346903824259556
-0.03664504445993462
-0.020858267083505584
0.0033631130675532512
0.041130540598898375
0.052744274902601015
0.034904521290151425
0.010998002635568572
-0.029360029891974667
-0.044962535096364546
-0.031077084622527337
-0.01613700936710237
0.01072064305009258
0.025259049599707702
0.02341442650976043
0.025792565795485275
0.025892304015302552
0.020795894103207858
0.012093021786078817
-0.004131038881627004
-0.028490755425586906
-0.03903522023541869
-0.03488132148505884
-0.027242109446550648
-0.01063396008607293
0.0002514439068091014
0.0039220800345260935
0.012087630774402855
0.021230212729899302
0.02425374789738667
0.021640151212284874
0.014060533571569358
-0.00029511816945241556
-0.007269610261711057
-0.006227459153420824
-0.00566514582085864
-0.0022036231995187774
-0.0012058876350365027
-0.0036528093702848123
-0.004259315047354503
-0.004390973508708153
-0.0024818989827493426
0.0022888458113029296
0.008191176698650382
0.01589200448036854
0.012933514761208692
-0.0020341653319927155
-0.022517370938352974
-0.05208424855513546
-0.05773137547639168
-0.03633578439085943
-0.006732016353022749
0.04002348792548369
0.06283596539188675
0.05743241142067509
0.051156617991308086
0.03326073496210371
0.01682497805340117
0.004545672820018233
-0.01890425069405421
-0.05038694921609627
-0.06072525686460333
-0.04930512961741023
-0.027834561693838043
0.011166940846532863
0.029714975354444655
0.024907520361987973
0.021498247500635802
0.010060505848713475
0.0024423598682953205
0.0013027582176784178
-0.006710585671463897
-0.018563011649225792
-0.020876180130372353
-0.014168420150895259
-0.0026106940785604847
0.016967423316387995
0.024727365892926557
0.01924053847216653
0.01271176949115652
0.00015899638882853085
-0.005814016733699395
-0.003390767900692989
-0.0026958759776381765
-0.00042632413815145887
-0.0015176221768852536
-0.007352750109008798
-0.012941034956766486
-0.01979117186721712
-0.018637970512279563
-0.008050768113698968
0.006362027733157127
0.02737075663104391
0.03354312940277606
0.02274443655584346
0.007630633007355079
-0.01760244747989892
-0.026305146791612586
-0.015589905183338613
-0.003152331068677287
0.018047522141560347
0.022877117555251875
0.007929683093137303
-0.008966218095991546
-0.03465021557738349
-0.040587909591295844
-0.022894680566103796
-0.0008390920099528572
0.03350703452323902
0.046256844520699364
0.03321333950808537
0.01727503587166444
-0.010743318772079213
-0.022903859521714757
-0.015334190000323782
-0.009134215207272988
0.0031534019577833835
0.007071168557281039
-0.0003612419027557238
-0.006122858231255742
-0.014288883420560058
-0.01542933472860124
-0.007379439889157342
0.0020781868657215328
0.01583698112907013
0.021120480325203354
0.016178530005972424
0.009593598291382044
-0.002202786955484264
-0.007444093076321687
-0.004625495017073766
-0.002437275399765096
0.0022234460948578278
0.0019622467131894567
-0.004582765724831709
-0.011356658098515523
-0.020446062902086067
-0.021014690534114894
-0.011500033777864651
0.0012496025292274813
0.020366606828791097
0.02754219357745396
0.020827630302367464
0.011682279408158977
-0.004821591108592075
-0.012942310398178806
-0.010742605673622353
-0.009953672514448174
-0.0064855610004602065
-0.002790916429202446
6.1924559746844265e-06
0.006430156511377441
0.015805178172897248
0.01793867866517564
0.012614540665557804
0.004251478275868861
-0.009711447383012254
-0.015805115924768406
-0.012873170433248154
-0.009550907256270325
-0.002404205781405263
0.003806814628775262
0.008179738846319479
0.01585848718656067
0.02567948957809039
0.021441361711027087
0.002215418199011659
-0.025198828174021585
-0.06523298046026159
-0.07154929951851184
-0.040039517764079505
0.003366530387777877
0.07114772049448884
0.0919941112518412
0.05859233588862516
0.015627472258184585
-0.0559172307511374
-0.08228280188509673
-0.054514731438314465
-0.023862485963083026
0.02933778789633553
0.054867835573401066
0.04479792823545037
0.03949736293759181
0.025405320884052836
0.013513854279603001
0.008188533365145682
-0.006983362335817969
-0.028739330218944762
-0.04003208034152708
-0.04165301266712739
-0.03933898096750466
-0.029195995724811477
-0.017432950356755284
-0.004115007506744766
0.017146213689457616
0.04540718182598839
0.05381131318685251
0.04084654006259787
0.01887468103249858
-0.019277223036490997
-0.0348188809029925
-0.024447680053753872
-0.01301934110551511
0.009351141213110894
0.017504643272883376
0.007663282377904144
-1.5931817919214407e-05
-0.012221205907505616
-0.014520549959367374
-0.0037579585527261735
0.007819708268447008
0.024495749872587336
0.026292379567029484
0.010303209860126884
-0.010380312581005946
-0.04147971489785049
-0.04701530998087432
-0.023005291831307804
0.00850502885690991
0.05735503328826697
0.06762637614278029
0.03316928605852295
-0.011012835853981556
-0.08007010375601323
-0.09842538075404623
-0.05739620438128041
-0.00581525451655552
0.07676321733572554
0.10515916298325315
0.06895608828347455
0.026044440243855885
-0.04653045349345465
-0.07399340765767197
-0.04596676749551533
-0.017390542488867747
0.03193505673159611
0.050263013752044707
0.028841302606425846
0.009112576887609726
-0.02324700771093724
-0.034187539713977665
-0.017141744303155303
-0.00017252778609144303
0.0264772052715919
0.031866657669875086
0.01079968335732261
-0.013850436952930837
-0.050930206942807005
-0.060765429704237726
-0.03813551664696109
-0.009429976913022298
0.03634336507645181
0.05653601996901039
0.04585899269278547
0.034049223412768045
0.009683789941274496
-0.008315826493963473
-0.016411960197243856
-0.03328541830011869
-0.05405492178532965
-0.05007851996905226
-0.020705731584837725
0.024279707980517904
0.09250708518915411
0.10649967699198186
0.05991720375394774
-0.0035812703918944584
-0.10451743775382379
-0.1314434859934742
-0.07262713089637508
0.0013882779169341565
0.12037626813539751
0.15939226957127933
0.10329204446843408
0.036708655559666174
-0.0739905322971812
-0.12630439496600446
-0.10580127654826196
-0.08968338779473432
-0.0504378239023706
-0.018390233191821176
-0.001980101938501468
0.03619267478677635
0.08791654006806754
0.10128723024073846
0.07639015839464668
0.0317971958664653
-0.0454804118973996
-0.07743023503322781
-0.05821254176054902
-0.03647593342972204
0.007406078676781513
0.030201907079895625
0.025266535638447118
0.029444217712466178
0.031503696822832834
0.02520094468893337
0.013525514598515863
-0.009477983344645126
-0.04498706436956041
-0.05490812293845161
-0.03752607266500297
-0.012265969584254507
0.030490966082690595
0.04595407551215211
0.029624489404514214
0.010997323038963546
-0.021589161615298953
-0.0324018148909309
-0.01634026858469315
-0.00010172043944279576
0.02596987593904915
0.03463288074979492
0.021330201058459664
0.007008556499347252
-0.01597855101954927
-0.027273184607051828
-0.023470061726457814
-0.020713150394709553
-0.013358573566880494
-0.006718605557478018
-0.002496698117230853
0.006594576341910269
0.019102064082574886
0.023592380599924623
0.020027369395065574
0.01279907833529001
-0.0009387759305893036
-0.008616698161988158
-0.0093329724995793
-0.011598231159730566
-0.012376434392962174
-0.010185095735704542
-0.005487824139457979
0.003457550967444912
0.0171217869319769
0.019559021704996505
0.00986417541861603
-0.0038149298368240097
-0.025610737253122517
-0.029134066250823727
-0.011779759220766657
0.010381135593439025
0.04439849406965786
0.052048995908045334
0.029027159333410657
-0.0005331581149917113
-0.04700972656278048
-0.06334851540287985
-0.04404779131070325
-0.020348844716912392
0.020402787476506232
0.03608600540350765
0.021065022088734047
0.006096845591230142
-0.020109713723714475
-0.024742530665547255
-0.0024886067484801446
0.0217073543466587
0.05700006606111511
0.06437190352077338
0.038269495642596955
0.0048578730250348956
-0.04686954193191196
-0.0683827430221098
-0.05387388296249752
-0.03593905345945592
-0.0015032227824861386
0.01984503948666149
0.023633543033969834
0.03510806240858165
0.046611437683096356
0.039142610069966555
0.013260304009880389
-0.02817568892993277
-0.09023884790023205
-0.10207756965999748
-0.058464019651640796
0.002207117393991905
0.09862260152067712
0.12674778412734106
0.07599363187008558
0.011877753057903041
-0.09324192261855642
-0.13022732965186876
-0.08570389092034676
-0.03497852654208595
0.05119265770918979
0.09258355696670867
0.07708904669362288
0.06747492197364564
0.04212071869451164
0.019376211363782803
0.005863052155860755
-0.025095295775003384
-0.0683112528219789
-0.08107863816824026
-0.0632274461460084
-0.03131217037632145
0.025287938025571603
0.04981536871602054
0.037845737351967855
0.02572418394732812
-0.0007768937408226361
-0.01303276362673086
-0.006211663432735762
-0.005638066891204033
-0.003781440650495484
-0.0011421584013490062
-0.0003640286217241336
0.0047199245534515315
0.013442558592510513
0.013817915534243778
0.005841442773630001
-0.0052734075002306485
-0.02238817522359489
-0.025118692772329542
-0.011535426694032461
0.006302613012839158
0.03384557826072242
0.03842722652171278
0.016496941511879262
-0.011795659966487944
-0.0553214459544756
-0.06622308748147242
-0.03914052427285598
-0.004390775057069077
0.05098979107390573
0.07164501929799785
0.051006106215246025
0.026471934859240962
-0.016798483619837285
-0.03650019679724566
-0.026545972071824606
-0.019606544967007165
-0.004379200799962791
0.003390418100592955
-0.0003639197783600223
0.0011543958476781164
0.0034547252418156487
0.0018971651592456914
-0.0020286797090536125
-0.009675598279511668
-0.021842419596552216
-0.019157584744760627
-0.0003940027609921645
0.02457167059957096
0.06082420384775902
0.06532452999996807
0.03382630409419486
-0.00891402266041404
-0.0746187541221704
-0.09242922350902688
-0.05498277844274762
-0.006081521481633714
0.07331840727160124
