0.016138033529836456
0.016545424352413816
0.016982371844090856
0.017453738788372152
0.017903625061183166
0.018348073194604835
0.018589531951180707
0.018601347216104454
0.018487205588232507
0.01818785628688585
0.017802821035716992
0.017336433490726128
0.016684200211058896
0.015863050891828354
0.015034882745842453
0.014196879993558596
0.013278812492622666
0.012318074471263691
0.011187348689066297
0.009875011738655305
0.00847281982434082
0.006949566012538444
0.005420222831025667
0.0039040507702282684
0.0023224421136177516
0.0007091318862745115
-0.0009842327609167287
-0.0027645706488467225
-0.00457825667123445
-0.006435739691913285
-0.008459612258406262
-0.010653716133958827
-0.012966428294618837
-0.015429522911739373
-0.017958944949947132
-0.02054984866635432
-0.023271218327442295
-0.026105255286838512
-0.028290500701529133
-0.029757568750280298
-0.03085085359093387
-0.03135164398037029
-0.031713957339264305
-0.031953280012413196
-0.03164343083962316
-0.03086677277636227
-0.03014613219593432
-0.029463366920681626
-0.02861106921672097
-0.02770810781209597
-0.02631898118080845
-0.024407596015549735
-0.022280522504894915
-0.019831938430558024
-0.01760631539942669
-0.015683747603759242
-0.013725395015498212
-0.011890045330498466
-0.009925421216075857
-0.007804677186577436
-0.005794160478876487
-0.003842456805263402
-0.0014311846347834134
0.0014487988634286598
0.004581441375259617
0.008097611902877853
0.011626528469777454
0.015144431873094437
0.018945209049050966
0.02294748790489073
0.026086235208433915
0.02828682787181945
0.029991111348770853
0.030899269742253526
0.031694201329224216
0.03239581196021279
0.032391174487759605
0.031806474561422125
0.031301664382758596
0.03084548694749471
0.030191011878839713
0.029486071890439555
0.028159216615289147
0.026165179756099107
0.023899097400567487
0.021222198579637492
0.018968004758504985
0.01725201233005972
0.01557343359662585
0.014174208675957475
0.012653443210032422
0.010972582964419301
0.009546121687888215
0.008293319101113524
0.006454715213857322
0.004020678423938427
0.0013051180069358662
-0.0018820695053267265
-0.004989182896660451
-0.007980174613620612
-0.01128738095450939
-0.014788606522210632
-0.017564131566388544
-0.019569309832515924
-0.021148665238649965
-0.022048377982501432
-0.0229009522908609
-0.023721397302407292
-0.0239647193521749
-0.023749272256695823
-0.02358025586515421
-0.023424863618020774
-0.0231081902621972
-0.02274079366689465
-0.021862530793336447
-0.020438482025126655
-0.01877908272341534
-0.01677227786623304
-0.015205926896160678
-0.014182760584367163
-0.013243834807539937
-0.012616526037791361
-0.011908708092355504
-0.011085582885211576
-0.010544430877531536
-0.010206673864456383
-0.009382246273377613
-0.008065232878300195
-0.006537858056962649
-0.00462845746753922
-0.002844967949226195
-0.0012207246448212232
0.0006388842505314416
0.002620765288863017
0.004210576273372513
0.005400122374033171
0.006350041150676329
0.006922597091171191
0.00750805390398194
0.008112746601175695
0.00841825047325534
0.008498627665411132
0.00858132408372474
0.008642889466848384
0.008617932509124302
0.008553606921582435
0.00822065075956924
0.007602922695487201
0.006847778791017694
0.00589898781527359
0.005257771456988919
0.004984276250384914
0.004797792023168938
0.004841852461836823
0.004856316828404128
0.004820231897160609
0.0049906627195248285
0.00531569090632839
0.005378045535453311
0.0051763689416522395
0.004878677240236975
0.004381959271046789
0.003998631467582219
0.003749206281501088
0.0033935490493112322
0.003001609122771331
0.0026590030758671533
0.0023479672358375564
0.0020783537074865028
0.0018682986578800057
0.0016110968738901024
0.0013080573878352828
0.0010277960180212315
0.0007490004072544959
0.0004965126617437424
0.0002800577839150951
7.36039407160332e-05
-0.00011398818439094069
-0.00027646916666252037
-0.0004150029106321782
-0.0005242457090879319
-0.0006021493121317529
-0.0008020589359656356
-0.0011371438187989266
-0.001532862110928326
-0.0020320071770329184
-0.002544253748110915
-0.0030643902242327766
-0.003675420075604888
-0.004359525620148947
-0.005010890657941255
-0.005631523640365369
-0.006261248637706318
-0.006874784314085829
-0.007556947744966977
-0.008313322915315165
-0.00908140868573756
-0.009880604667034956
-0.010502516064443112
-0.010919467308778016
-0.011243248792822442
-0.011411971557436021
-0.011530578395803891
-0.01160468435765623
-0.011525201220340467
-0.011310717082232245
-0.011133340845100653
-0.010991022701930381
-0.010810244684920447
-0.010631442530647793
-0.010321081541822388
-0.00986774523718634
-0.00936924512057346
-0.00879351000534635
-0.008254358080493004
-0.007772147562420519
-0.007268713751337253
-0.006778099522486833
-0.006254975166101449
-0.005693083480615767
-0.005145254867264894
-0.0046021988688585555
-0.00394135431211738
-0.0031593506733833166
-0.0023091291080858138
-0.0013593819802597805
-0.00039479189638074114
0.0005790730000328288
0.0016306852633059712
0.0027415839247486927
0.00373504169095002
0.004601305397393136
0.00541050283121226
0.006113826977380757
0.006829752413724529
0.007561876363175516
0.00820720052442629
0.00878818962957087
0.009407256978821154
0.010059006701909259
0.010707394540734124
0.011375417386365577
0.01197268230874317
0.01249263380333967
0.012997672307059093
0.01346616332931834
0.014040738992384413
0.014740958229459894
0.015483024469669489
0.0163085142151283
0.01714834305937089
0.01799648753752179
0.01892453032103142
0.019918922221801232
0.02085305588194391
0.021725990582094328
0.022590379669076743
0.0234149398704165
0.024292948141453267
0.025230902123263604
0.026156753655427252
0.02709153964633622
0.027707561813048124
0.027963160146995115
0.028026584717088007
0.027800364854086372
0.027454905549953994
0.026997473499701784
0.02625312921752617
0.025251365418335805
0.024253651955027385
0.02325494553090055
0.022143456460130193
0.020979562228055866
0.019556160038375334
0.017854752444554093
0.01602434032474707
0.014014347132333098
0.01202282609608914
0.010082296599680277
0.008059987648249422
0.006014053837356359
0.0038597735373302627
0.0015858160795124056
-0.0007144800076462452
-0.003059078751730342
-0.0056544052567986496
-0.008506270421747623
-0.011527684630191123
-0.014771785248564156
-0.018095680185881997
-0.02149081357283603
-0.02507342959272073
-0.028812943187470966
-0.031820367827644414
-0.034018995432939014
-0.03580419064359003
-0.03692192284068631
-0.037911219921474136
-0.038790147076934574
-0.03905830829560238
-0.03881413904796808
-0.038655421701447576
-0.038560179983726545
-0.03829435844839745
-0.037993678365560474
-0.0371567764558191
-0.03574273439813835
-0.034103662637483795
-0.032117960107571064
-0.030433502287895032
-0.02914459050048712
-0.027851555881484958
-0.026743331022137055
-0.02551759380763441
-0.02414311691574625
-0.022938122177265683
-0.02184137305175088
-0.02024249485219445
-0.018131635272954475
-0.015763110162347917
-0.012983306839958809
-0.010230730001408585
-0.007533847474204782
-0.004546427411296479
-0.0013651054059090248
0.0012369338019930741
0.0032208807202788424
0.004881237375931006
0.006004677361379468
0.007119552510620743
0.008239471694095609
0.008908357755108728
0.009225541631516303
0.009622494617849482
0.010072869392581474
0.010426755264569206
0.010779393474283153
0.010741554893114466
0.010284197585303592
0.009671864854571537
0.008810333657815727
0.008352417213874381
0.008384502797924515
0.008525752965710067
0.008965170602742361
0.009380306937470538
0.00974282567208118
0.010381601157018808
0.011232495145762977
0.011722061085815689
0.011845716327831983
0.01183924396969264
0.011560362743567648
0.011431557428909611
0.011481149182548969
0.011381695915757724
0.011227707516228546
0.011124014904939632
0.01104468876663489
0.01100780376674191
0.011034209232738786
0.010985019303147417
0.01086171075702418
0.010750662695539016
0.010623577391228487
0.01052377830715686
0.01046390327167203
0.010403843305052772
0.010357538433972184
0.010325132345191593
0.010303911614721361
0.010306432762498574
0.010333122275145021
0.010189819142572413
0.00986018156530156
0.009436702872634213
0.008865095014882807
0.008260401860400918
0.007628717211783254
0.006864306164300168
0.005989560399234821
0.005134882107412199
0.004297061274713898
0.0034269705947664675
0.0025553610800904975
0.0015762000634956467
0.00048217232450583415
-0.0006495993350125686
-0.0018437012399611372
-0.0028272925319252286
-0.003564997084860853
-0.004202911632117685
-0.004660432830903261
-0.0050766238234988895
-0.00545921506702709
-0.005665211214219406
-0.005719634667114203
-0.005846892634124111
-0.006044566523562175
-0.006217664702767455
-0.006419180228801218
-0.0064753177580426854
-0.0063716331921437885
-0.00623598913237319
-0.00602695589399606
-0.005895520040842934
-0.005868825262709824
-0.005844317827948119
-0.005867404180028461
-0.005878120970574942
-0.005868651020362684
-0.005909464214810434
-0.005988610592596638
-0.005945229340892046
-0.005775371163574966
-0.005549031448486728
-0.0052254534804739424
-0.004916651909395854
-0.0046303801890209976
-0.004276903778741359
-0.0038809798885987845
-0.0035441267645347145
-0.003266078677517509
-0.003016462361744062
-0.0028216385014191497
-0.0026013372383101464
-0.002353791568382523
-0.0021422604231390464
-0.0019509253577029671
-0.001739681343039276
-0.0015130562698545576
-0.0012803115980220925
-0.0010329964757353552
-0.0008128813821769672
-0.0006222543188065461
-0.000434102984546921
-0.00025828959968559
2.6284693807575988e-06
0.00036053445023202156
0.000762004271501198
0.001235218248322318
0.0017299574867901716
0.002242673643920197
0.002823688200083391
0.003463355156913662
0.00408254497920562
0.004681575114235805
0.005292835261946387
0.005897182211102238
0.00655492195306007
0.007270451407783765
0.007998364474604253
0.008752544584066468
0.009329832997077072
0.009704691618070652
0.009982352660650853
0.010102687395810677
0.010171665341630425
0.010194268358119587
0.010062413862468195
0.009794801544900643
0.009554332375835946
0.009338325598670793
0.00907771715197108
0.00881046150872495
0.00840837943004334
0.007860411879137837
0.0072595456669429514
0.006574806184990587
0.005927752105971369
0.005338825780663103
0.004726884240334737
0.004127935257997092
0.0034908744416068216
0.002809138603507953
0.002140095059786227
0.0014732150581930259
0.0006820620373952124
-0.00023658006882002549
-0.0012287907534489254
-0.0023268336746368346
-0.003442625183193439
-0.004570510268441855
-0.005781474768766804
-0.00705635605222254
-0.008085572385196641
-0.008845997088561574
-0.009469390958799884
-0.009868334375285212
-0.010238010211016304
-0.010584576732549205
-0.010731312801031432
-0.010714313948449112
-0.01073058315448948
-0.010771656094748842
-0.010762945846422291
-0.010748913699757634
-0.010561079997556129
-0.010186132065942197
-0.009741455711402978
-0.009186287985306671
-0.008755940493701942
-0.008483727727890952
-0.00822718293009674
-0.008054827346136273
-0.007854919828228713
-0.007616575621811599
-0.007456368895163533
-0.00735187314973074
-0.007086494472334907
-0.006657373758785807
-0.006154511372215174
-0.005523703333472579
-0.004921939957943781
-0.004359600947876895
-0.0037136107957652285
-0.00301880040034716
-0.0024378505358806446
-0.001973297196743227
-0.0015734746485232187
-0.0012817837052640823
-0.0009749829882017617
-0.0006507522477913845
-0.0004093974858199095
-0.000227318252101633
-3.199995763392284e-05
0.00016942882901875578
0.0003563328150884012
0.0005439653596306728
0.0006599525842503965
0.0006994234589115142
0.0007093672756783651
0.0006722263464722288
0.0007438147830551918
0.0009431245267466565
0.0011829968443992339
0.00150822697654727
0.0018385194344680959
0.0021675625728034926
0.0025752709405122863
0.0030457893173532597
0.003449456121673453
0.0037860268491194454
0.004108069166048506
0.004383724548589436
0.004710352122674963
0.005094549600839696
0.0054618230101765005
0.005834134130358226
